3849
100
16 55 1 11 
74 20 1 3 
46 24 1 15 
89 73 1 6 
73 13 1 8 
75 38 1 4 
16 40 1 18 
52 36 1 10 
37 66 1 2 
83 61 1 5 
35 64 2 23 
95 44 3 7 
33 57 4 12 
42 100 5 40 
35 52 6 22 
56 33 7 41 
92 64 8 9 
13 90 9 13 
93 21 10 14 
58 38 11 35 
51 78 12 16 
74 16 13 24 
52 12 14 19 
52 15 15 33 
30 75 16 17 
59 34 17 20 
52 76 18 27 
24 13 19 66 
88 55 20 21 
96 57 21 26 
24 10 22 29 
22 72 23 25 
16 35 24 65 
68 67 25 36 
96 42 26 28 
91 47 27 42 
31 87 28 32 
98 74 29 30 
33 75 30 31 
41 15 31 48 
36 48 32 43 
24 24 33 34 
42 26 34 39 
53 54 35 37 
55 33 36 46 
57 57 37 38 
21 46 38 47 
93 82 39 60 
32 44 40 45 
25 86 41 50 
72 64 42 44 
25 73 43 57 
76 80 44 52 
23 64 45 53 
65 85 46 49 
75 28 47 58 
98 91 48 54 
88 83 49 51 
93 15 50 63 
94 72 51 56 
36 52 52 62 
49 91 53 55 
10 46 54 88 
95 55 55 72 
37 88 56 71 
24 29 57 68 
99 20 58 59 
19 37 59 61 
67 21 60 73 
52 79 61 64 
98 19 62 67 
65 66 63 70 
82 20 64 75 
100 25 65 91 
57 53 66 95 
85 83 67 69 
63 86 68 84 
52 46 69 78 
75 65 70 79 
98 22 71 86 
67 29 72 77 
84 94 73 74 
58 21 74 102 
60 66 75 76 
17 91 76 81 
25 34 77 80 
95 36 78 89 
35 69 79 82 
69 75 80 105 
25 51 81 85 
69 17 82 83 
71 39 83 87 
28 38 84 90 
48 43 85 93 
72 27 86 100 
77 33 87 99 
57 100 88 97 
31 23 89 92 
65 52 90 116 
74 13 91 104 
32 27 92 94 
83 45 93 96 
68 79 94 98 
94 91 95 119 
54 48 96 103 
32 14 97 101 
100 60 98 106 
27 97 99 110 
89 35 100 111 
67 40 101 121 
57 37 102 118 
39 51 103 107 
79 16 104 109 
92 52 105 108 
55 77 106 112 
91 63 107 115 
81 53 108 130 
25 85 109 113 
18 86 110 114 
59 44 111 129 
89 11 112 135 
30 64 113 117 
59 80 114 124 
45 66 115 132 
88 25 116 120 
44 10 117 122 
13 73 118 136 
25 91 119 134 
40 45 120 137 
68 72 121 126 
83 36 122 123 
79 24 123 125 
36 32 124 142 
32 44 125 127 
78 29 126 128 
92 13 127 145 
34 96 128 139 
65 10 129 131 
70 26 130 138 
68 59 131 133 
55 87 132 149 
51 32 133 147 
19 18 134 140 
74 72 135 143 
58 47 136 141 
38 85 137 155 
56 42 138 144 
35 23 139 151 
99 60 140 183 
53 25 141 159 
46 89 142 154 
41 51 143 148 
60 54 144 157 
11 51 145 146 
72 21 146 150 
48 17 147 153 
58 39 148 168 
71 46 149 172 
37 59 150 152 
80 58 151 156 
70 68 152 158 
36 29 153 180 
65 65 154 163 
52 33 155 161 
17 51 156 160 
38 59 157 162 
94 98 158 165 
28 24 159 175 
82 47 160 166 
23 45 161 170 
61 41 162 176 
45 11 163 164 
83 86 164 169 
37 87 165 178 
10 50 166 167 
66 17 167 171 
58 11 168 187 
98 47 169 173 
64 95 170 179 
86 12 171 174 
22 54 172 186 
53 23 173 205 
56 93 174 181 
27 11 175 182 
44 75 176 177 
35 56 177 195 
22 97 178 184 
78 37 179 197 
54 91 180 189 
74 51 181 191 
13 22 182 185 
41 36 183 198 
29 67 184 188 
20 17 185 220 
16 46 186 190 
90 79 187 203 
87 18 188 199 
31 78 189 217 
67 48 190 192 
42 32 191 193 
89 62 192 194 
78 65 193 196 
73 25 194 201 
64 16 195 200 
11 39 196 202 
56 23 197 204 
67 65 198 207 
70 64 199 211 
79 66 200 212 
78 47 201 209 
95 45 202 206 
71 78 203 208 
35 37 204 214 
73 51 205 215 
93 43 206 216 
89 23 207 213 
17 53 208 210 
19 92 209 228 
77 48 210 223 
59 83 211 225 
16 26 212 222 
75 13 213 219 
96 95 214 221 
48 37 215 237 
77 87 216 233 
11 62 217 218 
29 64 218 231 
38 51 219 229 
86 38 220 226 
53 77 221 241 
47 15 222 224 
18 46 223 227 
33 25 224 262 
31 85 225 236 
17 53 226 234 
46 31 227 239 
46 64 228 251 
57 78 229 230 
58 32 230 250 
74 37 231 232 
83 11 232 244 
54 29 233 235 
38 78 234 256 
16 80 235 240 
91 43 236 238 
47 14 237 242 
25 79 238 263 
93 84 239 243 
58 58 240 248 
31 20 241 245 
75 33 242 246 
14 31 243 268 
44 30 244 259 
37 12 245 247 
38 33 246 249 
75 63 247 253 
12 19 248 255 
95 13 249 254 
95 19 250 257 
67 89 251 252 
41 30 252 297 
57 45 253 258 
77 34 254 261 
22 72 255 281 
70 90 256 260 
53 58 257 270 
82 28 258 265 
88 21 259 273 
33 86 260 269 
80 71 261 275 
42 79 262 264 
27 37 263 277 
61 70 264 294 
23 20 265 266 
92 95 266 267 
14 91 267 283 
18 83 268 282 
99 84 269 279 
72 54 270 271 
96 35 271 272 
53 54 272 274 
62 42 273 276 
92 66 274 280 
34 30 275 289 
84 45 276 286 
82 21 277 278 
86 76 278 287 
81 26 279 285 
84 23 280 291 
66 88 281 304 
48 86 282 284 
29 54 283 292 
66 25 284 290 
60 63 285 298 
24 58 286 302 
97 30 287 288 
96 40 288 305 
51 99 289 293 
89 40 290 318 
19 36 291 296 
87 24 292 312 
59 75 293 295 
46 61 294 300 
81 74 295 301 
67 49 296 299 
70 64 297 306 
77 85 298 310 
77 54 299 307 
32 82 300 319 
97 47 301 303 
20 99 302 315 
78 54 303 325 
64 19 304 314 
22 20 305 308 
50 40 306 322 
49 32 307 313 
66 85 308 309 
56 23 309 311 
92 77 310 332 
47 20 311 320 
92 66 312 316 
99 27 313 357 
54 89 314 317 
21 96 315 321 
90 40 316 333 
24 15 317 336 
22 40 318 326 
35 23 319 324 
84 30 320 347 
98 62 321 323 
21 85 322 327 
45 37 323 330 
46 99 324 328 
41 58 325 329 
48 16 326 335 
29 65 327 345 
92 15 328 346 
76 79 329 343 
71 55 330 331 
45 25 331 350 
64 69 332 337 
57 77 333 334 
87 69 334 340 
87 58 335 339 
67 15 336 358 
67 58 337 338 
42 43 338 341 
69 93 339 342 
100 75 340 348 
99 19 341 352 
21 71 342 355 
14 73 343 344 
22 34 344 371 
13 57 345 349 
39 22 346 354 
54 85 347 359 
60 89 348 356 
66 72 349 364 
28 25 350 351 
85 47 351 376 
20 43 352 353 
94 55 353 374 
88 70 354 373 
84 76 355 365 
33 34 356 366 
58 25 357 368 
71 87 358 361 
13 11 359 360 
25 24 360 363 
50 20 361 362 
91 84 362 395 
15 69 363 367 
39 50 364 377 
29 68 365 380 
52 18 366 370 
88 59 367 375 
58 21 368 369 
17 17 369 372 
64 68 370 378 
15 83 371 393 
32 28 372 390 
47 69 373 399 
96 19 374 381 
47 80 375 379 
20 75 376 389 
68 26 377 384 
93 58 378 382 
58 70 379 394 
78 99 380 383 
47 41 381 387 
11 40 382 385 
13 24 383 386 
53 48 384 400 
35 22 385 388 
82 73 386 392 
54 32 387 398 
61 40 388 405 
43 45 389 397 
95 30 390 391 
92 21 391 404 
22 51 392 408 
64 85 393 396 
39 81 394 412 
85 46 395 402 
78 47 396 410 
43 93 397 403 
52 75 398 421 
55 66 399 401 
89 93 400 409 
36 99 401 417 
18 30 402 431 
78 51 403 406 
72 68 404 407 
41 68 405 416 
93 45 406 411 
30 60 407 423 
71 85 408 430 
63 45 409 414 
27 16 410 419 
27 22 411 415 
77 93 412 413 
86 81 413 420 
86 54 414 426 
72 56 415 418 
84 22 416 432 
96 94 417 453 
30 10 418 425 
65 31 419 443 
70 47 420 441 
45 97 421 422 
53 80 422 424 
54 86 423 427 
55 68 424 440 
21 46 425 429 
94 35 426 437 
10 94 427 428 
30 84 428 455 
46 47 429 434 
44 98 430 436 
42 74 431 450 
64 16 432 433 
28 67 433 442 
16 12 434 435 
97 64 435 439 
59 19 436 449 
18 98 437 438 
54 13 438 448 
19 99 439 447 
66 20 440 456 
86 61 441 446 
28 60 442 444 
83 79 443 445 
90 80 444 475 
35 80 445 472 
49 87 446 451 
50 48 447 452 
81 18 448 454 
66 11 449 465 
98 51 450 458 
31 58 451 466 
81 70 452 467 
95 77 453 460 
14 94 454 457 
53 44 455 476 
22 51 456 459 
83 11 457 462 
89 43 458 469 
64 98 459 471 
92 80 460 461 
74 12 461 463 
76 30 462 483 
25 100 463 464 
34 54 464 477 
81 41 465 468 
44 94 466 514 
82 63 467 479 
12 95 468 470 
16 48 469 485 
35 54 470 473 
63 43 471 500 
63 42 472 474 
36 10 473 478 
10 27 474 491 
52 23 475 481 
43 98 476 484 
27 39 477 493 
22 18 478 507 
92 20 479 480 
30 12 480 492 
44 93 481 482 
23 19 482 489 
56 58 483 490 
33 35 484 486 
51 64 485 487 
95 14 486 488 
45 74 487 496 
78 64 488 494 
69 18 489 495 
13 95 490 502 
84 15 491 497 
15 69 492 498 
65 48 493 501 
98 12 494 508 
49 55 495 504 
86 76 496 509 
74 48 497 499 
23 95 498 511 
45 26 499 505 
58 28 500 506 
65 90 501 503 
77 31 502 538 
37 59 503 513 
61 34 504 520 
82 14 505 510 
67 71 506 512 
33 77 507 526 
62 50 508 521 
100 19 509 519 
57 64 510 517 
71 53 511 515 
77 80 512 516 
18 87 513 528 
69 77 514 530 
71 84 515 529 
31 50 516 524 
28 36 517 518 
83 71 518 522 
94 15 519 545 
23 74 520 523 
59 91 521 525 
54 92 522 532 
78 69 523 535 
10 46 524 527 
65 62 525 557 
66 79 526 536 
89 48 527 540 
98 55 528 531 
22 33 529 542 
37 13 530 533 
94 90 531 534 
28 17 532 537 
30 13 533 544 
47 60 534 539 
15 78 535 541 
20 55 536 548 
34 100 537 551 
96 22 538 546 
43 35 539 543 
61 66 540 549 
13 14 541 550 
29 71 542 553 
47 88 543 558 
44 84 544 571 
64 17 545 565 
73 50 546 547 
79 12 547 552 
23 50 548 563 
75 71 549 573 
27 34 550 562 
79 40 551 559 
18 61 552 556 
39 77 553 554 
36 36 554 555 
58 58 555 572 
95 51 556 569 
10 33 557 561 
36 89 558 564 
17 74 559 560 
49 67 560 567 
75 16 561 590 
91 22 562 581 
52 36 563 566 
39 92 564 602 
30 89 565 570 
87 20 566 583 
45 92 567 568 
21 89 568 574 
60 27 569 576 
27 52 570 575 
97 39 571 586 
85 64 572 580 
69 94 573 588 
55 99 574 579 
84 18 575 577 
70 18 576 578 
86 18 577 585 
18 22 578 587 
12 79 579 584 
21 50 580 596 
41 65 581 582 
55 25 582 591 
58 75 583 611 
39 84 584 592 
88 17 585 635 
49 12 586 599 
41 17 587 589 
25 89 588 601 
30 33 589 594 
48 94 590 593 
82 50 591 606 
97 70 592 595 
51 34 593 607 
88 20 594 597 
20 93 595 609 
30 87 596 614 
97 16 597 598 
52 36 598 600 
93 39 599 615 
31 97 600 604 
68 94 601 603 
28 62 602 613 
13 42 603 610 
49 58 604 605 
34 62 605 612 
19 94 606 608 
53 42 607 625 
50 23 608 619 
68 24 609 630 
98 77 610 645 
56 61 611 621 
50 61 612 618 
49 89 613 629 
42 95 614 626 
82 38 615 616 
64 33 616 617 
25 23 617 623 
89 15 618 620 
45 10 619 622 
15 92 620 627 
70 56 621 624 
68 36 622 634 
64 72 623 650 
48 48 624 640 
34 31 625 628 
48 16 626 631 
26 49 627 633 
20 15 628 637 
11 67 629 632 
86 61 630 642 
42 86 631 636 
41 61 632 646 
37 67 633 639 
14 60 634 651 
96 10 635 638 
79 75 636 661 
38 86 637 641 
48 90 638 655 
100 75 639 688 
58 71 640 658 
89 54 641 644 
38 35 642 643 
43 95 643 669 
53 24 644 653 
40 46 645 648 
18 11 646 647 
36 22 647 649 
76 49 648 665 
14 38 649 664 
74 46 650 652 
72 87 651 670 
70 88 652 656 
69 76 653 654 
36 49 654 657 
13 72 655 659 
61 57 656 663 
15 27 657 679 
47 91 658 666 
71 50 659 660 
30 83 660 662 
60 30 661 667 
52 38 662 678 
42 73 663 668 
28 43 664 693 
57 56 665 671 
79 31 666 675 
74 88 667 685 
16 44 668 674 
22 61 669 715 
14 43 670 676 
20 36 671 672 
62 53 672 673 
59 65 673 681 
31 69 674 677 
75 65 675 686 
40 40 676 692 
63 89 677 680 
55 88 678 689 
64 34 679 682 
46 29 680 687 
38 82 681 684 
90 91 682 683 
43 22 683 701 
50 77 684 690 
70 87 685 700 
91 90 686 698 
90 38 687 703 
16 74 688 696 
62 50 689 691 
90 63 690 695 
77 41 691 694 
94 24 692 697 
98 86 693 721 
95 18 694 704 
47 91 695 707 
54 15 696 699 
25 10 697 702 
46 56 698 717 
53 59 699 712 
62 60 700 716 
23 57 701 711 
46 77 702 706 
44 15 703 705 
54 31 704 710 
56 78 705 708 
61 84 706 718 
85 10 707 732 
47 33 708 709 
50 23 709 713 
92 84 710 714 
39 86 711 726 
57 24 712 725 
13 15 713 720 
46 61 714 722 
71 56 715 719 
66 87 716 727 
14 64 717 724 
24 97 718 730 
80 85 719 723 
79 65 720 754 
82 54 721 729 
88 95 722 768 
62 94 723 728 
52 59 724 733 
91 25 725 735 
69 28 726 764 
35 54 727 736 
98 32 728 746 
22 38 729 731 
91 54 730 740 
42 59 731 734 
65 69 732 742 
83 59 733 737 
17 64 734 745 
56 29 735 741 
95 63 736 739 
56 25 737 738 
55 77 738 758 
75 86 739 747 
96 31 740 744 
41 27 741 783 
85 58 742 743 
32 84 743 748 
70 23 744 749 
97 46 745 750 
37 34 746 761 
79 55 747 751 
36 44 748 753 
25 91 749 772 
50 18 750 755 
38 19 751 752 
40 14 752 782 
77 50 753 756 
45 22 754 757 
38 71 755 759 
14 97 756 760 
50 11 757 765 
27 29 758 769 
59 70 759 763 
57 84 760 762 
35 96 761 774 
39 16 762 766 
62 54 763 776 
52 82 764 771 
40 53 765 767 
62 30 766 807 
15 76 767 773 
74 38 768 770 
71 33 769 786 
87 37 770 781 
60 66 771 785 
19 48 772 780 
76 68 773 790 
81 34 774 775 
91 41 775 784 
78 68 776 777 
15 12 777 778 
72 26 778 779 
66 77 779 800 
96 66 780 788 
53 51 781 789 
33 95 782 802 
21 47 783 795 
74 76 784 787 
13 82 785 793 
53 91 786 791 
14 21 787 796 
92 69 788 801 
31 39 789 803 
15 62 790 792 
98 46 791 794 
90 40 792 805 
56 14 793 797 
64 26 794 798 
27 97 795 818 
31 20 796 815 
34 25 797 811 
47 38 798 799 
79 83 799 809 
54 12 800 816 
78 51 801 812 
85 62 802 804 
51 91 803 826 
37 11 804 806 
97 54 805 822 
45 62 806 808 
95 62 807 819 
60 64 808 813 
23 56 809 810 
54 10 810 837 
60 86 811 821 
82 71 812 814 
41 30 813 817 
32 79 814 845 
84 73 815 832 
52 31 816 841 
83 79 817 820 
18 45 818 823 
94 86 819 827 
47 88 820 824 
54 92 821 825 
76 74 822 828 
14 89 823 833 
79 58 824 829 
79 19 825 831 
91 82 826 851 
47 56 827 846 
43 93 828 830 
94 53 829 842 
17 14 830 836 
24 49 831 835 
32 57 832 838 
63 91 833 834 
40 54 834 839 
63 34 835 844 
71 29 836 850 
44 51 837 843 
14 90 838 866 
94 60 839 840 
72 54 840 857 
29 88 841 847 
76 84 842 856 
70 34 843 853 
96 77 844 849 
29 99 845 848 
84 22 846 852 
18 23 847 860 
60 48 848 862 
78 86 849 859 
33 47 850 855 
23 57 851 861 
83 89 852 854 
68 51 853 881 
83 22 854 867 
58 14 855 858 
93 24 856 880 
87 33 857 869 
22 88 858 863 
43 74 859 871 
97 41 860 884 
72 22 861 864 
27 20 862 877 
99 66 863 865 
61 57 864 868 
28 12 865 870 
55 97 866 879 
25 42 867 876 
63 27 868 878 
40 51 869 875 
46 70 870 872 
72 33 871 891 
12 27 872 873 
17 71 873 874 
51 62 874 894 
99 68 875 892 
91 11 876 913 
42 56 877 889 
49 48 878 887 
69 81 879 896 
67 90 880 882 
99 23 881 883 
19 98 882 902 
77 70 883 907 
37 76 884 885 
19 12 885 886 
72 26 886 893 
93 12 887 888 
21 86 888 890 
75 11 889 904 
38 32 890 901 
20 18 891 919 
53 65 892 900 
11 12 893 898 
14 82 894 895 
87 65 895 897 
32 64 896 920 
44 23 897 905 
29 86 898 899 
26 73 899 903 
31 30 900 908 
50 28 901 926 
85 50 902 912 
80 83 903 909 
44 41 904 906 
68 29 905 910 
68 35 906 921 
72 56 907 915 
77 82 908 924 
30 73 909 911 
80 18 910 917 
96 67 911 923 
51 38 912 914 
22 17 913 916 
52 14 914 918 
11 88 915 941 
29 75 916 925 
29 31 917 932 
14 44 918 928 
98 97 919 930 
30 41 920 922 
26 64 921 929 
56 17 922 935 
95 49 923 936 
18 86 924 931 
37 97 925 938 
43 65 926 927 
48 49 927 952 
23 63 928 939 
18 57 929 943 
56 36 930 937 
93 91 931 934 
100 56 932 933 
83 64 933 940 
91 56 934 950 
80 43 935 945 
48 76 936 968 
82 74 937 959 
34 75 938 957 
17 61 939 948 
88 33 940 942 
27 43 941 951 
30 71 942 946 
86 91 943 944 
81 52 944 949 
37 13 945 947 
54 60 946 958 
100 74 947 956 
77 14 948 962 
59 99 949 954 
35 30 950 961 
42 95 951 955 
93 43 952 953 
27 48 953 971 
68 32 954 963 
84 17 955 977 
10 49 956 960 
88 83 957 972 
65 10 958 965 
30 22 959 975 
98 16 960 964 
31 68 961 966 
53 26 962 990 
44 60 963 970 
100 29 964 976 
12 52 965 967 
26 44 966 969 
44 90 967 982 
91 84 968 995 
50 65 969 973 
55 97 970 974 
17 35 971 980 
47 51 972 986 
65 41 973 981 
35 54 974 985 
82 54 975 979 
52 96 976 978 
37 40 977 984 
19 51 978 998 
81 83 979 989 
29 94 980 991 
35 27 981 993 
91 18 982 983 
69 86 983 987 
97 64 984 1003 
76 73 985 1011 
92 64 986 1000 
14 82 987 988 
60 50 988 996 
21 37 989 1004 
31 46 990 1010 
11 79 991 992 
45 88 992 1014 
66 71 993 994 
21 45 994 1005 
86 23 995 1002 
53 60 996 997 
43 64 997 999 
20 58 998 1016 
27 58 999 1001 
68 62 1000 1006 
55 24 1001 1008 
29 100 1002 1029 
10 34 1003 1009 
77 83 1004 1041 
12 44 1005 1007 
70 21 1006 1015 
54 68 1007 1012 
27 72 1008 1017 
15 34 1009 1021 
50 79 1010 1026 
67 69 1011 1020 
94 54 1012 1013 
91 57 1013 1018 
52 44 1014 1019 
50 12 1015 1025 
22 78 1016 1022 
54 87 1017 1023 
17 27 1018 1037 
64 12 1019 1028 
96 25 1020 1030 
49 47 1021 1024 
84 41 1022 1052 
46 43 1023 1045 
37 61 1024 1027 
21 11 1025 1034 
44 90 1026 1042 
46 41 1027 1033 
88 71 1028 1031 
42 93 1029 1035 
29 52 1030 1032 
93 48 1031 1039 
53 60 1032 1050 
79 74 1033 1036 
53 73 1034 1056 
86 25 1035 1043 
18 44 1036 1038 
73 50 1037 1040 
66 10 1038 1062 
68 41 1039 1054 
79 20 1040 1049 
45 15 1041 1069 
49 43 1042 1047 
66 87 1043 1044 
20 11 1044 1059 
77 100 1045 1046 
63 75 1046 1051 
47 37 1047 1048 
27 61 1048 1060 
57 26 1049 1064 
45 96 1050 1055 
78 43 1051 1057 
58 69 1052 1053 
38 88 1053 1061 
88 26 1054 1070 
96 24 1055 1075 
51 99 1056 1058 
76 94 1057 1108 
42 77 1058 1071 
18 74 1059 1076 
46 83 1060 1068 
26 22 1061 1067 
18 63 1062 1063 
22 59 1063 1065 
100 58 1064 1066 
30 70 1065 1081 
34 96 1066 1078 
84 47 1067 1088 
75 49 1068 1072 
10 37 1069 1087 
90 53 1070 1092 
87 76 1071 1073 
91 24 1072 1084 
37 35 1073 1074 
21 26 1074 1080 
92 98 1075 1083 
98 67 1076 1077 
29 32 1077 1079 
60 47 1078 1086 
37 11 1079 1123 
93 64 1080 1082 
66 96 1081 1102 
74 90 1082 1094 
70 48 1083 1085 
57 36 1084 1089 
100 57 1085 1096 
89 58 1086 1091 
51 26 1087 1097 
61 82 1088 1098 
39 91 1089 1090 
95 82 1090 1093 
31 83 1091 1109 
30 35 1092 1095 
49 25 1093 1114 
16 30 1094 1104 
54 95 1095 1105 
19 24 1096 1099 
73 29 1097 1100 
70 95 1098 1101 
18 68 1099 1110 
89 17 1100 1120 
52 79 1101 1113 
80 18 1102 1103 
79 82 1103 1119 
46 42 1104 1106 
56 16 1105 1107 
51 25 1106 1115 
61 75 1107 1111 
85 67 1108 1122 
78 31 1109 1112 
15 11 1110 1130 
65 97 1111 1117 
16 80 1112 1116 
79 66 1113 1121 
23 83 1114 1133 
43 82 1115 1118 
24 22 1116 1141 
95 29 1117 1124 
51 68 1118 1131 
47 45 1119 1125 
53 68 1120 1127 
75 19 1121 1138 
42 15 1122 1126 
82 29 1123 1136 
65 22 1124 1135 
47 83 1125 1128 
89 13 1126 1144 
74 87 1127 1137 
60 22 1128 1129 
26 79 1129 1153 
66 49 1130 1132 
84 61 1131 1139 
92 73 1132 1134 
37 62 1133 1150 
11 38 1134 1140 
14 80 1135 1145 
16 58 1136 1143 
13 76 1137 1146 
60 49 1138 1152 
87 54 1139 1149 
91 31 1140 1147 
79 71 1141 1142 
55 94 1142 1151 
18 47 1143 1161 
49 59 1144 1189 
75 42 1145 1154 
72 83 1146 1163 
10 12 1147 1148 
85 54 1148 1175 
59 76 1149 1159 
93 15 1150 1156 
64 12 1151 1164 
84 29 1152 1155 
89 95 1153 1158 
47 52 1154 1162 
11 56 1155 1170 
12 74 1156 1157 
57 90 1157 1160 
99 49 1158 1169 
42 22 1159 1194 
10 35 1160 1182 
45 64 1161 1165 
23 42 1162 1167 
99 60 1163 1179 
97 38 1164 1166 
11 75 1165 1177 
95 65 1166 1176 
33 60 1167 1168 
66 37 1168 1172 
80 77 1169 1171 
41 72 1170 1174 
87 92 1171 1173 
62 59 1172 1185 
63 56 1173 1184 
60 64 1174 1180 
33 49 1175 1181 
78 87 1176 1206 
54 67 1177 1178 
34 83 1178 1191 
88 79 1179 1186 
73 54 1180 1213 
33 98 1181 1183 
98 29 1182 1214 
55 10 1183 1193 
50 37 1184 1187 
66 70 1185 1192 
30 93 1186 1196 
11 40 1187 1188 
53 12 1188 1218 
22 28 1189 1190 
87 76 1190 1197 
11 22 1191 1200 
46 19 1192 1198 
46 20 1193 1195 
43 84 1194 1211 
91 37 1195 1210 
47 35 1196 1201 
100 97 1197 1209 
27 40 1198 1199 
16 36 1199 1205 
79 47 1200 1202 
54 47 1201 1203 
90 19 1202 1220 
67 66 1203 1204 
99 74 1204 1215 
58 60 1205 1208 
65 50 1206 1207 
95 20 1207 1212 
85 29 1208 1227 
92 82 1209 1226 
13 73 1210 1221 
93 53 1211 1237 
99 39 1212 1234 
38 75 1213 1225 
100 60 1214 1216 
93 63 1215 1217 
23 66 1216 1232 
92 72 1217 1222 
82 51 1218 1219 
97 20 1219 1223 
50 49 1220 1259 
63 63 1221 1245 
90 58 1222 1224 
52 74 1223 1228 
42 49 1224 1229 
12 64 1225 1236 
27 70 1226 1230 
69 43 1227 1233 
45 69 1228 1231 
62 25 1229 1255 
25 98 1230 1235 
22 24 1231 1242 
46 54 1232 1239 
31 90 1233 1240 
35 61 1234 1238 
50 24 1235 1261 
50 25 1236 1250 
22 63 1237 1252 
26 17 1238 1244 
59 48 1239 1241 
45 47 1240 1246 
91 14 1241 1260 
94 47 1242 1243 
44 77 1243 1247 
11 42 1244 1249 
33 74 1245 1269 
66 71 1246 1248 
38 73 1247 1251 
72 80 1248 1256 
60 41 1249 1271 
22 14 1250 1253 
99 61 1251 1258 
11 22 1252 1254 
49 93 1253 1286 
91 36 1254 1280 
30 95 1255 1257 
70 98 1256 1266 
19 49 1257 1264 
70 94 1258 1262 
44 43 1259 1263 
41 80 1260 1276 
24 13 1261 1268 
59 15 1262 1265 
20 18 1263 1272 
31 42 1264 1267 
88 75 1265 1284 
46 92 1266 1270 
51 27 1267 1282 
33 91 1268 1281 
80 46 1269 1273 
86 77 1270 1274 
93 51 1271 1304 
24 32 1272 1277 
46 76 1273 1279 
11 20 1274 1275 
45 34 1275 1278 
18 62 1276 1292 
45 100 1277 1314 
39 80 1278 1290 
55 54 1279 1287 
81 59 1280 1291 
57 96 1281 1289 
33 54 1282 1283 
23 27 1283 1285 
56 30 1284 1293 
92 12 1285 1300 
18 35 1286 1302 
100 20 1287 1288 
21 50 1288 1296 
70 85 1289 1310 
82 49 1290 1298 
32 87 1291 1294 
48 72 1292 1295 
24 59 1293 1316 
73 91 1294 1311 
70 28 1295 1297 
99 75 1296 1306 
26 22 1297 1299 
33 35 1298 1307 
70 22 1299 1301 
69 24 1300 1305 
76 97 1301 1303 
10 97 1302 1308 
61 43 1303 1320 
97 27 1304 1309 
21 31 1305 1312 
29 52 1306 1321 
15 61 1307 1325 
53 40 1308 1319 
18 28 1309 1323 
60 59 1310 1324 
14 99 1311 1315 
26 62 1312 1313 
76 79 1313 1331 
27 95 1314 1317 
78 67 1315 1336 
42 16 1316 1350 
52 75 1317 1318 
21 21 1318 1322 
50 14 1319 1326 
56 51 1320 1328 
45 34 1321 1329 
65 31 1322 1338 
45 40 1323 1337 
84 77 1324 1346 
97 48 1325 1340 
27 18 1326 1327 
44 65 1327 1342 
58 24 1328 1339 
27 50 1329 1330 
100 48 1330 1332 
38 71 1331 1334 
85 36 1332 1333 
62 100 1333 1335 
39 39 1334 1343 
23 32 1335 1345 
64 24 1336 1341 
21 82 1337 1364 
65 74 1338 1351 
68 23 1339 1353 
42 76 1340 1349 
88 31 1341 1362 
97 33 1342 1354 
60 41 1343 1344 
73 67 1344 1348 
96 18 1345 1352 
92 23 1346 1347 
82 46 1347 1359 
64 70 1348 1360 
58 76 1349 1358 
62 36 1350 1366 
29 14 1351 1377 
60 77 1352 1355 
46 95 1353 1357 
21 31 1354 1356 
83 45 1355 1368 
11 16 1356 1373 
10 63 1357 1367 
59 15 1358 1370 
89 46 1359 1361 
57 50 1360 1363 
67 97 1361 1420 
59 53 1362 1371 
61 39 1363 1365 
28 36 1364 1376 
52 32 1365 1369 
31 20 1366 1372 
48 15 1367 1378 
83 83 1368 1386 
36 92 1369 1381 
29 57 1370 1375 
22 74 1371 1390 
10 10 1372 1380 
96 90 1373 1374 
91 56 1374 1392 
73 63 1375 1430 
18 42 1376 1382 
26 45 1377 1379 
51 29 1378 1383 
45 21 1379 1413 
64 46 1380 1400 
54 12 1381 1388 
89 13 1382 1389 
81 17 1383 1384 
11 18 1384 1385 
45 33 1385 1391 
45 53 1386 1387 
84 80 1387 1398 
12 96 1388 1394 
61 81 1389 1393 
28 22 1390 1397 
87 67 1391 1399 
77 41 1392 1395 
56 16 1393 1401 
88 35 1394 1402 
47 78 1395 1396 
91 53 1396 1408 
100 76 1397 1403 
35 84 1398 1404 
82 100 1399 1409 
35 71 1400 1428 
45 75 1401 1410 
19 13 1402 1406 
75 73 1403 1407 
83 50 1404 1405 
89 13 1405 1412 
11 71 1406 1411 
25 80 1407 1417 
23 55 1408 1414 
28 96 1409 1419 
92 16 1410 1415 
89 46 1411 1424 
61 48 1412 1416 
69 43 1413 1427 
66 17 1414 1447 
14 28 1415 1418 
74 15 1416 1477 
44 54 1417 1431 
36 81 1418 1422 
63 91 1419 1421 
41 55 1420 1440 
26 92 1421 1423 
88 99 1422 1426 
87 44 1423 1425 
100 52 1424 1437 
76 25 1425 1460 
22 91 1426 1429 
20 53 1427 1443 
38 21 1428 1453 
47 28 1429 1432 
100 91 1430 1445 
29 20 1431 1434 
82 73 1432 1433 
56 75 1433 1436 
19 29 1434 1435 
62 87 1435 1448 
92 21 1436 1438 
99 55 1437 1439 
79 26 1438 1454 
59 11 1439 1449 
60 83 1440 1441 
12 13 1441 1442 
28 66 1442 1444 
27 72 1443 1446 
87 89 1444 1457 
46 65 1445 1456 
25 74 1446 1461 
47 54 1447 1450 
46 56 1448 1458 
30 13 1449 1452 
99 29 1450 1451 
16 41 1451 1498 
17 92 1452 1455 
22 75 1453 1471 
89 88 1454 1466 
77 72 1455 1459 
17 61 1456 1478 
21 45 1457 1462 
32 23 1458 1474 
84 16 1459 1463 
61 29 1460 1481 
28 53 1461 1464 
86 92 1462 1470 
16 48 1463 1467 
36 56 1464 1465 
39 23 1465 1473 
53 87 1466 1468 
81 60 1467 1469 
66 39 1468 1475 
65 24 1469 1479 
67 60 1470 1472 
49 45 1471 1484 
27 88 1472 1476 
56 15 1473 1495 
41 84 1474 1489 
56 79 1475 1496 
79 100 1476 1487 
31 65 1477 1491 
19 41 1478 1480 
71 21 1479 1483 
77 10 1480 1488 
82 18 1481 1482 
51 70 1482 1492 
59 81 1483 1485 
58 51 1484 1486 
81 10 1485 1502 
79 41 1486 1513 
89 68 1487 1501 
68 31 1488 1494 
71 30 1489 1490 
29 18 1490 1507 
75 23 1491 1493 
99 26 1492 1497 
68 40 1493 1500 
41 23 1494 1505 
21 15 1495 1518 
34 72 1496 1512 
84 37 1497 1504 
16 13 1498 1499 
57 60 1499 1515 
27 35 1500 1524 
26 78 1501 1503 
30 32 1502 1508 
56 100 1503 1514 
76 45 1504 1509 
53 34 1505 1506 
49 68 1506 1516 
22 100 1507 1511 
45 10 1508 1510 
59 15 1509 1536 
15 60 1510 1519 
49 13 1511 1530 
69 40 1512 1523 
94 24 1513 1560 
70 18 1514 1520 
21 74 1515 1517 
18 33 1516 1527 
62 83 1517 1545 
24 82 1518 1535 
21 45 1519 1521 
68 40 1520 1556 
14 98 1521 1522 
17 61 1522 1531 
80 35 1523 1525 
96 17 1524 1526 
35 70 1525 1528 
14 27 1526 1533 
98 21 1527 1539 
80 20 1528 1529 
95 57 1529 1534 
94 80 1530 1546 
97 37 1531 1532 
93 19 1532 1549 
21 21 1533 1538 
95 64 1534 1537 
52 91 1535 1541 
99 25 1536 1544 
90 15 1537 1570 
45 21 1538 1542 
97 15 1539 1540 
22 23 1540 1550 
60 99 1541 1543 
49 80 1542 1571 
37 48 1543 1554 
82 30 1544 1553 
71 55 1545 1547 
74 47 1546 1551 
92 81 1547 1548 
81 65 1548 1558 
97 77 1549 1552 
46 72 1550 1557 
96 100 1551 1555 
66 53 1552 1564 
46 87 1553 1565 
96 67 1554 1563 
33 93 1555 1559 
57 27 1556 1562 
46 39 1557 1580 
54 46 1558 1566 
33 64 1559 1561 
36 37 1560 1569 
55 27 1561 1637 
18 83 1562 1592 
20 61 1563 1585 
14 97 1564 1572 
82 13 1565 1577 
54 29 1566 1567 
97 29 1567 1568 
72 93 1568 1573 
61 73 1569 1575 
40 17 1570 1584 
43 64 1571 1578 
25 59 1572 1581 
92 15 1573 1574 
79 44 1574 1582 
96 42 1575 1576 
12 35 1576 1598 
82 41 1577 1583 
58 71 1578 1579 
19 49 1579 1594 
16 72 1580 1602 
39 70 1581 1587 
27 59 1582 1601 
20 49 1583 1589 
52 45 1584 1586 
55 41 1585 1590 
73 28 1586 1588 
30 90 1587 1600 
24 70 1588 1596 
46 13 1589 1591 
13 35 1590 1643 
71 68 1591 1606 
81 21 1592 1593 
43 70 1593 1595 
66 36 1594 1599 
39 73 1595 1615 
83 29 1596 1597 
56 57 1597 1616 
24 53 1598 1622 
58 92 1599 1614 
62 30 1600 1605 
51 62 1601 1603 
23 51 1602 1610 
42 13 1603 1604 
90 50 1604 1608 
78 23 1605 1609 
59 90 1606 1607 
94 82 1607 1619 
97 31 1608 1612 
32 23 1609 1617 
30 88 1610 1611 
84 54 1611 1613 
27 67 1612 1631 
91 59 1613 1620 
98 80 1614 1647 
34 90 1615 1626 
92 82 1616 1618 
30 64 1617 1621 
41 32 1618 1624 
97 58 1619 1629 
94 78 1620 1625 
73 70 1621 1635 
46 34 1622 1623 
74 41 1623 1627 
11 33 1624 1628 
57 22 1625 1640 
50 99 1626 1636 
64 43 1627 1632 
57 11 1628 1653 
84 31 1629 1630 
63 82 1630 1634 
84 19 1631 1672 
55 92 1632 1633 
54 98 1633 1638 
98 40 1634 1646 
12 17 1635 1644 
44 98 1636 1639 
61 20 1637 1645 
38 71 1638 1658 
16 98 1639 1642 
61 90 1640 1641 
88 30 1641 1649 
69 80 1642 1668 
24 34 1643 1657 
39 72 1644 1650 
25 14 1645 1655 
27 90 1646 1648 
100 43 1647 1656 
75 41 1648 1659 
56 25 1649 1651 
12 80 1650 1652 
56 65 1651 1665 
37 66 1652 1664 
74 20 1653 1654 
12 80 1654 1660 
29 72 1655 1662 
63 39 1656 1663 
84 21 1657 1679 
59 14 1658 1661 
17 28 1659 1695 
46 53 1660 1670 
12 12 1661 1681 
32 76 1662 1666 
59 96 1663 1671 
31 61 1664 1667 
58 26 1665 1717 
81 69 1666 1677 
69 33 1667 1669 
21 53 1668 1673 
86 83 1669 1682 
70 43 1670 1674 
85 87 1671 1693 
44 88 1672 1675 
57 88 1673 1680 
10 47 1674 1676 
39 50 1675 1684 
82 18 1676 1678 
69 16 1677 1704 
50 28 1678 1688 
94 17 1679 1685 
77 85 1680 1692 
25 27 1681 1683 
70 63 1682 1689 
98 61 1683 1703 
48 51 1684 1694 
80 31 1685 1686 
51 48 1686 1687 
78 93 1687 1701 
48 17 1688 1690 
25 78 1689 1691 
21 39 1690 1696 
10 73 1691 1706 
82 87 1692 1698 
55 77 1693 1699 
71 63 1694 1697 
42 45 1695 1707 
45 92 1696 1723 
45 68 1697 1700 
58 30 1698 1702 
34 28 1699 1709 
29 99 1700 1705 
80 92 1701 1712 
96 32 1702 1719 
97 64 1703 1708 
41 80 1704 1728 
24 43 1705 1713 
30 82 1706 1710 
50 73 1707 1732 
96 20 1708 1711 
60 51 1709 1727 
28 33 1710 1718 
70 90 1711 1714 
69 84 1712 1725 
28 23 1713 1716 
38 72 1714 1715 
62 14 1715 1721 
62 60 1716 1733 
36 71 1717 1720 
16 50 1718 1722 
86 95 1719 1746 
30 25 1720 1754 
40 51 1721 1726 
99 81 1722 1724 
38 54 1723 1741 
91 47 1724 1734 
76 31 1725 1735 
49 95 1726 1730 
82 68 1727 1757 
94 83 1728 1729 
13 63 1729 1731 
37 26 1730 1737 
19 46 1731 1740 
96 93 1732 1736 
97 50 1733 1755 
86 85 1734 1739 
10 30 1735 1742 
28 58 1736 1738 
76 20 1737 1743 
38 88 1738 1745 
63 48 1739 1758 
88 80 1740 1749 
37 11 1741 1744 
14 56 1742 1766 
95 21 1743 1747 
27 28 1744 1762 
49 34 1745 1748 
100 21 1746 1775 
41 63 1747 1752 
10 13 1748 1750 
74 50 1749 1751 
59 45 1750 1769 
38 94 1751 1760 
78 48 1752 1753 
45 57 1753 1764 
38 52 1754 1778 
46 23 1755 1756 
98 30 1756 1761 
92 41 1757 1759 
97 27 1758 1763 
63 78 1759 1773 
57 76 1760 1765 
36 50 1761 1777 
19 39 1762 1770 
29 48 1763 1772 
73 31 1764 1785 
73 21 1765 1767 
74 56 1766 1768 
76 77 1767 1794 
74 70 1768 1771 
99 46 1769 1779 
38 52 1770 1774 
100 44 1771 1776 
90 42 1772 1780 
44 63 1773 1781 
50 48 1774 1783 
47 64 1775 1782 
30 51 1776 1784 
73 87 1777 1789 
70 77 1778 1795 
63 87 1779 1790 
10 21 1780 1791 
38 28 1781 1786 
35 77 1782 1803 
71 88 1783 1788 
89 44 1784 1808 
19 44 1785 1801 
10 23 1786 1787 
31 29 1787 1793 
47 70 1788 1792 
66 85 1789 1804 
85 84 1790 1800 
43 80 1791 1810 
90 56 1792 1825 
20 49 1793 1798 
96 72 1794 1796 
78 95 1795 1797 
61 41 1796 1799 
37 79 1797 1814 
29 89 1798 1802 
70 49 1799 1816 
55 99 1800 1815 
90 57 1801 1807 
31 74 1802 1805 
85 98 1803 1812 
48 16 1804 1829 
20 98 1805 1806 
91 44 1806 1817 
69 68 1807 1809 
47 51 1808 1819 
16 36 1809 1813 
48 64 1810 1811 
38 42 1811 1822 
91 11 1812 1830 
61 98 1813 1831 
88 89 1814 1827 
62 100 1815 1821 
24 91 1816 1818 
53 32 1817 1820 
18 89 1818 1839 
94 35 1819 1840 
34 75 1820 1838 
30 58 1821 1824 
61 37 1822 1823 
74 85 1823 1834 
89 91 1824 1826 
46 92 1825 1851 
89 25 1826 1828 
94 56 1827 1842 
94 37 1828 1846 
31 33 1829 1832 
83 31 1830 1835 
53 28 1831 1833 
57 18 1832 1852 
43 97 1833 1841 
11 49 1834 1836 
14 98 1835 1837 
55 18 1836 1864 
83 12 1837 1853 
97 92 1838 1843 
41 21 1839 1849 
65 88 1840 1861 
29 91 1841 1844 
31 57 1842 1847 
70 62 1843 1845 
89 93 1844 1848 
88 45 1845 1857 
82 41 1846 1850 
74 30 1847 1854 
55 63 1848 1870 
33 50 1849 1856 
67 65 1850 1858 
83 97 1851 1855 
96 86 1852 1869 
14 46 1853 1860 
62 13 1854 1882 
44 90 1855 1862 
27 52 1856 1866 
96 33 1857 1859 
78 83 1858 1867 
84 74 1859 1871 
10 49 1860 1917 
93 49 1861 1863 
99 19 1862 1868 
91 34 1863 1865 
48 76 1864 1875 
29 92 1865 1877 
87 70 1866 1883 
11 80 1867 1873 
56 77 1868 1894 
15 66 1869 1872 
14 55 1870 1874 
11 38 1871 1878 
60 37 1872 1885 
27 16 1873 1876 
13 61 1874 1884 
94 40 1875 1880 
27 13 1876 1888 
58 55 1877 1890 
61 59 1878 1879 
76 75 1879 1881 
74 21 1880 1903 
51 44 1881 1886 
68 37 1882 1892 
84 86 1883 1905 
73 10 1884 1887 
49 17 1885 1897 
52 49 1886 1900 
90 14 1887 1948 
72 13 1888 1889 
78 79 1889 1893 
84 56 1890 1891 
68 19 1891 1941 
21 89 1892 1899 
76 17 1893 1896 
28 97 1894 1895 
46 56 1895 1898 
13 72 1896 1901 
49 72 1897 1904 
65 33 1898 1933 
71 14 1899 1907 
84 18 1900 1918 
18 50 1901 1902 
90 54 1902 1911 
51 17 1903 1914 
12 64 1904 1934 
87 95 1905 1906 
14 70 1906 1913 
15 100 1907 1908 
20 56 1908 1909 
17 93 1909 1910 
78 96 1910 1912 
31 62 1911 1940 
48 38 1912 1920 
94 45 1913 1928 
28 85 1914 1915 
35 51 1915 1916 
75 63 1916 1925 
99 59 1917 1929 
75 22 1918 1919 
93 53 1919 1921 
17 29 1920 1922 
71 75 1921 1927 
97 29 1922 1923 
44 27 1923 1924 
50 88 1924 1926 
17 96 1925 1930 
20 29 1926 1935 
82 24 1927 1932 
20 55 1928 1937 
84 69 1929 1931 
34 37 1930 1938 
36 44 1931 1968 
53 43 1932 1942 
39 53 1933 1939 
82 44 1934 1936 
36 71 1935 1954 
72 43 1936 1950 
100 16 1937 1947 
19 79 1938 1957 
32 27 1939 1944 
92 73 1940 1943 
79 57 1941 1973 
80 94 1942 1945 
89 85 1943 1977 
60 84 1944 1946 
52 78 1945 1951 
22 36 1946 1953 
21 38 1947 1949 
42 70 1948 1952 
89 56 1949 1960 
89 43 1950 1955 
14 35 1951 1962 
13 82 1952 1956 
68 53 1953 1967 
29 92 1954 1959 
39 73 1955 1966 
45 57 1956 1958 
33 19 1957 1969 
27 42 1958 1963 
62 35 1959 1961 
48 16 1960 1971 
37 21 1961 1975 
99 71 1962 1964 
100 34 1963 1965 
88 85 1964 1972 
30 43 1965 1970 
41 64 1966 1978 
13 17 1967 1974 
53 43 1968 1996 
69 64 1969 1981 
33 75 1970 1976 
75 62 1971 1982 
94 70 1972 2009 
98 37 1973 2008 
35 16 1974 1985 
32 64 1975 1979 
76 35 1976 1980 
21 77 1977 1988 
66 57 1978 1995 
72 27 1979 2006 
85 56 1980 1983 
64 95 1981 1984 
53 73 1982 1989 
16 42 1983 1987 
50 44 1984 1992 
48 50 1985 1986 
62 59 1986 1990 
69 14 1987 1993 
18 19 1988 1994 
71 19 1989 1991 
94 91 1990 2014 
51 93 1991 2007 
70 94 1992 2000 
86 60 1993 1997 
77 35 1994 2002 
98 44 1995 2001 
35 65 1996 1998 
23 28 1997 1999 
12 68 1998 2004 
46 50 1999 2005 
97 35 2000 2013 
66 11 2001 2003 
66 70 2002 2020 
63 63 2003 2035 
41 71 2004 2065 
31 85 2005 2010 
65 76 2006 2023 
19 86 2007 2016 
79 58 2008 2018 
74 84 2009 2011 
62 56 2010 2012 
100 57 2011 2028 
52 35 2012 2021 
50 53 2013 2015 
100 58 2014 2017 
61 99 2015 2027 
15 80 2016 2019 
11 81 2017 2042 
15 11 2018 2029 
37 97 2019 2022 
85 84 2020 2054 
91 93 2021 2025 
86 22 2022 2024 
20 22 2023 2026 
75 89 2024 2032 
26 18 2025 2030 
55 24 2026 2057 
24 37 2027 2031 
93 99 2028 2033 
43 60 2029 2045 
53 95 2030 2038 
17 84 2031 2040 
18 81 2032 2034 
85 58 2033 2041 
15 50 2034 2037 
90 98 2035 2036 
56 97 2036 2075 
89 20 2037 2052 
48 46 2038 2039 
96 86 2039 2049 
52 20 2040 2043 
16 23 2041 2056 
17 33 2042 2047 
27 86 2043 2044 
53 34 2044 2059 
99 26 2045 2046 
92 49 2046 2048 
22 14 2047 2081 
64 63 2048 2053 
36 99 2049 2050 
79 34 2050 2051 
65 95 2051 2058 
90 86 2052 2055 
15 44 2053 2067 
50 63 2054 2062 
25 15 2055 2060 
29 66 2056 2071 
36 18 2057 2073 
34 30 2058 2061 
94 55 2059 2070 
18 16 2060 2066 
56 46 2061 2064 
12 98 2062 2063 
74 29 2063 2084 
58 62 2064 2068 
18 51 2065 2079 
79 10 2066 2080 
85 26 2067 2072 
64 66 2068 2069 
38 10 2069 2077 
30 58 2070 2074 
57 51 2071 2089 
54 90 2072 2090 
21 28 2073 2083 
23 72 2074 2076 
53 90 2075 2078 
21 65 2076 2096 
54 72 2077 2087 
83 82 2078 2098 
42 86 2079 2082 
93 66 2080 2085 
17 45 2081 2097 
67 44 2082 2106 
57 58 2083 2086 
59 51 2084 2095 
75 36 2085 2104 
34 74 2086 2101 
28 79 2087 2088 
18 83 2088 2091 
19 97 2089 2108 
25 50 2090 2094 
39 73 2091 2092 
18 23 2092 2093 
72 55 2093 2138 
47 26 2094 2099 
89 78 2095 2103 
14 55 2096 2111 
47 34 2097 2122 
57 44 2098 2115 
66 88 2099 2100 
90 99 2100 2102 
88 30 2101 2105 
54 66 2102 2109 
48 99 2103 2107 
83 51 2104 2146 
90 32 2105 2125 
86 72 2106 2110 
10 13 2107 2135 
72 49 2108 2116 
35 88 2109 2112 
28 94 2110 2114 
12 33 2111 2117 
67 52 2112 2113 
48 22 2113 2133 
75 28 2114 2123 
44 49 2115 2121 
20 85 2116 2118 
28 61 2117 2119 
83 97 2118 2129 
87 35 2119 2120 
93 22 2120 2132 
46 15 2121 2126 
12 75 2122 2142 
47 40 2123 2124 
13 47 2124 2127 
56 78 2125 2131 
95 14 2126 2128 
22 66 2127 2141 
52 16 2128 2130 
65 20 2129 2191 
66 41 2130 2134 
36 59 2131 2148 
74 22 2132 2140 
90 60 2133 2136 
68 96 2134 2137 
38 36 2135 2139 
99 55 2136 2143 
11 69 2137 2144 
10 35 2138 2162 
83 14 2139 2155 
49 23 2140 2147 
92 58 2141 2145 
57 55 2142 2157 
73 46 2143 2149 
71 95 2144 2181 
14 71 2145 2152 
100 69 2146 2150 
30 18 2147 2151 
78 18 2148 2167 
99 84 2149 2154 
65 89 2150 2164 
88 73 2151 2153 
66 47 2152 2156 
27 59 2153 2169 
15 18 2154 2159 
57 21 2155 2161 
47 15 2156 2160 
33 92 2157 2158 
35 95 2158 2170 
41 70 2159 2179 
53 13 2160 2163 
65 52 2161 2168 
86 19 2162 2165 
14 91 2163 2166 
32 38 2164 2175 
95 98 2165 2176 
41 26 2166 2172 
81 62 2167 2171 
82 84 2168 2177 
65 71 2169 2178 
82 43 2170 2174 
20 51 2171 2185 
69 81 2172 2173 
70 70 2173 2182 
48 90 2174 2192 
10 56 2175 2183 
72 67 2176 2194 
85 45 2177 2180 
49 86 2178 2190 
29 27 2179 2206 
81 53 2180 2184 
44 15 2181 2188 
24 83 2182 2189 
80 29 2183 2205 
86 25 2184 2186 
35 94 2185 2187 
27 53 2186 2197 
60 57 2187 2196 
31 29 2188 2208 
44 87 2189 2193 
84 39 2190 2203 
97 25 2191 2207 
93 19 2192 2202 
38 67 2193 2220 
43 48 2194 2195 
11 40 2195 2199 
87 81 2196 2198 
28 32 2197 2201 
19 72 2198 2209 
62 97 2199 2200 
28 17 2200 2218 
54 73 2201 2215 
32 97 2202 2213 
13 79 2203 2204 
57 61 2204 2210 
12 91 2205 2228 
33 56 2206 2227 
72 49 2207 2219 
54 35 2208 2221 
88 59 2209 2211 
24 62 2210 2212 
52 27 2211 2223 
52 37 2212 2214 
79 18 2213 2225 
92 30 2214 2216 
33 68 2215 2224 
49 30 2216 2217 
69 52 2217 2237 
43 78 2218 2247 
92 24 2219 2226 
98 22 2220 2229 
33 50 2221 2222 
20 76 2222 2232 
78 25 2223 2242 
60 19 2224 2231 
60 85 2225 2244 
17 40 2226 2230 
48 67 2227 2233 
74 66 2228 2263 
32 27 2229 2234 
45 87 2230 2235 
36 45 2231 2236 
73 94 2232 2238 
57 99 2233 2239 
39 13 2234 2254 
77 70 2235 2241 
47 74 2236 2250 
30 26 2237 2240 
73 85 2238 2252 
27 48 2239 2265 
84 76 2240 2248 
85 51 2241 2251 
25 84 2242 2243 
24 81 2243 2246 
19 68 2244 2245 
60 69 2245 2260 
57 60 2246 2249 
12 44 2247 2286 
22 43 2248 2261 
21 49 2249 2256 
79 99 2250 2274 
55 69 2251 2278 
88 15 2252 2253 
29 45 2253 2255 
80 69 2254 2258 
35 70 2255 2266 
13 62 2256 2257 
30 52 2257 2259 
18 74 2258 2272 
25 22 2259 2268 
24 25 2260 2271 
48 71 2261 2262 
75 31 2262 2264 
55 100 2263 2267 
38 19 2264 2269 
64 100 2265 2283 
97 51 2266 2273 
38 63 2267 2292 
62 50 2268 2279 
80 33 2269 2270 
25 41 2270 2280 
41 62 2271 2276 
49 51 2272 2275 
76 44 2273 2277 
45 67 2274 2294 
45 55 2275 2291 
90 72 2276 2322 
22 66 2277 2288 
51 34 2278 2285 
63 30 2279 2282 
81 14 2280 2281 
57 29 2281 2287 
32 15 2282 2293 
67 51 2283 2284 
17 30 2284 2309 
77 65 2285 2299 
24 40 2286 2289 
21 90 2287 2296 
31 41 2288 2302 
41 94 2289 2290 
42 69 2290 2298 
72 70 2291 2295 
44 62 2292 2297 
14 46 2293 2300 
62 31 2294 2317 
90 98 2295 2304 
61 39 2296 2305 
70 91 2297 2303 
38 25 2298 2319 
94 32 2299 2312 
30 99 2300 2301 
19 18 2301 2306 
32 49 2302 2307 
71 81 2303 2313 
20 36 2304 2323 
49 82 2305 2308 
10 89 2306 2331 
41 89 2307 2311 
19 74 2308 2310 
93 93 2309 2334 
21 91 2310 2327 
76 45 2311 2316 
96 32 2312 2314 
92 19 2313 2320 
100 99 2314 2315 
37 36 2315 2325 
97 73 2316 2318 
25 87 2317 2335 
97 51 2318 2329 
19 76 2319 2324 
91 95 2320 2321 
67 41 2321 2341 
90 95 2322 2330 
90 71 2323 2326 
75 20 2324 2336 
60 40 2325 2368 
60 37 2326 2328 
18 26 2327 2333 
52 42 2328 2337 
51 25 2329 2352 
39 30 2330 2332 
80 28 2331 2345 
65 51 2332 2339 
53 39 2333 2348 
36 65 2334 2342 
94 33 2335 2367 
76 99 2336 2340 
80 98 2337 2338 
81 58 2338 2346 
23 64 2339 2350 
20 92 2340 2347 
34 33 2341 2344 
31 83 2342 2343 
96 13 2343 2351 
70 56 2344 2349 
10 55 2345 2356 
82 72 2346 2354 
76 71 2347 2371 
78 77 2348 2353 
90 19 2349 2355 
58 35 2350 2365 
75 40 2351 2358 
81 35 2352 2362 
12 36 2353 2379 
76 64 2354 2360 
10 76 2355 2359 
43 87 2356 2357 
40 36 2357 2364 
13 95 2358 2361 
76 85 2359 2363 
59 76 2360 2384 
17 14 2361 2372 
14 56 2362 2370 
94 94 2363 2385 
21 25 2364 2375 
45 92 2365 2366 
12 39 2366 2369 
67 13 2367 2390 
91 20 2368 2412 
72 29 2369 2374 
97 61 2370 2380 
95 19 2371 2373 
14 50 2372 2377 
57 52 2373 2381 
20 57 2374 2376 
98 12 2375 2383 
51 51 2376 2378 
83 71 2377 2396 
92 19 2378 2392 
19 33 2379 2388 
74 68 2380 2382 
38 11 2381 2386 
54 50 2382 2391 
73 81 2383 2398 
76 92 2384 2409 
55 100 2385 2393 
10 71 2386 2387 
29 42 2387 2394 
70 13 2388 2389 
86 11 2389 2395 
76 62 2390 2405 
59 14 2391 2400 
76 36 2392 2397 
42 87 2393 2401 
48 12 2394 2407 
53 17 2395 2431 
86 34 2396 2399 
21 70 2397 2403 
85 100 2398 2404 
51 33 2399 2402 
43 47 2400 2430 
19 90 2401 2410 
55 87 2402 2408 
80 21 2403 2406 
33 66 2404 2420 
31 48 2405 2416 
43 48 2406 2414 
51 66 2407 2424 
28 15 2408 2411 
22 97 2409 2415 
20 26 2410 2421 
58 53 2411 2413 
18 56 2412 2479 
79 56 2413 2418 
35 31 2414 2417 
60 29 2415 2427 
40 68 2416 2419 
83 78 2417 2428 
54 11 2418 2425 
63 37 2419 2423 
89 87 2420 2422 
43 49 2421 2437 
100 61 2422 2465 
13 80 2423 2426 
75 78 2424 2429 
14 93 2425 2433 
65 72 2426 2444 
72 36 2427 2436 
30 97 2428 2450 
33 45 2429 2435 
34 17 2430 2439 
18 90 2431 2432 
14 69 2432 2441 
91 35 2433 2434 
36 50 2434 2443 
99 24 2435 2447 
98 57 2436 2442 
76 98 2437 2438 
64 96 2438 2474 
95 86 2439 2440 
66 80 2440 2451 
98 74 2441 2445 
70 86 2442 2453 
13 98 2443 2448 
30 60 2444 2456 
77 45 2445 2446 
56 29 2446 2449 
18 67 2447 2461 
49 19 2448 2460 
12 89 2449 2454 
43 61 2450 2457 
37 11 2451 2452 
25 66 2452 2458 
34 37 2453 2455 
43 55 2454 2472 
96 29 2455 2480 
41 73 2456 2459 
23 65 2457 2464 
49 47 2458 2463 
69 15 2459 2492 
42 53 2460 2470 
98 90 2461 2462 
95 11 2462 2484 
20 21 2463 2466 
63 60 2464 2467 
96 78 2465 2496 
59 32 2466 2469 
56 79 2467 2468 
50 49 2468 2471 
36 90 2469 2477 
16 69 2470 2473 
26 79 2471 2476 
61 46 2472 2487 
21 31 2473 2475 
42 27 2474 2481 
94 41 2475 2485 
37 13 2476 2502 
59 56 2477 2478 
66 84 2478 2482 
85 24 2479 2486 
89 14 2480 2483 
91 78 2481 2498 
73 42 2482 2491 
56 23 2483 2497 
93 47 2484 2499 
20 49 2485 2489 
54 82 2486 2488 
90 46 2487 2500 
30 95 2488 2490 
65 36 2489 2503 
16 26 2490 2504 
59 93 2491 2506 
67 93 2492 2493 
79 13 2493 2494 
25 40 2494 2495 
30 96 2495 2501 
91 74 2496 2509 
24 66 2497 2508 
17 26 2498 2511 
65 56 2499 2522 
99 49 2500 2519 
40 11 2501 2520 
59 89 2502 2515 
75 49 2503 2507 
72 71 2504 2505 
55 84 2505 2510 
42 100 2506 2539 
34 24 2507 2513 
59 19 2508 2518 
72 69 2509 2512 
22 51 2510 2532 
52 91 2511 2530 
48 16 2512 2514 
39 74 2513 2521 
39 33 2514 2516 
44 30 2515 2517 
35 56 2516 2531 
17 81 2517 2527 
74 93 2518 2544 
55 36 2519 2535 
36 22 2520 2528 
31 24 2521 2537 
50 11 2522 2523 
43 58 2523 2524 
36 68 2524 2525 
10 71 2525 2526 
61 51 2526 2529 
10 59 2527 2559 
59 86 2528 2546 
40 30 2529 2536 
18 41 2530 2533 
47 15 2531 2563 
88 93 2532 2534 
48 31 2533 2542 
53 26 2534 2541 
31 92 2535 2538 
85 26 2536 2550 
18 89 2537 2545 
66 35 2538 2571 
29 95 2539 2540 
46 10 2540 2557 
45 72 2541 2543 
64 67 2542 2554 
66 80 2543 2547 
69 12 2544 2561 
31 96 2545 2551 
44 36 2546 2580 
99 85 2547 2548 
73 14 2548 2549 
78 16 2549 2552 
69 25 2550 2560 
45 25 2551 2553 
31 10 2552 2570 
91 68 2553 2556 
67 84 2554 2555 
50 58 2555 2558 
67 76 2556 2562 
10 60 2557 2566 
73 78 2558 2572 
23 93 2559 2573 
49 76 2560 2565 
50 89 2561 2564 
55 55 2562 2601 
16 92 2563 2574 
36 87 2564 2569 
81 29 2565 2567 
41 91 2566 2576 
49 47 2567 2568 
75 79 2568 2577 
66 70 2569 2581 
24 14 2570 2586 
94 47 2571 2575 
94 89 2572 2588 
24 46 2573 2585 
56 79 2574 2587 
93 17 2575 2578 
63 57 2576 2595 
58 14 2577 2579 
89 46 2578 2596 
47 60 2579 2582 
33 38 2580 2583 
44 15 2581 2602 
80 34 2582 2584 
28 16 2583 2591 
83 30 2584 2611 
60 13 2585 2590 
60 56 2586 2589 
77 39 2587 2593 
77 50 2588 2594 
37 65 2589 2599 
11 85 2590 2597 
30 15 2591 2592 
30 100 2592 2617 
44 93 2593 2598 
40 75 2594 2642 
74 72 2595 2604 
58 68 2596 2600 
82 99 2597 2607 
66 64 2598 2610 
91 87 2599 2605 
29 19 2600 2603 
16 56 2601 2623 
18 26 2602 2608 
51 10 2603 2613 
63 98 2604 2606 
44 77 2605 2609 
49 36 2606 2632 
96 79 2607 2624 
83 38 2608 2612 
14 14 2609 2616 
80 50 2610 2614 
92 100 2611 2619 
31 56 2612 2615 
50 77 2613 2621 
66 51 2614 2625 
67 95 2615 2629 
83 54 2616 2620 
10 81 2617 2618 
43 16 2618 2622 
60 67 2619 2628 
24 98 2620 2663 
37 65 2621 2633 
16 97 2622 2626 
13 31 2623 2637 
83 49 2624 2645 
12 62 2625 2630 
61 89 2626 2627 
47 93 2627 2643 
91 51 2628 2639 
97 38 2629 2638 
90 66 2630 2631 
33 47 2631 2634 
97 80 2632 2644 
41 80 2633 2635 
32 70 2634 2650 
16 43 2635 2636 
56 49 2636 2640 
46 39 2637 2647 
80 79 2638 2646 
59 92 2639 2655 
25 100 2640 2641 
79 58 2641 2649 
27 52 2642 2710 
67 79 2643 2665 
15 71 2644 2648 
38 90 2645 2662 
75 33 2646 2653 
40 92 2647 2658 
14 62 2648 2651 
30 100 2649 2657 
93 58 2650 2664 
94 95 2651 2652 
91 60 2652 2656 
27 45 2653 2654 
39 77 2654 2674 
14 51 2655 2670 
87 69 2656 2659 
28 45 2657 2683 
40 11 2658 2661 
44 30 2659 2660 
68 53 2660 2672 
62 91 2661 2666 
69 58 2662 2668 
18 27 2663 2667 
82 66 2664 2675 
34 89 2665 2669 
78 51 2666 2673 
83 20 2667 2698 
98 58 2668 2676 
63 25 2669 2671 
17 52 2670 2678 
27 69 2671 2677 
40 48 2672 2690 
57 74 2673 2685 
100 54 2674 2691 
70 39 2675 2679 
84 28 2676 2681 
34 30 2677 2680 
57 17 2678 2692 
92 24 2679 2687 
25 20 2680 2682 
24 26 2681 2688 
42 71 2682 2684 
18 89 2683 2695 
48 37 2684 2686 
61 74 2685 2701 
48 59 2686 2721 
91 73 2687 2693 
32 49 2688 2689 
96 53 2689 2707 
58 12 2690 2703 
71 28 2691 2696 
10 83 2692 2733 
13 78 2693 2694 
50 77 2694 2697 
28 21 2695 2740 
44 38 2696 2700 
84 98 2697 2699 
74 60 2698 2706 
86 74 2699 2704 
36 53 2700 2705 
45 100 2701 2702 
96 14 2702 2708 
58 100 2703 2716 
30 29 2704 2709 
21 90 2705 2711 
35 35 2706 2718 
18 38 2707 2751 
88 36 2708 2713 
88 73 2709 2715 
69 52 2710 2712 
92 71 2711 2726 
100 86 2712 2714 
59 60 2713 2720 
75 67 2714 2729 
16 12 2715 2719 
90 52 2716 2717 
72 55 2717 2723 
76 90 2718 2728 
47 24 2719 2722 
63 48 2720 2724 
11 35 2721 2739 
27 91 2722 2727 
67 38 2723 2725 
39 84 2724 2734 
86 62 2725 2738 
81 69 2726 2754 
17 52 2727 2732 
69 50 2728 2737 
83 47 2729 2730 
89 78 2730 2731 
37 78 2731 2749 
70 51 2732 2741 
26 76 2733 2735 
87 80 2734 2746 
32 15 2735 2736 
59 18 2736 2742 
65 43 2737 2743 
19 89 2738 2768 
23 36 2739 2753 
53 98 2740 2745 
46 21 2741 2744 
54 85 2742 2748 
20 59 2743 2774 
39 46 2744 2747 
45 52 2745 2750 
90 27 2746 2771 
11 11 2747 2752 
56 31 2748 2755 
98 58 2749 2756 
83 29 2750 2757 
11 93 2751 2760 
78 44 2752 2761 
41 20 2753 2762 
46 59 2754 2758 
20 40 2755 2759 
84 63 2756 2775 
35 35 2757 2765 
17 80 2758 2764 
58 25 2759 2767 
31 95 2760 2763 
22 68 2761 2773 
59 28 2762 2769 
35 99 2763 2772 
45 70 2764 2766 
46 19 2765 2782 
35 29 2766 2796 
99 95 2767 2770 
11 81 2768 2777 
79 61 2769 2789 
46 38 2770 2776 
12 89 2771 2779 
90 67 2772 2785 
37 33 2773 2783 
76 64 2774 2793 
19 84 2775 2780 
90 67 2776 2778 
50 36 2777 2791 
97 45 2778 2781 
30 32 2779 2784 
75 95 2780 2802 
95 68 2781 2787 
26 96 2782 2792 
61 91 2783 2798 
47 96 2784 2790 
87 31 2785 2786 
17 99 2786 2800 
58 67 2787 2788 
71 47 2788 2794 
78 64 2789 2808 
98 63 2790 2799 
98 36 2791 2819 
93 36 2792 2804 
84 97 2793 2795 
60 75 2794 2797 
18 78 2795 2809 
88 37 2796 2820 
39 96 2797 2801 
81 84 2798 2812 
39 72 2799 2806 
41 95 2800 2823 
65 80 2801 2803 
37 50 2802 2810 
72 67 2803 2805 
45 46 2804 2807 
99 11 2805 2811 
69 37 2806 2818 
60 64 2807 2814 
46 16 2808 2822 
85 43 2809 2830 
94 35 2810 2815 
70 57 2811 2813 
67 64 2812 2824 
78 71 2813 2817 
48 52 2814 2816 
54 48 2815 2833 
52 90 2816 2825 
46 21 2817 2821 
40 15 2818 2828 
88 98 2819 2829 
35 44 2820 2831 
69 48 2821 2832 
95 56 2822 2839 
35 15 2823 2836 
63 33 2824 2846 
58 62 2825 2826 
10 42 2826 2827 
76 81 2827 2849 
19 62 2828 2835 
54 16 2829 2837 
81 98 2830 2840 
100 43 2831 2834 
56 33 2832 2842 
89 45 2833 2859 
76 37 2834 2845 
46 19 2835 2847 
21 44 2836 2848 
81 24 2837 2838 
98 34 2838 2843 
12 13 2839 2844 
82 54 2840 2841 
32 10 2841 2862 
92 65 2842 2850 
58 32 2843 2864 
63 52 2844 2871 
12 53 2845 2851 
98 43 2846 2854 
58 41 2847 2858 
62 78 2848 2856 
85 97 2849 2874 
19 87 2850 2852 
30 76 2851 2853 
83 80 2852 2855 
45 69 2853 2866 
57 93 2854 2885 
88 44 2855 2857 
86 65 2856 2860 
38 98 2857 2873 
88 92 2858 2863 
48 64 2859 2867 
62 70 2860 2861 
19 55 2861 2894 
94 28 2862 2870 
63 22 2863 2886 
14 54 2864 2865 
60 67 2865 2872 
69 77 2866 2868 
38 95 2867 2869 
63 99 2868 2943 
11 55 2869 2875 
24 10 2870 2877 
29 22 2871 2879 
70 70 2872 2876 
70 49 2873 2882 
80 53 2874 2890 
99 15 2875 2878 
83 84 2876 2887 
92 84 2877 2883 
39 18 2878 2880 
38 85 2879 2881 
59 54 2880 2888 
25 22 2881 2892 
58 30 2882 2884 
90 72 2883 2889 
69 79 2884 2899 
41 95 2885 2891 
21 50 2886 2897 
58 57 2887 2904 
55 10 2888 2900 
11 48 2889 2893 
28 60 2890 2911 
23 86 2891 2896 
49 82 2892 2928 
78 78 2893 2895 
74 93 2894 2919 
78 100 2895 2898 
88 33 2896 2912 
53 84 2897 2908 
26 83 2898 2901 
58 62 2899 2906 
83 29 2900 2902 
37 100 2901 2909 
74 15 2902 2903 
80 96 2903 2907 
88 28 2904 2905 
90 23 2905 2913 
60 81 2906 2910 
22 58 2907 2917 
66 83 2908 2914 
12 65 2909 2932 
17 93 2910 2918 
55 15 2911 2921 
21 68 2912 2916 
32 11 2913 2920 
47 23 2914 2915 
95 44 2915 2931 
92 69 2916 2923 
93 32 2917 2925 
45 42 2918 2922 
96 39 2919 2926 
47 20 2920 2947 
64 25 2921 2924 
100 16 2922 2940 
31 13 2923 2937 
95 29 2924 2930 
70 97 2925 2927 
63 59 2926 2979 
23 97 2927 2929 
77 45 2928 2938 
61 40 2929 2945 
34 49 2930 2936 
27 80 2931 2933 
26 53 2932 2934 
86 41 2933 2935 
20 77 2934 2942 
37 70 2935 2939 
17 92 2936 2955 
95 38 2937 2950 
39 50 2938 2946 
22 37 2939 2954 
31 67 2940 2941 
73 68 2941 2948 
76 58 2942 2951 
73 94 2943 2944 
21 92 2944 2956 
86 83 2945 2964 
99 71 2946 2957 
54 30 2947 2949 
98 55 2948 2967 
55 39 2949 2961 
81 27 2950 2952 
61 16 2951 2963 
29 81 2952 2953 
84 69 2953 2959 
37 52 2954 2962 
79 77 2955 2972 
56 99 2956 2958 
41 78 2957 2975 
16 69 2958 2960 
41 31 2959 2985 
38 63 2960 2974 
75 62 2961 2971 
11 53 2962 2965 
45 13 2963 2968 
11 81 2964 2976 
10 50 2965 2966 
90 63 2966 2995 
58 33 2967 2969 
24 40 2968 2973 
61 44 2969 2970 
17 60 2970 2984 
26 86 2971 2980 
10 59 2972 2977 
27 68 2973 2982 
75 27 2974 2978 
61 68 2975 2981 
38 17 2976 2993 
97 96 2977 3008 
27 66 2978 2989 
68 96 2979 2990 
19 58 2980 2987 
54 23 2981 2988 
89 47 2982 2983 
30 86 2983 2992 
79 57 2984 2986 
74 19 2985 3004 
11 71 2986 2997 
88 60 2987 2998 
30 59 2988 2994 
18 13 2989 3000 
83 64 2990 2991 
12 87 2991 2996 
52 48 2992 3019 
80 79 2993 3012 
45 98 2994 3001 
42 97 2995 3002 
51 44 2996 3011 
43 16 2997 2999 
62 11 2998 3010 
99 84 2999 3014 
90 38 3000 3005 
81 74 3001 3013 
85 93 3002 3003 
40 82 3003 3024 
12 68 3004 3006 
18 61 3005 3031 
72 51 3006 3007 
75 24 3007 3016 
37 79 3008 3009 
52 79 3009 3018 
96 92 3010 3015 
70 23 3011 3029 
50 18 3012 3020 
29 43 3013 3021 
15 42 3014 3052 
45 54 3015 3054 
82 24 3016 3017 
97 98 3017 3022 
37 67 3018 3027 
67 13 3019 3046 
48 85 3020 3032 
48 60 3021 3023 
20 88 3022 3038 
91 91 3023 3025 
86 65 3024 3028 
74 29 3025 3026 
47 89 3026 3061 
20 99 3027 3039 
82 65 3028 3030 
17 18 3029 3044 
66 60 3030 3051 
38 46 3031 3034 
94 55 3032 3033 
47 47 3033 3037 
62 60 3034 3035 
75 77 3035 3036 
78 33 3036 3041 
72 31 3037 3043 
10 84 3038 3040 
93 73 3039 3042 
20 79 3040 3045 
34 55 3041 3064 
42 67 3042 3067 
62 36 3043 3047 
47 27 3044 3057 
20 88 3045 3048 
96 71 3046 3049 
90 43 3047 3065 
15 35 3048 3058 
71 55 3049 3050 
20 51 3050 3055 
27 83 3051 3053 
51 29 3052 3062 
60 30 3053 3073 
67 83 3054 3056 
53 56 3055 3059 
38 98 3056 3092 
43 46 3057 3069 
13 28 3058 3098 
98 93 3059 3060 
49 50 3060 3077 
77 40 3061 3063 
71 57 3062 3083 
36 27 3063 3068 
24 65 3064 3070 
45 18 3065 3066 
46 43 3066 3081 
61 37 3067 3078 
37 55 3068 3072 
34 50 3069 3074 
39 62 3070 3071 
71 38 3071 3076 
37 72 3072 3084 
31 68 3073 3075 
56 76 3074 3079 
59 14 3075 3085 
24 27 3076 3082 
67 52 3077 3080 
98 75 3078 3091 
26 39 3079 3087 
46 76 3080 3109 
68 13 3081 3090 
52 90 3082 3099 
83 47 3083 3118 
44 92 3084 3086 
17 87 3085 3097 
80 17 3086 3089 
54 64 3087 3088 
72 21 3088 3105 
68 51 3089 3094 
43 76 3090 3113 
95 22 3091 3103 
48 40 3092 3093 
72 60 3093 3095 
24 51 3094 3096 
45 33 3095 3107 
31 39 3096 3100 
66 89 3097 3137 
38 51 3098 3102 
99 91 3099 3111 
100 58 3100 3101 
46 10 3101 3106 
18 45 3102 3104 
61 13 3103 3124 
72 31 3104 3108 
36 35 3105 3144 
34 11 3106 3115 
80 91 3107 3110 
12 28 3108 3114 
13 16 3109 3131 
85 96 3110 3112 
13 65 3111 3123 
52 19 3112 3117 
82 92 3113 3119 
37 98 3114 3121 
65 59 3115 3116 
69 100 3116 3133 
29 35 3117 3145 
35 96 3118 3126 
66 44 3119 3120 
63 85 3120 3122 
45 88 3121 3178 
43 62 3122 3125 
24 36 3123 3134 
30 33 3124 3128 
30 69 3125 3132 
67 80 3126 3127 
45 56 3127 3139 
96 40 3128 3129 
90 19 3129 3130 
27 58 3130 3143 
22 37 3131 3140 
23 75 3132 3152 
46 73 3133 3138 
81 53 3134 3135 
53 94 3135 3136 
18 28 3136 3147 
35 99 3137 3158 
80 66 3138 3153 
41 62 3139 3142 
39 45 3140 3141 
87 47 3141 3162 
86 82 3142 3179 
15 26 3143 3151 
17 31 3144 3146 
93 52 3145 3149 
82 66 3146 3154 
64 63 3147 3148 
55 74 3148 3166 
44 39 3149 3150 
43 100 3150 3156 
46 95 3151 3163 
93 79 3152 3159 
62 87 3153 3160 
15 65 3154 3155 
93 100 3155 3165 
100 61 3156 3157 
83 55 3157 3171 
65 100 3158 3161 
80 26 3159 3168 
23 40 3160 3175 
24 32 3161 3164 
26 83 3162 3203 
12 96 3163 3174 
10 21 3164 3170 
73 57 3165 3167 
11 56 3166 3169 
81 17 3167 3181 
27 30 3168 3187 
22 87 3169 3172 
92 41 3170 3173 
53 54 3171 3182 
23 14 3172 3183 
40 43 3173 3177 
60 76 3174 3176 
87 27 3175 3184 
12 66 3176 3185 
19 97 3177 3180 
84 89 3178 3190 
10 24 3179 3222 
19 45 3180 3217 
15 84 3181 3204 
81 59 3182 3186 
50 32 3183 3207 
36 65 3184 3194 
14 83 3185 3188 
54 87 3186 3189 
25 84 3187 3197 
95 54 3188 3191 
91 83 3189 3196 
62 59 3190 3193 
46 35 3191 3192 
57 21 3192 3198 
45 52 3193 3195 
38 98 3194 3199 
10 52 3195 3201 
80 13 3196 3210 
67 18 3197 3202 
26 81 3198 3200 
37 64 3199 3212 
87 14 3200 3208 
68 50 3201 3205 
84 30 3202 3211 
23 37 3203 3242 
89 50 3204 3206 
11 80 3205 3215 
67 27 3206 3233 
12 79 3207 3209 
11 27 3208 3220 
15 84 3209 3214 
52 60 3210 3213 
100 99 3211 3231 
89 17 3212 3218 
63 61 3213 3224 
96 27 3214 3219 
60 51 3215 3216 
64 16 3216 3223 
74 13 3217 3256 
62 24 3218 3221 
19 45 3219 3234 
52 13 3220 3225 
72 57 3221 3226 
13 81 3222 3229 
77 97 3223 3266 
92 42 3224 3227 
38 31 3225 3230 
59 32 3226 3232 
100 47 3227 3228 
74 66 3228 3235 
60 46 3229 3237 
99 89 3230 3248 
64 52 3231 3245 
79 40 3232 3249 
88 95 3233 3236 
51 32 3234 3243 
69 70 3235 3238 
81 64 3236 3240 
25 57 3237 3239 
41 68 3238 3251 
41 82 3239 3252 
92 51 3240 3241 
75 36 3241 3255 
79 83 3242 3293 
66 62 3243 3244 
93 14 3244 3261 
41 48 3245 3246 
45 36 3246 3247 
31 67 3247 3257 
60 89 3248 3250 
44 87 3249 3278 
52 61 3250 3253 
96 18 3251 3269 
80 67 3252 3263 
78 43 3253 3254 
52 43 3254 3260 
46 30 3255 3258 
93 71 3256 3272 
96 84 3257 3259 
86 49 3258 3268 
40 49 3259 3262 
28 15 3260 3270 
97 30 3261 3264 
77 25 3262 3265 
42 96 3263 3273 
75 86 3264 3267 
64 69 3265 3275 
92 34 3266 3281 
17 98 3267 3276 
19 87 3268 3277 
30 33 3269 3283 
51 64 3270 3271 
50 63 3271 3274 
41 32 3272 3279 
96 85 3273 3294 
69 42 3274 3300 
21 48 3275 3297 
67 56 3276 3284 
80 26 3277 3301 
67 37 3278 3287 
22 88 3279 3280 
98 77 3280 3282 
15 61 3281 3289 
26 96 3282 3286 
76 75 3283 3285 
27 41 3284 3295 
48 37 3285 3292 
60 55 3286 3311 
29 29 3287 3288 
54 85 3288 3291 
20 55 3289 3290 
38 50 3290 3298 
12 11 3291 3322 
47 64 3292 3309 
30 45 3293 3305 
15 17 3294 3296 
25 98 3295 3308 
53 28 3296 3312 
70 11 3297 3303 
18 36 3298 3299 
66 98 3299 3310 
16 40 3300 3306 
66 96 3301 3302 
39 50 3302 3321 
82 14 3303 3304 
26 31 3304 3331 
79 60 3305 3307 
31 40 3306 3333 
62 27 3307 3318 
20 77 3308 3313 
23 72 3309 3317 
21 80 3310 3315 
11 25 3311 3358 
60 31 3312 3324 
63 69 3313 3314 
62 45 3314 3329 
69 71 3315 3316 
86 41 3316 3319 
20 95 3317 3323 
65 86 3318 3326 
64 95 3319 3320 
38 58 3320 3332 
70 74 3321 3327 
95 35 3322 3330 
40 89 3323 3344 
67 50 3324 3325 
69 80 3325 3328 
48 17 3326 3343 
76 72 3327 3338 
87 20 3328 3352 
20 40 3329 3335 
12 40 3330 3334 
35 24 3331 3359 
11 35 3332 3337 
66 41 3333 3342 
59 66 3334 3336 
30 36 3335 3341 
30 18 3336 3339 
96 95 3337 3340 
49 69 3338 3362 
22 44 3339 3347 
88 72 3340 3346 
93 77 3341 3361 
61 10 3342 3349 
48 78 3343 3345 
19 39 3344 3351 
88 32 3345 3372 
81 73 3346 3350 
95 76 3347 3348 
21 100 3348 3360 
25 40 3349 3355 
38 78 3350 3356 
44 60 3351 3353 
30 52 3352 3354 
72 70 3353 3366 
78 96 3354 3357 
34 48 3355 3376 
21 76 3356 3381 
73 11 3357 3387 
43 77 3358 3364 
65 20 3359 3363 
62 44 3360 3367 
70 89 3361 3370 
77 29 3362 3384 
42 17 3363 3383 
27 93 3364 3365 
79 40 3365 3378 
60 63 3366 3368 
38 53 3367 3377 
16 63 3368 3369 
42 44 3369 3371 
37 27 3370 3374 
95 70 3371 3375 
99 90 3372 3373 
59 35 3373 3390 
29 65 3374 3380 
96 60 3375 3379 
48 46 3376 3391 
75 77 3377 3394 
85 88 3378 3396 
57 37 3379 3385 
32 47 3380 3382 
99 29 3381 3399 
22 69 3382 3386 
24 15 3383 3393 
87 47 3384 3389 
86 80 3385 3416 
75 49 3386 3388 
100 34 3387 3414 
25 71 3388 3397 
71 24 3389 3403 
50 43 3390 3411 
48 40 3391 3392 
37 63 3392 3402 
36 95 3393 3400 
44 98 3394 3395 
84 49 3395 3398 
84 39 3396 3406 
45 77 3397 3408 
95 80 3398 3410 
62 61 3399 3401 
67 36 3400 3405 
12 98 3401 3424 
93 11 3402 3404 
25 66 3403 3437 
72 34 3404 3415 
44 12 3405 3407 
80 91 3406 3419 
40 78 3407 3425 
23 50 3408 3409 
22 59 3409 3418 
77 98 3410 3412 
80 100 3411 3423 
58 75 3412 3413 
93 39 3413 3426 
56 16 3414 3428 
56 64 3415 3427 
10 90 3416 3417 
22 34 3417 3421 
96 54 3418 3432 
73 20 3419 3420 
96 64 3420 3436 
22 95 3421 3422 
20 51 3422 3440 
11 50 3423 3435 
96 60 3424 3431 
99 99 3425 3434 
76 63 3426 3429 
99 70 3427 3433 
33 88 3428 3450 
87 50 3429 3430 
32 78 3430 3459 
90 74 3431 3442 
70 14 3432 3463 
74 30 3433 3446 
32 94 3434 3445 
95 69 3435 3438 
51 21 3436 3443 
82 84 3437 3439 
73 46 3438 3444 
23 46 3439 3441 
23 11 3440 3448 
97 96 3441 3447 
52 77 3442 3451 
63 45 3443 3455 
19 38 3444 3452 
57 71 3445 3453 
10 47 3446 3449 
12 26 3447 3465 
55 80 3448 3456 
57 70 3449 3462 
41 35 3450 3476 
57 44 3451 3457 
94 58 3452 3464 
44 31 3453 3454 
96 53 3454 3458 
84 64 3455 3472 
40 90 3456 3461 
49 29 3457 3469 
13 93 3458 3460 
93 51 3459 3467 
66 75 3460 3466 
63 20 3461 3474 
89 86 3462 3475 
71 12 3463 3468 
91 58 3464 3499 
43 54 3465 3481 
34 11 3466 3487 
43 65 3467 3471 
46 78 3468 3479 
21 51 3469 3470 
55 64 3470 3498 
15 54 3471 3473 
25 84 3472 3477 
17 26 3473 3480 
14 40 3474 3485 
38 26 3475 3492 
43 29 3476 3478 
100 95 3477 3516 
21 29 3478 3491 
58 89 3479 3483 
16 76 3480 3482 
73 15 3481 3484 
100 68 3482 3489 
65 85 3483 3493 
19 89 3484 3486 
74 87 3485 3488 
43 93 3486 3497 
54 76 3487 3500 
12 44 3488 3512 
69 16 3489 3490 
24 96 3490 3505 
77 42 3491 3504 
35 10 3492 3494 
89 73 3493 3496 
42 66 3494 3495 
74 56 3495 3502 
10 40 3496 3506 
87 100 3497 3521 
14 29 3498 3507 
68 84 3499 3501 
75 31 3500 3517 
89 90 3501 3503 
74 86 3502 3546 
75 31 3503 3509 
16 56 3504 3513 
50 67 3505 3508 
48 69 3506 3511 
11 87 3507 3532 
65 67 3508 3510 
83 19 3509 3514 
49 83 3510 3518 
51 87 3511 3529 
65 54 3512 3515 
75 100 3513 3523 
99 68 3514 3519 
17 86 3515 3520 
12 62 3516 3525 
71 56 3517 3541 
97 25 3518 3537 
85 18 3519 3522 
93 67 3520 3530 
63 81 3521 3533 
26 67 3522 3527 
59 90 3523 3524 
59 98 3524 3531 
38 14 3525 3526 
43 48 3526 3534 
58 35 3527 3528 
91 44 3528 3536 
20 19 3529 3539 
62 43 3530 3540 
88 20 3531 3543 
93 83 3532 3538 
41 82 3533 3535 
87 74 3534 3548 
80 68 3535 3545 
47 99 3536 3542 
86 74 3537 3549 
82 57 3538 3558 
88 94 3539 3554 
91 88 3540 3556 
39 80 3541 3552 
43 66 3542 3544 
67 25 3543 3560 
71 66 3544 3561 
45 62 3545 3547 
23 14 3546 3557 
16 16 3547 3550 
72 14 3548 3551 
61 26 3549 3555 
32 76 3550 3570 
37 65 3551 3553 
71 43 3552 3566 
98 73 3553 3567 
12 14 3554 3565 
64 70 3555 3559 
61 77 3556 3571 
17 88 3557 3574 
27 76 3558 3562 
90 48 3559 3564 
41 24 3560 3568 
100 15 3561 3563 
91 64 3562 3569 
25 84 3563 3572 
100 74 3564 3573 
13 23 3565 3578 
44 59 3566 3580 
93 79 3567 3584 
15 74 3568 3575 
28 66 3569 3579 
12 18 3570 3589 
94 16 3571 3576 
73 21 3572 3586 
11 11 3573 3583 
60 41 3574 3577 
69 86 3575 3582 
14 94 3576 3581 
69 39 3577 3601 
61 100 3578 3587 
75 23 3579 3585 
60 55 3580 3607 
82 69 3581 3594 
74 98 3582 3590 
67 49 3583 3591 
27 42 3584 3592 
87 28 3585 3588 
90 97 3586 3595 
10 36 3587 3606 
71 70 3588 3593 
74 16 3589 3597 
61 13 3590 3614 
47 97 3591 3600 
16 49 3592 3608 
43 45 3593 3599 
11 77 3594 3596 
76 64 3595 3598 
51 26 3596 3602 
27 76 3597 3620 
90 85 3598 3603 
64 78 3599 3604 
87 61 3600 3613 
49 79 3601 3609 
24 26 3602 3612 
45 84 3603 3605 
32 57 3604 3642 
23 48 3605 3617 
50 25 3606 3636 
100 11 3607 3630 
72 26 3608 3610 
48 50 3609 3611 
39 41 3610 3618 
30 70 3611 3635 
82 98 3612 3645 
75 79 3613 3616 
97 47 3614 3615 
44 64 3615 3622 
23 32 3616 3621 
98 61 3617 3624 
65 42 3618 3619 
89 38 3619 3628 
29 95 3620 3633 
60 58 3621 3623 
81 86 3622 3627 
65 98 3623 3625 
79 90 3624 3629 
25 31 3625 3626 
90 76 3626 3631 
63 22 3627 3641 
44 38 3628 3632 
35 38 3629 3638 
94 18 3630 3647 
72 72 3631 3634 
52 30 3632 3643 
50 50 3633 3676 
29 72 3634 3639 
46 76 3635 3640 
77 44 3636 3637 
36 16 3637 3659 
55 69 3638 3651 
57 81 3639 3653 
25 91 3640 3652 
50 44 3641 3656 
48 99 3642 3648 
69 15 3643 3644 
83 80 3644 3667 
86 35 3645 3646 
39 63 3646 3658 
41 23 3647 3650 
40 74 3648 3649 
35 26 3649 3663 
33 43 3650 3661 
36 40 3651 3657 
30 68 3652 3654 
97 94 3653 3674 
65 53 3654 3655 
33 63 3655 3681 
29 41 3656 3670 
34 97 3657 3666 
71 63 3658 3698 
19 93 3659 3660 
19 37 3660 3662 
68 72 3661 3671 
85 76 3662 3664 
66 58 3663 3694 
76 35 3664 3665 
15 99 3665 3669 
30 81 3666 3677 
21 56 3667 3668 
48 73 3668 3675 
66 60 3669 3673 
40 34 3670 3689 
75 20 3671 3672 
42 95 3672 3684 
84 47 3673 3683 
82 12 3674 3678 
21 18 3675 3685 
69 14 3676 3679 
47 13 3677 3697 
54 77 3678 3680 
10 37 3679 3686 
64 61 3680 3682 
80 39 3681 3691 
90 74 3682 3687 
59 90 3683 3696 
24 100 3684 3710 
43 37 3685 3688 
36 46 3686 3695 
97 96 3687 3701 
37 46 3688 3690 
63 99 3689 3693 
25 33 3690 3692 
22 49 3691 3705 
91 49 3692 3700 
79 89 3693 3719 
38 27 3694 3699 
27 49 3695 3702 
40 63 3696 3707 
36 79 3697 3706 
30 27 3698 3708 
60 61 3699 3712 
71 90 3700 3726 
67 89 3701 3704 
46 55 3702 3703 
42 19 3703 3711 
12 95 3704 3713 
38 82 3705 3732 
62 42 3706 3709 
89 21 3707 3716 
75 18 3708 3714 
88 98 3709 3723 
87 56 3710 3727 
22 12 3711 3722 
62 45 3712 3717 
23 36 3713 3715 
60 55 3714 3768 
66 62 3715 3766 
38 39 3716 3725 
21 31 3717 3718 
65 31 3718 3720 
40 95 3719 3721 
77 83 3720 3733 
93 68 3721 3731 
68 69 3722 3724 
13 50 3723 3753 
99 93 3724 3745 
98 55 3725 3728 
82 88 3726 3734 
12 54 3727 3730 
20 70 3728 3729 
96 10 3729 3736 
33 16 3730 3738 
13 62 3731 3739 
68 21 3732 3747 
78 81 3733 3735 
31 66 3734 3743 
92 100 3735 3737 
86 67 3736 3741 
75 85 3737 3746 
67 91 3738 3744 
10 93 3739 3740 
25 22 3740 3742 
67 78 3741 3749 
13 39 3742 3754 
33 50 3743 3774 
11 11 3744 3748 
47 49 3745 3751 
21 68 3746 3750 
76 14 3747 3756 
80 69 3748 3752 
72 80 3749 3767 
85 26 3750 3761 
22 91 3751 3758 
29 32 3752 3755 
35 19 3753 3757 
95 85 3754 3770 
95 51 3755 3760 
77 94 3756 3759 
77 55 3757 3762 
78 42 3758 3763 
67 84 3759 3776 
78 50 3760 3765 
89 27 3761 3771 
25 32 3762 3764 
68 14 3763 3772 
73 54 3764 3769 
44 20 3765 3791 
37 38 3766 3773 
23 72 3767 3783 
71 70 3768 3784 
26 13 3769 3775 
19 69 3770 3816 
63 11 3771 3779 
54 27 3772 3790 
21 47 3773 3777 
48 59 3774 3778 
21 64 3775 3796 
83 12 3776 3794 
56 24 3777 3780 
79 100 3778 3787 
13 81 3779 3781 
95 42 3780 3798 
45 69 3781 3782 
66 94 3782 3785 
85 69 3783 3788 
59 44 3784 3800 
51 84 3785 3786 
17 64 3786 3793 
87 13 3787 3830 
37 73 3788 3789 
39 64 3789 3802 
79 100 3790 3801 
85 41 3791 3792 
16 50 3792 3797 
13 52 3793 3795 
25 64 3794 3812 
50 71 3795 3806 
17 39 3796 3803 
81 73 3797 3808 
29 94 3798 3799 
77 34 3799 3826 
36 89 3800 3804 
47 66 3801 3818 
11 50 3802 3821 
85 100 3803 3813 
69 66 3804 3805 
75 65 3805 3809 
76 71 3806 3807 
32 66 3807 3810 
66 31 3808 3817 
26 67 3809 3814 
40 76 3810 3811 
71 42 3811 3819 
99 57 3812 3829 
71 73 3813 3815 
58 80 3814 3832 
15 46 3815 3825 
62 97 3816 3831 
51 17 3817 3824 
28 10 3818 3820 
98 72 3819 3822 
12 45 3820 3823 
20 83 3821 3841 
44 27 3822 3828 
20 42 3823 3838 
87 46 3824 3827 
36 37 3825 3833 
28 30 3826 3841 
65 96 3827 3835 
10 72 3828 3839 
50 43 3829 3841 
48 89 3830 3836 
27 99 3831 3841 
44 82 3832 3841 
34 93 3833 3834 
33 50 3834 3841 
89 37 3835 3837 
30 63 3836 3840 
75 27 3837 3841 
34 26 3838 3841 
46 62 3839 3841 
41 32 3840 3841 



ISTANCE FEATURES:
Item Number 3849
Clique Number 3840
Interference (Index_1) 9.97662
Average item per clique (Index_2) 10
Cardinality of the largest clique 10
Max Profit 100 Max Legth 1
Max weight 100
