2071
100
11 79 1 28 
75 14 1 47 
40 68 1 5 
57 42 1 13 
59 50 1 6 
18 71 1 25 
98 96 1 4 
67 45 1 3 
19 18 1 3 
89 96 1 11 
16 15 1 13 
53 81 1 8 
61 28 1 2 
48 43 1 15 
23 87 1 8 
84 46 1 15 
35 32 1 5 
35 31 1 26 
42 30 1 7 
15 100 1 6 
21 19 1 17 
33 60 1 2 
61 34 1 19 
37 19 1 8 
56 95 1 15 
15 92 1 25 
33 40 1 17 
69 75 1 19 
74 23 1 11 
67 96 1 16 
36 95 2 4 
98 94 2 3 
86 64 3 12 
71 55 3 7 
43 86 3 14 
22 29 4 9 
52 66 4 17 
93 30 5 7 
75 24 5 43 
23 50 6 23 
14 81 6 10 
40 19 7 9 
86 38 7 29 
28 52 7 13 
70 37 8 12 
27 90 8 16 
27 95 8 10 
42 40 9 39 
16 68 9 10 
65 20 10 54 
66 34 10 27 
52 37 10 20 
49 14 11 12 
77 56 11 18 
38 78 12 14 
40 55 12 14 
31 31 12 18 
62 45 13 31 
34 51 13 27 
27 10 13 16 
79 41 14 37 
81 64 14 21 
94 71 14 20 
13 24 15 32 
52 42 15 24 
81 36 15 21 
99 53 16 22 
37 83 16 30 
47 83 16 20 
58 72 17 24 
81 39 17 18 
86 72 17 27 
95 87 18 34 
61 79 18 36 
45 27 18 24 
79 59 19 29 
24 44 19 22 
53 24 20 38 
94 95 20 21 
40 66 20 30 
17 18 21 22 
48 97 21 42 
23 66 21 23 
97 75 22 26 
70 50 22 35 
70 41 22 26 
54 33 23 53 
35 70 23 42 
16 65 24 33 
68 62 24 28 
38 58 24 25 
47 53 25 45 
53 65 25 34 
60 61 25 35 
85 86 26 33 
77 85 26 28 
15 45 26 46 
87 86 27 31 
62 21 27 33 
26 93 27 29 
12 86 28 32 
52 26 28 30 
32 53 28 72 
33 35 29 46 
90 64 29 40 
35 51 29 64 
34 51 30 32 
15 73 30 31 
68 56 30 41 
72 38 31 64 
44 75 31 37 
34 48 31 36 
71 15 32 38 
70 37 32 43 
51 82 32 50 
73 97 33 64 
58 24 33 44 
61 28 33 35 
10 86 34 39 
76 81 34 40 
97 51 35 37 
24 15 35 87 
80 42 35 36 
62 94 36 84 
70 80 36 47 
49 100 36 48 
90 48 37 49 
80 29 37 47 
75 27 37 38 
72 77 38 55 
67 54 38 39 
80 40 38 40 
24 70 39 46 
85 74 39 42 
98 82 39 41 
93 66 40 45 
22 66 40 68 
37 64 40 41 
84 69 41 52 
37 70 41 66 
88 56 41 55 
18 49 42 60 
53 76 42 44 
75 25 42 51 
97 91 43 48 
12 78 43 44 
96 47 44 52 
79 94 44 54 
63 16 44 51 
56 19 45 53 
77 70 45 50 
37 36 46 51 
44 19 46 80 
99 47 46 50 
29 44 47 57 
69 28 47 48 
91 79 47 49 
77 76 48 94 
12 72 48 53 
69 63 48 59 
72 97 49 60 
100 40 49 60 
60 23 50 52 
34 84 50 57 
51 27 50 87 
17 27 51 65 
94 44 51 56 
49 83 51 61 
92 18 52 56 
64 90 52 56 
48 58 52 58 
54 36 53 92 
62 28 53 55 
12 45 53 57 
33 85 54 61 
45 13 54 75 
30 14 55 58 
44 79 55 58 
15 33 55 62 
26 46 56 82 
69 20 56 71 
14 10 56 59 
74 91 57 61 
51 42 57 66 
43 15 57 65 
87 96 58 79 
12 46 58 70 
77 92 58 67 
90 49 59 62 
76 95 59 69 
40 83 60 62 
10 32 60 63 
32 34 60 63 
85 35 61 72 
91 82 61 71 
68 25 61 68 
54 28 62 69 
57 76 62 68 
25 55 62 63 
57 37 63 90 
43 59 63 81 
77 77 63 69 
81 59 64 78 
76 37 64 79 
43 61 64 86 
93 35 65 66 
59 43 65 70 
85 34 66 67 
63 82 66 92 
56 78 66 73 
26 89 67 78 
15 13 67 76 
49 18 68 74 
49 10 68 70 
90 66 68 77 
93 32 69 73 
20 70 69 72 
65 50 69 86 
70 90 70 86 
100 89 70 93 
46 78 70 82 
79 58 71 104 
68 82 71 73 
37 48 72 96 
53 45 72 76 
87 19 72 111 
17 10 73 74 
10 16 73 75 
18 74 73 74 
47 42 74 88 
56 19 74 87 
57 29 74 83 
83 40 75 79 
82 65 75 90 
19 58 76 77 
27 52 76 101 
10 47 77 85 
94 13 77 82 
45 45 78 81 
52 28 78 85 
38 73 79 89 
43 51 79 80 
94 95 79 100 
49 65 80 98 
63 96 80 81 
12 99 81 84 
26 100 81 136 
32 31 81 106 
96 30 82 83 
24 27 82 103 
59 74 82 88 
39 92 83 100 
22 56 83 84 
28 56 84 91 
94 92 84 93 
35 41 84 91 
77 76 85 98 
10 29 85 108 
53 54 86 89 
49 38 86 95 
95 53 86 104 
24 13 87 91 
97 56 87 88 
29 87 87 101 
37 91 88 89 
55 24 88 96 
99 13 88 97 
85 57 89 101 
23 84 89 90 
56 80 89 99 
73 17 90 92 
13 10 90 105 
59 99 90 97 
77 27 91 94 
73 11 91 95 
45 95 91 105 
85 69 92 118 
16 14 92 98 
53 26 92 102 
90 62 93 95 
97 35 93 117 
27 82 94 106 
35 39 94 96 
97 76 95 118 
73 64 95 115 
40 15 95 116 
30 30 96 119 
40 41 96 107 
11 78 96 121 
13 29 97 140 
71 90 97 108 
12 69 98 99 
78 48 98 113 
18 85 98 107 
58 88 99 103 
16 51 99 102 
16 54 100 130 
76 79 100 109 
76 69 101 104 
74 37 101 113 
68 50 101 102 
14 58 102 117 
48 60 102 109 
16 12 102 103 
57 15 103 108 
45 56 103 110 
87 88 103 105 
16 83 104 116 
91 97 104 114 
95 32 104 116 
97 41 105 125 
62 58 105 117 
44 12 105 106 
72 85 106 131 
19 50 106 135 
93 24 106 109 
98 97 107 110 
55 100 107 138 
38 86 108 115 
26 75 108 112 
79 87 108 134 
74 63 109 112 
97 85 109 137 
79 92 109 113 
30 63 110 111 
51 66 110 111 
16 22 111 112 
71 42 111 122 
49 60 111 123 
23 16 112 122 
11 25 112 126 
96 61 112 121 
99 31 113 124 
70 28 113 114 
53 93 113 121 
20 55 114 135 
54 49 114 129 
28 10 115 120 
96 12 115 124 
60 97 116 119 
46 88 116 127 
90 55 116 119 
41 62 117 120 
80 51 117 124 
45 11 117 149 
47 74 118 120 
60 74 118 123 
41 94 119 122 
49 56 119 125 
100 46 119 148 
47 12 120 140 
39 67 120 139 
98 37 120 126 
13 89 121 146 
95 90 121 133 
94 92 121 146 
16 75 122 151 
72 66 122 158 
61 59 122 123 
63 83 123 207 
58 67 123 128 
84 52 123 132 
16 17 124 125 
75 97 124 141 
12 30 124 127 
86 95 125 130 
93 45 125 135 
80 74 125 132 
66 38 126 156 
95 31 126 142 
49 27 127 140 
82 17 127 128 
27 27 128 129 
50 96 128 129 
75 12 129 131 
21 50 129 133 
39 68 129 176 
26 17 130 136 
22 76 130 131 
24 78 131 134 
100 17 131 175 
25 43 131 138 
31 80 132 133 
44 45 132 166 
10 64 133 145 
74 58 133 134 
15 79 133 144 
48 27 134 136 
98 70 134 145 
99 77 134 137 
98 40 135 143 
52 12 135 145 
58 90 135 138 
45 58 136 154 
54 28 136 139 
97 46 136 139 
57 18 137 142 
96 68 137 158 
68 13 138 148 
65 89 138 157 
12 37 138 143 
55 57 139 147 
74 93 139 141 
98 17 139 152 
88 85 140 142 
72 58 140 141 
97 88 140 168 
24 94 141 147 
26 31 141 153 
80 36 141 146 
35 30 142 149 
63 50 142 144 
30 64 142 165 
46 85 143 149 
81 42 143 157 
94 39 144 155 
94 11 144 155 
68 20 145 150 
61 20 145 147 
41 73 145 162 
61 51 146 150 
91 100 146 167 
34 60 146 185 
90 36 147 157 
66 86 147 153 
85 81 147 162 
70 94 148 150 
79 62 148 151 
97 90 149 153 
20 42 149 154 
65 11 149 167 
31 42 150 156 
100 66 150 151 
75 55 150 152 
27 97 151 195 
30 61 151 169 
18 77 151 152 
24 28 152 160 
100 32 152 164 
59 17 152 185 
43 29 153 159 
24 92 153 179 
47 76 153 164 
68 84 154 161 
86 93 154 155 
95 85 155 166 
23 85 155 156 
56 68 155 162 
12 23 156 192 
64 27 156 163 
26 60 156 160 
87 22 157 174 
75 94 157 163 
51 45 157 158 
46 34 158 167 
40 90 158 159 
16 87 158 172 
83 77 159 161 
18 15 159 161 
39 36 160 180 
27 58 160 170 
83 18 161 165 
76 62 161 176 
28 37 161 163 
84 80 162 171 
38 79 162 174 
53 97 162 175 
58 51 163 166 
78 73 163 183 
12 15 163 183 
98 26 164 191 
81 33 164 193 
91 93 165 168 
13 57 165 192 
99 90 166 170 
45 58 166 168 
65 93 166 169 
26 39 167 180 
16 40 167 171 
82 57 167 177 
52 25 168 171 
40 26 168 173 
24 77 168 182 
90 43 169 172 
97 93 169 191 
35 97 170 177 
42 80 170 178 
52 18 171 173 
17 43 171 187 
34 94 171 179 
34 34 172 190 
67 30 172 197 
91 75 173 184 
48 98 173 174 
15 71 174 176 
20 100 174 178 
55 15 174 188 
38 65 175 182 
85 56 175 178 
98 41 176 186 
40 77 176 181 
77 24 176 179 
67 100 177 186 
45 60 177 187 
18 77 178 196 
38 65 178 181 
52 53 178 188 
10 50 179 189 
22 61 179 200 
42 51 179 195 
74 17 180 194 
32 47 180 183 
57 63 181 190 
90 63 181 182 
21 28 182 216 
70 10 182 194 
17 45 182 211 
48 79 183 199 
100 16 183 187 
79 22 183 184 
84 68 184 210 
16 86 184 197 
49 18 185 189 
76 36 185 190 
76 54 186 202 
23 84 186 188 
46 63 187 197 
58 85 187 189 
42 92 187 193 
39 82 188 191 
90 24 188 192 
64 23 188 202 
73 62 189 209 
59 41 189 206 
95 71 189 209 
15 46 190 200 
22 21 190 196 
76 72 190 201 
40 97 191 205 
51 39 191 201 
36 78 191 195 
97 24 192 205 
84 28 192 202 
57 47 192 198 
41 77 193 194 
92 19 193 213 
47 81 194 204 
31 91 194 203 
83 24 194 229 
54 79 195 216 
38 49 195 199 
98 41 195 198 
54 28 196 215 
92 95 196 206 
40 29 197 230 
87 24 197 222 
51 79 197 227 
38 79 198 245 
84 41 198 201 
99 92 199 208 
68 82 199 207 
37 73 200 203 
11 80 200 215 
60 68 201 220 
49 38 201 231 
83 86 201 203 
100 53 202 217 
41 15 202 248 
33 53 202 218 
29 31 203 205 
99 14 203 221 
86 88 203 204 
65 32 204 208 
23 47 204 221 
61 78 205 206 
24 91 205 207 
14 15 205 218 
32 13 206 212 
53 10 206 210 
69 87 206 220 
82 35 207 214 
65 95 207 211 
40 97 207 208 
55 89 208 209 
34 46 208 211 
74 82 208 222 
29 32 209 213 
89 60 209 226 
85 32 209 223 
42 92 210 224 
38 29 210 213 
27 59 211 212 
54 98 211 241 
14 84 211 217 
65 75 212 218 
95 54 212 214 
40 70 213 224 
89 61 213 227 
72 46 213 233 
90 66 214 219 
60 14 214 216 
57 87 215 220 
96 52 215 228 
38 83 216 230 
85 14 216 219 
38 40 216 217 
73 94 217 226 
70 21 217 242 
98 99 217 228 
86 10 218 227 
78 57 218 223 
13 57 218 219 
74 44 219 225 
22 47 219 223 
89 72 219 234 
16 23 220 247 
50 64 220 225 
32 96 220 243 
58 88 221 237 
97 40 221 232 
50 14 222 246 
64 19 222 241 
76 31 223 254 
63 20 223 251 
16 92 223 226 
45 83 224 225 
35 88 224 231 
81 51 225 248 
13 62 225 248 
11 54 225 231 
94 79 226 244 
15 58 226 261 
42 47 226 260 
52 10 227 229 
61 85 227 256 
89 13 227 229 
72 10 228 243 
88 83 228 246 
43 90 229 230 
85 37 229 233 
37 77 229 238 
51 55 230 236 
80 96 230 247 
41 84 230 234 
45 65 231 240 
52 18 231 235 
98 86 231 232 
20 37 232 233 
26 30 232 239 
44 91 233 235 
86 81 233 235 
29 23 233 255 
14 96 234 237 
30 50 234 249 
10 71 235 245 
76 77 235 236 
65 96 235 238 
23 98 236 240 
41 84 236 240 
27 43 237 238 
34 11 237 244 
61 75 238 254 
72 63 238 239 
70 14 238 241 
85 94 239 242 
10 21 239 243 
50 63 240 252 
70 30 240 264 
94 11 240 246 
95 12 241 250 
41 77 241 252 
98 71 241 250 
27 90 242 249 
85 21 242 253 
97 97 243 261 
82 39 243 280 
53 73 243 256 
89 17 244 267 
65 69 244 271 
41 65 245 259 
65 67 245 264 
90 26 246 260 
62 55 246 250 
76 93 246 247 
38 81 247 268 
69 90 247 253 
25 55 247 251 
39 75 248 252 
44 52 248 265 
24 15 248 249 
30 20 249 254 
26 10 249 257 
79 77 249 255 
91 29 250 257 
90 10 250 278 
18 33 250 273 
22 91 251 268 
87 89 251 253 
92 67 252 270 
65 31 252 255 
26 12 252 281 
15 82 253 281 
71 68 253 256 
91 67 253 273 
87 83 254 263 
94 27 254 257 
80 24 254 269 
51 100 255 258 
62 57 255 266 
77 45 255 259 
68 19 256 259 
26 51 256 276 
15 33 256 262 
73 27 257 260 
19 75 257 297 
58 38 257 258 
92 65 258 266 
38 57 258 262 
23 97 259 269 
93 43 259 267 
55 100 259 270 
30 46 260 272 
56 44 260 274 
88 20 260 263 
30 77 261 263 
41 99 261 265 
55 36 262 264 
15 72 262 268 
52 70 263 274 
88 70 263 275 
46 56 263 267 
13 76 264 278 
29 87 264 276 
55 39 264 272 
38 73 265 266 
11 40 265 276 
55 73 266 278 
53 47 266 277 
76 28 266 279 
31 49 267 284 
54 23 267 269 
40 97 267 282 
23 46 268 271 
49 94 268 274 
68 44 268 270 
63 70 269 272 
98 12 269 279 
81 16 269 294 
72 26 270 275 
43 44 270 288 
97 28 270 284 
12 95 271 273 
32 76 271 280 
27 65 272 294 
68 44 272 287 
42 44 272 275 
38 86 273 281 
27 17 273 297 
58 47 273 277 
21 41 274 306 
20 83 274 279 
79 15 274 290 
57 78 275 282 
79 55 275 280 
67 42 275 282 
58 54 276 339 
22 15 276 277 
12 18 276 289 
42 30 277 283 
41 33 277 288 
19 83 277 295 
46 57 278 308 
91 36 278 285 
98 79 278 283 
99 67 279 291 
50 48 279 295 
68 56 279 292 
47 93 280 296 
65 30 280 287 
50 19 280 316 
30 43 281 302 
26 45 281 296 
43 36 281 283 
37 72 282 290 
84 36 282 300 
97 21 282 287 
100 79 283 286 
78 66 283 286 
77 96 283 320 
79 58 284 285 
96 69 284 291 
84 70 285 301 
28 63 285 289 
64 55 286 289 
57 24 286 292 
22 37 287 288 
29 57 287 307 
58 38 287 298 
34 95 288 305 
50 23 288 291 
69 55 288 307 
42 25 289 309 
54 57 289 295 
97 94 289 292 
57 87 290 293 
17 12 290 311 
23 16 291 303 
94 20 291 299 
23 10 291 334 
96 60 292 307 
54 84 292 293 
61 11 292 296 
35 26 293 297 
22 72 293 298 
62 44 294 302 
34 89 294 310 
39 80 295 301 
35 62 295 313 
12 12 295 321 
11 74 296 299 
24 10 296 315 
49 36 296 324 
63 98 297 304 
75 92 297 325 
96 47 297 305 
16 73 298 303 
10 42 298 306 
97 10 299 300 
71 29 299 312 
86 97 300 328 
55 45 300 302 
91 82 301 304 
48 25 301 303 
45 75 302 305 
33 16 302 308 
99 60 302 316 
15 89 303 309 
90 60 303 309 
62 76 303 304 
45 47 304 306 
49 37 304 317 
97 10 304 311 
97 48 305 341 
44 65 305 327 
57 55 305 322 
58 24 306 334 
39 75 306 313 
53 85 306 325 
98 83 307 308 
96 45 307 310 
29 91 307 324 
38 29 308 316 
50 89 308 313 
59 51 308 311 
56 76 309 319 
48 32 309 317 
68 66 309 310 
98 94 310 312 
48 91 310 335 
54 34 310 322 
70 30 311 327 
70 33 311 318 
86 65 311 315 
87 29 312 322 
15 50 312 315 
33 49 313 318 
94 95 313 314 
62 97 313 314 
22 19 314 323 
84 60 314 330 
25 83 315 323 
60 45 315 347 
73 71 315 320 
54 98 316 344 
70 82 316 317 
97 70 316 321 
75 17 317 333 
79 81 317 334 
78 42 317 319 
66 67 318 320 
20 80 318 325 
85 18 319 324 
100 97 319 323 
72 17 320 330 
17 48 320 352 
43 92 320 340 
67 99 321 342 
57 14 321 344 
38 81 322 346 
28 85 322 328 
24 53 322 332 
82 82 323 368 
93 65 323 338 
58 44 323 335 
29 70 324 330 
97 79 324 326 
73 84 324 347 
69 75 325 329 
96 99 325 326 
84 23 325 357 
57 46 326 327 
19 87 326 343 
98 45 327 348 
79 50 327 329 
27 68 327 332 
26 80 328 332 
87 54 328 349 
31 98 329 331 
58 90 329 339 
12 84 330 333 
63 53 330 337 
25 74 330 331 
83 92 331 340 
82 29 331 342 
87 97 332 337 
30 97 332 335 
97 66 332 333 
31 78 333 352 
85 78 333 338 
67 53 333 338 
33 18 334 348 
56 94 334 344 
72 68 334 336 
89 57 335 341 
18 25 335 348 
60 33 335 336 
65 87 336 340 
82 75 336 345 
61 59 337 374 
62 34 337 351 
77 66 338 375 
75 73 338 343 
12 87 338 353 
19 59 339 345 
97 79 339 353 
83 87 340 350 
96 52 340 342 
88 97 340 343 
17 24 341 345 
45 39 341 369 
59 93 342 346 
74 13 342 369 
14 28 342 371 
77 39 343 357 
36 73 343 355 
73 28 343 349 
31 61 344 358 
15 75 344 361 
68 30 344 346 
49 13 345 360 
28 41 345 358 
29 83 345 350 
81 19 346 357 
84 71 346 371 
54 27 346 350 
84 22 347 364 
100 79 347 381 
32 87 348 349 
95 22 348 353 
99 35 348 366 
81 30 349 354 
84 53 349 354 
87 67 349 352 
49 53 350 360 
24 23 350 365 
20 68 350 351 
92 93 351 364 
21 84 351 356 
47 63 352 356 
56 27 352 354 
82 49 352 365 
50 41 353 359 
72 90 353 363 
27 59 353 355 
89 66 354 398 
90 74 354 358 
91 61 354 367 
32 78 355 356 
58 31 355 359 
28 11 356 367 
93 21 356 378 
45 80 356 362 
68 88 357 380 
100 50 357 382 
93 17 357 368 
98 73 358 361 
94 71 358 362 
78 45 358 364 
29 45 359 360 
85 36 359 363 
37 75 360 365 
20 82 360 366 
70 21 360 361 
27 98 361 377 
58 71 361 362 
99 34 361 383 
77 29 362 370 
62 26 362 380 
98 98 362 369 
42 65 363 366 
64 51 363 367 
79 85 364 375 
43 99 364 389 
61 99 364 368 
52 83 365 372 
73 51 365 424 
20 88 365 375 
36 15 366 374 
66 83 366 370 
36 29 366 373 
34 69 367 400 
80 65 367 370 
51 50 367 376 
44 94 368 379 
15 42 368 371 
42 58 368 372 
96 48 369 372 
73 43 369 383 
64 74 369 399 
82 17 370 378 
58 82 370 387 
74 59 370 373 
47 79 371 392 
66 44 371 401 
40 61 371 379 
53 13 372 392 
46 35 372 376 
58 80 372 377 
42 17 373 386 
75 29 373 383 
11 26 374 398 
16 58 374 391 
79 47 375 377 
66 51 375 385 
46 50 375 379 
73 90 376 397 
75 52 376 384 
71 64 377 390 
70 27 377 382 
42 80 377 390 
78 87 378 381 
76 28 378 413 
95 68 379 407 
81 50 379 392 
95 82 379 388 
76 57 380 384 
48 12 380 399 
18 43 381 389 
18 61 381 393 
88 37 382 385 
87 10 382 384 
92 95 383 386 
68 100 383 391 
20 67 383 403 
44 50 384 395 
27 50 384 385 
12 18 384 404 
55 54 385 387 
92 28 385 415 
18 78 385 430 
93 54 386 401 
90 66 386 387 
96 71 387 388 
94 87 387 389 
21 91 387 417 
81 65 388 406 
35 52 388 395 
11 91 389 391 
12 89 389 393 
51 19 389 449 
56 70 390 405 
86 13 390 396 
54 26 391 397 
38 17 391 402 
90 64 391 408 
41 10 392 394 
22 28 392 394 
84 64 392 401 
70 18 393 395 
64 25 393 398 
53 93 394 400 
34 13 394 404 
26 27 395 412 
27 72 395 408 
25 86 395 396 
52 58 396 410 
27 79 396 397 
43 31 397 402 
96 11 397 437 
22 66 397 414 
53 97 398 410 
76 93 398 413 
92 45 398 402 
52 60 399 400 
82 57 399 408 
40 74 400 407 
94 25 400 403 
26 74 400 405 
50 73 401 404 
67 69 401 407 
31 84 401 411 
29 99 402 414 
74 58 402 420 
23 25 402 411 
21 13 403 441 
11 58 403 419 
63 42 404 418 
61 38 404 409 
77 61 404 406 
91 17 405 428 
84 61 405 411 
63 32 406 416 
52 84 406 444 
80 95 407 438 
13 92 407 457 
88 23 407 417 
95 21 408 418 
99 43 408 409 
72 100 408 414 
74 98 409 428 
32 73 409 427 
27 98 410 419 
51 37 410 416 
61 29 411 422 
32 66 411 412 
76 97 411 430 
59 94 412 426 
12 58 412 413 
36 80 413 422 
57 43 413 435 
42 83 413 416 
58 11 414 415 
95 39 414 415 
42 26 414 421 
97 78 415 418 
97 43 415 421 
78 91 415 419 
49 12 416 431 
62 56 416 420 
53 13 416 424 
40 74 417 432 
47 20 417 447 
85 63 418 421 
58 85 418 435 
13 70 418 423 
27 69 419 420 
85 71 419 446 
80 29 419 424 
56 92 420 427 
16 11 420 422 
86 37 420 434 
96 98 421 433 
27 67 421 423 
61 27 421 442 
54 87 422 423 
68 33 422 425 
49 28 422 429 
91 86 423 428 
98 99 423 429 
54 59 423 425 
52 14 424 431 
83 100 424 430 
50 38 424 426 
87 82 425 432 
90 17 425 426 
32 81 426 438 
51 56 426 436 
87 87 426 432 
64 26 427 443 
65 15 427 431 
32 63 428 433 
33 88 428 438 
81 67 428 468 
57 75 429 440 
61 50 429 451 
22 37 430 452 
59 92 430 474 
52 71 430 473 
19 37 431 439 
31 42 431 434 
75 99 431 442 
22 63 432 445 
72 72 432 435 
54 45 432 445 
98 19 433 436 
97 75 433 448 
91 24 434 440 
10 91 434 441 
27 92 435 448 
55 36 435 436 
31 81 435 453 
36 11 436 440 
70 41 436 463 
69 30 436 437 
27 92 437 444 
69 72 437 454 
85 19 438 445 
29 78 438 439 
22 19 438 446 
46 16 439 448 
85 28 439 441 
39 26 440 443 
14 36 440 476 
89 74 440 479 
77 18 441 442 
72 79 441 446 
14 25 441 451 
91 82 442 465 
29 86 442 492 
32 55 442 449 
33 39 443 458 
26 66 443 444 
27 37 444 449 
41 98 444 450 
10 39 444 450 
96 65 445 460 
78 55 445 455 
42 96 445 457 
31 13 446 468 
90 87 446 447 
45 61 446 447 
86 31 447 454 
27 65 447 474 
19 24 447 451 
15 19 448 452 
16 59 448 450 
10 36 448 466 
98 46 449 472 
34 42 449 452 
64 25 449 456 
78 50 450 458 
27 17 450 455 
78 44 450 461 
36 83 451 469 
43 40 451 472 
46 31 451 464 
87 14 452 453 
24 41 452 454 
30 91 452 465 
38 66 453 455 
23 92 453 459 
52 74 454 456 
70 52 454 471 
68 65 454 474 
73 64 455 462 
23 44 455 460 
11 54 455 478 
94 90 456 462 
90 37 456 459 
52 63 457 465 
84 97 457 463 
22 89 458 464 
69 35 458 463 
18 82 459 461 
85 62 459 466 
45 31 460 466 
87 64 460 467 
80 54 461 475 
52 14 461 481 
98 91 462 470 
23 64 462 470 
61 10 463 497 
55 86 463 477 
76 41 463 469 
51 18 464 511 
48 63 464 508 
84 39 465 481 
98 23 465 486 
85 43 465 467 
37 57 466 501 
13 76 466 468 
24 18 466 473 
63 63 467 492 
87 75 467 470 
90 41 468 484 
93 25 468 475 
86 99 468 472 
84 72 469 491 
48 25 469 484 
96 41 470 471 
44 82 470 480 
18 21 470 483 
21 60 471 476 
16 79 471 479 
62 78 472 489 
70 87 472 473 
10 77 472 481 
86 60 473 478 
28 48 473 487 
71 52 473 496 
84 92 474 483 
72 73 474 485 
21 73 474 482 
77 40 475 477 
22 45 475 479 
79 99 476 494 
32 81 476 486 
59 94 477 478 
75 89 477 485 
71 49 478 487 
46 11 478 489 
50 38 478 480 
42 97 479 486 
89 40 479 482 
82 15 479 489 
42 19 480 499 
45 55 480 484 
89 99 481 507 
46 26 481 488 
68 10 481 500 
41 68 482 488 
72 55 482 525 
53 50 483 494 
23 100 483 497 
77 67 484 511 
60 35 484 492 
98 98 484 491 
99 59 485 503 
83 32 485 488 
92 45 486 491 
56 81 486 490 
53 20 486 495 
75 40 487 510 
28 80 487 503 
81 70 488 490 
24 21 488 493 
81 28 488 524 
65 44 489 502 
38 76 489 505 
54 44 489 490 
70 64 490 493 
61 66 490 513 
37 86 490 501 
97 71 491 498 
36 61 491 512 
10 85 491 501 
85 92 492 498 
81 34 492 495 
54 68 492 504 
66 93 493 509 
17 22 493 498 
14 31 494 499 
62 89 494 495 
71 44 495 504 
52 70 495 496 
53 71 495 503 
14 77 496 500 
85 22 496 531 
58 84 497 513 
34 87 497 502 
17 32 498 515 
42 12 498 505 
77 26 498 507 
27 84 499 506 
54 24 499 514 
59 78 500 522 
90 45 500 512 
36 42 501 552 
34 53 501 505 
20 71 501 507 
80 52 502 506 
23 58 502 508 
91 29 503 524 
74 72 503 517 
31 68 503 515 
11 66 504 533 
73 83 504 518 
35 67 505 518 
14 52 505 509 
92 99 505 519 
83 55 506 516 
43 67 506 508 
61 78 507 510 
32 52 507 520 
30 26 507 511 
55 48 508 520 
48 83 508 519 
86 82 508 541 
50 59 509 528 
91 27 509 512 
97 26 510 517 
81 75 510 538 
85 96 511 514 
61 62 511 516 
29 99 511 521 
50 30 512 516 
74 89 512 513 
81 46 512 563 
19 72 513 568 
50 18 513 514 
60 41 513 515 
65 21 514 526 
92 43 514 540 
27 80 514 522 
12 38 515 520 
33 25 515 524 
80 51 515 518 
23 28 516 534 
57 78 516 528 
17 20 516 517 
65 22 517 530 
66 51 517 525 
71 64 517 522 
98 10 518 523 
60 91 518 543 
71 73 518 539 
26 64 519 521 
74 76 519 536 
74 28 520 526 
10 84 520 529 
47 59 520 523 
86 23 521 528 
97 88 521 573 
11 31 522 533 
15 50 522 529 
30 57 522 535 
17 57 523 555 
31 77 523 532 
67 33 524 527 
23 67 524 536 
35 51 524 525 
100 39 525 534 
67 89 525 527 
94 24 525 529 
92 73 526 536 
57 72 526 527 
57 59 527 531 
21 15 527 532 
83 16 527 549 
64 50 528 572 
83 61 528 557 
28 57 528 571 
71 27 529 530 
74 44 529 541 
66 61 529 535 
77 74 530 538 
83 51 530 542 
66 95 531 535 
52 33 531 558 
89 78 532 552 
53 43 532 542 
99 36 533 534 
50 64 533 537 
79 87 534 550 
25 87 534 539 
31 47 534 548 
65 93 535 537 
89 11 535 548 
69 34 535 540 
42 98 536 545 
98 85 536 537 
65 20 536 543 
92 57 537 539 
31 18 537 541 
51 29 537 544 
45 96 538 553 
90 92 538 543 
15 84 539 544 
78 54 539 550 
56 98 539 574 
99 48 540 542 
69 37 540 545 
46 47 541 559 
13 23 541 554 
56 26 541 547 
97 39 542 546 
14 20 542 551 
73 65 542 544 
88 44 543 558 
48 34 543 549 
91 45 543 546 
66 65 544 551 
86 60 544 547 
50 73 544 556 
94 30 545 546 
68 95 545 566 
40 12 546 551 
77 33 546 549 
55 44 546 562 
19 37 547 554 
100 59 547 557 
53 49 548 550 
93 36 548 553 
28 54 549 596 
93 96 549 568 
44 47 549 553 
12 66 550 587 
78 77 550 559 
30 50 550 566 
49 63 551 555 
19 89 551 563 
57 74 551 562 
93 39 552 561 
69 81 552 558 
40 44 553 582 
37 30 553 561 
26 45 553 556 
33 66 554 555 
55 90 554 583 
81 43 555 570 
61 54 555 570 
45 65 555 564 
53 11 556 569 
51 66 556 574 
22 36 557 560 
39 59 557 565 
49 17 558 565 
79 31 558 561 
28 35 558 559 
82 75 559 573 
67 20 559 560 
52 75 559 564 
46 83 560 567 
67 61 560 562 
19 30 561 578 
18 81 561 580 
84 60 561 571 
100 30 562 569 
22 14 562 563 
57 81 562 564 
94 73 563 572 
71 68 563 581 
35 44 563 567 
27 99 564 576 
43 80 564 568 
97 13 564 572 
52 74 565 585 
52 13 565 567 
12 37 566 580 
47 10 566 571 
36 54 567 581 
29 80 567 575 
68 75 567 587 
86 12 568 586 
27 44 568 581 
17 11 568 593 
44 83 569 570 
45 40 569 578 
34 81 570 573 
12 61 570 590 
50 47 570 602 
91 95 571 577 
14 29 571 646 
61 54 571 588 
13 45 572 575 
63 96 572 580 
89 42 572 574 
38 60 573 576 
50 23 573 579 
26 74 573 610 
96 88 574 575 
42 40 574 578 
46 99 574 591 
53 44 575 577 
55 53 575 576 
57 73 575 588 
11 72 576 588 
92 100 576 577 
86 45 576 586 
23 85 577 598 
37 24 577 583 
33 76 577 592 
98 60 578 579 
95 63 578 582 
78 98 578 579 
26 51 579 584 
99 64 579 600 
100 21 579 583 
99 69 580 606 
53 71 580 585 
11 10 580 590 
58 64 581 591 
82 47 581 584 
36 82 581 595 
67 81 582 591 
11 90 582 587 
20 79 583 607 
21 14 583 604 
81 32 583 586 
96 70 584 595 
44 76 584 589 
42 76 585 592 
32 10 585 596 
78 85 586 589 
66 74 586 608 
82 44 586 598 
37 10 587 624 
77 60 587 609 
67 84 587 597 
80 65 588 628 
45 63 588 606 
11 83 588 590 
100 60 589 611 
75 59 589 598 
95 82 590 604 
32 71 590 592 
57 19 590 593 
61 14 591 595 
83 76 591 600 
76 24 591 610 
15 22 592 597 
41 97 592 594 
98 49 592 593 
41 20 593 615 
85 23 593 600 
28 50 593 594 
41 17 594 628 
42 19 594 608 
83 32 595 599 
18 49 595 596 
27 67 595 602 
12 85 596 597 
52 19 596 601 
89 37 596 601 
12 77 597 636 
36 39 597 612 
10 36 597 599 
41 20 598 599 
16 51 598 607 
86 34 598 602 
92 21 599 612 
92 99 599 618 
15 61 599 620 
54 44 600 619 
60 77 600 603 
44 88 600 629 
69 79 601 613 
100 65 601 603 
75 12 602 603 
61 70 602 611 
66 15 602 604 
97 51 603 605 
80 74 603 622 
11 83 603 608 
82 60 604 605 
70 99 604 622 
44 59 604 605 
24 85 605 606 
26 14 605 634 
19 57 605 624 
46 29 606 626 
33 60 606 614 
68 18 606 609 
82 85 607 613 
29 25 607 662 
14 59 608 611 
41 20 608 632 
61 19 608 633 
68 20 609 613 
96 23 609 641 
48 53 610 629 
88 68 610 621 
48 61 611 616 
70 17 611 614 
82 45 611 614 
32 77 612 620 
11 20 612 625 
38 32 613 624 
71 16 613 615 
45 43 613 615 
14 62 614 617 
31 58 614 618 
37 69 614 616 
23 23 615 638 
38 64 615 617 
17 74 615 616 
74 25 616 625 
53 84 616 619 
28 51 616 621 
36 96 617 621 
15 95 617 622 
96 50 618 634 
15 17 618 620 
61 100 619 627 
61 31 619 627 
21 51 620 623 
59 93 620 623 
32 51 620 623 
10 46 621 626 
23 61 621 636 
76 57 621 663 
57 100 622 625 
71 83 622 658 
99 54 622 628 
13 94 623 639 
44 94 623 631 
60 30 623 635 
83 22 624 644 
63 13 624 635 
29 21 624 626 
37 49 625 633 
53 63 625 629 
34 71 625 646 
24 55 626 647 
98 59 626 634 
13 69 626 640 
10 50 627 633 
59 18 627 648 
44 93 628 657 
90 60 628 637 
79 82 628 630 
22 84 629 631 
92 98 629 630 
43 95 629 636 
93 31 630 632 
82 28 630 678 
41 78 631 648 
24 55 631 654 
13 25 632 651 
66 100 632 643 
16 66 633 649 
66 99 633 655 
60 100 633 654 
83 19 634 642 
33 14 634 638 
25 48 634 643 
41 23 635 637 
32 69 635 642 
34 31 636 645 
78 88 636 637 
62 15 636 639 
98 16 637 639 
19 61 637 655 
35 17 637 645 
10 26 638 641 
55 59 638 647 
47 14 639 644 
18 26 639 644 
97 51 639 640 
27 58 640 643 
18 33 640 653 
96 85 641 665 
11 41 641 642 
84 58 642 663 
77 29 642 659 
20 48 642 649 
28 17 643 650 
82 80 643 652 
48 41 643 646 
13 71 644 656 
51 84 644 668 
80 24 644 658 
51 90 645 667 
69 47 645 649 
31 96 646 650 
73 17 646 650 
77 85 646 676 
62 48 647 653 
22 12 647 680 
89 18 648 656 
90 48 648 657 
80 31 649 652 
18 44 649 688 
50 63 649 651 
50 94 650 664 
10 63 650 661 
94 23 650 651 
66 89 651 659 
70 35 651 656 
89 100 651 665 
49 11 652 670 
86 69 652 672 
51 11 653 660 
74 44 653 661 
55 20 654 655 
80 13 654 657 
52 73 655 670 
62 23 655 669 
31 17 655 676 
40 23 656 665 
41 56 656 662 
86 70 656 667 
45 71 657 658 
81 10 657 660 
18 55 657 660 
71 38 658 659 
96 64 658 670 
14 43 658 666 
61 78 659 663 
34 20 659 672 
14 72 659 677 
34 37 660 685 
49 11 660 668 
42 43 660 664 
41 61 661 703 
42 31 661 671 
85 38 662 685 
64 92 662 664 
87 35 663 669 
90 35 663 695 
74 37 663 666 
12 35 664 687 
57 66 664 668 
34 85 664 679 
77 84 665 711 
36 20 665 667 
16 97 665 669 
39 37 666 680 
13 80 666 678 
39 40 667 696 
17 53 667 678 
34 84 667 673 
59 98 668 671 
62 44 668 671 
70 76 668 673 
19 65 669 686 
93 58 669 672 
38 92 669 681 
11 51 670 682 
60 62 670 699 
13 57 670 674 
40 30 671 677 
91 77 671 691 
12 45 671 688 
81 29 672 684 
12 63 672 674 
67 88 672 676 
62 50 673 677 
73 33 673 674 
35 79 674 675 
49 52 674 675 
70 97 674 689 
43 31 675 684 
13 46 675 702 
60 65 676 683 
37 57 676 679 
59 30 676 703 
85 74 677 680 
35 82 677 687 
83 52 677 681 
48 43 678 693 
19 33 678 679 
14 77 678 690 
53 48 679 696 
54 36 679 683 
41 62 679 725 
99 91 680 697 
12 87 680 681 
97 14 680 683 
19 44 681 687 
64 93 681 682 
25 16 681 689 
81 70 682 686 
82 74 682 729 
23 37 683 706 
33 46 683 713 
97 23 683 694 
50 35 684 695 
100 72 684 685 
91 81 685 706 
59 53 685 695 
98 90 685 711 
37 77 686 705 
21 92 686 714 
76 38 687 693 
66 60 687 720 
68 47 687 692 
92 53 688 717 
39 94 688 690 
36 87 689 692 
84 54 689 691 
50 48 690 691 
63 78 690 724 
39 29 691 696 
36 35 691 694 
80 50 691 698 
58 36 692 701 
33 99 692 693 
91 98 693 694 
95 90 693 707 
23 29 693 700 
79 14 694 700 
85 46 694 704 
72 51 694 701 
27 99 695 697 
79 22 695 711 
80 18 695 697 
53 25 696 704 
92 85 696 698 
31 63 696 702 
82 52 697 699 
35 79 697 740 
76 57 697 706 
85 26 698 700 
38 94 698 715 
77 12 699 713 
75 68 699 703 
27 18 700 728 
21 44 700 708 
83 12 700 701 
48 58 701 722 
90 55 701 724 
61 97 701 728 
71 36 702 705 
57 22 702 704 
74 44 703 712 
94 52 703 710 
90 40 703 705 
30 52 704 733 
45 35 704 719 
42 97 704 715 
23 64 705 732 
47 24 705 707 
78 36 705 731 
98 20 706 708 
89 33 706 707 
65 16 706 727 
42 43 707 708 
33 20 707 712 
89 86 707 709 
53 62 708 709 
89 82 708 726 
27 64 708 710 
51 95 709 723 
78 26 709 718 
95 35 710 718 
17 88 710 713 
80 47 711 728 
30 45 711 720 
58 37 711 712 
11 85 712 714 
81 79 712 714 
44 66 712 716 
61 34 713 717 
14 98 713 724 
83 99 713 718 
15 54 714 715 
80 23 714 763 
37 67 714 730 
82 63 715 716 
100 48 715 746 
73 43 715 716 
86 68 716 723 
87 24 716 719 
72 24 716 748 
72 22 717 721 
24 71 717 720 
65 10 718 730 
74 54 718 722 
70 22 718 721 
54 27 719 742 
88 41 719 721 
75 47 720 732 
90 23 720 722 
34 58 720 726 
25 78 721 726 
16 10 721 737 
42 10 721 733 
27 52 722 740 
64 16 722 725 
34 68 722 739 
99 33 723 769 
68 38 723 746 
78 20 724 733 
65 14 724 736 
44 10 724 731 
17 68 725 729 
28 64 725 727 
37 13 726 730 
15 81 726 747 
58 32 726 732 
24 86 727 729 
39 95 727 752 
47 95 728 735 
22 98 728 741 
65 49 728 731 
93 32 729 734 
27 15 729 743 
78 50 729 734 
77 23 730 747 
76 100 730 744 
69 30 730 742 
12 33 731 747 
68 84 731 755 
61 52 731 739 
12 12 732 735 
49 52 732 748 
49 77 732 738 
25 63 733 755 
18 22 733 739 
58 72 733 736 
60 100 734 736 
78 62 734 753 
41 49 735 746 
21 14 735 737 
55 69 736 769 
70 32 736 750 
60 48 736 749 
39 67 737 738 
24 23 737 750 
10 95 738 769 
24 49 738 751 
82 75 739 754 
96 53 739 742 
66 59 739 740 
63 82 740 744 
90 82 740 751 
59 57 740 741 
19 56 741 769 
76 36 741 743 
81 65 742 757 
16 35 742 745 
34 14 742 745 
54 44 743 744 
70 26 743 769 
76 26 744 760 
97 94 744 745 
83 62 744 752 
73 96 745 756 
93 50 745 749 
56 65 745 769 
45 43 746 755 
80 46 746 749 
88 27 746 748 
72 36 747 753 
10 100 747 756 
80 62 747 752 
94 92 748 769 
82 89 748 767 
21 36 748 759 
57 96 749 757 
95 62 749 750 
40 30 749 769 
66 49 750 764 
52 40 750 754 
91 23 750 753 
36 92 751 769 
37 67 751 754 
96 98 752 765 
14 43 752 762 
29 25 752 758 
100 100 753 766 
58 83 753 757 
50 89 753 759 
71 56 754 762 
29 51 754 769 
98 93 754 758 
46 54 755 761 
95 95 755 769 
76 17 755 767 
53 43 756 758 
65 47 756 759 
53 76 757 760 
32 59 757 764 
60 46 757 768 
94 75 758 769 
97 96 758 769 
73 24 758 769 
75 29 759 769 
76 51 759 764 
67 75 759 769 
15 46 760 761 
41 53 760 769 
96 12 761 763 
16 32 761 765 
22 10 762 769 
58 64 762 766 
92 33 763 768 
86 70 763 769 
61 39 764 769 
91 59 764 769 
54 15 764 769 
31 47 765 769 
51 56 765 769 
35 37 766 769 
71 48 766 768 
55 87 767 769 
10 19 767 769 
86 33 768 769 
83 79 768 769 
35 65 768 769 



ISTANCE FEATURES:
Item Number 2071
Clique Number 768
Interference (Index_1) 11.1251
Average item per clique (Index_2) 30
Cardinality of the largest clique 30
Max Profit 100 Max Legth 1
Max weight 100
