4476
100
40 91 1 11 
38 53 1 11 
14 10 1 20 
94 22 1 16 
86 36 1 10 
41 98 1 6 
31 71 1 2 
48 54 1 29 
59 34 1 12 
92 91 1 12 
67 38 1 7 
52 47 1 35 
22 60 1 10 
99 26 1 7 
50 96 1 2 
95 36 1 14 
69 98 1 5 
89 63 1 3 
78 79 1 40 
73 49 1 4 
59 36 1 29 
90 42 1 21 
98 47 1 9 
10 52 1 9 
54 33 1 32 
47 28 1 5 
72 32 1 10 
31 23 1 2 
22 40 1 3 
39 58 1 6 
50 46 2 3 
57 25 2 9 
77 22 2 23 
43 86 3 6 
71 95 3 4 
80 26 3 19 
42 36 4 8 
87 86 4 12 
29 19 5 14 
87 68 5 8 
16 96 6 17 
17 63 6 34 
35 53 6 13 
61 68 7 41 
35 58 7 13 
86 97 8 19 
25 93 8 35 
71 14 9 16 
99 24 9 35 
45 93 9 17 
33 93 10 14 
97 18 10 29 
36 88 10 11 
15 46 11 18 
26 75 11 27 
11 69 11 15 
27 46 12 13 
78 80 12 23 
63 58 12 25 
91 72 13 15 
46 81 13 26 
99 43 13 18 
68 66 14 33 
33 74 14 19 
22 36 14 28 
47 15 15 24 
37 35 15 31 
32 13 16 20 
91 57 16 24 
52 14 17 34 
72 50 17 25 
10 49 18 21 
37 81 18 22 
90 18 19 26 
87 35 19 20 
87 32 19 27 
66 94 20 21 
26 29 20 23 
12 90 20 31 
27 18 21 27 
10 89 21 22 
46 55 21 57 
87 17 22 37 
16 18 22 33 
88 49 23 55 
30 35 23 37 
41 67 23 26 
35 14 24 30 
76 75 24 30 
88 99 25 61 
92 66 25 39 
40 59 26 47 
33 10 26 28 
42 79 26 66 
88 37 27 49 
79 65 27 28 
73 59 27 34 
60 76 28 32 
19 44 28 31 
82 60 28 33 
100 63 29 37 
87 75 29 57 
53 23 29 38 
83 21 30 41 
34 79 30 48 
57 22 31 48 
64 94 31 38 
65 26 31 36 
80 47 32 43 
63 11 32 38 
81 67 33 77 
53 85 33 42 
65 14 33 40 
29 79 34 45 
73 57 34 52 
47 19 34 39 
68 50 35 43 
98 28 35 36 
31 91 35 36 
62 19 36 74 
100 13 36 57 
82 48 36 50 
18 70 37 46 
96 67 37 39 
17 55 37 41 
31 78 38 40 
81 14 38 60 
100 47 38 44 
48 65 39 50 
96 51 39 45 
50 32 39 45 
85 63 40 64 
21 87 40 42 
67 91 40 58 
31 24 41 47 
12 20 41 42 
12 78 41 69 
99 31 42 46 
77 71 42 50 
33 18 42 43 
23 39 43 44 
78 47 43 44 
18 91 43 48 
41 58 44 49 
89 66 44 51 
78 42 44 69 
30 52 45 47 
47 20 45 60 
29 53 45 54 
10 25 46 72 
47 30 46 55 
89 23 47 56 
98 47 47 52 
70 82 47 68 
38 86 48 71 
35 81 48 53 
54 74 48 68 
16 52 49 65 
26 76 49 54 
78 46 50 92 
31 72 50 58 
75 86 50 51 
56 37 51 61 
66 98 51 53 
84 76 52 89 
58 66 52 55 
91 95 53 54 
78 71 53 62 
59 84 54 56 
62 93 54 58 
68 60 54 56 
26 16 55 62 
44 12 55 70 
35 68 55 59 
81 44 56 71 
74 58 56 59 
78 58 56 63 
37 83 57 65 
65 17 57 62 
44 81 57 86 
13 88 58 78 
95 31 58 60 
93 34 58 64 
94 44 59 66 
77 87 59 63 
72 53 60 63 
85 44 60 76 
57 70 60 104 
94 96 61 67 
62 94 61 73 
85 90 62 73 
100 77 62 70 
29 55 62 66 
18 40 63 64 
56 61 63 98 
71 52 63 67 
52 72 64 89 
27 13 64 84 
15 41 64 81 
79 27 65 74 
82 76 65 70 
43 83 66 76 
47 10 66 95 
89 69 66 80 
96 31 67 87 
81 69 67 81 
65 75 68 75 
59 18 68 80 
41 82 69 114 
98 78 69 73 
26 63 70 72 
84 18 70 92 
82 19 70 75 
46 53 71 78 
31 76 71 72 
83 30 72 74 
37 16 72 79 
14 27 72 79 
92 52 73 93 
22 36 73 76 
95 87 73 82 
53 33 74 96 
61 40 74 82 
56 92 74 80 
43 23 75 78 
18 63 75 77 
87 36 76 83 
41 10 76 93 
80 39 76 94 
25 26 77 81 
64 20 77 87 
91 94 78 85 
92 69 78 91 
53 56 78 84 
48 14 79 97 
58 93 79 85 
38 23 80 83 
87 57 80 87 
40 65 80 85 
62 74 81 94 
64 41 81 83 
91 74 81 82 
19 24 82 91 
12 83 82 99 
81 67 82 88 
17 12 83 89 
45 43 83 128 
35 97 83 86 
74 32 84 100 
75 55 84 96 
92 41 85 101 
57 37 85 86 
17 76 85 99 
37 54 86 103 
10 68 86 115 
42 32 86 88 
70 57 87 100 
97 32 87 90 
79 78 87 88 
97 42 88 105 
31 93 88 94 
26 26 88 104 
29 85 89 127 
26 28 89 92 
89 42 89 90 
17 59 90 106 
91 12 90 91 
78 56 91 102 
14 43 91 122 
36 43 91 108 
78 89 92 113 
82 61 92 95 
56 20 92 103 
30 39 93 96 
75 12 93 127 
49 82 94 99 
79 95 94 121 
56 98 94 97 
98 88 95 113 
38 93 95 105 
91 33 96 98 
16 94 96 104 
100 27 96 98 
18 77 97 100 
79 22 97 102 
79 70 98 103 
17 76 98 110 
32 14 98 102 
32 69 99 111 
84 74 99 101 
46 19 99 126 
96 49 100 105 
35 98 100 101 
80 100 100 109 
78 30 101 106 
50 58 101 110 
66 94 101 126 
43 52 102 109 
24 16 102 112 
85 46 102 124 
73 35 103 114 
70 27 103 107 
61 13 103 106 
20 17 104 121 
21 14 104 112 
20 29 104 112 
36 49 105 129 
49 86 105 107 
11 51 105 119 
53 34 106 125 
84 91 106 136 
70 60 106 107 
100 20 107 108 
15 22 107 111 
49 23 107 117 
34 31 108 115 
69 52 108 116 
46 99 109 140 
46 14 109 122 
21 61 110 111 
98 39 110 113 
75 80 111 121 
23 59 111 123 
77 87 111 183 
45 96 112 125 
71 87 112 117 
94 14 112 119 
52 97 113 115 
32 29 113 116 
41 96 113 114 
43 39 114 140 
17 40 114 117 
71 47 114 118 
58 27 115 124 
70 10 115 128 
40 56 115 122 
59 15 116 118 
68 86 116 120 
14 50 117 119 
42 77 117 120 
22 62 117 129 
57 19 118 129 
72 24 118 124 
47 13 119 132 
86 66 119 120 
89 62 119 131 
62 54 120 123 
37 84 120 123 
16 26 120 138 
95 53 121 157 
82 51 121 135 
92 26 121 152 
98 78 122 133 
88 88 122 128 
33 39 122 130 
72 72 123 134 
27 43 123 126 
51 81 123 127 
48 97 124 136 
41 11 124 140 
73 28 124 131 
30 60 125 133 
96 11 125 144 
15 20 126 157 
56 14 126 160 
69 50 126 132 
68 36 127 130 
50 27 127 158 
73 28 127 131 
95 83 128 136 
35 47 128 135 
71 39 128 130 
72 85 129 132 
31 64 129 139 
48 39 129 134 
44 76 130 138 
70 88 130 141 
69 91 130 143 
65 51 131 134 
79 21 131 145 
81 78 131 147 
100 26 132 138 
23 68 132 137 
56 40 132 144 
29 69 133 159 
55 71 133 142 
96 59 134 145 
35 67 134 139 
23 62 134 139 
90 79 135 137 
20 67 135 165 
86 93 136 137 
12 95 136 141 
31 87 136 147 
96 54 137 143 
10 69 137 142 
82 90 137 152 
67 92 138 142 
47 75 138 148 
33 62 138 143 
57 44 139 150 
35 79 139 150 
36 58 139 141 
77 55 140 151 
23 65 140 147 
50 71 140 177 
66 33 141 158 
37 97 141 155 
38 83 141 144 
56 74 142 146 
81 22 142 171 
93 11 142 146 
11 61 143 150 
35 22 143 161 
13 37 143 145 
88 22 144 148 
75 12 144 154 
59 66 144 153 
60 50 145 146 
75 56 145 162 
75 20 145 149 
52 98 146 166 
79 89 146 165 
82 20 146 149 
36 30 147 148 
41 39 147 156 
92 78 147 164 
53 77 148 151 
14 21 148 190 
16 75 148 161 
76 100 149 154 
73 81 149 167 
31 59 150 155 
73 23 150 151 
34 85 150 156 
10 19 151 155 
19 51 151 159 
60 58 151 157 
20 57 152 172 
36 19 152 153 
93 36 153 154 
70 64 153 162 
51 87 154 163 
25 46 154 158 
57 27 154 185 
40 59 155 174 
40 15 155 163 
76 19 155 166 
60 97 156 165 
33 47 156 167 
35 38 157 169 
62 28 157 160 
60 39 157 188 
83 56 158 161 
26 36 158 173 
33 84 158 166 
44 18 159 182 
82 76 159 163 
87 25 160 173 
66 21 160 162 
73 53 161 164 
71 12 161 190 
31 78 161 175 
74 36 162 168 
68 65 162 170 
35 72 162 190 
58 80 163 181 
77 87 163 164 
95 78 163 168 
44 35 164 179 
77 87 164 176 
21 55 164 188 
46 36 165 177 
37 16 165 171 
82 81 165 168 
96 21 166 169 
83 100 166 172 
82 49 166 185 
81 77 167 174 
100 59 167 200 
70 28 168 169 
85 67 168 171 
45 38 168 195 
21 49 169 174 
19 84 169 182 
77 51 169 170 
95 72 170 177 
95 52 170 212 
55 58 171 191 
82 51 171 181 
22 87 171 176 
16 81 172 173 
42 22 172 194 
12 76 173 233 
81 80 173 175 
15 38 173 193 
91 67 174 176 
40 91 174 175 
35 43 174 196 
47 63 175 178 
29 95 175 189 
56 88 175 198 
28 89 176 179 
79 40 176 200 
84 91 176 178 
45 75 177 180 
17 10 177 179 
61 93 177 200 
25 53 178 182 
51 94 178 187 
19 92 179 180 
74 64 179 204 
19 92 179 189 
40 77 180 227 
24 59 180 184 
80 32 181 183 
86 88 181 197 
82 75 182 191 
11 69 182 184 
92 28 182 186 
60 54 183 189 
40 24 183 185 
16 14 184 187 
16 51 184 196 
49 82 185 186 
79 19 185 208 
20 66 185 202 
81 37 186 195 
99 47 186 197 
88 48 187 193 
92 86 187 194 
51 37 188 192 
58 56 188 198 
64 51 189 201 
38 54 189 192 
100 20 189 206 
27 91 190 207 
21 24 190 192 
69 87 190 198 
60 68 191 216 
37 17 191 194 
79 99 192 202 
27 53 192 196 
63 87 192 201 
83 93 193 199 
96 54 193 218 
88 40 194 199 
99 28 194 204 
36 16 194 204 
60 62 195 219 
17 10 195 202 
98 59 196 197 
55 81 196 206 
67 55 196 206 
85 90 197 213 
18 11 197 203 
53 70 197 209 
58 24 198 216 
98 25 198 199 
70 63 198 205 
89 20 199 221 
10 74 199 201 
56 49 199 203 
23 69 200 211 
41 91 200 218 
37 20 200 205 
80 25 201 208 
86 21 201 212 
53 37 201 216 
76 95 202 209 
80 63 202 211 
29 27 202 229 
80 29 203 215 
49 74 203 225 
72 92 204 209 
70 52 204 207 
87 22 204 207 
79 31 205 213 
74 90 205 218 
14 42 206 222 
12 84 206 208 
74 18 206 217 
87 33 207 228 
94 82 207 215 
54 58 207 219 
86 90 208 214 
84 66 208 210 
51 29 208 210 
22 50 209 213 
99 93 209 214 
35 15 209 210 
67 49 210 212 
67 58 210 220 
11 53 210 225 
55 46 211 228 
95 50 211 215 
25 61 212 224 
28 93 212 233 
37 82 212 255 
11 66 213 214 
88 18 213 222 
37 73 213 222 
66 27 214 223 
91 40 214 226 
93 47 214 224 
19 30 215 242 
39 14 215 217 
79 83 215 217 
39 70 216 220 
97 78 216 237 
19 34 216 246 
50 49 217 230 
62 55 217 229 
10 28 217 221 
26 44 218 226 
86 22 218 232 
44 67 218 240 
100 13 219 229 
20 51 219 227 
66 95 220 223 
74 48 220 234 
89 59 221 223 
67 91 221 247 
59 16 222 228 
39 59 222 250 
96 24 222 249 
16 90 223 226 
37 74 223 237 
50 100 223 233 
96 92 224 227 
89 95 224 225 
60 97 225 237 
22 26 225 231 
99 92 225 247 
52 17 226 230 
17 90 226 248 
44 100 226 235 
53 69 227 254 
100 64 227 248 
76 23 227 246 
22 45 228 236 
74 61 228 232 
27 87 228 256 
54 29 229 240 
41 80 229 243 
91 16 229 235 
88 84 230 231 
56 14 230 241 
41 13 231 293 
50 53 231 232 
20 68 232 251 
93 11 232 239 
88 20 232 234 
67 100 233 243 
84 55 233 239 
42 13 233 234 
87 40 234 235 
97 46 234 236 
57 20 234 254 
52 15 235 242 
89 67 235 238 
27 25 235 239 
13 46 236 238 
32 61 236 254 
55 66 237 245 
90 34 237 238 
69 35 237 247 
13 66 238 283 
63 64 238 252 
18 13 238 241 
48 32 239 244 
60 96 239 245 
45 25 239 240 
10 33 240 241 
37 81 240 253 
65 65 240 245 
95 89 241 248 
19 82 241 270 
53 50 241 242 
78 83 242 243 
39 68 242 244 
21 85 242 257 
18 38 243 246 
76 31 243 270 
20 93 243 256 
13 55 244 257 
67 62 244 251 
92 54 245 250 
33 79 245 249 
28 84 245 266 
15 27 246 279 
94 49 246 272 
84 87 246 265 
58 87 247 278 
71 93 247 252 
20 59 247 255 
92 33 248 255 
22 34 248 253 
50 26 248 250 
41 56 249 263 
28 58 249 252 
70 45 250 256 
40 65 250 261 
18 52 250 259 
99 22 251 264 
28 35 251 287 
68 26 252 258 
31 47 252 253 
86 42 252 261 
42 50 253 277 
11 96 253 257 
65 74 253 262 
37 53 254 268 
36 64 254 260 
25 73 254 260 
60 58 255 259 
91 39 255 258 
74 12 255 294 
81 79 256 258 
16 88 256 264 
60 70 256 262 
86 97 257 261 
10 55 257 265 
11 67 257 265 
82 29 258 296 
80 94 258 267 
55 11 258 275 
98 55 259 271 
35 13 259 263 
11 50 260 264 
11 83 260 279 
33 41 261 262 
60 41 261 309 
85 88 261 274 
60 59 262 267 
24 100 262 269 
10 16 262 263 
39 45 263 298 
52 36 263 284 
75 57 263 276 
63 66 264 294 
29 13 264 272 
21 99 264 266 
93 27 265 274 
46 58 265 268 
15 48 265 274 
81 95 266 269 
71 63 266 271 
76 85 267 268 
30 69 267 280 
30 86 268 272 
81 53 268 269 
88 23 268 271 
93 49 269 270 
65 21 269 302 
20 55 269 275 
48 16 270 277 
41 68 270 275 
38 67 270 280 
68 58 271 273 
79 92 271 273 
54 58 271 287 
76 59 272 281 
25 87 272 292 
36 40 272 278 
28 59 273 285 
82 70 273 304 
74 98 274 281 
59 12 274 284 
55 22 274 279 
25 45 275 284 
44 67 275 295 
68 31 275 276 
29 77 276 290 
59 29 276 282 
58 46 277 282 
57 62 277 278 
56 92 278 291 
24 44 278 286 
56 33 278 289 
28 79 279 281 
38 61 279 282 
56 43 279 280 
10 65 280 311 
10 15 280 290 
74 74 280 288 
21 29 281 292 
77 87 281 283 
22 93 281 290 
13 92 282 285 
86 34 282 309 
21 15 282 283 
36 100 283 351 
78 98 283 300 
78 48 283 286 
58 96 284 295 
86 23 284 292 
48 46 284 285 
82 68 285 288 
75 64 285 306 
50 96 285 318 
88 93 286 326 
92 67 286 289 
79 69 287 289 
68 57 287 291 
26 61 288 301 
28 44 288 293 
43 87 289 296 
74 81 289 317 
88 55 289 298 
52 12 290 324 
50 55 290 304 
80 81 290 307 
58 80 291 300 
54 30 291 295 
45 63 292 313 
28 49 292 298 
32 54 292 296 
84 19 293 301 
28 57 293 297 
45 33 294 311 
52 85 294 299 
89 73 295 312 
42 51 295 305 
92 98 295 303 
94 41 296 297 
49 78 296 308 
68 53 296 299 
88 18 297 299 
17 66 297 319 
48 35 298 303 
89 37 298 327 
86 75 298 308 
60 59 299 312 
90 30 299 300 
18 44 299 319 
99 96 300 309 
76 70 300 310 
66 30 300 310 
36 79 301 303 
12 93 301 302 
34 90 302 319 
20 40 302 305 
90 99 303 304 
11 21 303 315 
66 37 303 314 
90 14 304 325 
17 78 304 308 
44 26 304 311 
74 39 305 306 
11 94 305 313 
85 38 306 326 
88 56 306 307 
25 57 307 330 
29 65 307 339 
12 98 308 325 
66 14 308 315 
31 40 308 338 
13 76 309 318 
12 27 309 332 
72 82 309 310 
96 34 310 317 
43 24 310 324 
33 37 310 314 
80 42 311 317 
80 54 311 316 
59 45 311 313 
92 73 312 331 
25 18 312 342 
41 16 313 342 
78 55 313 341 
30 54 313 323 
56 14 314 315 
79 65 314 322 
26 31 315 316 
28 69 315 333 
44 43 315 320 
24 38 316 320 
60 50 316 333 
86 50 317 323 
52 34 317 325 
30 84 317 327 
98 96 318 332 
18 25 318 321 
12 20 319 321 
93 19 319 322 
62 79 319 347 
26 98 320 329 
54 17 320 322 
81 50 321 323 
79 53 321 347 
92 100 322 328 
97 55 322 351 
56 41 322 343 
45 10 323 324 
67 10 323 328 
29 86 323 341 
71 38 324 343 
99 33 324 329 
57 48 324 328 
82 33 325 335 
84 85 325 340 
37 81 325 344 
20 41 326 331 
16 22 326 327 
65 27 327 341 
23 24 327 362 
84 27 327 335 
50 95 328 334 
78 79 328 329 
23 31 328 333 
66 12 329 330 
70 64 329 337 
98 42 329 347 
87 38 330 337 
48 73 330 332 
36 58 331 379 
34 62 331 344 
72 86 332 336 
65 81 332 340 
58 95 332 336 
72 36 333 334 
93 36 333 334 
83 70 333 353 
20 76 334 357 
57 17 334 339 
41 69 334 339 
99 76 335 336 
18 19 335 349 
36 63 336 356 
69 15 336 354 
38 41 336 338 
44 12 337 349 
76 99 337 346 
12 83 338 343 
73 78 338 354 
76 16 339 349 
92 40 339 355 
20 22 339 350 
20 68 340 352 
71 36 340 377 
18 90 341 372 
63 21 341 342 
33 74 341 345 
86 29 342 376 
18 84 342 350 
10 25 342 348 
21 95 343 345 
28 22 343 371 
91 100 343 351 
48 57 344 348 
40 81 344 345 
74 68 345 352 
18 48 345 381 
83 37 345 346 
14 10 346 363 
75 99 346 355 
69 46 347 367 
86 68 347 352 
25 83 347 354 
61 14 348 359 
87 12 348 350 
62 18 349 368 
78 33 349 353 
38 73 349 370 
80 79 350 355 
69 33 350 358 
11 88 350 358 
61 90 351 361 
78 61 351 356 
52 57 351 357 
54 71 352 358 
59 81 352 357 
82 76 352 353 
50 78 353 366 
67 97 353 360 
15 95 353 365 
70 62 354 362 
62 79 354 364 
58 64 354 367 
42 62 355 389 
49 65 355 368 
55 56 355 380 
24 22 356 363 
12 30 356 362 
26 45 357 359 
69 81 357 366 
23 89 357 361 
35 74 358 373 
47 51 358 360 
82 85 358 370 
11 59 359 370 
54 72 359 380 
52 97 360 361 
35 46 360 364 
15 17 361 365 
37 86 361 369 
57 20 361 375 
18 95 362 366 
84 20 362 363 
65 53 362 373 
34 57 363 367 
44 40 363 382 
33 23 363 406 
65 15 364 384 
58 35 364 392 
70 83 365 384 
71 10 365 379 
37 93 366 382 
85 31 366 373 
12 50 366 378 
28 58 367 369 
30 20 367 369 
61 36 367 372 
67 58 368 371 
12 44 368 374 
59 59 369 389 
11 86 369 375 
72 91 369 386 
39 25 370 376 
42 46 370 371 
59 32 370 380 
93 85 371 393 
50 33 371 379 
18 92 371 392 
36 25 372 376 
81 44 372 385 
89 63 373 377 
78 95 373 374 
63 26 373 398 
92 50 374 375 
22 90 374 377 
87 75 375 391 
72 64 375 387 
16 10 375 378 
91 93 376 399 
59 51 376 388 
95 70 376 385 
88 20 377 418 
41 37 377 378 
68 97 377 395 
85 42 378 408 
62 23 378 383 
46 58 378 383 
45 31 379 388 
87 29 379 381 
75 30 379 393 
76 78 380 383 
27 60 380 397 
79 37 380 381 
28 83 381 392 
12 62 381 396 
45 41 381 391 
67 10 382 395 
97 38 382 399 
52 42 383 384 
30 68 383 397 
50 33 383 405 
57 17 384 386 
45 73 384 387 
18 38 384 387 
76 98 385 420 
12 63 385 390 
82 43 386 388 
40 70 386 389 
23 59 387 402 
99 62 387 391 
82 79 387 394 
64 50 388 400 
70 13 388 390 
93 28 388 407 
45 98 389 395 
21 12 389 409 
76 68 389 390 
39 40 390 393 
62 58 390 414 
30 61 390 394 
97 49 391 394 
35 47 391 396 
36 51 391 401 
19 27 392 404 
71 41 392 419 
56 78 392 398 
67 18 393 403 
93 28 393 399 
41 69 393 400 
74 100 394 415 
79 18 394 405 
96 15 394 401 
16 63 395 402 
73 75 395 404 
12 17 395 412 
16 56 396 398 
60 71 396 418 
23 98 397 413 
70 13 397 408 
96 35 398 421 
75 87 398 409 
33 35 398 403 
34 58 399 407 
44 52 399 410 
34 41 399 401 
59 97 400 406 
80 62 400 438 
71 20 401 402 
65 60 401 406 
79 13 401 403 
18 40 402 510 
39 38 402 410 
58 19 402 404 
39 74 403 422 
49 18 403 410 
36 54 403 407 
78 56 404 414 
85 10 404 448 
64 45 404 411 
53 33 405 408 
35 49 405 424 
92 67 406 416 
45 77 406 428 
37 84 406 409 
43 99 407 439 
69 56 407 418 
30 71 407 413 
97 14 408 413 
59 35 408 417 
14 37 408 422 
62 16 409 417 
92 60 409 412 
57 25 409 414 
31 41 410 411 
83 26 410 423 
55 99 410 420 
56 70 411 412 
56 95 411 427 
41 32 412 415 
39 19 412 416 
80 73 412 427 
10 57 413 426 
39 65 413 415 
24 18 413 423 
32 28 414 417 
58 80 414 420 
32 71 414 429 
75 45 415 435 
23 58 415 419 
53 75 415 429 
39 52 416 460 
58 16 416 430 
26 33 417 421 
41 96 417 427 
30 86 417 421 
32 16 418 429 
46 85 418 419 
57 79 418 422 
46 32 419 433 
46 28 419 439 
63 97 419 438 
57 43 420 431 
68 89 420 440 
12 39 420 424 
83 99 421 460 
15 95 421 443 
82 34 421 426 
51 48 422 424 
92 28 422 425 
60 94 422 431 
15 49 423 425 
16 15 423 434 
31 68 424 438 
34 11 424 433 
74 49 424 434 
46 38 425 426 
78 84 425 451 
76 47 426 432 
52 82 426 435 
47 79 426 430 
12 87 427 428 
70 16 427 460 
22 99 427 434 
65 12 428 430 
67 34 428 437 
73 57 429 437 
16 55 429 446 
91 79 429 451 
36 81 430 432 
67 58 430 447 
83 67 430 443 
95 53 431 479 
23 68 431 436 
31 75 432 440 
58 88 432 439 
56 56 433 442 
66 96 433 442 
15 40 434 445 
59 90 434 441 
66 33 434 437 
31 97 435 455 
57 60 435 436 
78 44 436 461 
14 89 436 454 
19 15 437 441 
10 71 437 445 
65 52 437 442 
40 46 438 465 
66 23 438 449 
57 34 438 449 
12 69 439 445 
39 67 439 446 
60 22 439 444 
65 28 440 448 
43 80 440 456 
32 65 441 457 
29 53 441 469 
93 23 442 443 
89 15 442 464 
23 71 442 447 
34 53 443 444 
35 20 443 453 
14 79 443 458 
15 48 444 448 
96 53 444 452 
17 35 445 451 
28 27 445 450 
25 30 445 450 
20 61 446 452 
61 67 446 455 
50 69 447 449 
69 94 447 459 
12 14 448 462 
22 66 448 478 
45 57 448 480 
18 59 449 450 
71 42 449 478 
42 70 449 456 
45 64 450 462 
68 78 450 467 
56 21 450 494 
85 22 451 453 
82 63 451 463 
60 95 451 481 
92 83 452 454 
75 53 452 475 
58 80 453 465 
16 34 453 459 
65 21 454 470 
62 56 454 455 
59 100 455 457 
18 95 455 456 
50 47 455 469 
67 68 456 468 
37 38 456 462 
26 52 456 466 
69 62 457 458 
77 66 457 461 
67 37 458 463 
29 43 458 463 
55 60 459 466 
85 20 459 467 
92 61 460 498 
10 99 460 464 
13 59 460 481 
17 79 461 468 
76 18 461 475 
47 93 462 465 
97 29 462 470 
73 37 462 501 
57 64 463 473 
82 99 463 466 
19 89 463 502 
40 63 464 483 
84 97 464 476 
16 67 465 472 
15 67 465 487 
19 97 465 469 
95 82 466 474 
43 56 466 471 
53 29 466 470 
61 46 467 472 
85 61 467 499 
76 58 468 471 
91 20 468 484 
17 40 469 473 
15 30 469 487 
99 15 469 472 
87 11 470 480 
10 47 470 473 
66 53 470 498 
59 91 471 493 
88 41 471 474 
99 96 472 474 
46 42 472 493 
33 79 472 477 
76 54 473 479 
34 72 473 484 
84 51 473 477 
93 11 474 477 
23 36 474 485 
15 76 474 510 
39 40 475 482 
36 54 475 476 
11 53 476 479 
80 48 476 478 
74 19 477 480 
99 62 477 481 
42 21 477 496 
18 10 478 496 
21 66 478 482 
86 72 478 499 
54 82 479 491 
65 46 479 485 
85 15 479 490 
17 27 480 483 
82 41 480 485 
89 57 480 495 
81 32 481 488 
83 58 481 482 
22 83 481 484 
67 44 482 489 
16 18 482 488 
28 72 482 511 
46 61 483 491 
45 41 483 486 
30 92 484 489 
80 77 484 487 
86 96 484 509 
42 27 485 486 
54 95 485 486 
61 89 485 489 
44 100 486 511 
10 22 486 504 
28 71 486 493 
71 67 487 510 
88 100 487 497 
11 36 487 506 
70 37 488 490 
32 98 488 500 
89 81 489 509 
16 70 489 492 
28 14 489 501 
95 44 490 497 
30 90 490 492 
57 30 491 536 
46 84 491 494 
19 18 492 513 
47 52 492 494 
29 28 493 529 
73 38 493 505 
38 57 493 495 
28 19 494 496 
49 37 494 500 
88 50 494 495 
33 74 495 498 
19 91 495 504 
40 61 495 511 
83 14 496 501 
31 42 496 500 
19 97 496 508 
26 84 497 506 
58 90 497 499 
59 39 498 503 
76 100 498 508 
63 76 498 520 
62 40 499 514 
51 98 499 503 
42 63 499 526 
83 91 500 503 
38 91 500 502 
81 55 500 507 
65 37 501 512 
18 21 501 520 
83 12 501 529 
20 88 502 515 
43 75 502 518 
96 59 503 540 
32 31 503 505 
94 16 503 505 
70 31 504 506 
43 76 504 513 
40 26 505 508 
95 35 505 513 
74 94 505 535 
24 83 506 507 
90 90 506 512 
61 96 506 525 
34 74 507 522 
19 75 507 524 
56 55 508 509 
17 24 508 514 
11 80 508 520 
56 44 509 515 
98 59 509 527 
73 37 509 536 
56 90 510 526 
23 72 510 521 
85 38 510 516 
19 96 511 517 
10 29 511 523 
85 100 511 531 
72 24 512 549 
77 27 512 548 
98 24 513 525 
58 75 513 525 
32 35 513 514 
11 75 514 527 
54 29 514 518 
81 33 514 515 
48 59 515 516 
49 19 515 532 
83 20 515 516 
65 35 516 517 
11 66 516 521 
34 49 516 523 
34 50 517 519 
57 62 517 542 
20 68 518 519 
45 48 518 521 
98 81 519 524 
93 15 519 544 
79 25 520 550 
91 54 520 522 
34 40 520 534 
97 54 521 529 
71 43 521 527 
14 85 521 532 
68 31 522 524 
95 39 522 526 
37 33 523 553 
27 90 523 531 
67 14 524 528 
92 26 524 539 
70 56 524 537 
14 18 525 530 
83 98 525 528 
75 65 525 552 
95 62 526 528 
14 47 526 536 
33 64 526 530 
70 87 527 548 
84 23 527 530 
76 21 527 539 
11 79 528 549 
37 96 528 533 
20 59 528 535 
76 46 529 531 
52 70 529 547 
35 48 529 554 
35 30 530 535 
62 97 530 541 
41 54 530 533 
94 75 531 539 
93 95 531 534 
14 85 531 540 
60 76 532 541 
55 96 532 533 
53 61 533 534 
84 87 533 547 
48 59 533 538 
30 75 534 544 
45 18 534 553 
28 51 534 558 
76 23 535 537 
84 38 535 569 
18 39 535 542 
86 22 536 537 
56 38 536 543 
80 97 536 541 
29 93 537 564 
82 40 537 538 
41 82 537 545 
54 13 538 554 
36 44 538 555 
82 21 539 554 
44 75 539 542 
61 17 539 555 
19 85 540 550 
91 60 540 543 
17 69 541 546 
31 96 541 543 
48 81 541 545 
20 71 542 546 
59 71 542 560 
68 11 542 583 
47 60 543 580 
28 71 543 544 
46 16 543 548 
78 53 544 546 
34 57 544 564 
83 43 544 547 
95 53 545 570 
40 18 545 551 
56 74 546 551 
68 92 546 562 
95 55 546 558 
38 92 547 582 
89 79 547 561 
96 26 547 565 
18 83 548 559 
19 14 548 578 
55 15 548 549 
70 96 549 559 
49 14 549 585 
93 71 549 550 
70 51 550 557 
78 20 550 551 
17 54 550 556 
75 87 551 552 
35 20 551 567 
37 55 551 592 
72 50 552 553 
32 97 552 574 
44 79 553 556 
21 36 553 576 
80 67 553 555 
22 26 554 559 
65 92 554 561 
83 57 554 557 
61 49 555 562 
62 74 555 556 
13 67 555 614 
17 33 556 570 
39 67 556 573 
49 74 556 557 
22 80 557 560 
13 79 557 562 
12 39 557 571 
24 91 558 596 
93 35 558 571 
57 25 559 560 
65 11 559 561 
92 92 559 564 
27 76 560 574 
40 84 560 563 
18 34 560 567 
83 44 561 566 
97 81 561 568 
45 91 561 597 
28 80 562 591 
17 50 562 563 
22 50 562 567 
48 56 563 570 
91 33 563 565 
94 14 564 573 
10 42 564 566 
56 12 564 566 
13 22 565 622 
75 28 565 575 
95 76 566 569 
42 65 566 590 
64 88 566 572 
74 33 567 568 
56 18 567 579 
75 48 567 572 
71 54 568 571 
80 82 568 575 
57 27 569 577 
10 62 569 573 
60 66 570 587 
26 82 570 588 
22 28 570 578 
62 31 571 588 
49 52 571 582 
48 10 571 581 
77 98 572 612 
28 23 572 593 
100 72 573 579 
86 92 573 584 
100 80 573 576 
100 55 574 575 
93 24 574 582 
83 11 575 577 
94 52 575 581 
80 18 575 589 
44 14 576 587 
13 95 576 589 
37 20 577 607 
46 63 577 580 
65 75 578 587 
78 50 578 580 
70 92 579 591 
54 72 579 588 
32 55 580 586 
92 11 580 586 
80 36 580 619 
63 100 581 585 
35 67 581 586 
82 48 582 602 
23 90 582 583 
92 67 582 583 
19 49 583 595 
99 41 583 590 
52 76 583 584 
16 22 584 607 
57 85 584 585 
96 37 585 594 
41 47 585 589 
87 72 585 598 
75 38 586 609 
82 82 586 608 
66 63 586 600 
43 90 587 594 
46 18 587 597 
35 79 587 596 
25 23 588 595 
89 82 588 592 
77 97 588 597 
53 38 589 616 
97 24 589 603 
80 20 589 592 
55 93 590 593 
41 26 590 596 
38 34 591 606 
55 99 591 594 
14 38 592 616 
91 65 592 615 
59 65 592 605 
97 74 593 622 
24 84 593 604 
60 93 594 595 
41 53 594 609 
33 54 594 598 
46 96 595 610 
54 35 595 603 
64 44 595 599 
19 92 596 639 
15 57 596 601 
75 17 596 599 
60 92 597 608 
81 66 597 603 
96 21 597 604 
56 99 598 621 
77 71 598 599 
59 10 599 600 
71 32 599 604 
78 12 599 601 
29 37 600 614 
29 97 600 602 
68 12 601 605 
99 100 601 621 
17 86 602 606 
70 48 602 606 
10 40 603 610 
89 49 603 619 
32 74 603 620 
21 100 604 615 
71 60 604 607 
50 79 604 611 
83 42 605 649 
65 74 605 608 
50 44 606 617 
48 51 606 611 
63 10 606 620 
79 71 607 609 
21 20 607 610 
44 38 607 612 
62 40 608 613 
60 62 608 613 
27 38 608 618 
11 68 609 645 
79 42 609 628 
53 59 609 617 
41 45 610 612 
72 94 610 613 
46 38 610 611 
70 85 611 642 
14 25 611 625 
50 84 611 615 
52 66 612 618 
37 21 612 629 
82 44 612 633 
28 61 613 626 
49 69 613 616 
16 57 613 617 
18 62 614 630 
60 51 614 678 
83 97 615 626 
80 30 615 621 
78 15 615 633 
52 18 616 632 
52 75 616 653 
74 83 616 622 
36 15 617 625 
74 23 617 623 
22 25 617 641 
72 47 618 619 
86 28 618 645 
53 25 619 628 
35 11 619 623 
58 94 619 624 
20 67 620 638 
25 11 620 648 
37 67 621 636 
50 99 621 624 
62 16 621 627 
25 60 622 623 
38 89 622 642 
70 37 622 636 
53 57 623 625 
64 60 623 637 
29 19 623 640 
77 74 624 629 
70 15 624 627 
16 87 625 630 
11 78 625 626 
94 48 625 659 
17 20 626 634 
75 59 626 632 
49 92 626 627 
97 16 627 639 
97 19 627 628 
58 37 627 640 
41 28 628 631 
21 22 628 637 
95 42 628 633 
64 43 629 648 
58 92 629 630 
77 39 630 631 
20 15 630 642 
53 55 630 652 
68 66 631 634 
17 16 631 644 
97 23 632 635 
45 56 632 657 
63 49 633 647 
33 33 633 634 
23 34 633 637 
61 46 634 654 
41 65 634 635 
66 37 634 635 
35 79 635 643 
56 33 635 656 
12 51 635 636 
11 17 636 638 
15 22 636 643 
27 40 636 666 
57 60 637 641 
38 15 637 646 
96 74 637 639 
57 81 638 640 
53 37 638 643 
28 21 639 654 
93 82 639 659 
53 30 639 641 
40 16 640 644 
14 49 640 649 
44 87 640 651 
39 23 641 653 
97 86 641 669 
42 90 641 645 
81 90 642 650 
29 10 642 650 
44 70 642 675 
29 88 643 655 
77 44 643 665 
92 46 643 668 
14 68 644 650 
40 84 644 660 
90 14 645 659 
82 39 645 646 
60 92 645 646 
50 95 646 647 
53 51 646 656 
50 26 646 647 
18 62 647 668 
70 87 647 654 
60 81 647 658 
49 95 648 649 
14 39 648 660 
41 32 649 663 
100 85 649 662 
45 52 649 651 
45 10 650 652 
20 71 650 651 
28 13 650 669 
16 51 651 662 
48 68 651 666 
40 77 651 657 
93 31 652 661 
33 78 652 660 
15 17 653 655 
15 50 653 658 
34 74 654 658 
43 41 654 656 
65 40 654 673 
83 32 655 674 
72 91 655 678 
10 78 656 679 
100 16 656 657 
39 24 656 681 
37 62 657 683 
53 87 657 661 
76 12 657 661 
30 11 658 676 
38 40 658 684 
71 64 658 663 
100 32 659 716 
15 43 659 665 
85 93 659 672 
55 40 660 679 
43 49 660 664 
86 20 660 662 
28 97 661 667 
43 86 661 667 
56 89 661 681 
11 26 662 666 
67 97 662 673 
27 85 662 663 
48 27 663 665 
16 16 663 664 
53 97 663 684 
66 47 664 672 
18 26 664 671 
44 55 665 694 
50 74 665 669 
79 39 665 670 
13 97 666 676 
15 34 666 679 
100 46 666 667 
11 77 667 671 
88 68 667 672 
69 77 667 675 
15 79 668 673 
59 84 668 727 
79 49 669 670 
98 60 669 674 
84 82 669 684 
53 62 670 698 
94 36 670 688 
86 17 671 674 
53 75 671 676 
31 24 672 685 
45 33 672 675 
11 60 672 677 
82 87 673 689 
92 96 673 680 
27 80 673 680 
67 33 674 696 
72 74 674 681 
43 86 674 677 
32 30 675 686 
37 35 675 680 
50 69 675 689 
72 43 676 688 
49 23 676 685 
79 61 676 698 
78 87 677 685 
34 63 677 693 
64 10 678 683 
86 88 678 682 
74 36 679 682 
23 80 679 690 
15 11 679 696 
83 14 680 687 
86 87 680 687 
72 90 680 682 
56 36 681 683 
71 51 681 695 
22 60 681 693 
15 46 682 702 
51 63 682 694 
61 56 682 691 
19 33 683 701 
43 19 683 716 
16 10 683 690 
79 56 684 690 
94 100 684 706 
29 12 684 699 
97 52 685 686 
34 26 685 686 
17 40 685 697 
62 40 686 691 
73 84 686 688 
95 44 686 689 
76 87 687 721 
72 72 687 691 
55 81 688 698 
83 96 688 692 
92 29 688 706 
51 94 689 700 
35 67 689 695 
32 90 689 700 
11 43 690 692 
75 88 690 731 
94 29 690 693 
44 59 691 694 
28 77 691 711 
69 80 691 701 
98 17 692 695 
41 76 692 728 
52 20 693 704 
77 39 693 699 
98 95 693 709 
64 18 694 707 
51 60 694 703 
67 90 694 697 
32 20 695 697 
12 90 695 709 
75 12 695 702 
60 45 696 713 
18 83 696 711 
68 55 697 699 
46 93 697 722 
55 100 697 704 
87 62 698 701 
21 45 698 700 
68 27 698 705 
92 75 699 710 
66 88 699 744 
16 34 699 721 
64 11 700 703 
26 94 700 709 
92 28 700 717 
32 43 701 706 
15 94 701 707 
94 40 701 702 
88 89 702 704 
86 57 702 705 
86 72 702 731 
23 22 703 724 
99 13 703 708 
14 42 704 729 
97 17 704 708 
86 58 704 705 
71 32 705 714 
63 26 705 710 
23 80 705 711 
79 34 706 707 
79 92 706 718 
16 74 706 725 
33 44 707 734 
23 28 707 734 
94 61 707 713 
24 60 708 726 
34 52 708 712 
89 61 709 712 
49 64 709 710 
87 16 709 723 
35 28 710 732 
68 62 710 733 
35 32 710 731 
97 85 711 733 
42 25 711 714 
26 42 711 713 
45 22 712 715 
96 35 712 726 
96 79 713 714 
11 35 713 727 
38 96 713 718 
82 67 714 752 
47 80 714 717 
19 75 714 715 
44 53 715 716 
75 26 715 718 
77 15 716 717 
56 18 716 719 
20 29 716 741 
98 37 717 746 
79 94 717 735 
65 91 717 719 
60 58 718 720 
69 91 718 732 
77 87 718 719 
41 69 719 720 
100 65 719 721 
42 100 719 724 
51 25 720 722 
59 67 720 726 
43 34 721 723 
17 59 721 745 
78 48 721 725 
19 59 722 730 
90 75 722 755 
12 25 723 729 
98 83 723 727 
39 83 724 738 
62 75 724 728 
30 57 725 746 
83 51 725 730 
43 94 726 737 
62 32 726 746 
68 26 726 733 
64 91 727 737 
21 31 727 753 
19 84 727 732 
48 35 728 743 
88 55 728 739 
14 44 729 736 
74 76 729 741 
39 10 730 752 
92 17 730 734 
96 51 731 740 
62 63 731 738 
95 52 731 735 
39 88 732 736 
44 94 732 739 
68 89 732 745 
77 17 733 743 
54 14 733 742 
31 96 733 749 
64 15 734 743 
82 75 734 739 
25 61 734 754 
57 77 735 750 
79 25 735 768 
80 79 736 738 
91 20 736 742 
34 23 737 740 
40 36 737 753 
33 17 738 790 
87 48 738 742 
21 60 738 756 
18 66 739 750 
90 74 739 741 
97 36 739 782 
22 43 740 747 
21 35 740 744 
35 54 741 754 
65 30 741 751 
82 60 741 747 
75 56 742 748 
25 64 742 748 
39 49 742 763 
53 77 743 744 
67 32 743 747 
89 31 743 761 
24 97 744 751 
55 30 744 773 
31 13 744 792 
86 51 745 754 
13 34 745 760 
67 36 746 758 
99 19 746 760 
23 61 746 751 
78 26 747 756 
39 41 747 755 
37 48 747 749 
79 97 748 763 
91 13 748 766 
80 14 749 762 
66 13 749 766 
94 88 750 757 
27 41 750 752 
62 38 751 761 
41 82 751 757 
25 75 751 756 
19 99 752 753 
79 83 752 776 
23 34 752 775 
17 89 753 779 
14 58 753 760 
90 75 753 764 
61 66 754 769 
93 61 754 771 
68 98 754 755 
99 43 755 765 
65 82 755 765 
58 32 755 758 
36 86 756 758 
94 74 756 783 
20 97 756 789 
24 43 757 762 
77 72 757 759 
68 30 758 759 
52 88 758 759 
13 99 758 767 
61 74 759 761 
63 71 759 764 
94 37 759 775 
46 41 760 763 
66 71 760 765 
73 19 760 802 
38 60 761 767 
33 96 761 764 
13 85 761 773 
22 44 762 767 
64 68 762 783 
94 53 763 768 
80 11 763 769 
84 32 763 770 
31 19 764 773 
12 36 764 797 
45 25 764 770 
76 28 765 770 
79 74 765 768 
25 46 765 766 
47 74 766 772 
30 15 766 778 
55 73 766 785 
89 53 767 777 
96 13 767 776 
12 71 767 769 
83 57 768 775 
29 44 768 774 
33 61 768 784 
94 64 769 771 
85 59 769 786 
56 94 769 771 
87 88 770 774 
78 83 770 776 
96 60 770 777 
47 32 771 774 
77 22 771 772 
73 17 771 772 
33 96 772 782 
44 15 772 794 
40 51 772 777 
86 16 773 790 
33 13 773 796 
76 69 773 800 
61 55 774 778 
12 46 774 802 
24 13 774 796 
10 81 775 778 
64 79 775 781 
51 21 775 788 
61 66 776 815 
55 62 776 779 
50 90 776 782 
93 53 777 781 
18 24 777 799 
97 89 777 781 
36 23 778 804 
10 37 778 780 
62 50 778 794 
57 11 779 785 
29 11 779 780 
40 17 780 787 
18 66 780 786 
62 46 781 784 
64 27 781 783 
98 14 781 787 
89 24 782 813 
21 33 782 795 
75 50 782 784 
74 72 783 786 
49 61 783 785 
29 42 783 791 
44 69 784 793 
18 54 784 799 
78 88 784 800 
100 57 785 787 
13 60 785 791 
29 10 785 789 
85 49 786 803 
30 30 786 799 
97 76 786 792 
55 82 787 789 
47 36 787 788 
34 54 787 788 
21 50 788 795 
10 51 788 801 
35 66 788 805 
85 40 789 839 
41 75 789 819 
21 81 789 794 
89 75 790 793 
65 61 790 805 
27 95 791 806 
56 34 791 795 
12 30 792 793 
34 35 792 796 
20 29 793 804 
55 62 793 798 
100 81 793 820 
19 76 794 798 
47 75 794 811 
30 68 794 805 
73 87 795 798 
76 77 795 828 
38 24 795 801 
26 81 796 833 
53 78 796 797 
35 70 796 803 
98 29 797 811 
26 82 797 808 
34 77 798 807 
53 63 798 817 
68 79 798 812 
89 33 799 809 
74 46 799 813 
12 66 799 802 
41 57 800 801 
11 62 800 806 
13 38 801 807 
45 83 801 808 
44 34 801 803 
73 36 802 814 
21 99 802 814 
98 59 802 812 
100 60 803 807 
43 100 803 806 
63 91 803 813 
63 68 804 816 
47 62 804 822 
71 65 805 809 
85 40 805 810 
86 21 805 810 
36 22 806 824 
34 71 806 827 
86 14 806 819 
21 21 807 809 
29 58 807 808 
33 37 807 810 
82 75 808 811 
20 51 808 839 
95 57 808 829 
61 41 809 816 
28 24 809 818 
89 89 809 812 
68 37 810 815 
20 85 810 817 
85 89 810 815 
47 44 811 836 
70 24 811 825 
98 69 811 834 
18 61 812 820 
78 44 812 821 
54 56 812 814 
91 13 813 821 
64 31 813 835 
24 57 813 816 
13 94 814 819 
64 86 814 817 
65 89 814 822 
62 34 815 836 
73 83 815 823 
71 32 815 841 
64 68 816 877 
98 92 816 818 
19 62 816 826 
50 49 817 827 
90 58 817 818 
26 54 817 823 
32 38 818 835 
74 21 818 827 
18 48 818 829 
96 36 819 824 
66 71 819 828 
34 51 819 833 
62 12 820 826 
46 100 820 822 
30 20 821 825 
40 67 821 823 
25 60 822 829 
92 31 822 825 
64 55 822 858 
48 28 823 833 
62 82 823 831 
84 83 823 848 
72 96 824 832 
21 34 824 845 
84 35 825 830 
68 76 825 826 
28 18 825 847 
93 69 826 834 
15 56 826 830 
32 40 826 828 
23 59 827 854 
92 89 827 846 
83 64 827 834 
85 51 828 832 
49 36 828 839 
68 58 828 843 
68 60 829 837 
17 84 829 875 
55 14 829 830 
71 63 830 842 
83 90 830 831 
55 83 830 838 
62 66 831 837 
13 83 831 851 
36 68 832 848 
23 89 832 890 
54 74 833 840 
82 98 833 836 
18 28 833 838 
94 79 834 854 
94 62 834 843 
28 20 834 847 
23 34 835 840 
82 25 835 841 
41 22 836 844 
52 27 836 844 
15 86 836 865 
99 86 837 854 
91 21 837 842 
26 12 838 853 
81 13 838 850 
59 59 839 851 
83 45 839 871 
53 55 839 843 
86 90 840 881 
23 45 840 846 
94 31 841 864 
54 91 841 856 
20 61 842 847 
82 11 842 853 
29 45 843 869 
66 78 843 868 
32 85 843 845 
14 45 844 851 
55 53 844 850 
52 26 845 849 
29 50 845 846 
12 54 846 862 
64 67 846 874 
81 99 846 863 
10 63 847 849 
99 26 847 848 
39 49 847 850 
20 16 848 856 
86 42 848 857 
55 48 848 852 
52 79 849 860 
46 98 849 852 
86 85 850 857 
71 26 850 858 
94 23 850 872 
21 66 851 873 
69 92 851 859 
60 14 851 853 
88 76 852 859 
81 47 852 860 
14 51 853 855 
31 20 853 856 
31 55 853 855 
90 15 854 884 
13 83 854 865 
41 100 854 861 
52 88 855 864 
57 84 855 859 
87 13 856 861 
29 40 856 857 
14 44 856 867 
63 18 857 877 
39 75 857 868 
22 88 857 877 
68 51 858 895 
68 91 858 862 
42 75 859 882 
79 24 859 866 
36 28 859 890 
93 66 860 873 
53 41 860 889 
23 51 861 867 
24 34 861 862 
12 76 862 863 
48 13 862 902 
31 31 862 869 
97 24 863 865 
56 35 863 873 
71 42 864 866 
39 78 864 866 
48 42 865 883 
94 91 865 867 
82 18 865 879 
71 97 866 869 
14 38 866 896 
58 79 866 871 
41 61 867 876 
80 84 867 889 
56 13 867 870 
95 26 868 870 
12 46 868 872 
58 37 869 871 
84 41 869 936 
93 49 869 870 
45 75 870 872 
60 91 870 884 
82 75 870 886 
54 93 871 881 
53 34 871 887 
62 17 871 876 
57 96 872 874 
39 67 872 876 
11 58 872 875 
59 37 873 895 
71 34 873 874 
68 84 873 880 
40 37 874 879 
26 47 874 875 
50 42 874 878 
15 71 875 896 
60 76 875 882 
79 58 875 879 
72 84 876 880 
46 99 876 883 
66 64 876 887 
12 49 877 878 
92 61 877 878 
23 74 877 881 
100 34 878 893 
10 45 878 917 
33 59 878 909 
94 88 879 886 
28 80 879 885 
51 69 879 901 
59 55 880 900 
44 79 880 918 
47 86 881 882 
20 48 881 888 
32 19 881 893 
78 34 882 883 
75 25 882 885 
13 41 882 884 
79 79 883 888 
19 76 883 891 
36 34 883 885 
91 80 884 886 
14 46 884 898 
64 49 884 901 
79 48 885 906 
13 36 885 892 
22 68 885 901 
67 54 886 899 
46 51 886 923 
94 50 886 887 
81 59 887 888 
30 12 887 897 
75 82 887 892 
87 14 888 912 
63 47 888 900 
66 68 888 889 
87 27 889 905 
18 66 889 896 
13 95 889 943 
88 16 890 898 
64 98 890 891 
58 91 891 892 
77 89 891 907 
71 92 892 908 
23 46 892 894 
97 64 892 893 
16 22 893 925 
69 17 893 930 
63 27 893 894 
76 49 894 903 
51 76 894 895 
22 64 895 931 
24 97 895 912 
12 100 895 897 
58 31 896 900 
12 69 896 899 
37 38 896 899 
29 28 897 904 
78 39 897 920 
89 36 898 903 
92 75 898 904 
91 39 899 907 
89 34 899 902 
90 25 899 909 
66 64 900 912 
54 29 900 913 
66 95 900 928 
63 27 901 934 
82 70 901 911 
23 53 901 904 
94 78 902 906 
92 19 902 905 
86 79 903 924 
44 43 903 905 
16 56 904 909 
69 49 904 913 
71 75 904 908 
15 35 905 914 
43 46 905 924 
41 63 905 910 
40 24 906 938 
17 78 906 933 
50 88 907 908 
10 14 907 918 
66 87 908 928 
22 81 908 910 
25 33 908 916 
44 81 909 910 
32 79 909 917 
49 67 909 927 
82 36 910 925 
66 11 910 915 
100 92 910 911 
67 36 911 919 
11 57 911 914 
53 61 912 919 
65 78 912 914 
69 50 912 913 
66 33 913 923 
86 26 913 921 
71 15 913 915 
13 98 914 921 
18 69 914 937 
55 26 914 924 
22 98 915 916 
34 64 915 919 
29 65 916 926 
93 23 916 922 
71 21 917 921 
50 48 917 932 
43 57 918 944 
21 100 918 923 
53 96 919 920 
62 95 919 947 
24 38 919 927 
73 71 920 938 
51 34 920 922 
21 33 921 925 
20 22 921 935 
71 98 921 939 
10 57 922 930 
18 100 922 929 
98 78 923 929 
75 32 923 926 
67 46 923 931 
28 18 924 939 
44 87 924 944 
47 59 924 936 
27 15 925 945 
72 22 925 929 
37 37 925 946 
34 22 926 936 
52 67 926 927 
88 17 927 932 
66 23 927 930 
76 39 927 942 
93 58 928 959 
10 10 928 965 
92 20 929 934 
45 84 929 956 
23 11 929 949 
16 99 930 933 
21 100 930 945 
48 57 930 934 
35 44 931 941 
86 32 931 938 
49 19 932 933 
80 29 932 946 
63 61 933 935 
12 22 933 956 
54 49 933 937 
44 50 934 941 
13 53 934 935 
68 86 934 960 
96 73 935 940 
76 70 935 941 
78 48 935 957 
55 86 936 940 
18 88 936 973 
82 27 936 939 
73 52 937 947 
28 76 937 951 
33 43 938 940 
55 92 938 946 
95 77 938 948 
63 67 939 955 
77 85 939 955 
97 93 939 958 
73 26 940 943 
90 18 940 959 
62 31 940 943 
80 97 941 942 
11 66 941 948 
17 94 941 951 
87 51 942 955 
43 37 942 952 
31 30 943 949 
32 29 943 944 
83 38 943 962 
15 48 944 1000 
97 20 944 945 
85 60 944 950 
60 75 945 953 
74 50 945 957 
63 59 945 973 
70 67 946 960 
35 24 946 952 
69 11 946 966 
22 49 947 954 
72 52 947 1023 
41 20 948 951 
11 82 948 949 
49 78 949 963 
76 66 949 961 
30 43 949 950 
41 25 950 953 
23 75 950 957 
39 63 951 961 
53 38 951 952 
50 17 951 954 
74 78 952 956 
54 39 952 984 
98 94 952 954 
85 42 953 997 
20 33 953 962 
47 28 954 965 
79 45 954 964 
28 70 954 974 
83 38 955 974 
49 33 955 999 
10 13 955 960 
46 96 956 978 
46 20 956 958 
70 46 956 958 
39 61 957 962 
92 27 957 963 
21 48 957 968 
73 67 958 965 
74 46 958 978 
18 98 958 969 
66 68 959 976 
75 85 959 964 
41 30 960 968 
35 52 960 972 
99 65 960 977 
75 49 961 966 
81 42 961 972 
64 65 962 969 
87 95 962 980 
12 14 962 963 
22 23 963 970 
42 21 963 971 
43 25 963 967 
38 18 964 975 
80 45 964 990 
40 83 965 967 
45 42 965 967 
21 72 965 968 
85 56 966 981 
30 81 966 976 
21 57 967 987 
90 86 967 972 
62 49 967 973 
54 51 968 971 
88 13 968 970 
56 74 968 984 
99 52 969 975 
29 78 969 981 
15 96 970 971 
32 60 970 977 
88 34 971 985 
87 36 971 974 
33 49 971 975 
57 11 972 982 
18 69 972 980 
92 55 972 983 
63 18 973 986 
80 60 973 979 
54 63 973 987 
90 93 974 978 
13 69 974 981 
66 84 974 998 
68 98 975 997 
22 15 975 991 
19 19 975 992 
96 95 976 977 
67 61 976 991 
13 89 977 979 
67 27 977 979 
17 54 977 986 
32 39 978 985 
73 78 978 996 
84 70 978 986 
19 53 979 1014 
25 49 979 990 
19 72 979 988 
26 23 980 1005 
30 36 980 982 
77 23 981 1024 
98 48 981 988 
79 11 981 982 
86 64 982 994 
31 11 982 983 
74 61 982 990 
91 20 983 984 
29 92 983 996 
75 26 984 1001 
23 16 984 995 
75 90 984 1030 
32 40 985 993 
19 11 985 989 
26 79 986 989 
50 30 986 996 
40 99 986 992 
38 25 987 1002 
90 29 987 989 
38 59 988 1002 
89 27 988 994 
15 70 989 993 
77 44 989 1019 
83 13 989 993 
56 47 990 999 
25 42 990 998 
99 93 990 1009 
28 65 991 1001 
64 66 991 992 
47 36 992 995 
96 46 992 1004 
28 87 992 1010 
16 26 993 1007 
69 29 993 994 
38 43 993 995 
61 50 994 998 
99 51 994 1003 
67 72 994 997 
43 67 995 1003 
46 97 995 1021 
90 46 995 1013 
54 35 996 1004 
33 39 996 1017 
67 88 996 1010 
86 34 997 1027 
35 76 997 1001 
21 94 997 1012 
24 99 998 1006 
94 40 998 1002 
25 58 998 999 
95 79 999 1008 
50 26 999 1007 
64 44 999 1000 
83 76 1000 1004 
25 99 1000 1022 
83 34 1001 1011 
41 53 1001 1024 
83 43 1001 1030 
26 44 1002 1005 
69 18 1002 1008 
90 64 1002 1006 
13 94 1003 1018 
89 23 1003 1017 
96 37 1004 1010 
83 36 1004 1015 
80 12 1004 1033 
72 82 1005 1011 
12 12 1005 1015 
27 40 1006 1008 
68 40 1006 1009 
74 24 1007 1027 
65 53 1007 1013 
38 59 1008 1011 
51 53 1008 1012 
47 56 1008 1009 
91 89 1009 1015 
10 96 1009 1052 
56 81 1009 1021 
64 15 1010 1013 
95 37 1010 1018 
66 98 1010 1037 
49 59 1011 1034 
69 12 1011 1014 
73 91 1011 1023 
65 100 1012 1019 
52 73 1012 1038 
14 38 1013 1014 
54 38 1013 1022 
62 71 1013 1021 
29 75 1014 1026 
71 45 1014 1020 
60 100 1014 1016 
58 97 1015 1026 
62 47 1015 1024 
72 90 1015 1016 
36 93 1016 1032 
72 68 1016 1018 
49 42 1017 1025 
28 15 1017 1020 
36 65 1018 1026 
91 95 1018 1043 
90 11 1018 1049 
50 76 1019 1033 
54 86 1019 1023 
80 32 1020 1046 
81 47 1020 1028 
12 87 1021 1069 
86 67 1021 1027 
32 66 1021 1056 
57 40 1022 1028 
22 91 1022 1031 
69 49 1023 1039 
48 81 1023 1058 
36 85 1023 1029 
20 11 1024 1025 
74 61 1024 1032 
47 46 1024 1029 
80 88 1025 1038 
36 22 1025 1034 
79 36 1026 1039 
20 86 1026 1040 
55 18 1026 1030 
73 13 1027 1038 
36 29 1027 1028 
99 22 1027 1036 
80 13 1028 1052 
13 15 1028 1046 
95 22 1028 1035 
61 23 1029 1035 
70 70 1029 1061 
31 18 1030 1031 
100 14 1030 1031 
74 60 1030 1033 
12 91 1031 1051 
41 28 1031 1043 
90 43 1031 1044 
20 45 1032 1048 
66 64 1032 1087 
34 57 1033 1055 
79 24 1033 1037 
13 91 1033 1042 
100 42 1034 1055 
75 23 1034 1036 
33 69 1035 1043 
29 72 1035 1037 
74 96 1036 1041 
72 98 1036 1061 
73 93 1037 1045 
69 11 1037 1049 
32 25 1037 1039 
57 23 1038 1040 
52 76 1038 1044 
30 13 1038 1040 
92 10 1039 1045 
53 80 1039 1047 
42 50 1039 1041 
76 62 1040 1059 
32 63 1040 1057 
78 58 1040 1041 
97 16 1041 1044 
57 76 1041 1046 
68 68 1041 1042 
93 39 1042 1050 
44 20 1042 1045 
21 73 1043 1048 
82 91 1043 1054 
23 31 1043 1047 
70 48 1044 1047 
43 22 1044 1056 
20 72 1044 1063 
53 69 1045 1048 
26 18 1045 1066 
97 23 1045 1049 
62 12 1046 1056 
16 59 1046 1050 
75 52 1046 1054 
19 76 1047 1067 
98 49 1047 1065 
66 24 1047 1054 
17 89 1048 1067 
71 50 1048 1099 
59 70 1048 1053 
68 21 1049 1050 
65 85 1049 1074 
77 28 1049 1064 
60 23 1050 1053 
41 62 1050 1051 
10 56 1050 1053 
44 81 1051 1052 
62 43 1051 1058 
70 87 1052 1057 
33 34 1052 1153 
64 46 1052 1059 
60 85 1053 1067 
70 90 1053 1062 
85 71 1053 1074 
73 78 1054 1063 
63 36 1054 1057 
73 55 1054 1066 
86 48 1055 1060 
67 34 1055 1064 
48 36 1056 1058 
85 65 1056 1072 
46 42 1056 1079 
53 86 1057 1061 
86 43 1057 1064 
90 68 1057 1059 
82 16 1058 1078 
14 78 1058 1062 
29 88 1058 1060 
26 83 1059 1077 
35 26 1059 1075 
14 13 1059 1071 
41 58 1060 1077 
28 65 1060 1089 
97 94 1061 1073 
77 31 1061 1073 
55 15 1061 1066 
64 76 1062 1071 
70 44 1062 1077 
47 22 1063 1070 
43 41 1063 1065 
47 98 1064 1065 
66 87 1064 1095 
72 18 1064 1068 
47 76 1065 1081 
75 93 1065 1068 
86 54 1065 1075 
92 32 1066 1070 
36 94 1066 1068 
67 78 1066 1071 
20 58 1067 1072 
93 73 1067 1069 
66 89 1067 1084 
68 56 1068 1079 
94 78 1068 1069 
18 50 1068 1094 
50 54 1069 1070 
100 31 1069 1107 
44 83 1069 1083 
23 84 1070 1072 
58 85 1070 1078 
75 19 1070 1078 
67 80 1071 1079 
43 37 1071 1076 
37 86 1071 1073 
28 56 1072 1080 
54 48 1072 1075 
31 23 1072 1080 
95 37 1073 1085 
38 46 1073 1094 
80 80 1073 1093 
43 15 1074 1076 
51 68 1074 1104 
77 40 1075 1086 
12 41 1075 1087 
100 74 1075 1081 
47 99 1076 1090 
32 69 1076 1084 
73 55 1077 1097 
28 68 1077 1083 
46 15 1077 1125 
83 71 1078 1080 
64 27 1078 1082 
19 61 1078 1082 
94 21 1079 1081 
28 67 1079 1085 
98 22 1079 1088 
51 46 1080 1082 
16 56 1080 1089 
17 16 1080 1085 
55 13 1081 1128 
35 86 1081 1086 
16 11 1081 1100 
40 28 1082 1092 
66 44 1082 1083 
19 69 1082 1093 
11 71 1083 1097 
34 37 1083 1086 
16 67 1083 1084 
27 93 1084 1096 
12 49 1084 1106 
98 88 1084 1094 
69 61 1085 1098 
75 26 1085 1088 
35 37 1085 1098 
59 85 1086 1087 
35 91 1086 1102 
41 36 1086 1091 
76 27 1087 1100 
60 40 1087 1091 
92 53 1087 1097 
25 35 1088 1090 
67 84 1088 1091 
96 94 1089 1090 
16 76 1089 1113 
42 71 1090 1111 
42 57 1090 1110 
76 100 1090 1096 
15 36 1091 1092 
90 28 1091 1119 
32 41 1091 1103 
98 88 1092 1095 
88 18 1092 1105 
68 73 1093 1098 
95 88 1093 1103 
51 35 1094 1121 
57 96 1094 1113 
80 60 1094 1095 
23 10 1095 1099 
30 92 1095 1113 
64 89 1095 1102 
70 46 1096 1106 
98 12 1096 1101 
76 34 1097 1119 
79 62 1097 1101 
99 77 1097 1105 
56 43 1098 1103 
62 15 1098 1119 
35 10 1098 1100 
95 75 1099 1108 
53 90 1099 1104 
93 26 1100 1104 
79 28 1100 1114 
41 84 1100 1102 
62 17 1101 1108 
86 26 1101 1122 
43 53 1102 1109 
68 10 1102 1117 
28 71 1102 1108 
55 98 1103 1114 
60 17 1103 1126 
19 34 1103 1128 
79 30 1104 1126 
58 33 1104 1120 
54 33 1104 1116 
19 54 1105 1107 
42 10 1105 1106 
25 69 1106 1115 
90 20 1106 1109 
80 54 1106 1129 
44 11 1107 1123 
79 88 1107 1112 
94 45 1108 1127 
72 60 1108 1117 
77 66 1108 1109 
90 84 1109 1118 
47 72 1109 1110 
71 44 1109 1110 
94 17 1110 1111 
52 75 1110 1141 
99 85 1110 1115 
63 14 1111 1147 
84 64 1111 1112 
67 41 1112 1138 
71 65 1112 1143 
31 54 1113 1122 
95 100 1113 1132 
35 35 1113 1135 
44 67 1114 1125 
95 60 1114 1115 
52 30 1115 1116 
85 72 1115 1135 
84 46 1115 1120 
50 11 1116 1122 
24 30 1116 1118 
40 89 1117 1127 
35 89 1117 1131 
79 11 1118 1146 
48 17 1118 1121 
93 48 1119 1124 
100 92 1119 1123 
89 84 1119 1131 
34 72 1120 1123 
78 94 1120 1162 
98 62 1121 1130 
37 48 1121 1137 
66 99 1122 1126 
65 71 1122 1125 
22 65 1122 1124 
36 49 1123 1136 
11 42 1123 1129 
24 59 1123 1132 
30 83 1124 1145 
55 18 1124 1139 
89 12 1125 1130 
97 13 1125 1132 
11 44 1125 1130 
35 89 1126 1128 
38 75 1126 1127 
97 84 1126 1152 
26 71 1127 1133 
30 33 1127 1129 
51 72 1127 1139 
93 38 1128 1150 
30 91 1128 1148 
60 98 1128 1141 
20 37 1129 1140 
31 68 1129 1131 
15 37 1129 1137 
63 35 1130 1135 
27 53 1130 1160 
82 85 1130 1133 
24 97 1131 1138 
43 14 1131 1134 
56 27 1131 1134 
88 85 1132 1140 
70 87 1132 1147 
53 99 1132 1145 
72 51 1133 1136 
42 28 1133 1138 
25 23 1134 1136 
48 42 1134 1149 
54 35 1135 1157 
34 36 1135 1137 
96 38 1135 1143 
54 88 1136 1141 
75 72 1136 1155 
13 56 1136 1148 
28 59 1137 1166 
15 45 1137 1157 
37 34 1137 1162 
71 51 1138 1142 
47 91 1138 1140 
70 14 1138 1186 
25 67 1139 1142 
99 25 1139 1144 
29 61 1140 1156 
86 56 1140 1152 
35 67 1140 1159 
15 99 1141 1149 
69 89 1141 1144 
72 40 1141 1145 
96 99 1142 1151 
31 21 1142 1171 
98 39 1143 1144 
80 74 1143 1150 
71 63 1144 1147 
96 38 1144 1161 
84 39 1144 1146 
23 15 1145 1165 
12 76 1145 1165 
30 52 1145 1154 
98 37 1146 1151 
63 69 1146 1149 
99 13 1147 1153 
68 65 1147 1163 
16 59 1147 1179 
80 43 1148 1152 
70 22 1148 1154 
45 90 1149 1151 
66 75 1149 1163 
21 49 1149 1153 
72 77 1150 1164 
37 13 1150 1154 
24 63 1151 1173 
29 89 1151 1184 
78 68 1151 1172 
53 47 1152 1155 
24 24 1152 1155 
87 18 1152 1187 
31 42 1153 1158 
55 86 1153 1157 
25 89 1153 1164 
94 11 1154 1179 
85 17 1154 1175 
55 45 1154 1156 
71 65 1155 1160 
78 20 1155 1156 
58 90 1155 1164 
74 93 1156 1174 
36 59 1156 1158 
52 69 1156 1158 
92 49 1157 1169 
56 70 1157 1176 
95 85 1157 1169 
26 73 1158 1159 
22 65 1158 1160 
18 24 1158 1161 
43 90 1159 1195 
40 59 1159 1188 
72 97 1160 1203 
99 48 1160 1168 
71 91 1160 1170 
89 63 1161 1183 
92 32 1161 1168 
44 31 1162 1176 
30 22 1162 1182 
82 69 1163 1177 
51 45 1163 1166 
51 27 1164 1178 
54 53 1164 1166 
26 35 1164 1169 
74 43 1165 1182 
37 84 1165 1170 
29 68 1166 1167 
47 37 1166 1167 
86 38 1166 1178 
71 99 1167 1171 
73 81 1167 1171 
83 83 1168 1172 
68 39 1168 1184 
90 55 1169 1170 
16 80 1169 1173 
44 72 1169 1174 
48 13 1170 1176 
66 14 1170 1180 
49 54 1170 1178 
85 10 1171 1172 
65 19 1171 1181 
27 72 1171 1173 
79 72 1172 1175 
12 28 1172 1177 
17 83 1172 1183 
40 31 1173 1192 
77 82 1173 1174 
11 33 1173 1204 
75 80 1174 1175 
87 68 1174 1184 
56 87 1174 1177 
58 55 1175 1179 
39 36 1175 1194 
44 80 1175 1185 
63 51 1176 1197 
37 48 1176 1180 
36 93 1176 1204 
31 71 1177 1190 
93 59 1177 1180 
19 27 1177 1193 
37 39 1178 1190 
29 95 1178 1189 
49 70 1178 1181 
39 36 1179 1205 
65 84 1179 1183 
42 79 1179 1189 
20 28 1180 1187 
95 30 1180 1197 
69 27 1180 1190 
65 83 1181 1186 
88 22 1181 1201 
100 19 1182 1185 
92 72 1182 1232 
93 96 1183 1199 
28 34 1183 1191 
12 53 1183 1194 
79 24 1184 1216 
62 70 1184 1189 
31 40 1184 1193 
89 80 1185 1202 
79 58 1185 1212 
51 18 1186 1192 
85 10 1186 1221 
48 25 1187 1188 
51 18 1187 1188 
43 34 1188 1191 
74 84 1188 1197 
73 10 1188 1203 
67 98 1189 1198 
21 10 1189 1191 
16 92 1189 1209 
20 61 1190 1195 
23 76 1190 1200 
35 60 1190 1211 
32 100 1191 1192 
93 92 1191 1200 
18 48 1191 1206 
82 36 1192 1200 
22 44 1192 1196 
25 20 1192 1196 
88 52 1193 1213 
91 26 1193 1208 
71 73 1194 1206 
30 34 1194 1196 
90 35 1195 1214 
95 55 1195 1208 
56 89 1196 1198 
33 32 1196 1204 
18 71 1196 1218 
16 94 1197 1210 
59 29 1197 1201 
100 82 1197 1223 
72 49 1198 1199 
96 25 1198 1208 
34 94 1199 1210 
48 81 1199 1206 
23 28 1200 1223 
75 97 1200 1202 
48 46 1200 1229 
88 53 1201 1205 
46 63 1201 1203 
78 62 1202 1214 
65 94 1202 1216 
46 49 1203 1212 
71 12 1203 1253 
22 22 1203 1209 
64 73 1204 1205 
13 17 1204 1224 
88 47 1204 1220 
99 90 1205 1207 
17 52 1205 1218 
98 41 1205 1207 
14 46 1206 1222 
72 35 1206 1239 
20 94 1206 1225 
100 19 1207 1221 
15 13 1207 1211 
15 28 1208 1214 
68 10 1208 1229 
84 53 1208 1243 
25 87 1209 1236 
95 100 1209 1210 
16 42 1210 1217 
95 68 1210 1211 
22 71 1210 1247 
15 75 1211 1213 
59 98 1211 1216 
67 25 1211 1228 
46 36 1212 1221 
78 15 1212 1217 
15 26 1213 1215 
42 30 1213 1224 
23 13 1214 1235 
80 18 1214 1215 
40 21 1214 1215 
98 80 1215 1219 
11 83 1215 1220 
14 74 1215 1222 
80 58 1216 1224 
30 50 1216 1223 
45 71 1216 1230 
70 29 1217 1219 
88 87 1217 1225 
57 86 1218 1226 
46 63 1218 1226 
31 50 1219 1231 
74 63 1219 1238 
94 14 1220 1255 
18 16 1220 1227 
97 80 1221 1263 
57 86 1221 1230 
69 16 1221 1235 
12 39 1222 1232 
58 42 1222 1233 
19 69 1223 1227 
34 83 1223 1248 
73 32 1223 1252 
60 32 1224 1228 
68 59 1224 1225 
99 36 1224 1230 
49 13 1225 1227 
67 77 1225 1233 
93 78 1225 1226 
77 88 1226 1232 
60 26 1226 1233 
14 27 1226 1228 
27 72 1227 1240 
90 47 1227 1247 
27 62 1227 1231 
44 53 1228 1238 
32 46 1228 1242 
12 36 1228 1234 
43 45 1229 1251 
75 10 1229 1247 
47 90 1230 1253 
76 62 1230 1246 
25 68 1230 1252 
79 72 1231 1234 
81 58 1231 1255 
39 51 1232 1251 
64 43 1232 1241 
57 75 1232 1274 
93 78 1233 1239 
84 13 1233 1236 
83 73 1233 1239 
16 100 1234 1237 
15 86 1234 1235 
53 67 1235 1237 
98 43 1235 1243 
32 71 1235 1237 
44 93 1236 1254 
63 22 1236 1264 
41 86 1237 1250 
73 31 1237 1241 
64 17 1237 1238 
50 74 1238 1255 
42 28 1238 1276 
38 80 1238 1260 
15 12 1239 1242 
16 54 1239 1242 
54 21 1239 1240 
36 85 1240 1243 
52 17 1240 1258 
98 18 1241 1261 
51 65 1241 1246 
76 93 1242 1244 
67 87 1242 1245 
65 63 1242 1244 
43 15 1243 1245 
72 48 1243 1254 
80 72 1243 1248 
98 88 1244 1248 
32 20 1244 1245 
47 95 1245 1246 
77 12 1245 1250 
43 45 1245 1262 
85 56 1246 1264 
92 29 1246 1251 
55 74 1246 1249 
100 85 1247 1270 
77 11 1247 1281 
93 55 1247 1271 
70 40 1248 1259 
38 78 1248 1257 
40 35 1248 1249 
29 74 1249 1262 
31 10 1249 1253 
10 35 1250 1263 
13 21 1250 1282 
41 38 1251 1261 
89 49 1251 1252 
70 78 1251 1257 
90 85 1252 1257 
23 83 1252 1304 
68 44 1252 1260 
48 40 1253 1256 
40 49 1253 1260 
69 70 1253 1259 
36 18 1254 1277 
31 77 1254 1258 
22 60 1255 1267 
21 71 1255 1256 
11 91 1255 1263 
26 73 1256 1306 
76 44 1256 1259 
58 13 1257 1288 
96 22 1257 1273 
27 90 1257 1293 
16 34 1258 1278 
34 33 1258 1261 
69 18 1259 1283 
48 63 1259 1274 
66 30 1259 1270 
27 69 1260 1273 
53 30 1260 1294 
38 89 1260 1269 
56 20 1261 1266 
56 44 1261 1262 
48 42 1261 1279 
12 98 1262 1272 
41 23 1262 1285 
83 64 1262 1265 
58 32 1263 1265 
63 34 1263 1295 
76 39 1263 1266 
18 64 1264 1266 
37 23 1264 1265 
18 52 1265 1286 
61 86 1265 1267 
23 11 1265 1267 
45 10 1266 1299 
65 92 1266 1269 
66 66 1266 1269 
57 81 1267 1268 
96 85 1267 1268 
53 45 1267 1272 
58 18 1268 1285 
50 75 1268 1272 
52 33 1269 1274 
47 72 1269 1271 
69 73 1269 1292 
47 24 1270 1280 
91 98 1270 1276 
28 51 1271 1275 
19 24 1271 1281 
12 68 1272 1298 
59 95 1272 1282 
61 68 1272 1315 
93 79 1273 1275 
70 48 1273 1283 
51 88 1274 1287 
88 38 1274 1294 
97 29 1274 1275 
68 44 1275 1281 
88 77 1275 1276 
83 13 1275 1277 
10 33 1276 1279 
50 58 1276 1277 
78 28 1276 1292 
50 100 1277 1279 
78 18 1277 1278 
94 63 1277 1295 
79 84 1278 1280 
76 30 1278 1290 
12 83 1279 1280 
90 87 1279 1284 
91 41 1279 1289 
58 47 1280 1282 
51 56 1280 1289 
15 72 1280 1312 
14 82 1281 1290 
12 70 1281 1301 
86 30 1281 1307 
60 41 1282 1287 
68 100 1282 1283 
93 96 1282 1287 
10 87 1283 1284 
13 28 1283 1288 
87 67 1283 1309 
15 97 1284 1303 
82 90 1284 1286 
19 15 1285 1286 
72 49 1285 1297 
21 73 1286 1291 
47 47 1286 1295 
55 35 1286 1296 
72 40 1287 1292 
57 95 1287 1296 
89 24 1287 1296 
55 73 1288 1290 
57 54 1288 1311 
10 42 1289 1323 
76 16 1289 1291 
91 22 1290 1313 
32 87 1290 1293 
74 60 1290 1298 
54 72 1291 1304 
70 28 1291 1301 
38 42 1292 1328 
72 33 1292 1308 
22 60 1292 1302 
22 78 1293 1313 
75 100 1293 1317 
97 73 1294 1297 
76 61 1294 1299 
15 87 1295 1305 
51 21 1295 1305 
20 51 1295 1300 
90 53 1296 1298 
19 21 1296 1297 
46 91 1296 1322 
87 81 1297 1304 
45 98 1297 1310 
18 61 1297 1319 
69 92 1298 1299 
42 62 1298 1305 
38 90 1298 1338 
32 13 1299 1344 
20 38 1299 1300 
64 99 1299 1303 
55 56 1300 1302 
53 47 1300 1315 
86 69 1301 1342 
22 89 1301 1318 
93 97 1302 1314 
72 36 1302 1307 
89 57 1303 1308 
39 80 1303 1312 
15 90 1304 1310 
15 89 1304 1309 
64 77 1304 1306 
64 38 1305 1307 
13 52 1305 1324 
43 54 1305 1332 
33 42 1306 1311 
46 86 1306 1315 
48 30 1307 1308 
22 12 1307 1320 
53 12 1307 1318 
27 47 1308 1341 
45 98 1308 1321 
87 14 1308 1310 
92 86 1309 1321 
93 95 1309 1312 
64 73 1310 1313 
80 15 1310 1319 
67 100 1310 1314 
16 48 1311 1316 
52 74 1311 1402 
51 50 1312 1314 
86 11 1312 1354 
14 98 1312 1318 
15 12 1313 1328 
72 80 1313 1316 
22 67 1313 1317 
60 25 1314 1323 
22 85 1314 1316 
21 91 1314 1346 
57 14 1315 1326 
82 100 1315 1344 
12 100 1315 1355 
48 25 1316 1334 
20 22 1316 1320 
67 15 1316 1317 
99 27 1317 1319 
66 68 1317 1324 
68 98 1317 1334 
28 17 1318 1325 
20 78 1318 1331 
14 91 1318 1326 
25 71 1319 1330 
80 43 1319 1325 
19 55 1319 1321 
30 70 1320 1327 
35 88 1320 1322 
39 60 1321 1326 
76 69 1321 1323 
57 76 1321 1322 
100 76 1322 1351 
66 71 1322 1339 
45 94 1322 1324 
16 16 1323 1348 
84 83 1323 1327 
94 17 1323 1357 
66 34 1324 1330 
42 12 1324 1342 
91 24 1324 1325 
67 62 1325 1328 
84 79 1325 1351 
11 55 1325 1327 
91 95 1326 1333 
18 11 1326 1329 
43 67 1326 1336 
96 38 1327 1335 
34 63 1327 1333 
48 99 1327 1329 
64 96 1328 1330 
64 90 1328 1342 
71 45 1328 1344 
56 33 1329 1332 
91 86 1329 1331 
11 82 1330 1337 
13 91 1330 1338 
34 62 1330 1332 
83 19 1331 1336 
89 74 1331 1390 
53 40 1332 1335 
98 60 1332 1370 
90 39 1332 1337 
60 88 1333 1350 
26 83 1333 1347 
82 85 1334 1340 
81 67 1334 1341 
85 67 1335 1337 
94 94 1335 1339 
41 19 1336 1338 
49 79 1336 1340 
73 41 1337 1343 
53 24 1337 1352 
99 65 1337 1345 
82 84 1338 1345 
17 95 1338 1347 
23 37 1338 1339 
31 88 1339 1349 
36 28 1339 1346 
83 50 1339 1369 
41 77 1340 1341 
57 54 1340 1350 
50 65 1341 1343 
98 95 1341 1349 
41 83 1341 1343 
28 44 1342 1346 
97 95 1342 1348 
46 88 1342 1358 
44 53 1343 1364 
37 80 1343 1354 
11 87 1343 1357 
60 98 1344 1360 
43 52 1344 1345 
17 90 1344 1353 
26 36 1345 1352 
23 61 1345 1354 
68 10 1345 1353 
89 37 1346 1385 
34 88 1346 1348 
48 88 1346 1356 
19 70 1347 1360 
25 97 1347 1357 
54 18 1348 1356 
27 97 1348 1374 
26 52 1348 1362 
16 73 1349 1350 
70 18 1349 1370 
22 86 1350 1351 
97 72 1350 1367 
28 57 1350 1361 
12 56 1351 1359 
52 88 1351 1359 
92 53 1351 1352 
39 14 1352 1358 
21 54 1352 1353 
76 63 1352 1363 
58 65 1353 1374 
49 36 1353 1362 
45 68 1353 1377 
46 39 1354 1356 
64 25 1354 1355 
44 22 1354 1358 
49 88 1355 1392 
17 93 1355 1359 
82 84 1356 1363 
46 44 1356 1361 
82 22 1356 1366 
66 22 1357 1388 
69 36 1357 1368 
50 64 1357 1381 
44 83 1358 1382 
72 60 1358 1375 
31 58 1358 1370 
55 83 1359 1365 
14 87 1359 1366 
83 15 1359 1360 
50 86 1360 1388 
46 36 1360 1368 
16 69 1360 1373 
85 90 1361 1371 
32 26 1361 1367 
12 93 1362 1371 
64 90 1362 1369 
10 65 1363 1364 
32 73 1363 1365 
40 15 1364 1372 
48 50 1364 1392 
49 51 1365 1394 
13 15 1365 1376 
23 24 1366 1404 
37 63 1366 1417 
37 47 1367 1380 
16 96 1367 1384 
95 37 1368 1394 
68 29 1368 1373 
22 55 1369 1376 
82 49 1369 1371 
30 15 1370 1372 
80 60 1370 1372 
25 70 1370 1373 
64 41 1371 1387 
24 16 1371 1386 
98 47 1371 1386 
44 36 1372 1389 
18 75 1372 1377 
37 52 1372 1378 
26 67 1373 1374 
18 90 1373 1375 
70 26 1373 1376 
61 88 1374 1384 
58 55 1374 1412 
14 88 1374 1378 
12 39 1375 1379 
71 12 1375 1381 
24 19 1376 1383 
84 100 1376 1379 
80 26 1376 1380 
31 18 1377 1380 
93 74 1377 1384 
100 30 1378 1385 
86 61 1378 1390 
41 87 1379 1388 
96 43 1379 1382 
47 36 1380 1381 
21 60 1380 1395 
53 73 1380 1402 
43 95 1381 1383 
66 35 1381 1387 
15 87 1381 1383 
44 13 1382 1396 
53 100 1382 1387 
11 52 1383 1391 
98 22 1383 1421 
40 26 1383 1400 
57 80 1384 1394 
26 78 1384 1391 
76 68 1384 1389 
72 84 1385 1398 
14 13 1385 1386 
20 65 1386 1391 
35 34 1386 1390 
14 90 1386 1398 
90 88 1387 1410 
50 42 1387 1436 
20 38 1387 1393 
33 73 1388 1398 
85 72 1388 1393 
23 32 1388 1413 
85 70 1389 1410 
43 60 1389 1392 
28 36 1390 1395 
16 66 1390 1400 
78 43 1390 1401 
13 25 1391 1395 
44 51 1391 1404 
98 31 1391 1415 
39 80 1392 1418 
67 74 1392 1393 
25 21 1392 1401 
30 97 1393 1399 
72 38 1393 1415 
92 100 1393 1399 
78 17 1394 1396 
65 73 1394 1410 
26 48 1394 1396 
57 61 1395 1397 
73 18 1395 1403 
11 82 1395 1405 
100 55 1396 1403 
57 97 1396 1408 
84 61 1396 1397 
25 52 1397 1406 
65 91 1397 1405 
33 78 1398 1411 
67 78 1398 1404 
90 25 1398 1416 
43 54 1399 1401 
78 10 1399 1409 
86 33 1400 1430 
28 62 1400 1439 
94 20 1401 1403 
37 85 1401 1408 
98 36 1401 1413 
53 48 1402 1439 
76 90 1402 1435 
39 39 1403 1411 
77 57 1403 1409 
30 33 1403 1415 
91 59 1404 1408 
90 88 1404 1407 
81 90 1404 1406 
78 42 1405 1429 
44 17 1405 1417 
84 19 1406 1407 
98 50 1406 1423 
10 64 1407 1416 
52 10 1407 1437 
46 49 1408 1409 
30 37 1408 1416 
52 95 1408 1434 
73 75 1409 1411 
92 81 1409 1451 
70 92 1409 1458 
70 68 1410 1419 
17 96 1410 1418 
89 10 1410 1412 
48 23 1411 1425 
23 15 1411 1412 
80 39 1411 1414 
27 89 1412 1420 
37 36 1412 1433 
32 12 1412 1414 
40 41 1413 1431 
69 54 1413 1414 
82 81 1414 1419 
97 25 1414 1428 
73 44 1414 1428 
23 13 1415 1423 
32 29 1415 1422 
48 84 1415 1431 
45 67 1416 1424 
72 58 1416 1426 
74 36 1416 1421 
91 16 1417 1440 
16 69 1417 1426 
30 24 1418 1429 
26 59 1418 1419 
62 33 1419 1424 
37 84 1419 1425 
34 46 1419 1420 
65 65 1420 1421 
52 12 1420 1422 
86 62 1421 1432 
91 28 1421 1442 
60 51 1421 1427 
66 36 1422 1443 
18 37 1422 1425 
35 98 1423 1432 
96 38 1423 1424 
92 54 1424 1435 
20 92 1424 1431 
59 27 1424 1430 
43 41 1425 1444 
68 100 1425 1428 
51 22 1425 1436 
77 86 1426 1427 
52 88 1426 1429 
39 75 1427 1433 
48 30 1427 1446 
53 49 1428 1437 
99 94 1428 1433 
81 92 1428 1463 
14 91 1429 1439 
66 23 1429 1441 
75 45 1429 1438 
50 78 1430 1454 
75 29 1430 1434 
15 31 1431 1475 
58 17 1431 1432 
58 14 1431 1438 
20 55 1432 1441 
82 80 1432 1440 
63 94 1432 1442 
65 78 1433 1492 
24 54 1433 1442 
48 26 1433 1434 
88 10 1434 1445 
59 70 1434 1451 
10 68 1434 1435 
100 26 1435 1455 
89 29 1435 1437 
11 52 1435 1441 
35 81 1436 1445 
85 100 1436 1444 
16 25 1437 1447 
62 58 1437 1438 
78 38 1437 1470 
33 52 1438 1447 
53 58 1438 1455 
39 74 1438 1468 
92 82 1439 1462 
51 40 1439 1453 
14 39 1439 1444 
79 84 1440 1443 
33 20 1440 1465 
23 43 1441 1446 
48 39 1441 1462 
27 35 1441 1453 
32 26 1442 1454 
43 28 1442 1448 
26 56 1442 1461 
33 100 1443 1452 
37 15 1443 1448 
50 26 1444 1446 
76 54 1444 1450 
84 72 1444 1454 
79 77 1445 1456 
58 76 1445 1458 
59 96 1446 1452 
60 95 1446 1463 
36 90 1446 1449 
71 21 1447 1449 
73 88 1447 1448 
17 50 1448 1457 
37 21 1448 1457 
21 23 1448 1450 
68 29 1449 1451 
40 12 1449 1455 
66 78 1450 1467 
72 78 1450 1456 
49 13 1451 1461 
71 92 1451 1460 
11 37 1451 1452 
15 79 1452 1477 
67 99 1452 1456 
52 84 1452 1462 
64 22 1453 1474 
77 48 1453 1476 
41 23 1454 1479 
95 28 1454 1464 
50 83 1454 1463 
21 15 1455 1458 
36 51 1455 1465 
91 53 1455 1471 
19 37 1456 1460 
75 10 1456 1481 
82 43 1456 1477 
86 74 1457 1460 
41 63 1457 1459 
39 85 1458 1464 
89 10 1458 1459 
98 42 1458 1461 
29 97 1459 1499 
77 25 1459 1469 
32 55 1460 1470 
20 35 1460 1466 
93 47 1460 1467 
49 73 1461 1478 
35 16 1461 1467 
26 50 1461 1466 
40 26 1462 1472 
53 26 1462 1470 
25 30 1462 1479 
31 89 1463 1481 
63 18 1463 1474 
23 66 1463 1471 
95 60 1464 1468 
26 11 1464 1475 
34 84 1465 1466 
14 83 1465 1490 
40 87 1466 1474 
43 37 1466 1483 
24 50 1466 1472 
46 80 1467 1472 
92 68 1467 1469 
81 55 1467 1477 
17 100 1468 1473 
18 72 1468 1496 
41 57 1469 1473 
36 45 1469 1483 
88 45 1470 1487 
71 37 1470 1489 
92 68 1470 1488 
17 24 1471 1483 
25 48 1471 1481 
70 92 1472 1484 
96 20 1472 1473 
68 63 1472 1479 
15 81 1473 1489 
70 58 1473 1484 
98 33 1473 1475 
46 31 1474 1482 
45 60 1474 1501 
18 23 1474 1480 
30 41 1475 1476 
74 51 1475 1504 
61 54 1475 1480 
99 96 1476 1478 
12 49 1476 1500 
29 62 1477 1495 
72 94 1477 1490 
61 20 1477 1478 
87 66 1478 1499 
37 38 1478 1500 
49 56 1478 1480 
26 32 1479 1508 
37 48 1479 1506 
18 52 1479 1485 
62 93 1480 1482 
31 67 1480 1488 
95 21 1480 1485 
24 50 1481 1498 
35 61 1481 1486 
73 28 1481 1482 
78 53 1482 1494 
21 43 1482 1486 
72 46 1482 1505 
14 63 1483 1487 
68 82 1483 1485 
64 21 1483 1526 
67 77 1484 1491 
94 69 1484 1492 
99 60 1485 1486 
31 47 1485 1507 
24 65 1485 1494 
33 31 1486 1488 
23 47 1486 1490 
79 29 1486 1496 
80 92 1487 1505 
46 76 1487 1499 
96 51 1488 1497 
75 83 1488 1491 
39 40 1488 1503 
67 69 1489 1509 
67 52 1489 1494 
47 87 1490 1528 
19 24 1490 1492 
48 57 1490 1508 
56 56 1491 1522 
33 51 1491 1495 
99 12 1492 1493 
49 42 1492 1493 
42 31 1492 1497 
98 73 1493 1501 
42 38 1493 1511 
41 51 1494 1495 
67 26 1494 1501 
38 44 1494 1514 
100 57 1495 1517 
36 84 1495 1498 
93 65 1495 1502 
71 57 1496 1506 
62 57 1496 1534 
34 98 1497 1502 
46 39 1497 1519 
94 30 1498 1513 
12 30 1498 1509 
35 76 1499 1504 
70 62 1499 1524 
45 99 1499 1518 
25 71 1500 1508 
63 76 1500 1502 
13 95 1501 1507 
28 87 1501 1509 
54 90 1501 1513 
12 93 1502 1503 
31 55 1502 1524 
64 68 1502 1503 
14 87 1503 1514 
38 48 1503 1511 
66 43 1503 1504 
41 72 1504 1507 
67 21 1504 1520 
51 41 1504 1505 
30 85 1505 1512 
74 71 1505 1511 
16 15 1505 1510 
67 13 1506 1540 
76 25 1506 1512 
97 37 1507 1529 
65 76 1507 1521 
16 97 1507 1516 
48 67 1508 1517 
74 66 1508 1513 
74 49 1508 1516 
68 55 1509 1532 
39 29 1509 1510 
81 95 1509 1527 
37 20 1510 1515 
86 31 1510 1530 
56 80 1511 1523 
24 48 1511 1512 
71 15 1511 1535 
38 12 1512 1517 
39 65 1512 1515 
69 12 1512 1532 
63 50 1513 1518 
11 38 1513 1541 
48 82 1513 1519 
59 44 1514 1518 
20 91 1514 1527 
74 10 1515 1519 
95 80 1515 1516 
81 48 1516 1522 
100 96 1516 1520 
64 96 1516 1531 
23 23 1517 1539 
100 29 1517 1523 
35 25 1517 1526 
65 80 1518 1521 
11 29 1518 1523 
42 49 1518 1547 
86 78 1519 1525 
80 54 1519 1521 
71 12 1519 1527 
38 98 1520 1537 
91 91 1520 1522 
19 21 1521 1542 
10 89 1521 1524 
13 77 1521 1528 
58 42 1522 1529 
34 20 1522 1525 
22 25 1522 1537 
97 36 1523 1526 
23 41 1523 1538 
83 61 1523 1562 
98 16 1524 1533 
60 39 1524 1536 
18 70 1524 1538 
42 50 1525 1548 
74 54 1525 1555 
15 82 1526 1541 
33 62 1526 1533 
73 24 1526 1531 
61 20 1527 1532 
77 82 1527 1528 
40 47 1527 1530 
57 69 1528 1545 
77 27 1528 1552 
76 12 1528 1559 
88 82 1529 1533 
45 83 1529 1544 
80 69 1530 1544 
77 83 1530 1534 
22 51 1531 1535 
10 97 1531 1536 
48 74 1532 1553 
40 47 1532 1548 
28 27 1532 1545 
63 81 1533 1536 
58 89 1533 1546 
11 81 1533 1534 
10 53 1534 1542 
33 89 1534 1550 
35 88 1534 1540 
52 22 1535 1541 
47 100 1535 1549 
13 41 1536 1584 
28 80 1536 1538 
10 19 1536 1543 
38 59 1537 1561 
40 63 1537 1539 
89 59 1538 1549 
94 64 1538 1543 
38 35 1538 1570 
31 89 1539 1559 
57 10 1539 1545 
53 100 1540 1554 
27 33 1540 1588 
75 100 1541 1558 
66 16 1541 1543 
58 71 1541 1551 
78 46 1542 1573 
78 98 1542 1554 
22 40 1543 1544 
47 84 1543 1550 
89 75 1543 1548 
32 72 1544 1547 
41 93 1544 1557 
68 53 1544 1553 
39 65 1545 1546 
24 52 1545 1552 
17 70 1545 1551 
94 34 1546 1549 
22 58 1546 1551 
28 90 1547 1563 
68 93 1547 1555 
53 85 1548 1558 
48 21 1548 1556 
91 29 1548 1568 
100 46 1549 1589 
44 60 1549 1558 
68 90 1549 1559 
65 35 1550 1560 
50 19 1550 1619 
80 48 1551 1553 
24 37 1551 1565 
48 20 1551 1564 
18 17 1552 1592 
38 38 1552 1557 
94 52 1553 1555 
62 42 1553 1561 
55 83 1553 1560 
28 13 1554 1570 
87 39 1554 1564 
98 40 1555 1556 
28 64 1555 1561 
64 54 1555 1592 
48 40 1556 1567 
93 28 1556 1568 
10 59 1557 1572 
91 12 1557 1560 
22 63 1558 1565 
95 26 1558 1573 
70 94 1558 1562 
12 50 1559 1597 
35 34 1559 1583 
75 70 1559 1567 
82 51 1560 1578 
79 100 1560 1573 
11 34 1560 1606 
63 24 1561 1568 
60 55 1561 1577 
89 89 1561 1566 
54 55 1562 1574 
75 99 1562 1563 
18 24 1563 1572 
60 22 1563 1564 
84 96 1564 1566 
28 79 1564 1569 
39 96 1564 1577 
58 95 1565 1569 
93 74 1565 1579 
86 26 1566 1582 
15 57 1566 1571 
59 73 1567 1596 
99 86 1567 1570 
86 75 1568 1571 
12 19 1568 1580 
55 20 1568 1569 
26 20 1569 1572 
70 11 1569 1583 
10 89 1569 1576 
83 78 1570 1580 
73 38 1570 1578 
75 84 1570 1579 
58 27 1571 1574 
66 55 1571 1600 
87 51 1572 1574 
37 70 1572 1579 
42 49 1572 1584 
20 38 1573 1582 
29 77 1573 1575 
12 22 1573 1595 
15 71 1574 1575 
82 30 1574 1576 
31 21 1574 1584 
99 21 1575 1589 
51 99 1575 1580 
90 29 1576 1619 
99 63 1576 1581 
62 85 1577 1578 
43 17 1577 1595 
42 99 1578 1581 
56 90 1578 1590 
84 97 1578 1612 
80 37 1579 1590 
43 40 1579 1586 
23 35 1579 1597 
52 18 1580 1581 
99 52 1580 1594 
58 100 1580 1587 
61 91 1581 1585 
10 45 1581 1582 
18 88 1581 1589 
35 33 1582 1585 
83 24 1582 1586 
73 39 1582 1587 
89 21 1583 1611 
96 63 1583 1591 
35 19 1584 1593 
44 37 1584 1602 
100 99 1584 1585 
36 56 1585 1628 
80 81 1585 1587 
22 29 1585 1598 
66 44 1586 1594 
53 76 1586 1590 
35 76 1587 1588 
20 26 1587 1600 
18 55 1587 1598 
68 66 1588 1591 
78 59 1588 1601 
63 33 1589 1614 
44 18 1589 1593 
15 76 1589 1610 
16 77 1590 1605 
17 20 1590 1615 
54 28 1590 1591 
36 83 1591 1607 
19 94 1591 1597 
99 53 1591 1600 
95 33 1592 1595 
84 25 1592 1593 
92 56 1593 1599 
40 92 1593 1601 
88 74 1593 1596 
96 41 1594 1607 
47 52 1594 1603 
87 77 1595 1596 
69 26 1595 1665 
38 100 1595 1602 
92 82 1596 1608 
57 13 1596 1606 
38 24 1596 1604 
11 43 1597 1609 
61 76 1597 1599 
19 24 1597 1598 
38 44 1598 1606 
16 85 1598 1603 
11 15 1598 1599 
66 63 1599 1605 
85 84 1599 1610 
59 84 1599 1607 
85 17 1600 1617 
40 15 1600 1601 
57 66 1600 1608 
89 45 1601 1630 
14 33 1601 1608 
30 15 1601 1613 
70 37 1602 1611 
28 67 1602 1604 
83 29 1603 1623 
30 76 1603 1612 
33 19 1604 1613 
79 85 1604 1621 
67 83 1605 1616 
32 19 1605 1628 
97 34 1606 1612 
76 62 1606 1609 
40 66 1606 1609 
29 87 1607 1622 
27 12 1607 1634 
98 90 1607 1630 
25 60 1608 1613 
26 45 1608 1628 
98 25 1608 1624 
20 47 1609 1610 
69 94 1609 1627 
89 14 1609 1625 
49 22 1610 1616 
85 59 1610 1614 
86 10 1610 1621 
87 83 1611 1614 
32 11 1611 1621 
34 63 1612 1615 
31 65 1612 1615 
78 17 1612 1620 
94 26 1613 1618 
17 14 1613 1630 
93 28 1613 1625 
72 47 1614 1623 
16 68 1614 1633 
92 69 1614 1617 
21 47 1615 1617 
32 98 1615 1644 
100 53 1615 1622 
53 45 1616 1619 
22 56 1616 1618 
37 30 1617 1620 
100 86 1617 1629 
32 88 1617 1620 
47 90 1618 1624 
70 82 1618 1627 
57 29 1619 1651 
20 58 1619 1658 
45 15 1619 1635 
10 83 1620 1638 
71 99 1620 1622 
31 57 1620 1631 
78 70 1621 1642 
55 77 1621 1638 
15 33 1621 1629 
23 21 1622 1656 
25 45 1622 1648 
62 34 1622 1624 
88 21 1623 1641 
76 70 1623 1626 
86 46 1624 1633 
88 41 1624 1636 
73 48 1624 1626 
100 20 1625 1642 
92 43 1625 1632 
100 51 1626 1634 
34 46 1626 1641 
13 52 1627 1632 
12 87 1627 1633 
16 99 1628 1629 
33 100 1628 1634 
44 87 1628 1631 
89 70 1629 1644 
95 89 1629 1637 
66 44 1629 1648 
38 80 1630 1659 
69 67 1630 1639 
46 41 1630 1636 
80 38 1631 1665 
19 10 1631 1655 
12 39 1632 1636 
48 66 1632 1637 
18 65 1633 1646 
38 40 1633 1635 
79 46 1633 1640 
88 39 1634 1663 
31 34 1634 1641 
21 74 1634 1640 
42 93 1635 1643 
14 50 1635 1665 
51 39 1636 1649 
64 86 1636 1651 
53 89 1636 1639 
74 74 1637 1639 
13 81 1637 1640 
90 61 1638 1643 
56 64 1638 1649 
72 69 1639 1659 
94 59 1639 1652 
45 94 1639 1642 
34 92 1640 1645 
85 81 1640 1652 
25 31 1640 1644 
63 50 1641 1646 
13 91 1641 1647 
73 53 1641 1665 
57 100 1642 1647 
69 12 1642 1652 
10 20 1642 1647 
39 68 1643 1645 
26 96 1643 1645 
23 63 1644 1653 
45 94 1644 1661 
13 44 1644 1650 
69 39 1645 1648 
96 56 1645 1657 
77 33 1645 1650 
28 68 1646 1654 
28 89 1646 1657 
31 65 1647 1654 
78 56 1647 1661 
97 80 1647 1665 
60 67 1648 1660 
72 70 1648 1653 
20 35 1648 1655 
26 33 1649 1655 
13 100 1649 1650 
91 84 1650 1665 
15 73 1650 1656 
35 61 1650 1653 
72 30 1651 1662 
87 61 1651 1665 
85 85 1652 1665 
42 39 1652 1660 
96 74 1652 1665 
56 50 1653 1665 
34 15 1653 1665 
20 46 1653 1658 
41 83 1654 1659 
27 37 1654 1657 
17 76 1655 1663 
57 50 1655 1665 
87 67 1655 1656 
53 50 1656 1665 
11 99 1656 1662 
33 56 1656 1665 
27 12 1657 1658 
19 82 1657 1665 
46 79 1657 1665 
36 64 1658 1660 
17 58 1658 1665 
53 15 1658 1664 
83 15 1659 1661 
78 75 1659 1662 
93 29 1659 1665 
79 85 1660 1665 
56 90 1660 1665 
57 97 1660 1665 
93 61 1661 1665 
46 89 1661 1663 
95 56 1661 1664 
29 59 1662 1665 
22 56 1662 1665 
14 27 1662 1665 
61 91 1663 1665 
82 59 1663 1665 
74 26 1663 1665 
41 10 1664 1665 
81 15 1664 1665 



ISTANCE FEATURES:
Item Number 4476
Clique Number 1664
Interference (Index_1) 11.1528
Average item per clique (Index_2) 30
Cardinality of the largest clique 30
Max Profit 100 Max Legth 1
Max weight 100
