2422
100
38 38 1 19 
41 41 1 23 
11 11 1 27 
86 86 1 7 
43 43 1 7 
21 21 1 54 
80 80 1 3 
24 24 1 2 
97 97 1 4 
73 73 1 4 
88 88 1 10 
44 44 1 12 
30 30 1 3 
73 73 1 28 
27 27 1 18 
99 99 1 6 
41 41 1 9 
37 37 1 22 
64 64 1 5 
47 47 1 6 
19 19 1 5 
86 86 1 2 
85 85 1 14 
85 85 1 2 
45 45 1 11 
22 22 1 33 
76 76 1 27 
90 90 1 37 
42 42 1 20 
79 79 1 10 
63 63 2 4 
41 41 2 38 
44 44 2 3 
27 27 3 9 
90 90 3 6 
91 91 3 20 
91 91 4 18 
97 97 4 24 
20 20 4 8 
92 92 5 16 
42 42 5 36 
70 70 6 7 
35 35 6 8 
88 88 6 22 
89 89 7 13 
85 85 7 31 
83 83 7 9 
89 89 8 17 
78 78 8 11 
11 11 9 13 
33 33 9 11 
33 33 9 13 
99 99 10 27 
95 95 10 12 
29 29 11 15 
42 42 11 16 
59 59 11 30 
92 92 12 17 
47 47 12 14 
99 99 13 15 
10 10 13 23 
77 77 13 15 
68 68 14 16 
29 29 14 21 
90 90 15 25 
77 77 15 17 
49 49 15 55 
25 25 16 53 
87 87 16 19 
60 60 16 22 
96 96 17 25 
67 67 17 20 
43 43 17 18 
41 41 18 19 
63 63 18 26 
22 22 18 43 
70 70 19 32 
61 61 19 74 
42 42 19 29 
37 37 20 34 
45 45 20 32 
14 14 20 21 
92 92 21 26 
73 73 21 66 
43 43 22 24 
86 86 22 38 
63 63 22 41 
40 40 23 35 
74 74 23 25 
52 52 24 39 
100 100 24 43 
13 13 25 68 
79 79 25 50 
33 33 25 26 
33 33 26 31 
50 50 26 31 
64 64 26 29 
84 84 27 30 
70 70 27 33 
67 67 27 28 
42 42 28 44 
18 18 28 29 
86 86 29 34 
72 72 29 40 
85 85 29 30 
55 55 30 47 
48 48 30 34 
62 62 30 46 
65 65 31 47 
66 66 31 44 
73 73 31 39 
13 13 32 51 
21 21 32 40 
94 94 33 37 
58 58 33 35 
40 40 34 41 
34 34 34 35 
65 65 34 43 
66 66 35 63 
86 86 35 38 
71 71 35 36 
12 12 36 42 
37 37 36 40 
86 86 37 49 
77 77 37 64 
14 14 38 44 
77 77 38 39 
31 31 38 59 
51 51 39 42 
93 93 39 41 
86 86 39 58 
69 69 40 69 
61 61 40 42 
93 93 40 57 
53 53 41 54 
76 76 41 48 
66 66 41 51 
27 27 42 52 
70 70 42 56 
85 85 42 94 
95 95 43 47 
48 48 43 45 
39 39 43 45 
13 13 44 56 
12 12 44 45 
52 52 44 49 
64 64 45 46 
22 22 45 77 
18 18 45 48 
15 15 46 59 
28 28 46 64 
34 34 47 87 
58 58 47 62 
55 55 47 51 
23 23 48 50 
79 79 48 61 
36 36 49 50 
79 79 49 66 
45 45 50 58 
30 30 50 53 
61 61 50 82 
35 35 51 53 
42 42 51 52 
70 70 51 59 
90 90 52 76 
84 84 52 57 
16 16 53 60 
81 81 53 60 
93 93 53 55 
88 88 54 62 
35 35 54 55 
76 76 55 63 
27 27 55 57 
51 51 55 78 
80 80 56 58 
67 67 56 76 
42 42 57 64 
89 89 57 60 
64 64 57 70 
17 17 58 62 
44 44 58 91 
56 56 58 65 
64 64 59 72 
99 99 59 77 
74 74 59 61 
72 72 60 61 
84 84 60 68 
15 15 60 88 
23 23 61 67 
71 71 61 80 
16 16 61 72 
47 47 62 67 
36 36 62 63 
84 84 62 65 
22 22 63 73 
55 55 63 94 
16 16 63 68 
60 60 64 92 
76 76 64 78 
96 96 64 73 
38 38 65 70 
98 98 65 67 
55 55 66 85 
29 29 66 75 
21 21 67 74 
37 37 67 70 
92 92 67 80 
21 21 68 71 
72 72 68 69 
62 62 68 72 
60 60 69 71 
80 80 69 74 
89 89 70 81 
65 65 70 76 
12 12 70 88 
94 94 71 73 
82 82 71 75 
91 91 72 99 
67 67 72 79 
61 61 72 83 
18 18 73 83 
100 100 73 84 
76 76 73 75 
76 76 74 86 
36 36 74 80 
59 59 74 78 
97 97 75 82 
22 22 75 90 
97 97 75 79 
48 48 76 100 
22 22 76 96 
72 72 76 86 
57 57 77 86 
37 37 77 81 
15 15 78 89 
79 79 78 79 
82 82 78 121 
14 14 79 88 
85 85 79 87 
47 47 79 83 
75 75 80 85 
20 20 80 85 
49 49 80 82 
69 69 81 103 
78 78 81 92 
11 11 82 98 
27 27 82 89 
19 19 82 94 
64 64 83 87 
50 50 83 102 
41 41 83 84 
34 34 84 102 
45 45 84 97 
47 47 85 107 
53 53 85 99 
66 66 85 125 
66 66 86 104 
65 65 86 89 
32 32 86 90 
89 89 87 95 
95 95 87 97 
72 72 87 91 
89 89 88 92 
71 71 88 96 
53 53 88 90 
10 10 89 96 
72 72 89 99 
93 93 89 103 
39 39 90 93 
87 87 90 91 
83 83 90 95 
41 41 91 118 
68 68 91 132 
46 46 91 109 
71 71 92 136 
82 82 92 109 
35 35 92 93 
82 82 93 101 
17 17 93 98 
85 85 94 105 
38 38 94 110 
22 22 94 114 
87 87 95 97 
34 34 95 119 
41 41 96 100 
71 71 96 120 
84 84 96 108 
78 78 97 113 
43 43 97 104 
67 67 97 102 
50 50 98 100 
24 24 98 112 
28 28 99 108 
15 15 99 129 
20 20 99 108 
78 78 100 105 
55 55 100 101 
49 49 100 110 
39 39 101 107 
45 45 101 107 
37 37 102 103 
22 22 102 105 
58 58 102 106 
35 35 103 104 
63 63 103 165 
54 54 103 120 
99 99 104 106 
33 33 104 148 
23 23 104 106 
35 35 105 111 
76 76 105 122 
62 62 105 109 
25 25 106 113 
85 85 106 110 
36 36 106 126 
19 19 107 118 
61 61 107 112 
14 14 107 128 
56 56 108 137 
87 87 108 115 
96 96 108 123 
32 32 109 117 
26 26 109 135 
84 84 109 117 
69 69 110 111 
55 55 110 117 
12 12 110 116 
29 29 111 148 
91 91 111 113 
99 99 112 157 
58 58 112 126 
50 50 113 150 
51 51 113 132 
85 85 113 114 
77 77 114 115 
66 66 114 121 
27 27 115 116 
91 91 115 121 
18 18 116 118 
47 47 116 119 
99 99 117 129 
99 99 117 120 
61 61 117 123 
35 35 118 122 
85 85 118 124 
82 82 118 135 
30 30 119 142 
51 51 119 124 
99 99 120 128 
72 72 120 140 
61 61 120 140 
22 22 121 123 
100 100 121 122 
55 55 121 130 
68 68 122 125 
88 88 122 127 
26 26 122 136 
20 20 123 143 
34 34 123 124 
42 42 123 133 
63 63 124 136 
66 66 124 131 
68 68 124 145 
39 39 125 127 
91 91 125 126 
72 72 126 130 
56 56 126 130 
26 26 126 132 
21 21 127 150 
24 24 127 128 
20 20 128 137 
96 96 128 131 
94 94 128 142 
67 67 129 151 
37 37 129 154 
90 90 130 152 
29 29 130 152 
39 39 130 133 
37 37 131 135 
36 36 131 134 
77 77 132 138 
34 34 132 138 
13 13 132 141 
91 91 133 134 
49 49 133 134 
74 74 134 143 
97 97 134 146 
62 62 134 140 
98 98 135 151 
44 44 135 138 
51 51 135 179 
97 97 136 139 
47 47 136 149 
40 40 136 139 
59 59 137 150 
63 63 137 188 
83 83 138 149 
97 97 138 167 
32 32 138 146 
86 86 139 141 
67 67 139 155 
21 21 140 146 
59 59 140 163 
66 66 140 144 
45 45 141 144 
46 46 141 145 
88 88 142 168 
73 73 142 156 
39 39 143 147 
36 36 143 144 
41 41 144 161 
79 79 144 162 
20 20 144 154 
69 69 145 153 
55 55 145 154 
80 80 146 147 
56 56 146 148 
32 32 146 152 
66 66 147 149 
49 49 147 159 
49 49 148 156 
92 92 148 164 
78 78 148 163 
97 97 149 159 
67 67 149 173 
54 54 149 203 
28 28 150 181 
20 20 150 153 
68 68 150 172 
26 26 151 158 
65 65 151 160 
94 94 152 173 
91 91 152 155 
96 96 152 196 
89 89 153 169 
86 86 153 157 
88 88 154 156 
44 44 154 158 
33 33 154 170 
37 37 155 164 
59 59 155 169 
59 59 156 159 
64 64 156 160 
37 37 156 165 
88 88 157 158 
95 95 157 175 
64 64 158 161 
76 76 158 162 
56 56 158 161 
12 12 159 160 
46 46 159 170 
26 26 159 166 
42 42 160 162 
55 55 160 197 
50 50 160 172 
47 47 161 173 
75 75 161 163 
63 63 161 169 
18 18 162 175 
94 94 162 166 
35 35 162 176 
19 19 163 183 
38 38 163 166 
92 92 163 176 
42 42 164 171 
16 16 164 167 
17 17 165 171 
76 76 165 180 
27 27 166 167 
32 32 166 188 
98 98 166 178 
60 60 167 188 
53 53 167 168 
31 31 167 168 
53 53 168 182 
73 73 168 178 
88 88 168 186 
52 52 169 178 
44 44 169 171 
73 73 169 174 
35 35 170 175 
94 94 170 174 
36 36 171 187 
94 94 171 184 
65 65 171 182 
51 51 172 191 
91 91 172 185 
89 89 173 180 
51 51 173 187 
55 55 173 176 
80 80 174 181 
52 52 174 182 
67 67 175 190 
63 63 175 205 
52 52 175 177 
61 61 176 190 
99 99 176 200 
21 21 176 177 
30 30 177 192 
17 17 177 181 
44 44 178 179 
70 70 178 184 
72 72 178 183 
39 39 179 180 
12 12 179 206 
83 83 180 200 
70 70 180 198 
95 95 180 196 
31 31 181 190 
79 79 181 194 
97 97 181 183 
24 24 182 185 
60 60 182 198 
28 28 182 195 
51 51 183 208 
91 91 183 186 
47 47 183 204 
25 25 184 193 
99 99 184 194 
88 88 185 186 
84 84 185 187 
31 31 186 189 
84 84 186 203 
19 19 186 205 
10 10 187 191 
92 92 187 231 
44 44 187 189 
75 75 188 200 
76 76 188 189 
83 83 188 191 
72 72 189 192 
78 78 189 195 
86 86 189 207 
85 85 190 197 
29 29 190 196 
19 19 190 208 
33 33 191 218 
16 16 191 193 
25 25 191 221 
17 17 192 209 
38 38 192 195 
79 79 193 223 
98 98 193 202 
73 73 194 197 
59 59 194 199 
53 53 195 210 
58 58 195 199 
67 67 195 231 
31 31 196 199 
34 34 196 224 
83 83 196 208 
48 48 197 212 
99 99 197 202 
26 26 197 224 
58 58 198 203 
93 93 198 236 
93 93 199 201 
62 62 199 201 
77 77 199 214 
83 83 200 202 
95 95 200 217 
50 50 200 204 
12 12 201 206 
90 90 201 217 
25 25 202 220 
84 84 202 226 
80 80 202 205 
39 39 203 211 
54 54 203 220 
83 83 203 210 
25 25 204 206 
79 79 204 211 
76 76 205 214 
55 55 205 207 
95 95 205 211 
25 25 206 225 
79 79 206 215 
41 41 206 209 
26 26 207 222 
85 85 207 212 
79 79 208 213 
77 77 208 213 
52 52 208 214 
82 82 209 212 
50 50 209 215 
85 85 210 216 
16 16 210 225 
88 88 211 229 
21 21 211 242 
36 36 211 221 
40 40 212 225 
27 27 212 232 
100 100 212 213 
45 45 213 226 
33 33 213 219 
90 90 213 215 
22 22 214 218 
48 48 214 245 
78 78 214 217 
85 85 215 223 
40 40 215 220 
40 40 215 216 
98 98 216 229 
54 54 216 226 
49 49 217 227 
48 48 217 222 
89 89 217 219 
74 74 218 243 
79 79 218 233 
87 87 219 224 
50 50 219 241 
54 54 220 248 
90 90 220 230 
60 60 220 228 
66 66 221 238 
28 28 221 227 
97 97 222 243 
99 99 222 227 
15 15 223 246 
26 26 223 233 
72 72 224 234 
11 11 224 231 
31 31 224 240 
72 72 225 228 
94 94 225 230 
21 21 225 238 
40 40 226 232 
45 45 226 246 
80 80 226 236 
22 22 227 239 
80 80 227 228 
64 64 227 230 
75 75 228 229 
95 95 228 235 
39 39 228 254 
44 44 229 252 
62 62 229 233 
97 97 229 234 
14 14 230 239 
60 60 230 244 
57 57 230 242 
42 42 231 237 
59 59 231 261 
97 97 231 232 
85 85 232 235 
34 34 232 236 
13 13 232 240 
49 49 233 235 
46 46 233 257 
87 87 233 234 
37 37 234 262 
69 69 234 237 
73 73 234 241 
93 93 235 245 
75 75 235 237 
21 21 235 249 
63 63 236 238 
74 74 236 242 
79 79 236 243 
31 31 237 255 
50 50 237 239 
33 33 237 244 
83 83 238 240 
15 15 238 253 
64 64 238 249 
59 59 239 249 
26 26 239 241 
63 63 239 245 
53 53 240 251 
24 24 240 247 
88 88 240 253 
51 51 241 260 
27 27 241 247 
31 31 241 261 
93 93 242 301 
83 83 242 260 
18 18 242 269 
59 59 243 248 
74 74 243 244 
52 52 243 256 
23 23 244 256 
58 58 244 258 
83 83 244 252 
91 91 245 264 
85 85 245 248 
61 61 245 246 
59 59 246 251 
95 95 246 266 
40 40 246 251 
21 21 247 250 
16 16 247 250 
74 74 248 263 
78 78 248 255 
89 89 248 257 
96 96 249 257 
66 66 249 250 
58 58 249 291 
85 85 250 267 
73 73 250 252 
61 61 250 254 
75 75 251 264 
90 90 251 266 
17 17 251 253 
36 36 252 261 
26 26 252 297 
34 34 252 274 
50 50 253 265 
74 74 253 254 
48 48 253 256 
26 26 254 267 
94 94 254 272 
42 42 254 255 
63 63 255 270 
86 86 255 260 
90 90 255 263 
31 31 256 262 
81 81 256 258 
68 68 256 268 
49 49 257 269 
56 56 257 259 
77 77 257 258 
77 77 258 259 
25 25 258 275 
12 12 258 271 
54 54 259 265 
66 66 259 282 
60 60 260 263 
26 26 260 264 
99 99 260 286 
30 30 261 267 
31 31 261 262 
95 95 261 268 
38 38 262 280 
72 72 262 283 
65 65 262 281 
21 21 263 277 
19 19 263 278 
56 56 263 275 
96 96 264 281 
65 65 264 265 
64 64 264 268 
49 49 265 295 
27 27 265 280 
65 65 265 306 
58 58 266 270 
44 44 266 273 
27 27 267 271 
79 79 267 288 
65 65 267 276 
11 11 268 272 
51 51 268 338 
63 63 268 319 
56 56 269 270 
39 39 269 294 
24 24 270 271 
92 92 270 277 
70 70 270 279 
32 32 271 273 
46 46 271 290 
82 82 271 289 
82 82 272 303 
95 95 272 274 
72 72 273 285 
84 84 273 274 
45 45 274 284 
18 18 274 276 
70 70 274 299 
26 26 275 281 
98 98 275 279 
24 24 276 278 
75 75 276 295 
95 95 277 278 
98 98 277 282 
74 74 278 289 
29 29 278 279 
88 88 278 288 
85 85 279 286 
36 36 279 290 
48 48 279 292 
23 23 280 292 
49 49 280 285 
17 17 281 289 
10 10 281 283 
32 32 281 287 
76 76 282 304 
77 77 282 287 
54 54 283 284 
39 39 283 294 
74 74 284 294 
83 83 284 301 
29 29 285 287 
75 75 285 298 
21 21 286 296 
84 84 286 290 
83 83 287 312 
35 35 287 305 
28 28 287 288 
92 92 288 331 
83 83 288 292 
40 40 288 307 
93 93 289 316 
81 81 289 291 
40 40 289 302 
27 27 290 296 
86 86 290 298 
69 69 290 293 
27 27 291 312 
17 17 291 317 
83 83 292 295 
89 89 292 293 
76 76 292 296 
39 39 293 298 
92 92 293 300 
21 21 294 305 
68 68 294 302 
58 58 294 300 
77 77 295 316 
10 10 295 302 
63 63 295 309 
35 35 296 299 
25 25 296 304 
63 63 296 297 
43 43 297 306 
52 52 297 347 
40 40 298 307 
84 84 298 313 
81 81 298 313 
84 84 299 303 
56 56 299 307 
33 33 300 317 
70 70 300 341 
29 29 301 327 
46 46 301 306 
99 99 302 308 
52 52 302 318 
98 98 302 326 
11 11 303 304 
18 18 303 344 
33 33 304 314 
41 41 304 317 
93 93 304 310 
77 77 305 311 
37 37 305 308 
32 32 306 308 
82 82 306 314 
20 20 306 325 
22 22 307 313 
16 16 307 309 
15 15 307 311 
54 54 308 309 
54 54 308 311 
27 27 308 315 
84 84 309 322 
12 12 309 327 
15 15 309 310 
88 88 310 318 
13 13 310 320 
13 13 311 325 
22 22 311 315 
21 21 311 332 
28 28 312 325 
49 49 312 314 
27 27 313 329 
14 14 313 328 
93 93 313 332 
94 94 314 333 
25 25 314 321 
55 55 314 315 
46 46 315 320 
36 36 315 316 
11 11 315 361 
25 25 316 351 
88 88 316 318 
69 69 316 340 
79 79 317 322 
28 28 317 319 
100 100 317 321 
79 79 318 323 
76 76 318 322 
59 59 318 334 
43 43 319 344 
90 90 319 324 
34 34 320 323 
82 82 320 323 
83 83 321 326 
19 19 321 324 
14 14 322 328 
15 15 322 341 
12 12 322 330 
96 96 323 335 
52 52 323 344 
33 33 323 333 
34 34 324 331 
24 24 324 326 
72 72 325 330 
33 33 325 350 
66 66 325 327 
83 83 326 335 
74 74 326 332 
89 89 326 336 
31 31 327 339 
70 70 327 339 
32 32 327 329 
28 28 328 329 
72 72 328 338 
73 73 329 353 
97 97 329 346 
98 98 329 349 
84 84 330 340 
51 51 330 336 
70 70 331 353 
14 14 331 333 
92 92 332 334 
17 17 332 365 
42 42 332 334 
98 98 333 336 
43 43 333 335 
72 72 333 378 
21 21 334 343 
31 31 334 342 
49 49 334 337 
30 30 335 347 
76 76 335 343 
35 35 335 337 
36 36 336 337 
24 24 336 338 
55 55 336 339 
37 37 337 350 
58 58 337 341 
21 21 337 347 
49 49 338 343 
77 77 338 342 
97 97 338 340 
81 81 339 375 
88 88 339 350 
40 40 339 346 
60 60 340 389 
22 22 340 376 
85 85 340 342 
21 21 341 364 
87 87 341 345 
63 63 341 348 
61 61 342 355 
66 66 342 348 
81 81 342 346 
33 33 343 345 
29 29 343 355 
77 77 343 351 
17 17 344 345 
15 15 344 349 
65 65 344 348 
94 94 345 363 
71 71 345 384 
78 78 345 353 
21 21 346 352 
74 74 346 355 
77 77 346 349 
62 62 347 362 
44 44 347 352 
15 15 347 356 
16 16 348 365 
70 70 348 356 
25 25 348 358 
87 87 349 352 
26 26 349 354 
63 63 349 356 
28 28 350 359 
85 85 350 373 
95 95 350 364 
72 72 351 394 
88 88 351 357 
100 100 352 358 
78 78 352 363 
89 89 352 358 
34 34 353 354 
92 92 353 359 
71 71 353 357 
68 68 354 381 
87 87 354 383 
66 66 355 360 
89 89 355 367 
80 80 355 369 
80 80 356 361 
96 96 356 365 
25 25 356 380 
92 92 357 368 
11 11 357 368 
33 33 358 360 
58 58 358 362 
82 82 358 387 
42 42 359 360 
81 81 359 377 
96 96 360 370 
41 41 360 366 
96 96 360 363 
23 23 361 379 
95 95 361 364 
31 31 362 368 
87 87 362 377 
15 15 363 367 
65 65 363 369 
10 10 363 376 
46 46 364 394 
74 74 364 372 
61 61 364 373 
37 37 365 371 
81 81 365 366 
64 64 365 371 
30 30 366 376 
93 93 366 370 
38 38 367 389 
27 27 367 372 
72 72 368 374 
76 76 368 382 
39 39 368 375 
53 53 369 385 
10 10 369 382 
92 92 370 371 
32 32 370 384 
89 89 371 378 
94 94 371 372 
37 37 371 375 
63 63 372 374 
77 77 372 374 
13 13 372 379 
52 52 373 409 
99 99 373 403 
100 100 374 386 
51 51 374 393 
25 25 374 377 
60 60 375 382 
68 68 375 378 
63 63 375 400 
29 29 376 381 
49 49 376 390 
13 13 376 386 
59 59 377 381 
27 27 377 380 
57 57 377 383 
75 75 378 405 
68 68 378 432 
100 100 378 387 
100 100 379 392 
47 47 379 402 
99 99 380 384 
91 91 380 392 
28 28 381 390 
66 66 381 418 
20 20 381 387 
65 65 382 383 
62 62 382 395 
79 79 382 391 
19 19 383 391 
16 16 383 392 
54 54 383 386 
60 60 384 402 
55 55 384 412 
57 57 384 385 
80 80 385 397 
82 82 385 401 
21 21 386 409 
16 16 386 388 
35 35 386 393 
55 55 387 388 
98 98 387 393 
61 61 387 389 
96 96 388 396 
62 62 388 391 
27 27 389 395 
86 86 389 398 
22 22 389 404 
46 46 390 396 
18 18 390 401 
98 98 391 397 
63 63 391 398 
39 39 391 416 
22 22 392 410 
53 53 392 400 
49 49 392 415 
17 17 393 410 
99 99 393 395 
86 86 393 430 
31 31 394 397 
40 40 394 400 
94 94 395 398 
18 18 395 407 
89 89 395 404 
13 13 396 399 
83 83 396 399 
30 30 397 401 
12 12 397 445 
46 46 397 414 
63 63 398 405 
80 80 398 406 
48 48 398 413 
92 92 399 408 
40 40 399 412 
74 74 400 403 
23 23 400 402 
71 71 400 423 
35 35 401 419 
17 17 401 414 
34 34 401 432 
30 30 402 404 
22 22 402 405 
34 34 402 413 
84 84 403 410 
44 44 403 408 
22 22 404 420 
14 14 404 406 
57 57 404 406 
65 65 405 421 
14 14 405 409 
89 89 405 416 
78 78 406 436 
47 47 406 407 
20 20 406 431 
79 79 407 411 
67 67 407 443 
43 43 408 419 
60 60 408 412 
73 73 409 426 
85 85 409 415 
87 87 409 420 
91 91 410 411 
52 52 410 415 
43 43 410 413 
32 32 411 423 
44 44 411 422 
54 54 412 416 
81 81 412 430 
50 50 412 417 
85 85 413 418 
91 91 413 434 
24 24 413 442 
90 90 414 420 
68 68 414 417 
55 55 415 427 
95 95 415 421 
30 30 415 425 
15 15 416 429 
48 48 416 433 
14 14 416 426 
22 22 417 422 
38 38 417 425 
21 21 418 434 
68 68 418 419 
81 81 419 453 
91 91 419 441 
78 78 419 423 
99 99 420 438 
84 84 420 427 
79 79 420 422 
21 21 421 425 
34 34 421 424 
41 41 422 435 
28 28 422 424 
56 56 422 454 
91 91 423 439 
31 31 423 430 
19 19 423 428 
88 88 424 426 
58 58 424 437 
58 58 425 429 
24 24 425 440 
50 50 425 427 
26 26 426 435 
46 46 426 446 
63 63 426 432 
53 53 427 456 
31 31 427 443 
73 73 427 428 
15 15 428 429 
61 61 428 455 
95 95 429 433 
27 27 429 468 
79 79 429 437 
36 36 430 436 
12 12 430 481 
85 85 430 431 
55 55 431 437 
74 74 431 462 
54 54 432 443 
28 28 432 435 
59 59 432 434 
98 98 433 472 
10 10 433 458 
46 46 434 436 
90 90 434 441 
64 64 434 440 
29 29 435 439 
68 68 435 446 
79 79 435 442 
35 35 436 444 
50 50 436 474 
80 80 436 454 
67 67 437 445 
29 29 437 446 
82 82 437 438 
11 11 438 449 
31 31 438 445 
39 39 439 465 
36 36 439 450 
100 100 440 469 
94 94 440 456 
90 90 441 448 
40 40 441 449 
18 18 442 464 
93 93 442 457 
28 28 443 444 
91 91 443 444 
90 90 443 461 
79 79 444 452 
97 97 444 448 
70 70 444 447 
18 18 445 451 
33 33 445 448 
12 12 445 450 
73 73 446 451 
80 80 446 449 
84 84 446 447 
78 78 447 453 
41 41 447 485 
84 84 448 450 
81 81 448 468 
20 20 448 454 
97 97 449 463 
35 35 449 451 
17 17 449 460 
89 89 450 452 
87 87 450 494 
23 23 450 455 
24 24 451 458 
60 60 451 463 
21 21 451 460 
63 63 452 453 
42 42 452 466 
81 81 453 465 
75 75 453 464 
86 86 453 469 
28 28 454 480 
32 32 454 484 
86 86 454 494 
65 65 455 456 
52 52 455 457 
71 71 456 459 
75 75 456 470 
85 85 456 462 
69 69 457 458 
38 38 457 472 
45 45 458 459 
64 64 458 467 
77 77 458 465 
93 93 459 461 
15 15 459 487 
17 17 460 475 
87 87 460 462 
39 39 461 476 
49 49 461 463 
42 42 462 467 
64 64 462 464 
56 56 462 470 
61 61 463 489 
63 63 463 466 
31 31 463 470 
74 74 464 480 
74 74 464 468 
90 90 464 473 
45 45 465 477 
26 26 465 471 
69 69 465 466 
34 34 466 498 
61 61 466 516 
69 69 466 474 
42 42 467 486 
25 25 467 496 
81 81 468 471 
56 56 468 473 
63 63 468 469 
75 75 469 483 
65 65 469 473 
16 16 469 478 
31 31 470 472 
10 10 470 487 
13 13 470 477 
75 75 471 476 
95 95 471 479 
17 17 472 479 
12 12 472 506 
97 97 472 476 
88 88 473 485 
67 67 473 483 
34 34 473 477 
35 35 474 487 
20 20 474 475 
35 35 475 478 
45 45 475 483 
65 65 476 489 
53 53 476 499 
15 15 476 481 
55 55 477 482 
97 97 477 490 
10 10 477 479 
89 89 478 480 
24 24 478 482 
39 39 479 491 
63 63 479 499 
62 62 479 490 
11 11 480 482 
38 38 480 490 
13 13 480 486 
37 37 481 491 
29 29 481 495 
77 77 482 498 
80 80 482 485 
65 65 482 493 
100 100 483 484 
63 63 483 488 
17 17 483 498 
94 94 484 528 
56 56 484 508 
38 38 485 499 
27 27 485 508 
84 84 485 495 
81 81 486 488 
72 72 486 537 
24 24 487 488 
54 54 487 495 
94 94 487 493 
54 54 488 500 
97 97 488 505 
16 16 488 496 
19 19 489 509 
52 52 489 492 
99 99 490 507 
21 21 490 492 
26 26 490 515 
100 100 491 504 
66 66 491 507 
43 43 492 493 
90 90 492 506 
24 24 493 494 
53 53 493 503 
57 57 493 502 
15 15 494 497 
22 22 494 525 
83 83 494 503 
18 18 495 510 
48 48 495 503 
69 69 495 497 
83 83 496 517 
60 60 496 500 
74 74 497 502 
88 88 497 504 
75 75 498 501 
18 18 498 522 
81 81 498 504 
47 47 499 515 
68 68 499 512 
75 75 499 502 
46 46 500 501 
72 72 500 501 
32 32 501 510 
38 38 501 526 
11 11 501 515 
34 34 502 523 
13 13 502 535 
89 89 502 508 
37 37 503 520 
99 99 503 512 
83 83 503 520 
30 30 504 505 
36 36 504 524 
54 54 504 506 
18 18 505 514 
52 52 505 510 
72 72 506 511 
29 29 506 509 
33 33 506 530 
64 64 507 509 
29 29 507 514 
89 89 508 528 
64 64 508 532 
60 60 508 511 
59 59 509 517 
68 68 509 521 
13 13 509 513 
81 81 510 519 
36 36 510 511 
44 44 510 518 
52 52 511 512 
70 70 511 513 
69 69 511 523 
77 77 512 538 
26 26 512 540 
52 52 512 514 
49 49 513 524 
21 21 513 516 
81 81 514 534 
98 98 514 517 
49 49 514 520 
66 66 515 519 
98 98 515 516 
12 12 515 543 
37 37 516 518 
83 83 516 529 
12 12 516 519 
51 51 517 522 
12 12 517 518 
36 36 517 523 
49 49 518 539 
35 35 518 527 
60 60 518 521 
82 82 519 543 
34 34 519 521 
55 55 519 524 
86 86 520 531 
52 52 520 525 
12 12 520 541 
43 43 521 547 
62 62 521 525 
95 95 521 527 
19 19 522 539 
39 39 522 546 
62 62 523 531 
71 71 523 529 
41 41 523 527 
59 59 524 534 
67 67 524 526 
12 12 524 561 
15 15 525 532 
100 100 525 530 
73 73 525 529 
84 84 526 558 
98 98 526 550 
27 27 527 532 
35 35 527 556 
96 96 527 528 
79 79 528 530 
22 22 528 567 
31 31 528 533 
85 85 529 541 
76 76 529 538 
69 69 529 533 
12 12 530 566 
21 21 530 534 
74 74 530 536 
40 40 531 561 
83 83 531 536 
84 84 532 560 
64 64 532 533 
83 83 532 575 
26 26 533 557 
47 47 533 535 
14 14 533 562 
12 12 534 542 
74 74 534 537 
60 60 534 544 
39 39 535 537 
49 49 535 540 
23 23 536 560 
39 39 536 555 
14 14 537 538 
33 33 537 554 
41 41 537 541 
32 32 538 540 
11 11 538 552 
98 98 538 585 
98 98 539 548 
12 12 539 544 
96 96 540 549 
50 50 540 555 
80 80 540 547 
61 61 541 549 
11 11 541 542 
56 56 541 544 
17 17 542 553 
62 62 542 543 
44 44 543 545 
35 35 543 557 
97 97 543 554 
24 24 544 547 
27 27 544 581 
21 21 544 545 
91 91 545 546 
72 72 545 546 
26 26 546 551 
21 21 546 597 
46 46 546 558 
68 68 547 548 
93 93 547 552 
82 82 547 551 
88 88 548 553 
65 65 548 559 
32 32 549 553 
74 74 549 550 
11 11 550 552 
29 29 550 559 
57 57 551 558 
24 24 551 556 
20 20 552 556 
44 44 552 568 
59 59 552 570 
39 39 553 557 
38 38 553 568 
60 60 553 554 
27 27 554 562 
94 94 554 555 
92 92 554 565 
50 50 555 571 
69 69 555 564 
78 78 555 571 
20 20 556 559 
46 46 556 584 
28 28 556 573 
71 71 557 560 
67 67 557 562 
63 63 557 569 
68 68 558 568 
47 47 558 566 
50 50 558 563 
78 78 559 564 
27 27 559 565 
14 14 559 604 
80 80 560 563 
51 51 560 578 
22 22 560 581 
45 45 561 580 
64 64 561 575 
32 32 562 567 
20 20 562 564 
69 69 562 563 
98 98 563 565 
66 66 563 576 
86 86 563 575 
32 32 564 570 
71 71 564 577 
97 97 564 566 
56 56 565 567 
13 13 565 588 
62 62 565 595 
21 21 566 579 
45 45 566 582 
47 47 566 589 
24 24 567 569 
65 65 567 579 
67 67 567 581 
10 10 568 573 
72 72 568 574 
45 45 568 573 
66 66 569 583 
83 83 569 574 
99 99 570 599 
70 70 570 574 
72 72 571 572 
30 30 571 572 
34 34 572 578 
15 15 572 576 
74 74 573 576 
58 58 573 580 
24 24 573 594 
94 94 574 585 
88 88 574 578 
72 72 574 589 
90 90 575 587 
72 72 575 577 
36 36 575 605 
76 76 576 593 
24 24 576 582 
47 47 576 579 
49 49 577 586 
55 55 577 591 
52 52 578 586 
33 33 578 587 
65 65 578 583 
22 22 579 587 
40 40 579 593 
100 100 579 603 
51 51 580 602 
94 94 580 582 
65 65 581 607 
67 67 581 604 
92 92 581 591 
77 77 582 585 
31 31 582 619 
58 58 582 586 
89 89 583 584 
47 47 583 584 
91 91 584 594 
71 71 584 600 
20 20 584 589 
68 68 585 588 
12 12 585 598 
25 25 585 622 
80 80 586 623 
83 83 586 601 
54 54 586 597 
49 49 587 598 
56 56 587 590 
83 83 587 590 
19 19 588 590 
62 62 588 596 
91 91 589 613 
17 17 589 595 
57 57 589 593 
75 75 590 603 
62 62 590 592 
24 24 590 592 
22 22 591 592 
24 24 591 603 
93 93 592 596 
62 62 592 608 
21 21 592 611 
93 93 593 599 
26 26 593 633 
55 55 593 605 
74 74 594 612 
73 73 594 599 
73 73 595 596 
16 16 595 618 
52 52 596 602 
85 85 596 597 
84 84 596 606 
72 72 597 606 
89 89 597 601 
32 32 597 600 
47 47 598 607 
66 66 598 611 
68 68 599 622 
53 53 599 600 
64 64 599 620 
55 55 600 606 
23 23 600 605 
50 50 600 608 
68 68 601 612 
74 74 601 623 
52 52 602 609 
77 77 602 607 
83 83 603 619 
92 92 603 613 
33 33 603 618 
92 92 604 609 
65 65 604 624 
35 35 605 610 
29 29 605 614 
34 34 605 638 
60 60 606 624 
89 89 606 643 
40 40 606 612 
87 87 607 610 
27 27 607 627 
78 78 607 608 
14 14 608 610 
35 35 608 635 
34 34 608 614 
57 57 609 618 
61 61 609 619 
55 55 610 611 
51 51 610 616 
14 14 610 620 
55 55 611 644 
34 34 611 615 
77 77 611 615 
14 14 612 658 
34 34 612 613 
32 32 612 615 
12 12 613 627 
66 66 613 632 
55 55 613 628 
68 68 614 641 
21 21 614 616 
97 97 615 617 
69 69 615 617 
47 47 615 616 
43 43 616 635 
60 60 616 638 
31 31 616 625 
91 91 617 621 
50 50 617 624 
89 89 618 621 
14 14 618 636 
86 86 618 622 
88 88 619 637 
39 39 619 691 
10 10 619 644 
15 15 620 631 
65 65 620 629 
63 63 621 623 
14 14 621 625 
71 71 622 626 
79 79 622 634 
40 40 622 630 
59 59 623 628 
71 71 623 625 
32 32 623 631 
30 30 624 629 
66 66 624 626 
62 62 624 641 
66 66 625 644 
52 52 625 633 
31 31 625 639 
24 24 626 657 
49 49 626 630 
46 46 627 631 
71 71 627 652 
92 92 628 647 
36 36 628 640 
35 35 629 632 
64 64 629 635 
40 40 630 636 
50 50 630 634 
72 72 631 634 
22 22 631 638 
78 78 631 642 
32 32 632 642 
21 21 632 652 
92 92 633 647 
58 58 633 663 
87 87 634 654 
44 44 634 651 
90 90 634 637 
85 85 635 647 
55 55 635 636 
13 13 635 639 
29 29 636 641 
75 75 636 667 
15 15 636 653 
91 91 637 645 
65 65 637 655 
26 26 638 648 
16 16 638 640 
96 96 638 639 
24 24 639 653 
26 26 639 640 
23 23 639 653 
34 34 640 673 
77 77 640 642 
91 91 640 670 
61 61 641 650 
57 57 641 643 
18 18 641 649 
26 26 642 670 
34 34 642 643 
89 89 642 669 
22 22 643 654 
96 96 643 646 
31 31 643 645 
36 36 644 660 
54 54 644 649 
21 21 644 646 
41 41 645 646 
74 74 645 658 
59 59 646 664 
96 96 646 651 
26 26 646 649 
72 72 647 657 
54 54 647 648 
89 89 647 656 
100 100 648 661 
13 13 648 655 
87 87 649 664 
96 96 649 650 
43 43 649 662 
11 11 650 655 
51 51 650 665 
81 81 651 666 
76 76 651 661 
19 19 652 688 
54 54 652 668 
36 36 653 657 
82 82 653 663 
67 67 653 656 
71 71 654 659 
64 64 654 656 
10 10 655 661 
23 23 655 671 
89 89 655 660 
20 20 656 658 
94 94 656 671 
69 69 656 659 
94 94 657 701 
74 74 657 665 
89 89 657 669 
67 67 658 659 
94 94 658 682 
62 62 658 662 
50 50 659 702 
45 45 659 660 
63 63 659 675 
78 78 660 668 
33 33 660 662 
22 22 660 673 
42 42 661 689 
33 33 661 680 
74 74 661 687 
16 16 662 666 
16 16 662 665 
60 60 662 724 
99 99 663 667 
48 48 663 688 
100 100 664 666 
19 19 664 674 
86 86 665 672 
19 19 665 673 
77 77 665 685 
64 64 666 689 
22 22 666 675 
51 51 666 668 
48 48 667 722 
20 20 667 676 
74 74 668 684 
99 99 668 670 
53 53 668 677 
32 32 669 672 
41 41 669 676 
45 45 670 678 
22 22 670 683 
45 45 670 672 
37 37 671 674 
30 30 671 680 
74 74 672 679 
16 16 672 684 
41 41 672 685 
84 84 673 725 
33 33 673 679 
55 55 673 678 
79 79 674 677 
57 57 674 710 
69 69 675 681 
97 97 675 696 
89 89 676 677 
35 35 676 680 
58 58 677 681 
70 70 677 679 
80 80 677 684 
97 97 678 685 
79 79 678 686 
77 77 679 691 
27 27 679 701 
23 23 679 682 
13 13 680 686 
22 22 680 681 
25 25 680 693 
60 60 681 690 
72 72 681 682 
100 100 681 699 
78 78 682 683 
66 66 682 683 
58 58 682 694 
41 41 683 686 
82 82 683 687 
80 80 683 690 
70 70 684 688 
96 96 684 695 
15 15 684 704 
79 79 685 694 
95 95 685 694 
58 58 685 693 
20 20 686 699 
33 33 686 698 
83 83 686 692 
10 10 687 689 
70 70 687 690 
80 80 688 705 
51 51 688 699 
55 55 688 692 
79 79 689 695 
16 16 689 710 
39 39 689 718 
76 76 690 691 
99 99 690 697 
59 59 690 693 
31 31 691 700 
52 52 691 692 
25 25 691 712 
65 65 692 717 
55 55 692 711 
65 65 692 721 
72 72 693 700 
12 12 693 713 
73 73 693 695 
67 67 694 708 
55 55 694 696 
60 60 694 707 
33 33 695 696 
81 81 695 703 
24 24 695 698 
39 39 696 702 
13 13 696 707 
42 42 696 697 
84 84 697 706 
23 23 697 716 
60 60 698 709 
88 88 698 706 
10 10 699 700 
48 48 699 727 
60 60 699 708 
56 56 700 707 
50 50 700 702 
91 91 700 701 
73 73 701 727 
59 59 701 726 
67 67 701 705 
51 51 702 703 
81 81 702 715 
74 74 702 721 
89 89 703 723 
90 90 703 704 
91 91 704 706 
87 87 704 716 
64 64 705 715 
80 80 705 720 
59 59 706 708 
66 66 706 710 
94 94 706 709 
82 82 707 741 
71 71 707 750 
29 29 707 722 
13 13 708 711 
69 69 708 711 
62 62 708 713 
16 16 709 712 
22 22 709 753 
57 57 710 729 
96 96 710 712 
88 88 710 763 
59 59 711 719 
79 79 711 720 
82 82 711 714 
77 77 712 714 
70 70 712 713 
96 96 712 730 
99 99 713 732 
53 53 713 718 
45 45 713 715 
86 86 714 719 
86 86 714 720 
86 86 715 716 
74 74 715 717 
33 33 715 717 
27 27 716 725 
66 66 716 726 
55 55 716 722 
13 13 717 739 
12 12 717 729 
18 18 717 728 
24 24 718 745 
45 45 718 725 
31 31 719 743 
95 95 719 749 
22 22 720 723 
50 50 720 724 
74 74 720 737 
42 42 721 726 
64 64 721 736 
99 99 722 734 
58 58 722 723 
78 78 722 727 
46 46 723 729 
89 89 723 740 
46 46 723 733 
48 48 724 741 
49 49 724 730 
16 16 725 735 
75 75 725 748 
86 86 725 736 
90 90 726 738 
16 16 726 737 
56 56 726 734 
96 96 727 731 
22 22 727 728 
94 94 727 728 
15 15 728 779 
43 43 728 732 
62 62 728 735 
50 50 729 740 
67 67 729 739 
94 94 729 740 
42 42 730 760 
12 12 730 731 
61 61 731 732 
27 27 731 734 
20 20 732 743 
65 65 732 761 
74 74 732 733 
84 84 733 748 
87 87 733 742 
24 24 734 736 
14 14 734 738 
52 52 734 741 
84 84 735 737 
86 86 735 744 
89 89 736 746 
27 27 736 749 
18 18 736 746 
47 47 737 738 
74 74 737 759 
57 57 737 748 
13 13 738 770 
51 51 738 739 
60 60 738 743 
42 42 739 755 
25 25 739 764 
23 23 739 742 
24 24 740 751 
53 53 740 747 
30 30 740 754 
83 83 741 758 
96 96 741 759 
40 40 741 756 
91 91 742 751 
40 40 742 747 
63 63 743 744 
29 29 743 761 
93 93 743 744 
29 29 744 745 
43 43 744 751 
68 68 744 781 
86 86 745 750 
17 17 745 746 
39 39 746 752 
100 100 746 750 
37 37 746 747 
12 12 747 754 
98 98 747 758 
89 89 747 749 
24 24 748 756 
27 27 748 752 
85 85 748 754 
48 48 749 780 
88 88 749 758 
86 86 749 752 
66 66 750 753 
77 77 750 762 
87 87 750 756 
70 70 751 757 
74 74 751 763 
85 85 751 775 
97 97 752 789 
13 13 752 760 
77 77 752 768 
79 79 753 786 
50 50 753 779 
41 41 754 755 
52 52 754 764 
74 74 754 772 
81 81 755 760 
65 65 755 763 
68 68 756 762 
88 88 756 757 
13 13 756 773 
22 22 757 773 
74 74 757 759 
88 88 758 789 
61 61 758 765 
33 33 758 764 
67 67 759 788 
49 49 759 772 
56 56 759 768 
18 18 760 768 
56 56 760 767 
72 72 760 774 
71 71 761 769 
25 25 761 771 
77 77 762 809 
11 11 762 765 
54 54 763 766 
43 43 763 778 
97 97 763 766 
45 45 764 767 
84 84 764 771 
72 72 764 767 
36 36 765 769 
86 86 765 766 
95 95 766 786 
18 18 766 782 
63 63 766 776 
57 57 767 777 
30 30 767 777 
48 48 767 770 
57 57 768 785 
23 23 768 781 
72 72 768 769 
76 76 769 791 
51 51 769 774 
78 78 769 770 
81 81 770 780 
40 40 770 783 
14 14 770 785 
36 36 771 774 
15 15 771 772 
90 90 772 773 
25 25 772 790 
97 97 772 782 
22 22 773 795 
70 70 773 778 
41 41 773 775 
27 27 774 775 
89 89 774 788 
37 37 774 776 
56 56 775 793 
62 62 775 797 
92 92 775 779 
11 11 776 787 
73 73 776 778 
68 68 777 817 
73 73 777 796 
24 24 778 784 
56 56 778 787 
65 65 778 810 
88 88 779 781 
52 52 779 791 
61 61 779 783 
21 21 780 800 
71 71 780 782 
72 72 781 796 
52 52 781 793 
63 63 781 789 
18 18 782 788 
51 51 782 784 
71 71 782 802 
11 11 783 795 
34 34 783 785 
69 69 784 807 
62 62 784 790 
75 75 785 804 
15 15 785 787 
92 92 785 790 
84 84 786 792 
80 80 786 796 
81 81 787 805 
98 98 787 811 
21 21 787 792 
77 77 788 791 
68 68 788 797 
13 13 788 794 
82 82 789 792 
26 26 789 800 
98 98 789 794 
27 27 790 794 
25 25 790 798 
44 44 790 812 
82 82 791 807 
10 10 791 793 
51 51 791 799 
93 93 792 798 
98 98 792 801 
98 98 792 802 
55 55 793 815 
44 44 793 804 
19 19 793 809 
18 18 794 825 
49 49 794 820 
40 40 794 831 
67 67 795 823 
72 72 795 799 
78 78 796 801 
31 31 796 799 
48 48 796 816 
54 54 797 812 
12 12 797 801 
43 43 798 803 
32 32 798 800 
99 99 799 803 
93 93 799 821 
84 84 799 803 
66 66 800 819 
72 72 800 808 
44 44 800 811 
14 14 801 824 
62 62 801 821 
24 24 801 825 
71 71 802 804 
55 55 802 805 
21 21 803 806 
31 31 803 814 
13 13 803 820 
74 74 804 809 
82 82 804 808 
97 97 804 810 
93 93 805 830 
71 71 805 806 
68 68 806 897 
89 89 806 807 
20 20 807 811 
47 47 807 813 
92 92 807 814 
67 67 808 823 
94 94 808 812 
52 52 809 850 
80 80 809 818 
51 51 809 824 
96 96 810 818 
76 76 810 820 
83 83 811 818 
37 37 811 813 
28 28 811 815 
79 79 812 862 
84 84 812 815 
38 38 812 822 
50 50 813 822 
88 88 813 814 
39 39 814 819 
41 41 814 816 
50 50 814 816 
82 82 815 853 
32 32 815 821 
80 80 815 819 
48 48 816 833 
14 14 816 817 
71 71 816 837 
100 100 817 827 
100 100 817 835 
14 14 818 829 
58 58 818 837 
77 77 818 828 
99 99 819 847 
48 48 819 832 
31 31 819 826 
39 39 820 835 
68 68 820 844 
100 100 820 822 
54 54 821 838 
13 13 821 823 
95 95 821 827 
21 21 822 826 
94 94 822 829 
92 92 822 828 
65 65 823 832 
83 83 823 830 
47 47 823 828 
55 55 824 833 
56 56 824 825 
65 65 825 836 
56 56 825 873 
18 18 825 839 
14 14 826 834 
40 40 826 829 
20 20 827 840 
59 59 827 837 
23 23 828 846 
68 68 828 830 
45 45 828 847 
17 17 829 841 
65 65 829 848 
53 53 829 831 
31 31 830 845 
89 89 830 838 
59 59 830 870 
18 18 831 834 
82 82 831 836 
89 89 832 843 
68 68 832 844 
62 62 833 844 
63 63 833 836 
86 86 834 890 
61 61 834 839 
92 92 835 838 
70 70 835 887 
39 39 836 840 
90 90 836 842 
66 66 836 839 
66 66 837 869 
90 90 837 858 
100 100 837 842 
47 47 838 850 
57 57 838 843 
23 23 838 843 
50 50 839 853 
51 51 839 845 
47 47 839 854 
76 76 840 841 
89 89 840 858 
48 48 841 855 
82 82 841 842 
12 12 842 876 
71 71 842 855 
13 13 842 850 
35 35 843 867 
71 71 843 853 
56 56 843 846 
28 28 844 847 
44 44 844 861 
55 55 844 849 
10 10 845 851 
20 20 845 846 
12 12 846 849 
50 50 846 848 
58 58 846 872 
65 65 847 849 
90 90 847 860 
22 22 847 848 
27 27 848 852 
87 87 848 859 
39 39 848 854 
80 80 849 866 
97 97 849 897 
74 74 849 851 
96 96 850 852 
55 55 850 857 
83 83 850 852 
76 76 851 854 
56 56 851 873 
59 59 852 856 
45 45 852 859 
83 83 852 862 
30 30 853 870 
22 22 853 865 
31 31 853 856 
37 37 854 883 
40 40 854 857 
82 82 854 887 
92 92 855 856 
76 76 855 862 
59 59 856 860 
85 85 856 858 
95 95 856 860 
89 89 857 865 
24 24 857 867 
94 94 858 861 
12 12 858 875 
31 31 858 867 
28 28 859 863 
27 27 859 868 
76 76 860 870 
69 69 860 877 
32 32 860 863 
27 27 861 863 
41 41 861 872 
34 34 862 883 
87 87 862 865 
32 32 862 864 
41 41 863 880 
10 10 863 869 
93 93 863 864 
73 73 864 880 
97 97 864 869 
23 23 865 866 
29 29 865 881 
10 10 865 871 
91 91 866 874 
72 72 866 868 
44 44 867 887 
32 32 867 874 
90 90 867 882 
12 12 868 874 
54 54 868 873 
70 70 869 871 
86 86 869 875 
34 34 869 878 
68 68 870 878 
48 48 870 875 
18 18 870 871 
86 86 871 884 
15 15 871 897 
82 82 871 877 
26 26 872 892 
35 35 872 876 
63 63 873 897 
90 90 873 893 
60 60 873 897 
97 97 874 884 
46 46 874 878 
11 11 874 877 
89 89 875 876 
50 50 875 892 
29 29 875 888 
97 97 876 879 
11 11 876 886 
41 41 876 897 
53 53 877 885 
38 38 877 888 
32 32 877 897 
39 39 878 897 
87 87 878 879 
17 17 878 882 
99 99 879 897 
62 62 879 880 
50 50 880 897 
26 26 880 882 
73 73 880 881 
14 14 881 895 
32 32 881 897 
52 52 882 897 
59 59 882 885 
79 79 882 886 
43 43 883 891 
23 23 883 890 
34 34 884 886 
21 21 884 889 
83 83 885 897 
64 64 885 890 
24 24 886 897 
98 98 886 888 
96 96 886 895 
46 46 887 897 
28 28 887 889 
46 46 887 897 
47 47 888 897 
57 57 888 896 
31 31 888 889 
34 34 889 896 
95 95 889 894 
31 31 889 891 
47 47 890 891 
33 33 890 893 
30 30 890 897 
88 88 891 897 
91 91 891 897 
49 49 891 897 
100 100 892 897 
66 66 892 893 
37 37 893 897 
31 31 893 894 
22 22 893 895 
94 94 894 897 
97 97 894 897 
75 75 895 897 
40 40 895 897 
12 12 895 897 
20 20 896 897 
29 29 896 897 



ISTANCE FEATURES:
Item Number 2422
Clique Number 896
Interference (Index_1) 11.0983
Average item per clique (Index_2) 30
Cardinality of the largest clique 30
Max Profit 100 Max Legth 1
Max weight 100
