4176
100
28 76 1 9 
30 41 1 5 
18 57 1 3 
51 28 1 5 
71 99 1 8 
46 50 1 2 
69 47 1 10 
88 30 1 6 
69 41 1 6 
34 32 1 9 
32 69 1 29 
65 30 1 22 
85 11 1 16 
16 40 1 8 
35 38 1 2 
58 47 1 11 
22 82 1 14 
22 87 1 22 
24 20 1 2 
67 80 1 5 
65 11 1 30 
69 52 1 28 
91 64 1 5 
13 92 1 13 
80 47 1 3 
57 10 1 2 
94 63 1 18 
40 48 1 9 
61 43 1 4 
87 44 1 10 
70 55 1 5 
92 15 1 5 
85 16 1 9 
87 39 2 4 
35 99 2 16 
49 37 2 10 
30 100 2 13 
75 89 2 7 
34 68 3 21 
20 35 3 10 
33 69 3 13 
75 67 3 4 
87 28 3 7 
35 56 3 5 
91 98 3 13 
12 36 3 11 
24 56 4 21 
87 40 4 5 
35 82 4 8 
65 46 5 14 
59 44 6 16 
33 59 7 10 
99 71 7 24 
88 30 7 34 
38 10 7 8 
53 24 7 13 
36 13 7 18 
21 56 7 10 
30 62 7 15 
22 93 8 10 
48 93 8 11 
99 21 8 16 
47 62 9 12 
90 73 9 27 
49 59 9 11 
68 29 9 10 
13 86 9 12 
78 66 9 15 
53 85 9 20 
52 43 10 20 
73 44 11 13 
91 42 11 47 
15 72 11 16 
15 22 11 16 
28 59 11 20 
63 49 11 30 
11 77 11 16 
23 41 11 17 
35 11 11 22 
87 62 11 16 
90 27 12 15 
69 76 13 14 
32 98 14 18 
87 91 14 27 
92 63 14 16 
22 33 14 20 
58 88 14 17 
33 19 14 25 
22 95 14 16 
43 54 15 28 
55 61 15 28 
62 100 15 25 
79 33 15 30 
49 48 15 18 
90 60 15 26 
91 77 16 19 
30 67 17 19 
53 55 17 21 
85 81 17 28 
69 90 17 23 
34 34 17 20 
96 17 18 20 
97 73 18 27 
82 73 18 25 
28 71 18 25 
10 48 18 19 
85 28 18 19 
52 91 18 20 
93 44 18 24 
80 40 18 20 
60 20 18 31 
28 36 19 20 
41 41 19 22 
32 26 19 26 
69 57 19 20 
57 51 20 24 
25 61 21 31 
97 45 21 22 
63 42 21 41 
93 98 21 38 
40 78 21 24 
26 45 21 23 
28 36 21 23 
80 62 21 22 
23 45 21 31 
61 29 21 23 
10 67 21 27 
58 55 22 38 
41 81 23 39 
25 83 23 25 
97 53 23 44 
24 86 23 26 
25 39 24 28 
65 97 24 28 
14 75 24 25 
35 76 24 39 
85 25 24 26 
43 87 24 37 
11 95 24 28 
28 70 24 31 
36 68 24 25 
32 51 25 29 
13 79 26 31 
63 84 26 29 
70 75 26 35 
15 43 27 31 
28 58 27 33 
45 28 27 40 
49 65 27 31 
60 80 27 37 
48 67 27 39 
94 22 27 28 
26 65 27 44 
36 71 27 42 
86 42 27 42 
79 35 27 28 
46 99 27 66 
77 68 28 38 
78 98 29 39 
47 20 29 30 
99 31 29 32 
63 56 29 41 
10 59 29 35 
41 36 29 37 
95 87 29 32 
78 10 29 35 
93 57 29 34 
13 63 29 34 
26 63 30 32 
98 10 30 33 
51 37 30 31 
74 53 30 48 
81 54 30 33 
94 68 31 39 
67 20 32 36 
46 47 32 33 
31 62 32 40 
100 84 32 35 
45 85 32 39 
51 80 32 43 
47 59 33 43 
39 30 33 38 
93 90 33 53 
100 78 33 40 
90 11 33 43 
69 14 33 49 
86 48 33 47 
71 88 34 37 
26 28 35 44 
24 60 35 36 
16 62 36 52 
12 93 36 47 
55 50 36 39 
60 32 36 41 
51 66 37 43 
38 100 37 42 
37 71 37 50 
69 38 37 65 
43 47 37 46 
64 59 37 41 
61 22 38 47 
81 48 39 48 
50 96 40 41 
25 17 40 59 
27 70 40 41 
12 95 40 45 
28 55 40 50 
30 32 40 54 
24 52 40 44 
90 99 40 59 
67 92 41 47 
88 14 42 54 
86 37 42 55 
53 100 42 55 
23 31 42 45 
73 20 42 50 
70 45 42 52 
16 89 42 49 
76 17 42 58 
50 27 43 46 
20 76 43 45 
32 28 43 45 
93 66 43 47 
18 28 43 54 
90 82 43 72 
88 55 43 62 
73 41 44 47 
21 70 44 50 
96 78 44 61 
73 75 45 48 
57 51 45 47 
63 91 45 54 
14 46 45 50 
52 65 45 46 
48 56 45 52 
73 38 46 49 
31 39 46 47 
94 31 46 47 
78 92 46 50 
84 76 47 60 
68 67 48 50 
58 51 48 51 
49 46 48 65 
64 69 48 49 
40 70 48 50 
47 100 49 50 
94 76 49 63 
67 59 49 53 
66 16 49 50 
30 80 49 51 
78 16 49 54 
35 94 49 52 
15 60 49 54 
45 39 49 55 
32 44 49 88 
11 22 49 57 
54 72 50 52 
38 80 51 62 
21 51 51 53 
91 24 51 52 
64 93 51 59 
23 57 51 52 
27 80 51 57 
57 92 51 67 
86 62 51 63 
92 10 51 69 
95 77 51 56 
27 87 52 58 
49 19 53 63 
12 80 53 67 
40 52 53 58 
64 15 53 58 
88 70 53 60 
82 66 53 56 
31 17 53 71 
90 45 53 87 
76 71 54 63 
49 28 55 62 
40 61 55 56 
29 31 55 65 
17 51 55 76 
19 22 55 61 
63 84 55 60 
37 97 55 67 
58 59 55 64 
79 18 55 63 
13 86 56 64 
57 20 57 65 
47 62 57 71 
83 62 57 65 
38 46 57 68 
65 26 58 61 
94 28 58 61 
39 56 59 60 
55 51 59 65 
10 82 59 65 
27 33 59 65 
94 35 59 68 
48 18 60 61 
89 54 61 63 
73 100 62 65 
65 43 62 69 
79 43 62 69 
30 51 62 79 
22 73 62 66 
51 23 62 85 
47 56 62 67 
67 24 62 66 
69 13 62 75 
96 73 62 71 
35 95 63 75 
30 49 64 91 
30 91 64 77 
61 67 64 73 
65 32 64 71 
52 94 64 68 
46 63 64 70 
85 58 64 65 
28 26 64 67 
26 36 65 70 
99 70 66 67 
22 48 66 76 
70 93 66 75 
51 54 66 67 
62 33 66 72 
69 77 66 67 
34 80 66 71 
64 93 66 67 
38 69 66 73 
47 83 66 101 
42 40 66 69 
82 11 66 74 
68 92 67 71 
98 23 68 69 
25 76 68 69 
27 35 68 74 
59 38 68 71 
44 55 68 69 
64 42 68 69 
16 62 68 69 
78 88 68 77 
25 52 68 78 
69 93 69 77 
16 57 70 77 
27 90 70 75 
33 62 70 93 
29 80 70 72 
89 76 70 84 
44 67 70 76 
86 72 70 76 
77 62 70 71 
50 14 70 83 
38 59 70 71 
18 82 71 79 
69 74 72 73 
55 91 72 74 
47 29 72 73 
50 35 72 104 
57 77 72 74 
90 55 72 82 
52 33 72 77 
19 24 72 83 
15 17 72 86 
11 31 72 77 
92 76 72 91 
55 13 73 82 
36 76 73 81 
25 71 73 78 
37 86 73 77 
43 18 73 74 
10 25 74 85 
26 42 75 88 
92 88 76 77 
62 64 76 77 
50 71 76 89 
50 68 76 97 
25 79 76 79 
28 77 76 81 
87 22 76 77 
63 11 76 80 
12 55 76 82 
27 48 76 81 
54 29 76 77 
100 61 76 105 
69 61 77 89 
56 38 78 80 
71 33 78 94 
79 22 78 84 
97 84 78 83 
97 24 78 81 
24 61 79 81 
56 82 79 97 
71 58 79 81 
91 89 79 80 
12 10 79 81 
65 77 79 86 
42 43 79 106 
47 24 79 90 
26 55 79 83 
78 11 79 95 
71 70 80 85 
32 62 80 99 
32 75 80 120 
12 53 81 92 
65 99 82 84 
37 99 82 87 
68 43 82 89 
93 17 82 92 
54 94 82 96 
13 40 83 92 
20 12 83 93 
81 63 83 88 
17 13 84 109 
20 90 84 93 
56 25 84 87 
50 12 85 97 
19 15 85 103 
40 44 85 93 
37 50 85 86 
39 96 86 103 
11 93 87 113 
56 36 87 99 
22 45 87 95 
97 12 87 90 
35 67 88 89 
65 42 89 108 
87 69 90 95 
71 58 90 96 
60 67 90 94 
24 56 90 126 
84 22 90 94 
48 65 90 93 
91 21 90 91 
94 50 90 107 
75 61 90 93 
81 62 90 100 
75 27 91 100 
78 73 91 95 
24 16 92 97 
11 33 92 102 
31 77 92 112 
83 22 92 98 
42 94 92 96 
57 25 93 123 
44 31 94 95 
11 18 94 107 
77 58 94 127 
28 90 94 99 
100 51 94 106 
38 64 94 109 
79 71 94 115 
35 26 94 95 
37 67 95 100 
59 80 96 97 
49 34 96 113 
83 60 96 98 
55 28 96 97 
13 32 96 97 
86 80 96 101 
30 27 96 99 
36 49 97 98 
16 97 98 106 
26 78 98 116 
80 60 98 104 
12 74 99 112 
24 24 99 102 
89 43 99 109 
53 42 99 101 
85 32 100 101 
46 76 100 117 
98 13 100 113 
38 28 100 105 
68 63 100 108 
22 59 100 104 
99 65 100 101 
83 62 101 106 
51 96 102 106 
22 95 102 110 
25 61 103 106 
16 33 103 106 
57 18 103 108 
28 51 104 123 
82 76 104 106 
73 65 104 111 
53 66 104 105 
34 66 104 111 
100 58 104 115 
75 63 105 113 
45 53 105 106 
11 11 105 106 
54 100 105 110 
51 66 105 110 
28 78 105 132 
47 81 106 109 
18 67 107 112 
50 25 107 120 
46 85 107 120 
77 30 108 153 
34 81 108 114 
29 74 108 111 
75 22 108 117 
44 17 108 114 
16 34 108 126 
49 39 108 112 
91 92 108 109 
98 15 108 109 
58 67 108 114 
74 68 108 109 
17 18 109 130 
97 59 110 116 
67 36 110 116 
52 60 111 137 
87 47 111 126 
95 46 111 141 
66 26 112 122 
73 86 112 114 
28 83 112 123 
13 88 112 113 
83 21 112 115 
32 45 112 113 
42 93 112 115 
49 30 112 125 
36 83 112 119 
42 47 112 116 
99 46 112 113 
55 78 112 129 
62 84 113 139 
91 85 114 121 
27 73 114 119 
57 28 114 119 
25 47 114 119 
12 41 115 122 
15 80 116 132 
17 92 116 149 
34 10 116 147 
95 92 116 118 
31 10 117 124 
13 40 117 118 
48 80 117 121 
46 14 117 121 
96 47 118 131 
75 97 119 146 
27 94 119 149 
100 93 119 121 
17 84 119 124 
36 16 119 123 
83 68 119 150 
39 78 119 126 
39 32 119 129 
33 52 119 158 
76 29 120 123 
92 34 120 133 
53 87 120 125 
12 43 120 124 
70 12 121 122 
15 61 121 123 
51 35 121 126 
65 13 122 131 
69 52 122 123 
93 77 122 128 
56 93 122 126 
46 63 122 125 
32 96 122 128 
93 100 123 126 
59 91 124 126 
85 11 124 139 
77 39 124 132 
50 19 124 148 
94 47 124 126 
44 74 124 130 
17 57 124 132 
95 53 125 138 
86 10 125 134 
68 13 125 127 
74 57 126 130 
33 63 127 129 
67 64 127 128 
26 86 127 135 
79 89 127 128 
66 19 127 137 
45 70 127 136 
26 46 128 138 
87 19 128 149 
39 46 129 134 
95 78 129 131 
63 89 130 147 
18 29 130 133 
66 69 130 142 
23 29 130 136 
32 56 130 143 
26 68 130 131 
89 21 130 133 
76 74 130 135 
21 94 130 134 
78 11 130 134 
28 58 131 133 
93 64 131 138 
10 62 132 154 
28 53 133 140 
50 37 133 140 
12 42 133 139 
57 78 133 146 
13 60 134 142 
32 90 134 148 
44 68 134 137 
32 11 134 135 
30 45 134 136 
82 96 134 137 
57 39 134 137 
35 43 134 140 
96 45 135 142 
76 74 135 140 
26 12 135 137 
20 84 135 136 
11 80 135 157 
18 27 136 144 
11 95 136 139 
22 41 136 162 
91 19 136 137 
18 56 136 145 
89 34 137 143 
70 42 138 166 
33 64 138 160 
53 34 138 139 
90 62 138 145 
63 76 138 139 
33 31 139 149 
73 63 140 149 
82 65 140 141 
85 63 140 152 
76 52 140 144 
66 68 140 145 
83 42 141 143 
57 98 142 156 
74 65 142 145 
69 94 142 143 
37 36 142 147 
75 70 142 168 
73 60 142 148 
33 25 142 144 
10 26 142 145 
57 16 142 145 
82 95 143 152 
72 29 144 166 
47 22 144 154 
55 70 144 151 
29 49 144 146 
71 75 144 179 
84 89 144 148 
42 30 144 162 
77 27 144 149 
67 92 144 151 
47 25 145 177 
20 48 146 152 
68 52 146 149 
27 43 146 156 
31 92 146 160 
60 52 147 149 
20 36 147 153 
66 97 147 149 
11 87 147 152 
73 12 147 150 
39 58 148 153 
45 55 148 162 
56 83 148 152 
27 94 148 149 
56 28 148 150 
16 46 148 157 
33 77 149 160 
56 29 150 154 
10 17 150 151 
28 68 150 154 
42 78 150 159 
71 51 150 173 
86 23 150 165 
67 50 150 155 
79 98 151 155 
60 95 151 152 
46 25 151 162 
87 52 151 153 
72 82 151 159 
19 26 151 159 
90 25 151 163 
27 59 152 157 
31 92 153 158 
97 92 153 161 
42 41 153 166 
75 94 153 156 
19 97 153 177 
91 74 153 156 
91 77 153 154 
15 60 153 155 
28 29 153 171 
11 90 153 164 
88 78 154 155 
58 20 155 171 
37 99 156 158 
35 22 157 167 
92 100 157 184 
60 98 157 162 
100 98 157 160 
84 64 157 163 
26 34 157 162 
28 57 157 162 
68 30 157 160 
70 21 158 163 
55 61 158 162 
62 31 158 162 
97 49 158 169 
68 69 158 175 
60 26 158 160 
16 58 158 159 
77 42 159 176 
24 63 159 162 
96 76 159 174 
94 37 159 165 
38 46 159 161 
63 71 160 173 
41 42 161 165 
64 96 161 184 
53 35 161 162 
53 96 161 180 
14 33 161 164 
16 98 161 169 
10 75 161 182 
100 31 162 178 
34 36 163 169 
51 73 163 195 
50 42 163 173 
58 25 163 165 
44 78 163 164 
36 64 163 167 
30 86 164 168 
16 83 164 180 
19 25 164 174 
82 11 165 166 
31 27 165 169 
24 61 165 169 
31 85 166 170 
66 30 166 169 
65 46 166 184 
15 84 166 169 
58 59 166 167 
94 29 166 176 
24 73 166 175 
51 11 166 179 
29 54 166 168 
97 91 166 172 
19 40 166 169 
36 82 167 185 
65 71 168 181 
36 79 168 175 
78 30 168 170 
11 70 168 172 
97 61 168 169 
75 14 168 169 
29 17 169 171 
12 17 170 186 
65 39 170 177 
87 61 171 184 
10 35 171 174 
98 42 171 177 
44 96 171 178 
41 87 171 172 
67 25 171 183 
53 86 171 179 
74 99 171 187 
62 61 172 184 
29 93 172 184 
26 29 173 178 
45 80 173 175 
86 40 174 182 
63 71 174 194 
24 60 174 182 
47 52 174 179 
98 80 175 176 
22 35 176 185 
79 93 176 183 
38 20 176 181 
35 18 176 199 
53 85 176 183 
44 40 176 179 
20 49 176 184 
62 82 176 193 
11 17 177 180 
48 48 178 184 
16 25 178 180 
16 52 178 184 
62 32 178 179 
40 46 178 192 
82 92 178 187 
27 10 179 186 
30 23 180 181 
39 41 180 187 
47 35 180 185 
75 65 181 189 
92 98 181 184 
61 81 182 197 
15 72 182 188 
23 34 182 190 
87 84 182 184 
47 77 183 189 
63 84 183 200 
47 27 183 195 
49 31 183 191 
41 77 183 186 
14 12 183 209 
83 65 183 193 
11 57 183 189 
87 89 183 186 
55 24 183 188 
93 67 183 192 
17 69 183 203 
22 27 184 202 
79 76 185 190 
86 21 185 187 
54 44 185 194 
49 74 185 204 
89 83 185 201 
29 22 185 214 
67 26 185 208 
47 26 185 193 
74 39 185 195 
29 25 186 200 
53 46 186 187 
51 69 186 187 
77 46 186 188 
60 67 187 191 
77 17 188 193 
50 69 188 194 
10 70 188 193 
20 54 188 195 
29 39 188 190 
79 54 188 193 
24 68 188 198 
25 60 188 200 
94 99 188 189 
89 49 189 192 
50 50 190 202 
15 84 190 193 
86 91 190 191 
71 48 190 204 
48 34 190 195 
22 34 190 195 
66 79 190 193 
13 55 190 199 
64 87 190 209 
81 11 191 195 
50 54 191 224 
15 18 191 192 
81 15 192 193 
25 78 192 207 
28 76 193 208 
52 63 194 211 
34 58 194 198 
43 58 194 207 
75 42 194 201 
25 79 194 204 
13 100 194 207 
88 65 194 195 
87 42 194 195 
67 41 194 199 
66 90 194 195 
11 56 194 196 
79 80 194 196 
12 12 195 214 
61 12 196 204 
50 30 196 204 
79 73 196 199 
14 73 196 204 
58 81 196 198 
31 72 196 208 
86 66 196 197 
100 99 196 204 
49 26 196 197 
89 84 196 223 
84 10 197 203 
36 26 197 204 
50 76 197 205 
97 89 197 229 
10 69 197 211 
94 17 198 204 
38 69 199 206 
22 15 199 212 
100 74 200 201 
83 50 200 205 
67 83 200 206 
28 23 200 203 
39 58 201 214 
39 34 201 202 
70 66 201 202 
82 44 202 220 
98 79 203 207 
33 14 203 211 
69 59 203 213 
39 56 203 210 
46 65 203 217 
11 99 203 204 
39 51 203 218 
25 15 203 216 
63 53 203 207 
30 53 204 209 
37 33 205 217 
98 63 205 217 
40 35 205 209 
62 25 205 209 
100 53 205 215 
36 14 205 206 
43 31 205 211 
28 42 206 214 
34 71 206 223 
98 91 206 221 
49 52 206 234 
98 20 206 212 
91 26 206 225 
23 85 206 231 
63 20 207 210 
93 92 208 209 
58 28 208 215 
51 37 208 209 
47 23 208 209 
68 60 209 215 
13 15 210 216 
50 77 210 230 
86 18 210 220 
84 69 210 217 
33 82 211 212 
88 88 211 216 
62 23 211 221 
64 77 211 220 
90 67 212 220 
48 79 212 213 
32 10 212 227 
74 88 212 220 
66 96 212 234 
80 77 212 219 
46 17 212 225 
43 46 212 218 
58 87 213 236 
49 65 214 220 
93 47 215 241 
30 95 215 222 
15 78 216 222 
36 45 216 217 
89 23 216 224 
10 75 216 219 
100 28 216 224 
36 82 216 219 
86 72 216 220 
95 97 216 218 
20 93 217 220 
61 48 218 222 
35 77 218 246 
17 23 218 225 
71 74 218 224 
80 40 219 224 
20 47 219 227 
67 26 219 223 
35 79 219 226 
95 76 219 249 
42 87 219 221 
64 92 220 229 
62 38 221 232 
45 10 221 243 
37 27 221 222 
96 88 221 231 
60 97 221 222 
36 37 221 226 
38 56 221 235 
24 43 221 222 
65 84 221 233 
35 48 221 236 
33 51 221 241 
64 98 222 235 
88 20 223 227 
66 51 223 226 
62 27 223 228 
88 49 223 234 
16 52 223 231 
58 85 223 228 
49 57 224 234 
41 64 225 226 
21 17 225 241 
19 64 225 228 
98 64 225 250 
41 71 225 234 
93 48 225 226 
98 15 225 229 
48 46 226 234 
95 73 227 230 
82 55 227 234 
42 47 227 239 
13 20 227 228 
83 92 228 245 
13 94 229 242 
14 72 229 232 
55 17 229 233 
16 46 229 230 
14 61 229 231 
19 72 229 234 
25 89 230 232 
71 39 230 238 
62 25 230 232 
13 31 230 232 
12 24 230 235 
71 52 230 238 
55 94 230 231 
56 63 230 252 
71 94 230 244 
41 88 231 240 
56 67 232 240 
21 63 233 243 
98 49 233 236 
42 84 233 240 
75 90 233 251 
81 34 233 242 
88 26 233 234 
46 63 233 239 
45 79 233 241 
19 61 233 237 
57 15 234 240 
14 31 235 268 
60 44 235 237 
58 24 235 237 
70 37 235 276 
13 39 235 272 
65 30 235 244 
56 60 235 238 
63 48 236 254 
64 64 236 257 
93 82 236 239 
80 23 236 241 
41 70 236 260 
92 15 237 246 
91 46 237 246 
81 76 237 238 
93 51 237 238 
72 51 237 248 
95 31 237 244 
53 91 238 249 
49 85 239 241 
38 42 239 256 
78 36 239 260 
12 94 239 247 
29 33 239 257 
43 72 239 242 
75 44 239 240 
100 58 239 261 
16 90 240 241 
98 49 241 246 
53 48 242 255 
25 69 242 244 
30 31 242 253 
43 79 243 251 
74 37 243 246 
25 43 243 254 
67 76 244 245 
24 62 244 272 
77 85 244 263 
87 39 244 245 
31 24 244 252 
71 40 244 272 
36 82 244 247 
81 84 244 245 
93 34 245 248 
62 91 245 254 
100 39 245 251 
52 73 245 253 
70 29 245 259 
25 12 245 247 
24 38 245 260 
17 72 245 247 
17 31 246 253 
68 66 247 249 
44 98 248 257 
39 55 248 260 
94 90 248 263 
73 27 248 257 
26 71 249 261 
57 76 249 272 
83 96 249 250 
99 69 249 258 
61 98 249 250 
38 30 249 252 
11 85 249 261 
29 37 250 257 
12 58 251 255 
79 19 251 262 
100 88 252 255 
100 42 253 259 
95 36 253 254 
25 78 253 259 
17 28 253 269 
84 86 254 255 
97 82 254 278 
90 15 254 256 
18 17 254 271 
64 44 254 257 
49 47 254 264 
41 94 254 278 
15 50 255 258 
35 14 256 263 
22 27 256 262 
12 23 256 259 
80 51 256 257 
10 11 256 270 
75 60 256 267 
24 33 256 257 
74 32 257 275 
68 39 258 265 
87 17 258 277 
80 21 258 260 
28 98 258 262 
26 81 259 260 
22 10 259 263 
67 85 259 265 
81 81 259 282 
94 85 259 269 
68 24 259 273 
95 78 259 283 
14 17 260 261 
48 98 261 272 
62 56 261 267 
58 68 262 264 
100 48 262 264 
24 93 262 286 
16 88 262 267 
53 24 262 266 
14 47 262 271 
72 16 262 273 
61 46 263 268 
42 22 263 264 
69 87 263 268 
42 65 263 281 
89 22 263 268 
80 80 264 265 
70 17 264 266 
44 15 265 268 
43 46 265 269 
57 80 266 302 
41 31 267 272 
64 25 267 270 
98 65 267 271 
49 99 267 280 
66 28 267 268 
39 51 267 306 
76 41 267 272 
19 44 267 281 
29 93 267 280 
81 52 267 278 
48 35 267 274 
27 54 267 271 
94 88 268 270 
25 22 269 281 
25 89 269 270 
98 71 269 286 
56 69 269 276 
30 72 269 275 
41 20 269 279 
37 38 270 272 
24 70 270 273 
77 58 270 272 
95 89 270 283 
70 26 270 274 
30 51 270 272 
85 79 271 280 
29 19 271 274 
11 63 271 275 
19 39 271 296 
49 43 272 282 
62 52 273 289 
67 84 273 274 
45 74 273 280 
81 66 273 302 
35 46 273 278 
10 54 273 278 
21 21 273 280 
46 13 274 283 
71 48 275 278 
100 63 275 282 
93 26 275 277 
23 26 275 280 
33 31 276 286 
32 71 276 289 
95 49 276 277 
19 30 276 286 
33 18 277 278 
66 84 277 279 
46 85 277 278 
23 23 277 284 
90 75 277 279 
86 93 278 300 
47 38 279 288 
55 25 279 289 
91 57 279 306 
38 74 279 292 
56 21 279 291 
98 55 279 287 
18 50 279 280 
30 98 279 280 
28 66 279 280 
32 44 279 280 
11 19 279 290 
46 37 279 297 
77 67 279 294 
65 86 280 303 
85 61 281 287 
19 16 281 296 
99 19 282 283 
27 23 282 296 
55 16 282 285 
26 27 282 293 
61 52 282 285 
45 92 282 284 
31 95 283 291 
55 63 283 284 
22 38 283 289 
22 89 284 293 
17 92 284 310 
57 61 284 289 
37 91 284 285 
52 46 284 287 
73 83 284 303 
70 13 284 295 
28 69 284 290 
94 55 285 302 
93 13 285 287 
34 69 285 292 
21 73 285 287 
17 81 286 299 
59 21 286 288 
11 23 287 302 
24 40 288 314 
45 75 288 292 
95 19 288 291 
97 93 288 289 
14 87 288 297 
43 76 288 289 
59 47 288 289 
43 92 288 294 
48 48 288 299 
55 31 289 295 
65 82 290 292 
79 98 290 299 
14 67 290 294 
79 83 290 300 
26 69 290 308 
70 48 290 294 
84 86 291 297 
98 52 291 294 
27 77 292 301 
84 92 292 298 
17 72 292 302 
37 35 292 293 
59 58 293 304 
42 18 293 295 
63 20 293 302 
88 29 293 298 
55 96 293 309 
87 61 293 307 
82 22 294 319 
51 72 295 301 
62 46 296 301 
95 54 296 316 
26 10 297 304 
86 75 297 300 
93 18 298 305 
47 47 298 299 
94 26 298 322 
51 44 298 320 
38 88 298 301 
33 33 298 303 
59 67 298 311 
26 78 298 300 
59 32 298 322 
99 82 298 299 
96 55 298 299 
61 74 299 313 
27 53 300 302 
40 58 300 306 
28 43 300 304 
47 59 300 315 
27 52 300 306 
59 62 300 308 
34 21 300 331 
26 92 300 306 
55 19 300 302 
60 40 300 309 
82 23 301 312 
94 62 302 306 
14 94 303 313 
97 45 303 323 
37 36 303 305 
62 26 303 337 
96 39 303 308 
64 19 303 310 
50 85 303 310 
43 12 303 306 
45 70 303 305 
89 68 303 312 
21 66 304 337 
18 87 304 333 
30 31 304 313 
40 46 304 307 
71 21 305 311 
97 48 305 306 
75 20 306 311 
78 40 307 318 
92 18 307 308 
31 81 307 318 
16 62 308 317 
96 12 308 309 
48 45 308 313 
50 70 308 350 
33 70 308 313 
78 30 308 309 
69 10 308 309 
32 40 308 324 
65 65 308 309 
80 91 309 312 
17 18 310 328 
29 41 310 313 
24 65 310 313 
73 80 311 316 
28 12 311 323 
68 41 311 313 
88 22 311 313 
68 39 311 315 
26 40 311 330 
86 22 311 312 
78 60 311 317 
50 25 312 315 
42 100 312 334 
72 97 312 313 
16 68 312 314 
45 63 312 321 
100 15 312 325 
81 64 312 321 
53 15 312 313 
37 42 313 320 
78 30 314 316 
98 14 314 315 
86 13 314 322 
26 39 314 341 
82 27 315 324 
88 42 315 330 
19 86 316 334 
59 73 316 319 
97 46 316 318 
94 58 316 317 
62 16 316 327 
76 30 317 324 
67 37 317 338 
40 83 317 326 
14 68 317 318 
24 60 317 319 
44 34 317 324 
96 22 317 325 
100 84 317 337 
56 47 317 324 
68 82 317 336 
13 64 317 318 
59 41 318 320 
98 96 319 332 
42 30 320 324 
58 89 320 327 
96 21 321 323 
76 17 321 323 
60 20 321 340 
53 85 321 322 
48 71 322 325 
60 60 322 326 
28 86 322 330 
36 46 322 331 
54 21 322 329 
69 62 322 331 
50 33 323 341 
44 27 323 337 
99 80 323 327 
11 72 324 328 
87 11 325 346 
58 53 325 332 
59 85 325 348 
78 57 325 328 
67 29 325 336 
29 66 326 341 
37 79 326 334 
51 53 326 328 
51 91 326 328 
98 69 326 329 
57 74 327 329 
94 73 327 328 
97 78 327 340 
87 85 327 334 
31 63 327 354 
85 76 328 333 
85 29 329 340 
12 71 329 333 
86 89 330 332 
24 23 330 345 
75 51 330 335 
82 66 330 334 
93 65 330 335 
70 87 330 335 
79 79 330 332 
39 12 330 339 
87 88 330 339 
89 18 331 334 
56 88 332 346 
90 57 332 342 
48 21 332 343 
24 23 332 333 
99 85 332 344 
47 28 333 346 
55 93 333 350 
69 99 334 342 
35 27 335 346 
69 39 335 343 
47 52 335 341 
70 38 335 337 
16 86 335 338 
94 86 335 357 
39 87 335 339 
39 41 335 336 
46 54 335 347 
19 45 335 346 
18 14 336 346 
97 27 336 348 
49 82 336 347 
45 25 336 345 
53 12 336 351 
23 23 336 337 
68 69 337 339 
61 61 338 339 
49 52 338 340 
66 96 338 348 
46 93 338 341 
53 75 338 344 
17 44 339 344 
42 27 340 348 
34 55 340 345 
34 94 340 372 
96 48 340 350 
31 65 340 343 
28 68 340 346 
89 82 340 349 
27 47 341 344 
88 93 342 370 
77 62 342 348 
61 39 342 349 
83 50 342 346 
85 87 343 350 
11 98 343 345 
18 73 343 344 
45 41 343 355 
41 73 343 358 
18 42 343 364 
58 88 343 366 
81 44 344 346 
43 24 345 350 
82 96 345 360 
12 57 345 375 
10 73 345 348 
30 24 345 354 
63 99 345 353 
74 15 345 348 
50 100 346 359 
72 65 347 351 
65 30 347 358 
16 74 347 352 
96 91 347 349 
90 20 347 349 
100 59 347 384 
34 11 347 348 
93 40 347 350 
25 93 347 364 
15 58 347 357 
27 26 347 348 
75 66 347 371 
10 69 348 350 
46 91 349 358 
69 33 349 362 
87 37 349 354 
10 82 349 352 
93 21 349 352 
98 26 349 351 
63 46 349 357 
65 11 349 350 
38 84 349 353 
15 66 349 351 
76 15 350 356 
35 39 351 352 
85 57 351 368 
23 83 351 361 
41 26 351 354 
15 66 351 362 
73 92 351 381 
98 72 352 392 
49 81 353 356 
78 57 353 370 
19 59 353 366 
57 87 353 359 
47 52 353 360 
84 16 353 356 
79 45 353 355 
76 26 353 354 
81 60 354 356 
12 98 355 365 
40 36 355 361 
86 51 356 357 
19 65 356 358 
71 49 356 383 
33 55 356 363 
78 56 356 367 
17 85 356 367 
40 96 356 381 
62 34 356 358 
85 53 356 365 
85 19 356 358 
70 58 357 359 
26 37 357 368 
46 41 357 358 
33 95 357 361 
72 65 358 360 
15 46 359 362 
31 87 359 363 
45 48 359 365 
32 74 360 362 
16 74 361 382 
36 96 361 373 
87 46 361 367 
16 57 361 367 
76 70 361 362 
14 35 361 374 
56 44 361 362 
83 46 361 362 
86 38 361 366 
55 14 361 369 
21 69 361 364 
93 40 361 377 
69 75 362 368 
100 61 363 366 
24 47 363 376 
48 48 363 372 
64 70 363 368 
86 68 363 374 
97 57 363 400 
83 17 363 365 
67 32 363 378 
91 57 364 366 
33 71 364 369 
20 50 365 366 
97 27 365 377 
54 48 366 384 
91 54 367 370 
75 64 367 385 
32 50 367 378 
64 83 367 369 
30 69 367 372 
28 73 367 381 
21 89 367 373 
37 47 367 386 
12 58 368 383 
59 46 368 373 
21 68 369 371 
98 97 369 376 
29 65 369 380 
55 39 369 375 
47 83 370 371 
49 100 370 380 
32 41 370 389 
10 93 370 384 
89 82 371 372 
15 69 372 393 
86 36 372 377 
87 94 372 411 
63 92 372 380 
61 31 372 403 
85 11 372 375 
65 94 373 379 
73 94 373 398 
58 41 373 377 
71 20 373 382 
49 23 374 377 
90 77 374 382 
30 49 374 398 
19 50 375 376 
44 23 375 377 
16 58 375 381 
52 62 376 386 
60 96 376 387 
75 86 376 379 
95 76 376 380 
97 55 376 380 
54 86 377 394 
41 93 378 390 
96 43 378 393 
73 85 378 388 
44 43 378 387 
52 25 378 379 
67 39 378 399 
35 69 378 386 
68 34 378 380 
37 44 379 388 
59 48 379 384 
36 56 379 380 
28 49 380 410 
62 38 381 390 
50 62 381 405 
91 75 381 393 
40 14 381 383 
70 32 382 406 
70 39 382 398 
24 89 382 385 
24 77 383 388 
39 85 384 389 
20 49 384 397 
34 86 384 385 
33 47 385 387 
82 10 385 388 
37 72 385 397 
30 39 385 405 
61 61 385 388 
33 54 386 390 
71 81 386 388 
23 81 386 388 
84 93 386 393 
59 87 386 388 
10 65 387 388 
61 13 387 405 
15 82 387 414 
24 15 387 388 
89 27 387 393 
98 56 387 389 
81 98 387 397 
89 66 387 420 
50 52 388 391 
25 36 389 392 
21 87 389 407 
13 81 390 393 
46 12 390 396 
63 73 390 393 
77 26 390 402 
33 87 390 409 
24 22 390 393 
12 36 390 394 
55 59 390 391 
32 83 390 391 
81 72 391 399 
56 31 392 395 
10 19 392 397 
99 11 392 400 
59 67 392 393 
26 97 392 405 
23 63 392 397 
43 84 392 400 
73 36 392 404 
61 80 393 403 
28 55 394 396 
36 88 394 401 
90 35 394 397 
79 66 394 399 
19 18 394 407 
33 49 394 395 
21 71 394 399 
26 16 395 411 
16 27 395 399 
85 37 396 399 
36 87 397 398 
89 12 398 416 
56 70 398 405 
97 57 398 403 
72 74 398 407 
55 65 398 404 
64 17 398 399 
44 56 398 401 
84 45 398 407 
45 45 398 438 
78 78 398 405 
91 35 398 403 
32 90 398 423 
83 18 398 402 
57 13 399 426 
23 79 400 404 
60 43 401 402 
76 60 401 415 
29 25 401 402 
81 19 401 407 
13 76 401 407 
20 95 402 411 
47 27 402 415 
57 86 402 409 
36 38 402 411 
77 43 402 411 
62 31 402 419 
43 45 402 403 
78 43 403 406 
95 86 404 405 
16 60 404 417 
32 22 404 405 
71 49 404 405 
74 75 404 422 
51 27 404 428 
93 93 404 407 
52 97 404 407 
46 96 404 408 
40 42 405 408 
99 97 406 407 
49 13 406 409 
81 48 406 411 
86 57 406 412 
86 68 406 409 
60 51 406 415 
95 99 406 417 
61 93 406 408 
37 26 406 419 
20 75 406 411 
19 18 407 409 
76 45 408 409 
88 64 408 410 
100 51 408 427 
59 90 408 415 
65 61 408 413 
43 48 408 425 
99 65 408 410 
81 61 408 424 
39 57 409 414 
10 36 410 417 
92 65 410 415 
100 40 410 438 
19 66 410 421 
22 15 410 434 
55 21 410 425 
29 44 410 412 
90 46 410 411 
45 23 410 411 
86 30 410 418 
24 42 411 413 
48 81 412 436 
37 96 412 414 
75 77 412 419 
48 34 412 418 
82 93 413 442 
62 100 413 416 
13 66 413 415 
80 37 413 419 
36 50 413 422 
52 14 413 456 
82 65 414 428 
72 69 414 422 
74 47 415 417 
41 69 416 429 
73 81 416 426 
88 18 416 434 
46 37 416 424 
95 56 416 420 
71 20 416 420 
39 12 417 448 
40 18 417 430 
74 49 417 421 
73 69 417 430 
19 21 417 439 
84 26 417 421 
69 73 418 425 
34 74 418 422 
56 11 419 428 
68 58 419 420 
97 58 419 426 
33 87 419 428 
66 30 420 423 
37 83 420 421 
45 38 420 423 
29 61 420 425 
64 92 420 421 
51 19 421 430 
72 69 422 434 
79 98 422 425 
20 68 423 454 
44 16 423 425 
86 100 423 427 
37 95 424 432 
81 15 424 433 
13 47 424 426 
80 58 424 430 
49 31 424 430 
69 16 424 432 
31 14 424 425 
34 86 424 427 
13 60 424 443 
53 94 424 445 
66 98 425 439 
21 14 426 432 
52 12 426 437 
20 69 426 453 
49 75 426 429 
85 92 427 430 
75 35 427 434 
96 70 427 429 
75 74 427 437 
35 47 428 430 
69 36 428 434 
60 18 429 431 
49 26 429 430 
38 76 429 430 
84 47 429 431 
66 54 429 433 
86 29 429 431 
87 100 429 432 
17 75 429 438 
81 50 429 448 
34 69 430 432 
43 84 431 444 
52 67 431 435 
82 60 431 454 
67 59 431 432 
66 40 431 438 
47 28 431 435 
100 36 431 434 
55 55 431 441 
53 21 431 432 
82 90 432 445 
80 26 433 455 
16 46 433 458 
92 43 433 447 
46 22 433 452 
90 55 433 441 
57 95 433 438 
74 45 433 434 
73 57 434 435 
12 28 435 445 
24 10 435 451 
93 85 435 436 
43 82 435 453 
92 59 436 438 
32 59 436 440 
20 17 436 457 
23 18 436 444 
96 93 436 447 
90 49 436 437 
60 22 436 438 
19 53 436 469 
65 47 436 439 
32 78 436 453 
30 40 437 438 
93 54 438 456 
96 13 439 446 
59 90 439 440 
71 54 439 440 
78 97 439 451 
54 42 439 452 
70 30 439 445 
65 18 440 456 
65 17 440 443 
47 82 440 443 
74 47 440 442 
50 67 440 448 
61 34 440 443 
39 18 440 441 
54 56 440 445 
56 92 441 446 
79 49 442 444 
92 88 442 444 
78 76 443 449 
50 31 443 446 
65 91 443 452 
43 12 443 454 
29 51 443 451 
88 99 443 444 
93 57 443 444 
82 31 444 449 
58 89 445 448 
44 45 446 485 
20 41 446 447 
56 92 446 451 
88 96 446 452 
52 40 446 488 
37 50 446 457 
59 63 446 486 
73 64 446 450 
41 34 446 448 
71 99 446 458 
20 70 446 454 
37 84 447 457 
80 68 448 463 
27 10 449 453 
84 87 449 463 
41 31 449 450 
51 30 449 450 
40 92 449 472 
22 18 449 475 
91 13 450 454 
28 34 451 469 
78 98 451 463 
91 58 451 454 
69 80 451 460 
50 86 451 464 
60 95 451 454 
89 22 451 454 
80 77 451 460 
71 39 451 459 
86 63 452 479 
59 51 452 459 
73 69 452 454 
100 13 452 454 
31 13 452 455 
28 50 453 454 
63 98 453 456 
25 58 453 463 
47 53 453 455 
15 28 454 470 
99 88 455 462 
30 84 455 457 
52 66 455 461 
68 83 455 472 
72 11 455 467 
18 49 455 462 
38 53 455 457 
29 34 455 457 
17 16 455 461 
50 38 455 459 
89 39 455 462 
22 88 455 457 
22 26 455 463 
92 30 456 471 
31 90 457 463 
49 32 458 484 
68 57 458 460 
44 100 458 465 
54 36 458 469 
19 38 459 468 
45 83 460 468 
67 81 460 470 
60 27 460 465 
47 65 460 465 
49 97 460 473 
84 43 460 474 
68 70 460 466 
59 60 461 463 
88 47 461 464 
44 68 461 472 
92 34 461 482 
75 80 461 464 
54 77 461 464 
92 51 462 467 
24 42 462 467 
98 41 462 465 
47 48 462 472 
56 31 463 465 
71 49 464 466 
10 27 464 468 
83 92 464 465 
20 28 464 472 
35 11 464 485 
35 96 465 474 
57 60 466 469 
70 54 466 474 
90 19 466 485 
85 10 466 476 
79 90 466 468 
12 77 467 472 
46 44 468 472 
18 14 468 471 
54 49 468 469 
87 19 468 472 
87 31 468 470 
95 81 468 474 
68 91 468 471 
64 66 468 473 
69 78 468 469 
46 79 468 471 
25 93 468 482 
26 61 468 492 
55 89 469 476 
94 52 470 479 
10 54 470 472 
18 53 470 475 
22 51 470 472 
82 74 470 481 
85 73 470 474 
32 92 470 488 
88 80 470 476 
56 55 470 476 
52 10 471 489 
89 22 471 474 
82 50 471 480 
37 92 471 472 
75 85 472 473 
57 92 473 477 
64 62 473 474 
42 92 473 477 
94 31 473 476 
78 65 473 499 
72 60 473 476 
59 91 473 477 
68 38 473 476 
40 29 473 474 
49 59 473 486 
35 87 473 480 
35 64 473 497 
77 23 473 500 
41 78 474 482 
60 65 475 476 
89 24 475 481 
67 10 475 476 
94 30 475 478 
91 34 475 492 
59 26 475 493 
24 27 475 480 
58 39 476 484 
100 52 477 479 
49 57 477 481 
31 22 477 482 
71 42 477 492 
15 38 477 478 
19 43 477 481 
49 47 477 478 
74 76 477 481 
17 37 477 494 
19 65 477 492 
67 35 478 481 
91 22 478 481 
46 89 478 503 
24 60 478 483 
39 69 478 532 
55 33 479 481 
34 48 479 481 
25 90 480 491 
27 78 480 491 
89 18 480 487 
81 92 480 496 
33 31 481 487 
10 11 482 489 
12 87 482 483 
90 65 482 514 
50 72 482 497 
90 63 483 485 
83 14 483 487 
11 26 483 489 
25 92 483 492 
85 76 483 485 
66 45 483 504 
50 21 483 490 
79 43 483 484 
72 71 484 489 
81 18 485 508 
97 71 486 495 
55 42 486 487 
28 36 487 493 
26 65 487 496 
41 60 487 495 
19 68 487 490 
17 28 487 502 
62 74 488 498 
30 95 488 495 
34 100 489 498 
28 29 489 496 
13 87 489 498 
25 17 489 493 
61 100 489 507 
55 54 489 492 
12 73 489 491 
88 98 489 490 
67 95 490 492 
91 69 490 494 
81 73 490 498 
24 36 490 492 
55 26 490 507 
10 36 491 501 
99 33 491 494 
72 25 492 497 
66 91 493 501 
62 47 493 510 
52 14 493 497 
97 24 494 520 
15 19 494 512 
59 38 494 509 
85 84 494 509 
59 52 494 502 
75 89 494 501 
100 97 495 499 
46 30 495 501 
14 33 495 518 
25 44 496 500 
89 60 496 505 
31 25 496 501 
31 24 496 501 
45 80 496 517 
17 72 496 504 
55 79 497 503 
99 43 498 502 
32 27 498 503 
37 32 498 513 
60 41 498 499 
81 100 498 501 
29 91 498 504 
91 30 498 505 
94 49 499 503 
25 18 499 506 
34 44 499 519 
100 86 499 507 
97 95 500 515 
22 41 500 511 
13 33 500 505 
19 66 501 503 
40 78 502 507 
44 18 502 503 
11 21 502 512 
12 83 502 515 
68 59 502 512 
18 82 502 533 
79 26 502 514 
28 81 502 508 
65 10 502 509 
94 86 503 506 
83 67 504 510 
19 26 505 507 
80 48 505 506 
72 63 505 511 
47 96 505 506 
47 17 505 514 
23 33 505 522 
71 93 505 524 
73 21 505 506 
70 72 505 516 
21 88 505 515 
90 16 505 521 
22 30 506 514 
79 17 507 514 
76 68 508 509 
87 60 508 512 
42 87 509 533 
14 95 509 519 
64 78 509 510 
70 70 510 518 
41 13 510 521 
91 46 510 513 
51 82 510 511 
58 60 510 523 
90 36 510 524 
24 95 510 514 
95 21 510 513 
99 68 511 514 
51 51 511 525 
59 97 511 512 
93 44 511 518 
88 89 511 523 
45 96 511 524 
94 75 511 517 
74 41 511 527 
98 20 512 526 
27 79 513 544 
81 89 513 521 
17 88 513 516 
92 20 513 527 
47 42 514 519 
82 76 515 517 
47 22 515 527 
55 29 515 516 
22 94 515 528 
92 51 515 532 
22 61 515 534 
10 34 516 517 
16 25 516 525 
19 37 516 519 
55 72 517 539 
70 22 518 529 
41 64 518 527 
54 31 518 520 
11 58 518 530 
18 92 518 530 
36 24 518 521 
15 51 518 519 
38 42 518 521 
69 13 519 541 
83 82 520 529 
49 86 520 524 
62 81 520 524 
70 82 520 527 
57 100 520 521 
43 92 520 531 
85 77 520 533 
42 80 520 522 
75 32 520 522 
86 39 520 543 
55 95 521 529 
69 49 522 539 
82 76 522 527 
72 98 523 526 
34 16 523 527 
99 45 523 528 
42 38 523 541 
10 67 523 524 
63 79 523 524 
53 74 523 524 
12 19 524 535 
43 84 525 533 
56 70 525 531 
58 84 525 533 
29 84 525 528 
66 34 525 530 
25 58 525 529 
22 73 525 535 
58 40 525 527 
71 23 526 538 
51 28 526 539 
28 96 527 531 
90 35 528 559 
62 66 528 536 
88 59 528 530 
28 35 528 529 
53 50 528 536 
47 69 528 544 
86 71 528 541 
23 69 528 547 
12 70 528 532 
18 53 528 535 
77 85 528 540 
69 67 529 537 
42 71 530 540 
43 36 530 539 
26 61 531 555 
62 71 531 548 
72 53 531 551 
67 85 531 534 
30 46 531 544 
100 35 531 539 
66 34 531 533 
86 29 532 534 
22 54 532 566 
55 76 532 535 
77 16 532 543 
76 82 532 536 
26 98 532 535 
42 59 533 535 
25 53 534 535 
30 88 534 539 
23 60 534 538 
26 62 534 539 
50 25 534 552 
60 60 534 538 
86 12 534 535 
29 78 535 543 
79 91 536 544 
40 59 536 537 
44 97 536 546 
82 79 536 551 
12 12 536 551 
32 89 536 537 
87 98 536 544 
73 97 536 541 
54 98 536 545 
11 53 537 545 
17 58 537 544 
65 13 537 552 
11 58 537 571 
35 47 538 542 
29 22 538 542 
53 74 539 547 
37 27 540 544 
70 27 540 549 
39 26 540 542 
88 85 540 552 
95 46 540 556 
54 13 540 543 
35 41 541 542 
60 83 541 550 
72 34 541 554 
76 28 542 546 
11 34 542 554 
78 68 542 546 
61 52 542 545 
92 12 542 558 
91 75 542 569 
62 73 542 549 
86 13 542 548 
12 58 543 544 
27 53 543 547 
56 20 544 565 
69 57 545 553 
78 66 545 563 
23 83 545 572 
82 20 545 551 
65 23 545 549 
61 24 546 560 
52 80 546 564 
59 51 546 569 
41 71 547 555 
66 57 547 551 
80 21 548 551 
76 39 548 554 
51 63 548 554 
85 60 548 550 
56 51 548 550 
11 21 548 551 
81 92 549 551 
46 38 549 551 
61 17 549 555 
63 20 549 556 
42 42 549 574 
30 93 549 569 
90 33 549 551 
37 47 550 558 
17 51 550 560 
22 20 550 571 
99 91 550 557 
27 69 551 553 
30 42 552 553 
72 38 552 580 
12 20 552 584 
76 69 552 576 
91 34 552 554 
29 10 552 556 
80 57 552 561 
62 50 552 575 
34 97 552 553 
34 27 552 560 
27 36 553 576 
64 100 553 554 
73 13 553 557 
24 50 554 563 
17 86 555 594 
57 80 555 562 
65 22 555 557 
60 19 556 559 
64 41 556 558 
34 71 556 561 
19 76 556 559 
15 92 557 599 
43 54 557 564 
42 11 558 564 
88 33 559 563 
85 98 559 568 
46 50 559 560 
26 82 559 593 
23 18 559 569 
95 29 559 561 
63 14 559 571 
78 26 559 563 
35 76 560 561 
45 63 560 562 
52 79 560 562 
72 49 560 567 
74 55 561 571 
31 40 562 566 
98 74 562 565 
96 74 562 563 
86 97 562 603 
25 46 562 566 
85 88 562 563 
23 76 562 574 
93 72 562 573 
68 54 562 567 
43 74 563 584 
83 52 564 576 
25 46 564 580 
78 61 564 572 
30 76 564 579 
12 55 564 571 
13 16 564 574 
16 15 565 573 
79 19 566 572 
67 88 566 568 
52 75 566 574 
71 96 566 611 
30 70 566 568 
79 83 566 570 
58 80 567 574 
85 61 568 571 
71 60 568 570 
25 74 568 571 
56 69 569 574 
23 28 569 583 
48 31 569 588 
75 64 569 571 
99 34 569 576 
44 87 570 586 
97 78 570 589 
82 27 571 579 
87 83 572 574 
23 51 572 574 
30 50 573 576 
54 58 573 576 
96 80 573 584 
46 94 573 575 
89 21 573 574 
43 96 573 574 
68 14 573 598 
61 75 573 582 
13 51 573 574 
55 68 573 576 
48 15 573 587 
11 99 573 576 
11 22 574 588 
31 43 575 593 
70 48 575 581 
81 75 575 578 
16 88 575 577 
29 57 575 581 
35 44 575 576 
49 44 575 599 
59 74 575 577 
31 86 575 576 
44 76 575 590 
12 90 575 577 
44 62 575 576 
30 96 576 590 
70 76 577 584 
30 82 577 578 
83 90 577 581 
88 52 577 578 
78 21 577 578 
57 25 577 581 
97 90 578 579 
10 63 579 588 
91 52 579 593 
24 100 579 581 
70 56 579 580 
93 84 579 585 
50 83 579 591 
15 46 579 594 
85 48 579 595 
17 12 579 582 
31 82 580 592 
47 100 580 585 
43 11 580 582 
94 91 580 584 
100 94 580 585 
27 12 580 608 
66 85 580 581 
11 87 581 595 
41 35 582 602 
30 18 582 584 
47 100 582 584 
86 99 582 586 
30 74 582 584 
31 43 582 583 
25 66 582 595 
52 65 582 584 
85 10 583 597 
40 56 584 587 
91 69 585 595 
96 16 585 608 
93 71 585 597 
43 30 585 586 
83 29 585 589 
93 78 585 593 
56 99 585 595 
52 15 585 603 
26 16 585 588 
51 59 586 587 
19 26 587 593 
45 28 588 601 
33 51 588 589 
100 74 588 595 
53 48 588 589 
93 44 588 598 
98 33 589 593 
74 100 589 590 
89 87 589 592 
11 71 589 591 
69 66 589 590 
46 90 589 603 
65 43 589 601 
95 75 589 608 
55 81 589 593 
73 84 589 598 
71 29 590 617 
68 53 590 594 
44 30 590 602 
78 61 591 618 
40 41 592 598 
35 21 592 610 
37 45 592 600 
15 63 592 596 
80 100 593 595 
57 58 594 601 
56 21 594 595 
63 20 594 597 
92 40 594 607 
95 24 594 607 
42 48 594 596 
75 58 594 615 
100 92 594 599 
60 13 594 595 
13 60 595 601 
76 82 596 612 
95 30 596 599 
98 44 596 605 
12 18 596 605 
31 35 596 641 
76 92 596 628 
45 37 596 630 
88 96 596 600 
80 68 597 609 
19 12 598 610 
15 74 599 626 
96 51 600 605 
75 72 600 606 
23 82 600 603 
60 97 600 604 
84 37 600 602 
50 96 600 615 
26 82 601 602 
75 18 601 621 
39 53 601 610 
83 52 601 613 
90 71 602 612 
41 70 602 604 
69 67 602 626 
49 75 602 607 
12 84 602 623 
20 80 602 603 
69 78 602 605 
51 48 602 607 
62 61 602 623 
70 72 603 606 
84 60 604 636 
63 24 604 622 
84 16 604 606 
39 36 604 620 
78 95 604 609 
49 21 605 607 
100 75 605 633 
39 75 605 607 
89 87 606 607 
52 17 606 610 
82 30 607 613 
21 33 608 614 
15 48 608 611 
78 32 608 617 
94 26 608 631 
95 67 608 621 
26 75 608 611 
94 69 608 641 
29 48 609 612 
23 57 609 611 
22 39 610 613 
20 29 611 614 
72 56 611 615 
72 68 611 612 
100 65 611 616 
75 62 611 616 
73 41 611 627 
58 19 611 625 
11 72 611 612 
68 75 611 620 
31 90 612 613 
77 75 613 617 
45 42 613 619 
73 91 613 617 
90 39 614 619 
56 41 614 625 
41 38 614 618 
23 21 614 625 
28 86 614 615 
90 78 615 622 
56 23 615 619 
73 40 616 629 
58 32 616 628 
84 67 616 621 
89 13 616 628 
60 96 616 621 
74 11 616 623 
85 23 616 634 
26 46 616 618 
52 66 616 617 
56 57 617 635 
29 73 618 635 
87 37 618 634 
89 42 618 622 
68 100 618 627 
82 12 619 624 
29 92 620 632 
87 66 620 632 
98 38 621 631 
85 41 622 624 
90 40 622 625 
21 99 622 626 
63 43 622 632 
100 25 622 630 
47 90 622 627 
67 98 623 639 
25 13 623 631 
18 77 624 641 
11 57 624 627 
19 81 625 627 
69 15 626 627 
32 28 626 629 
40 72 626 644 
90 35 626 635 
36 16 626 627 
69 20 626 634 
73 75 626 650 
16 33 626 629 
79 94 626 630 
42 46 627 633 
47 28 628 641 
44 20 628 633 
95 26 628 644 
46 94 628 631 
75 77 628 650 
84 46 628 638 
18 79 628 631 
67 68 628 638 
23 53 629 650 
94 97 630 643 
86 68 630 631 
58 93 630 638 
38 46 630 634 
59 57 630 636 
95 78 631 658 
40 64 632 635 
64 95 632 641 
66 55 632 635 
59 47 632 655 
64 91 632 636 
98 94 632 650 
25 63 632 642 
100 93 632 635 
44 74 632 642 
26 51 633 644 
38 12 633 675 
18 100 633 655 
23 97 634 645 
79 83 634 641 
97 83 634 645 
64 52 634 638 
61 98 634 635 
72 13 634 637 
10 91 634 654 
61 55 635 666 
43 59 636 642 
14 28 636 637 
77 88 637 655 
64 69 637 640 
40 26 637 638 
36 24 637 640 
59 68 637 650 
17 66 637 661 
42 92 637 638 
59 99 638 639 
92 18 639 659 
93 73 639 646 
100 89 639 647 
72 59 639 641 
14 41 639 650 
12 53 639 648 
65 94 639 640 
49 100 639 653 
30 20 640 641 
58 21 640 664 
52 17 640 641 
63 38 640 641 
42 52 641 645 
94 16 642 644 
11 52 642 643 
35 84 642 651 
24 99 642 646 
71 42 642 643 
65 86 643 646 
73 80 643 652 
69 21 643 652 
32 70 643 645 
65 65 643 649 
91 93 643 662 
70 41 643 650 
64 12 643 647 
97 66 644 657 
54 85 645 660 
88 52 646 655 
89 34 646 647 
71 76 646 665 
85 66 646 648 
94 17 646 649 
76 80 646 655 
89 77 646 661 
36 55 647 655 
22 73 647 652 
69 59 647 649 
83 32 647 650 
64 10 648 659 
16 81 648 657 
83 31 649 667 
54 24 649 651 
55 16 649 674 
43 83 649 650 
67 47 649 659 
84 90 649 658 
36 11 649 651 
56 47 650 671 
48 33 651 656 
54 64 651 679 
23 48 651 654 
79 86 651 656 
98 82 651 663 
87 68 651 655 
62 49 651 653 
26 28 651 667 
60 76 652 655 
71 52 652 655 
48 48 652 660 
39 71 653 656 
10 91 653 713 
34 60 653 667 
30 81 654 655 
60 14 654 663 
100 70 654 659 
35 90 654 655 
25 70 655 662 
35 49 656 671 
27 59 656 660 
73 97 656 669 
63 50 656 657 
62 32 656 657 
39 96 656 659 
58 66 656 659 
41 72 656 657 
66 94 656 659 
26 33 656 674 
12 49 656 657 
27 83 657 667 
81 61 658 665 
43 87 658 659 
44 21 658 661 
69 69 658 663 
60 87 658 667 
64 13 658 660 
57 72 658 687 
32 92 658 666 
31 19 658 672 
91 45 659 669 
46 75 660 665 
78 91 661 671 
25 33 661 667 
52 53 661 671 
57 67 661 666 
22 66 661 665 
54 56 661 677 
28 99 662 677 
21 29 662 665 
10 10 662 669 
74 70 662 671 
72 79 662 674 
82 54 662 667 
73 76 663 665 
49 94 663 692 
41 91 663 664 
77 31 664 696 
17 22 664 668 
46 87 664 668 
56 68 664 667 
37 50 665 675 
22 69 666 678 
92 90 666 668 
89 60 666 688 
28 26 666 671 
12 63 666 681 
37 52 666 674 
29 58 667 673 
32 27 668 670 
21 99 668 673 
73 48 668 670 
11 64 668 685 
39 97 668 683 
23 100 668 674 
76 18 668 676 
37 33 668 681 
22 38 669 671 
70 82 669 670 
61 93 669 680 
73 41 669 688 
52 48 669 673 
61 43 670 678 
99 41 670 684 
24 34 670 671 
80 96 670 672 
15 19 671 691 
68 38 672 674 
51 73 673 680 
21 89 673 674 
32 19 673 680 
22 69 673 690 
73 82 673 682 
26 21 673 687 
37 96 673 701 
59 12 673 678 
51 39 673 682 
20 54 673 681 
94 90 673 687 
53 54 673 702 
78 41 674 675 
66 35 675 676 
43 91 675 676 
39 83 675 681 
47 90 676 679 
52 18 677 682 
51 64 677 685 
44 40 677 687 
40 38 677 697 
70 85 677 686 
94 52 677 685 
74 89 677 681 
97 52 677 678 
60 33 677 684 
51 69 678 685 
23 54 679 691 
52 39 679 683 
31 78 679 687 
96 17 679 681 
97 100 679 685 
19 100 679 685 
78 27 680 683 
62 71 681 688 
13 32 682 685 
70 85 682 700 
33 84 682 699 
80 98 682 685 
67 49 682 701 
52 60 682 685 
38 82 682 683 
11 68 682 693 
41 13 682 684 
21 80 682 686 
27 37 683 697 
26 11 683 685 
98 68 683 685 
70 18 683 695 
92 82 683 704 
34 84 684 697 
56 89 684 691 
58 80 684 687 
74 52 685 686 
35 27 686 692 
76 84 686 708 
49 13 686 726 
33 54 686 687 
57 80 686 688 
80 23 686 694 
68 92 686 689 
70 10 686 687 
57 15 686 687 
20 58 686 710 
74 54 686 689 
82 91 686 689 
75 73 686 687 
59 83 687 699 
29 84 688 694 
23 69 688 690 
100 29 688 717 
95 64 688 693 
57 96 688 690 
73 91 688 699 
14 69 688 692 
30 12 688 693 
33 92 688 699 
69 53 689 696 
84 87 689 690 
47 64 690 692 
11 80 690 703 
79 83 690 712 
40 41 691 698 
31 89 691 710 
97 85 692 695 
85 50 693 697 
88 30 693 699 
43 43 693 709 
72 55 693 694 
86 87 694 695 
35 68 694 717 
10 33 695 697 
60 34 695 702 
71 21 695 696 
13 46 695 698 
23 34 695 702 
73 75 695 697 
38 93 695 721 
56 99 696 718 
95 33 696 697 
52 12 696 706 
41 14 696 710 
98 97 696 697 
44 13 696 702 
98 26 697 698 
51 62 698 703 
78 76 698 699 
51 61 698 709 
24 78 698 699 
43 16 698 723 
54 81 698 700 
64 19 698 705 
13 55 698 710 
21 98 698 699 
39 19 698 704 
20 28 699 705 
56 72 700 703 
60 13 700 715 
86 22 701 745 
59 98 701 715 
100 68 701 707 
33 29 701 711 
61 18 701 714 
38 96 701 704 
30 54 701 707 
86 39 701 712 
68 45 701 702 
72 88 701 711 
63 54 701 722 
38 96 702 720 
70 45 703 713 
61 63 703 712 
28 51 704 709 
53 29 704 728 
14 80 704 707 
77 47 704 706 
35 87 704 735 
61 57 704 708 
76 94 705 724 
41 68 706 726 
79 63 706 711 
19 38 706 707 
43 14 706 709 
28 63 706 708 
22 16 707 708 
11 19 708 710 
92 98 708 734 
34 14 709 715 
18 41 709 710 
57 61 709 710 
49 25 709 710 
15 15 709 710 
93 18 709 715 
65 39 709 722 
100 12 709 713 
93 31 710 713 
56 77 711 768 
73 85 711 716 
65 62 711 718 
63 76 712 718 
85 25 712 716 
96 77 712 732 
72 10 712 715 
76 82 712 723 
60 44 712 714 
21 47 712 722 
38 88 712 713 
86 100 712 717 
94 74 712 715 
30 64 712 715 
89 14 713 714 
32 36 714 723 
15 57 714 719 
47 67 714 743 
69 27 714 720 
26 78 714 716 
91 99 714 715 
64 82 714 731 
87 90 714 725 
34 34 714 718 
68 12 715 726 
32 30 716 727 
92 74 716 729 
72 40 716 724 
91 50 716 717 
11 88 717 721 
38 35 718 719 
29 100 718 719 
50 18 718 728 
99 94 718 730 
10 34 718 720 
86 57 719 722 
83 76 720 730 
22 17 720 725 
58 54 720 724 
78 98 720 743 
47 89 720 723 
94 85 720 721 
13 75 720 721 
59 56 720 727 
38 36 720 738 
48 64 720 751 
72 16 720 736 
60 55 720 726 
93 76 720 732 
75 24 721 729 
56 59 721 737 
42 10 722 725 
60 96 722 733 
85 96 722 725 
92 82 723 732 
29 88 724 737 
34 84 724 730 
44 39 724 726 
46 26 724 753 
44 23 724 727 
40 41 724 727 
62 69 724 738 
31 93 724 731 
49 40 725 735 
99 82 725 742 
22 96 725 730 
26 90 726 732 
14 62 727 731 
17 58 727 732 
27 76 727 730 
67 95 727 746 
96 22 727 734 
80 12 727 729 
43 85 727 753 
44 72 727 730 
63 40 727 739 
94 31 727 728 
33 19 728 729 
91 75 729 734 
51 38 730 734 
45 31 731 750 
84 25 731 741 
32 54 731 733 
52 83 731 759 
72 61 731 742 
96 33 731 740 
69 51 731 735 
57 14 731 732 
77 96 731 732 
58 14 731 732 
24 16 732 733 
85 21 733 735 
77 60 733 734 
38 45 733 759 
55 65 733 747 
14 37 733 739 
15 11 733 738 
77 11 733 740 
27 86 733 769 
34 60 733 741 
14 44 733 740 
13 52 733 737 
97 21 733 736 
77 32 733 746 
52 19 734 735 
99 74 735 749 
58 35 736 745 
87 13 736 752 
32 26 736 739 
82 19 736 747 
35 14 737 753 
40 74 738 744 
34 36 739 749 
23 97 739 741 
93 57 739 758 
46 84 739 740 
82 50 739 744 
84 65 739 748 
87 85 739 754 
59 70 739 742 
24 47 739 743 
25 83 739 742 
48 66 739 745 
93 72 740 741 
58 58 740 749 
32 100 740 743 
75 48 741 743 
35 92 742 743 
66 78 742 746 
45 58 742 747 
46 53 742 744 
20 97 742 758 
16 84 742 749 
85 13 742 745 
100 94 742 760 
41 41 742 746 
55 20 742 748 
51 65 743 750 
86 71 744 767 
31 21 745 772 
78 88 745 749 
24 24 745 750 
59 80 745 748 
59 75 745 749 
75 11 745 753 
33 74 745 768 
86 86 745 760 
98 54 745 780 
33 41 745 747 
72 65 746 762 
34 87 747 758 
64 76 748 762 
43 57 748 757 
91 74 748 753 
27 37 748 757 
55 53 748 772 
31 97 748 770 
63 15 748 754 
76 29 748 751 
57 20 748 765 
65 32 749 759 
71 73 750 777 
89 27 750 759 
62 26 750 751 
85 60 750 751 
61 24 750 752 
68 38 750 766 
26 46 751 761 
87 38 751 759 
46 87 751 760 
38 51 751 785 
49 19 752 754 
78 84 752 755 
53 26 752 753 
46 97 752 788 
38 41 752 753 
62 62 753 756 
91 83 754 764 
33 13 754 755 
10 30 754 755 
58 84 755 756 
63 14 755 759 
53 37 756 767 
14 34 757 781 
45 41 757 775 
42 22 757 784 
94 52 757 761 
43 92 757 766 
30 62 757 762 
32 47 757 772 
16 80 757 779 
18 96 758 763 
16 62 758 765 
28 78 758 769 
97 41 759 768 
46 92 760 771 
55 29 760 769 
45 76 760 763 
45 17 761 765 
50 57 762 764 
51 81 762 773 
38 79 762 777 
35 92 762 765 
50 62 762 774 
85 81 762 767 
66 94 762 764 
51 48 763 785 
24 65 763 774 
79 11 763 774 
51 49 763 767 
29 39 763 764 
36 77 763 773 
15 65 764 766 
65 83 765 782 
31 19 766 786 
22 47 766 772 
17 96 766 778 
17 38 766 774 
69 61 766 776 
35 49 766 774 
97 97 766 790 
59 93 766 789 
61 13 767 785 
36 43 767 779 
87 92 767 776 
60 17 767 770 
75 46 768 770 
48 58 769 774 
78 48 770 776 
38 45 770 781 
21 26 770 771 
72 72 770 794 
37 66 770 773 
76 60 770 791 
87 48 770 774 
90 95 771 783 
43 36 772 778 
92 18 772 785 
54 12 772 774 
37 55 772 783 
37 54 773 785 
65 100 773 775 
21 27 774 778 
78 43 775 779 
44 25 775 782 
80 64 776 797 
37 30 776 778 
28 22 776 780 
58 63 776 796 
66 57 776 792 
70 97 776 800 
37 77 776 787 
93 78 776 796 
36 31 776 781 
85 100 776 786 
48 60 776 777 
91 47 776 779 
32 85 777 797 
48 76 778 784 
54 61 779 785 
96 84 779 790 
54 89 779 786 
50 57 779 784 
100 86 780 802 
38 11 780 812 
31 53 780 793 
43 51 781 785 
77 83 781 783 
87 100 782 794 
35 51 782 789 
31 73 782 789 
10 22 783 797 
26 36 784 786 
93 61 784 788 
95 11 784 790 
19 75 784 803 
80 33 784 809 
32 19 784 788 
34 56 784 793 
64 40 785 788 
66 45 786 788 
62 14 786 803 
22 95 786 792 
11 37 786 791 
58 67 786 788 
82 13 786 793 
66 44 786 787 
90 45 786 788 
31 23 786 803 
86 35 786 788 
30 67 786 789 
47 69 787 796 
56 11 787 790 
10 24 787 794 
13 96 787 788 
84 21 788 795 
52 27 789 794 
60 86 789 816 
86 47 789 799 
82 63 789 800 
79 64 789 804 
89 83 790 796 
35 44 791 801 
78 48 791 794 
34 48 791 795 
13 51 792 796 
17 29 793 810 
33 45 793 806 
87 63 793 799 
16 31 793 801 
98 85 793 796 
77 25 793 803 
40 43 793 798 
64 14 793 794 
37 20 794 796 
39 57 795 796 
37 23 795 807 
98 42 795 811 
74 27 795 820 
92 91 795 798 
77 46 795 814 
99 79 795 796 
52 68 795 798 
98 23 795 808 
96 76 795 806 
85 82 796 799 
72 51 797 808 
58 53 797 802 
74 27 797 801 
25 90 797 803 
72 62 797 800 
89 90 797 803 
56 80 798 813 
76 84 798 815 
50 83 798 818 
76 54 798 799 
50 99 798 800 
43 12 798 816 
63 25 798 809 
18 75 798 815 
17 70 799 811 
30 62 800 809 
17 19 800 801 
81 56 801 816 
59 84 801 811 
21 89 801 804 
38 71 801 805 
23 13 801 805 
68 100 801 806 
96 71 801 803 
64 34 802 803 
89 28 802 811 
49 29 802 803 
29 54 802 806 
22 15 802 809 
23 71 802 804 
73 63 803 811 
23 64 804 813 
18 75 804 824 
37 89 805 814 
92 16 805 829 
67 92 805 808 
94 40 805 813 
87 26 805 811 
53 13 805 817 
92 52 805 807 
45 12 805 814 
39 30 805 808 
87 32 805 809 
70 54 805 806 
83 28 806 825 
34 38 807 811 
84 27 807 816 
93 20 807 830 
26 30 807 810 
27 59 808 810 
32 85 808 817 
90 87 808 811 
48 16 808 811 
20 34 808 812 
98 90 809 826 
85 11 810 813 
32 64 810 822 
26 23 810 811 
33 72 810 812 
25 72 810 819 
64 39 810 813 
66 80 810 819 
36 30 811 814 
12 45 812 817 
95 84 812 814 
64 49 812 829 
19 28 812 816 
55 17 812 819 
92 32 812 813 
51 11 812 824 
39 22 812 816 
57 41 812 824 
80 89 812 821 
90 70 812 827 
45 32 812 819 
45 19 812 831 
87 80 813 824 
79 73 814 818 
57 78 815 818 
30 42 815 823 
21 10 815 842 
34 21 815 829 
47 58 815 824 
45 15 815 824 
80 72 816 822 
33 80 817 838 
91 40 817 819 
76 89 817 827 
23 94 817 830 
14 89 817 826 
24 14 817 820 
39 76 817 819 
15 85 818 828 
36 84 818 832 
12 25 818 824 
52 98 818 821 
94 66 818 820 
80 21 818 819 
34 53 818 820 
48 80 818 819 
75 59 818 819 
60 87 819 848 
42 64 820 828 
67 32 820 856 
42 28 820 824 
76 91 820 821 
91 29 820 825 
23 18 820 828 
98 29 820 823 
38 43 820 823 
74 16 821 822 
18 36 822 823 
62 49 822 831 
37 41 822 839 
11 11 822 826 
20 11 822 833 
64 11 822 831 
42 14 823 837 
68 14 823 824 
62 35 823 827 
16 31 823 825 
90 46 823 865 
10 39 823 829 
44 80 823 842 
68 86 824 827 
11 56 825 827 
52 30 825 831 
65 100 825 827 
68 94 825 831 
12 98 825 870 
41 27 825 829 
98 25 825 833 
65 69 825 831 
15 39 825 827 
99 26 825 837 
40 11 826 838 
88 11 827 828 
20 95 828 832 
44 28 828 830 
61 84 828 831 
37 100 828 860 
82 81 828 844 
79 75 828 847 
81 65 828 836 
20 48 828 829 
63 32 829 838 
97 56 830 842 
87 75 830 847 
17 36 830 840 
27 76 830 833 
84 68 830 832 
69 83 830 835 
81 51 830 834 
99 72 830 842 
92 84 830 837 
84 28 831 841 
61 95 832 838 
58 21 832 850 
10 94 832 852 
60 31 832 845 
98 72 832 844 
81 89 832 836 
29 54 832 837 
72 61 832 835 
80 10 832 834 
71 77 832 835 
78 54 833 834 
76 36 833 839 
99 10 834 839 
49 73 834 843 
88 51 834 846 
23 53 834 836 
24 49 835 858 
14 64 835 847 
21 47 835 861 
31 20 835 838 
63 80 835 846 
56 86 835 843 
37 18 836 854 
98 70 837 841 
57 11 838 848 
61 23 839 842 
84 85 839 843 
91 36 839 840 
92 37 840 855 
69 77 840 842 
75 59 840 851 
26 24 840 849 
12 44 840 841 
72 52 840 846 
26 10 840 858 
35 61 841 858 
63 83 841 844 
34 10 841 842 
91 53 841 842 
32 35 841 860 
52 96 841 845 
36 81 842 844 
18 26 843 850 
83 100 843 848 
41 34 843 862 
13 36 843 866 
32 10 843 854 
58 42 844 857 
64 100 844 887 
89 28 844 849 
41 76 844 845 
57 47 845 846 
71 37 845 855 
52 16 845 857 
85 100 846 852 
25 97 846 853 
10 54 847 866 
45 96 847 849 
25 20 847 858 
40 57 848 870 
24 91 848 850 
28 66 848 865 
53 76 848 851 
28 11 849 851 
39 60 849 850 
37 84 849 852 
39 99 849 859 
97 69 849 856 
13 22 849 863 
90 43 849 864 
35 30 849 869 
100 59 849 863 
81 91 850 856 
75 97 851 853 
59 82 851 878 
77 78 852 865 
67 61 852 858 
23 74 852 853 
54 12 853 855 
39 71 853 854 
97 93 854 859 
18 31 855 868 
87 37 856 861 
88 52 856 860 
13 17 856 889 
68 95 856 864 
60 27 856 868 
10 10 856 868 
79 30 857 859 
46 66 857 863 
26 39 857 860 
31 38 857 858 
34 95 857 861 
13 33 857 862 
97 46 857 861 
39 12 857 862 
62 10 858 878 
37 82 859 875 
97 62 859 866 
69 42 859 871 
32 62 859 862 
13 90 860 862 
45 12 860 876 
82 64 860 872 
15 29 860 867 
86 73 860 884 
41 23 860 863 
59 39 860 880 
77 85 861 912 
37 100 861 891 
60 74 861 871 
98 79 861 865 
41 87 862 872 
55 99 863 880 
13 91 863 864 
22 91 863 866 
49 95 863 879 
59 62 864 880 
56 11 864 877 
18 91 865 866 
14 58 865 867 
57 61 865 873 
53 96 865 867 
61 35 865 870 
98 51 865 889 
51 89 865 866 
35 88 866 871 
29 35 867 870 
93 95 867 872 
49 87 867 869 
63 47 867 904 
51 35 868 870 
78 16 869 877 
90 67 869 874 
21 87 869 885 
11 77 869 877 
47 37 869 870 
42 69 869 888 
22 73 869 876 
43 64 869 887 
27 11 869 871 
66 13 869 873 
47 23 869 870 
32 96 869 873 
12 95 870 874 
11 29 871 873 
46 96 871 872 
70 63 871 875 
58 79 871 876 
33 99 871 917 
66 51 871 875 
91 13 871 874 
100 85 871 892 
52 57 871 883 
42 67 872 888 
46 30 873 882 
90 25 874 876 
79 29 874 880 
44 21 874 877 
44 37 875 893 
75 82 875 882 
59 65 875 879 
61 29 875 882 
41 41 875 892 
39 49 875 890 
92 66 875 877 
55 99 876 882 
37 22 877 878 
98 65 878 896 
35 26 878 879 
33 27 878 889 
31 33 878 898 
72 86 878 881 
51 14 878 886 
97 51 878 881 
57 38 878 881 
28 68 879 881 
50 43 879 889 
41 30 879 891 
41 30 879 892 
11 51 880 895 
43 21 881 882 
76 76 881 885 
19 67 881 897 
88 47 881 885 
33 81 881 883 
41 14 881 891 
81 13 882 884 
78 25 883 884 
42 56 883 886 
20 40 883 896 
55 27 884 903 
11 98 884 898 
50 50 884 897 
46 48 884 904 
54 33 885 886 
62 58 886 887 
41 93 886 942 
54 46 886 902 
37 34 886 892 
22 43 887 903 
36 88 887 897 
32 30 887 889 
30 18 887 888 
19 43 887 890 
29 87 887 896 
29 91 887 889 
54 32 887 890 
13 52 887 894 
57 95 887 888 
52 42 888 897 
35 67 889 897 
59 85 890 937 
98 100 890 910 
96 95 890 901 
28 99 890 895 
81 82 891 903 
50 14 891 900 
95 95 891 895 
91 42 891 910 
36 27 892 895 
44 73 892 894 
58 72 892 911 
11 36 892 903 
19 92 892 893 
93 15 893 895 
57 86 893 897 
98 80 893 897 
42 49 894 903 
54 51 894 902 
87 46 894 895 
55 28 894 897 
97 29 895 919 
30 29 896 903 
57 53 896 932 
49 88 896 899 
100 55 896 897 
31 68 896 899 
10 46 896 899 
71 12 896 905 
77 66 896 910 
29 45 896 910 
99 10 897 906 
61 53 898 899 
97 82 898 900 
62 68 898 906 
22 35 899 903 
88 35 899 902 
13 36 899 909 
21 71 899 916 
60 74 899 919 
73 15 899 923 
23 32 899 910 
45 76 899 901 
61 30 900 904 
61 80 900 901 
28 10 900 904 
95 77 900 924 
50 18 901 908 
88 71 902 929 
44 85 902 905 
82 29 902 903 
86 21 902 910 
57 31 902 903 
77 35 902 907 
11 83 902 910 
59 60 902 914 
86 44 903 907 
19 95 904 913 
85 31 904 905 
50 38 904 919 
82 87 905 909 
54 72 905 919 
27 36 905 933 
61 82 905 908 
30 70 905 938 
87 40 905 920 
41 14 905 906 
36 89 906 911 
70 94 906 907 
85 46 906 916 
94 34 906 908 
65 33 906 914 
41 80 907 916 
20 23 908 915 
65 74 908 946 
24 30 908 921 
81 100 908 910 
55 65 908 914 
27 25 908 915 
58 84 908 909 
31 74 908 910 
22 72 909 914 
58 38 910 913 
20 64 911 913 
89 75 911 912 
65 27 911 928 
48 10 911 921 
85 28 912 915 
76 36 913 919 
18 78 913 934 
33 86 913 915 
49 70 913 923 
27 10 913 950 
61 88 913 916 
46 26 913 920 
58 38 913 917 
56 81 913 918 
99 41 913 923 
83 35 914 918 
36 84 914 917 
20 13 914 926 
41 48 914 916 
90 42 915 919 
59 18 915 920 
92 37 916 922 
87 84 917 942 
41 64 917 918 
25 77 917 919 
23 22 917 919 
23 12 918 932 
62 87 918 921 
33 59 918 919 
17 78 918 923 
58 98 918 933 
98 75 918 924 
85 16 918 922 
33 86 918 926 
81 18 918 919 
29 59 918 923 
69 88 919 920 
10 48 920 942 
75 77 920 928 
85 42 920 921 
86 74 920 923 
68 82 920 936 
22 77 920 927 
73 52 920 924 
45 26 920 929 
36 77 921 926 
10 60 921 928 
20 39 921 922 
21 37 922 925 
81 100 922 930 
81 74 922 929 
65 44 922 926 
92 88 923 925 
52 59 924 926 
16 23 924 927 
93 56 924 931 
76 98 925 937 
34 67 925 938 
47 82 925 932 
96 34 925 926 
18 16 925 934 
70 45 925 933 
22 46 925 959 
54 51 926 932 
86 59 927 949 
25 89 927 930 
47 65 928 936 
38 79 928 942 
65 44 928 931 
87 66 928 934 
66 83 928 935 
100 85 928 943 
76 46 928 930 
74 52 928 931 
48 58 929 941 
80 81 929 954 
66 25 930 949 
82 38 931 936 
74 97 931 947 
72 30 931 944 
86 44 931 933 
33 11 931 937 
33 74 931 933 
13 89 931 933 
24 22 931 933 
14 20 931 935 
48 99 931 933 
82 38 932 939 
72 13 932 937 
83 61 932 949 
57 37 932 936 
14 93 933 947 
57 95 934 938 
89 54 935 946 
78 10 935 942 
48 55 935 974 
19 43 935 941 
31 27 935 942 
89 99 935 939 
61 34 935 964 
24 26 936 951 
32 62 936 940 
70 92 936 973 
14 31 936 940 
97 16 937 941 
82 33 938 942 
61 75 938 940 
69 65 938 942 
67 83 938 943 
100 21 938 946 
76 59 938 951 
83 100 938 948 
33 37 938 957 
28 45 938 946 
23 81 938 963 
98 50 939 940 
64 78 939 947 
79 84 940 958 
73 29 941 945 
20 27 941 944 
100 99 941 942 
29 36 941 949 
62 83 941 956 
75 37 941 948 
100 81 942 963 
89 82 943 956 
15 73 944 947 
24 98 944 945 
70 52 944 956 
96 90 944 956 
29 77 944 945 
68 52 944 952 
68 19 944 960 
38 99 944 945 
45 81 945 959 
33 73 945 946 
65 70 945 953 
76 48 945 949 
82 66 945 952 
94 55 945 946 
93 88 945 946 
22 22 945 950 
79 13 946 949 
89 70 947 951 
41 28 947 949 
21 38 947 956 
51 46 947 959 
33 58 947 954 
78 21 947 948 
76 51 947 948 
61 81 947 968 
34 95 948 949 
69 18 948 953 
22 100 948 951 
84 74 948 955 
88 16 948 955 
94 38 949 966 
77 12 950 980 
79 30 950 951 
89 78 950 951 
47 18 950 959 
96 47 950 960 
69 13 951 956 
62 13 952 977 
64 79 952 955 
26 75 952 955 
53 61 952 954 
12 21 953 969 
58 58 953 956 
84 42 953 963 
43 74 953 959 
59 96 953 956 
84 87 953 971 
15 89 953 954 
59 38 954 983 
25 23 955 957 
26 18 955 957 
64 20 955 971 
63 92 955 990 
74 70 955 959 
20 14 955 962 
13 78 955 958 
66 62 956 964 
70 78 957 961 
62 46 957 962 
27 19 957 965 
56 58 957 963 
33 53 957 964 
79 23 957 965 
60 17 957 967 
58 64 957 958 
12 96 957 966 
33 48 958 966 
83 87 958 967 
48 53 958 996 
12 39 959 994 
58 69 960 961 
91 59 960 965 
77 91 960 962 
65 67 960 967 
68 64 960 961 
91 24 960 968 
44 44 960 969 
43 45 960 968 
97 44 960 961 
96 37 961 975 
72 47 961 967 
100 62 961 962 
59 34 961 963 
36 15 961 975 
65 71 961 968 
24 36 962 968 
27 22 963 992 
69 55 964 973 
83 57 964 977 
56 71 964 970 
77 20 964 966 
89 74 964 980 
74 64 964 975 
74 42 965 978 
100 93 966 976 
47 64 967 968 
17 71 967 970 
89 60 967 984 
28 51 967 996 
15 55 967 977 
76 46 967 975 
94 99 967 977 
76 60 967 969 
48 26 967 968 
89 84 967 968 
46 20 967 971 
14 30 968 972 
43 20 969 971 
27 95 969 972 
32 48 969 987 
66 31 969 987 
10 22 969 982 
18 26 969 971 
68 89 969 971 
57 84 970 978 
65 45 970 977 
79 13 970 973 
55 18 970 985 
30 11 971 977 
77 47 972 980 
60 49 972 979 
36 59 972 974 
14 42 973 980 
88 24 973 974 
80 40 974 988 
16 96 974 992 
99 25 974 981 
33 46 975 982 
25 40 975 981 
75 69 975 976 
25 52 975 976 
45 81 975 977 
82 24 975 982 
21 52 976 985 
90 13 976 995 
15 43 976 986 
63 25 976 987 
70 73 976 991 
53 50 976 977 
90 64 977 979 
85 90 978 986 
89 54 978 993 
49 93 978 986 
21 23 978 990 
35 53 978 979 
64 24 978 980 
100 89 978 992 
31 42 978 980 
38 63 978 981 
47 43 979 987 
92 36 979 980 
41 44 980 990 
82 22 981 1015 
22 55 981 988 
54 34 981 985 
62 76 981 983 
88 14 981 988 
32 92 981 994 
38 81 981 983 
45 36 982 984 
49 51 983 1002 
98 16 983 992 
22 66 984 986 
39 86 984 991 
86 32 985 990 
37 39 985 990 
26 84 985 991 
72 94 985 1002 
53 83 985 992 
74 35 985 999 
23 38 985 999 
11 85 985 987 
67 56 985 989 
24 33 985 988 
69 31 985 997 
49 16 986 997 
99 24 986 989 
14 41 987 1015 
95 58 988 989 
85 29 989 1001 
35 51 989 995 
87 89 989 994 
60 70 989 996 
60 13 989 992 
14 75 989 992 
59 61 989 998 
15 11 989 1025 
75 71 990 992 
22 27 991 993 
94 77 991 1000 
42 21 991 997 
79 92 991 992 
58 94 991 1006 
96 100 991 997 
13 94 991 1006 
42 92 991 1005 
94 88 991 1014 
51 11 991 1000 
29 50 991 992 
54 66 992 997 
34 76 993 995 
99 100 993 1004 
88 23 993 1012 
40 14 993 994 
75 37 993 1003 
94 11 993 1001 
86 62 993 1001 
19 70 993 997 
100 26 994 998 
39 61 995 997 
40 100 995 1000 
82 38 995 997 
21 30 995 1007 
64 91 995 1001 
72 78 995 1001 
56 26 995 1001 
23 94 996 1021 
83 73 996 1012 
61 71 996 999 
86 25 996 1005 
96 22 996 998 
100 95 996 1003 
72 100 997 1018 
46 23 998 999 
34 73 998 1025 
99 47 998 1008 
88 58 998 1003 
28 35 998 1009 
47 62 998 1001 
36 11 999 1005 
58 68 999 1000 
61 30 999 1001 
84 75 999 1001 
81 84 999 1008 
61 94 999 1010 
48 55 999 1017 
42 61 999 1004 
16 56 1000 1025 
57 87 1000 1005 
16 77 1000 1025 
88 45 1000 1005 
88 68 1001 1002 
18 51 1002 1008 
83 90 1003 1008 
82 22 1003 1004 
58 20 1003 1008 
73 26 1003 1011 
19 65 1003 1013 
74 70 1003 1016 
23 92 1003 1005 
25 48 1003 1025 
62 69 1003 1008 
35 41 1003 1005 
39 18 1003 1010 
63 12 1003 1005 
56 78 1003 1005 
39 63 1004 1008 
44 40 1005 1007 
58 78 1006 1025 
34 37 1006 1009 
52 70 1006 1007 
74 13 1007 1012 
45 99 1007 1012 
92 49 1007 1008 
72 73 1007 1011 
36 73 1007 1010 
32 88 1007 1012 
93 57 1007 1018 
77 74 1007 1008 
38 19 1007 1021 
16 60 1007 1014 
55 99 1007 1008 
51 76 1007 1015 
91 83 1008 1024 
23 89 1009 1025 
51 21 1010 1013 
76 78 1010 1025 
40 93 1010 1015 
12 59 1010 1025 
70 21 1010 1011 
61 87 1010 1016 
97 32 1010 1020 
72 39 1010 1012 
46 30 1010 1012 
44 13 1010 1015 
68 63 1010 1025 
58 86 1010 1019 
21 49 1011 1018 
46 58 1011 1014 
44 77 1011 1017 
12 58 1012 1018 
43 19 1013 1025 
34 58 1013 1015 
54 44 1013 1025 
38 15 1014 1022 
64 21 1014 1025 
59 65 1014 1025 
100 83 1014 1015 
79 21 1014 1018 
32 32 1014 1017 
13 20 1014 1016 
53 44 1015 1020 
85 44 1016 1025 
57 28 1016 1018 
48 16 1016 1023 
81 97 1016 1025 
57 62 1016 1025 
38 41 1016 1019 
99 39 1017 1025 
15 98 1017 1025 
32 70 1017 1024 
19 43 1017 1022 
33 44 1017 1020 
69 77 1017 1025 
20 75 1018 1019 
94 38 1019 1021 
63 75 1019 1020 
97 95 1019 1025 
17 98 1019 1025 
36 94 1019 1025 
25 49 1019 1022 
51 69 1019 1020 
36 18 1019 1025 
91 19 1020 1022 
10 68 1021 1023 
51 69 1021 1025 
86 68 1022 1024 
77 98 1023 1025 
29 35 1023 1025 
31 100 1023 1025 
36 84 1023 1025 
21 21 1023 1025 
52 25 1023 1025 
50 89 1023 1025 
50 94 1023 1025 
20 26 1023 1025 
52 32 1023 1025 
88 24 1023 1024 
24 59 1024 1025 
89 92 1024 1025 



ISTANCE FEATURES:
Item Number 4176
Clique Number 1024
Interference (Index_1) 8.56178
Average item per clique (Index_2) 34.916
Cardinality of the largest clique 40
Max Profit 100 Max Legth 1
Max weight 100
