1000
505
71 21 2 29 
53 13 2 18 
61 55 3 24 
44 39 3 26 
77 53 4 38 
42 29 5 34 
4 17 7 45 
99 99 9 16 
64 52 10 27 
98 53 11 36 
42 91 12 39 
17 68 12 49 
61 42 12 51 
44 45 14 29 
29 84 15 27 
51 28 21 58 
64 79 21 31 
34 69 26 48 
12 8 29 39 
42 90 30 63 
69 98 31 43 
25 81 31 32 
19 80 33 53 
14 9 33 50 
19 39 34 52 
11 91 34 52 
27 84 34 52 
71 12 34 57 
60 22 37 65 
15 71 37 50 
32 80 39 47 
39 32 39 73 
39 66 40 54 
57 14 40 67 
21 84 44 71 
89 13 45 85 
89 50 46 66 
35 100 50 74 
100 26 51 66 
81 52 52 72 
53 99 52 78 
44 75 53 56 
43 40 54 74 
70 38 54 74 
23 64 55 77 
62 81 57 66 
96 67 58 83 
39 48 58 83 
1 69 61 81 
48 93 64 85 
78 38 65 99 
7 41 65 100 
13 78 65 85 
60 7 66 75 
2 41 71 91 
76 56 71 78 
4 37 72 111 
11 28 73 90 
79 90 74 91 
7 91 74 90 
15 38 75 100 
75 91 78 113 
94 19 81 106 
55 25 81 82 
25 10 83 96 
4 10 83 120 
98 45 84 115 
62 56 85 114 
26 48 85 110 
27 82 85 113 
13 87 86 89 
63 56 86 114 
59 23 87 121 
58 98 88 117 
14 14 90 115 
30 87 90 126 
11 39 91 102 
14 76 91 99 
25 90 92 109 
42 18 94 109 
3 76 95 97 
24 89 95 99 
94 95 96 132 
47 14 96 131 
27 57 98 132 
33 96 98 131 
14 14 99 117 
90 29 99 107 
15 58 101 103 
70 58 101 127 
92 76 104 135 
7 81 108 131 
63 35 109 146 
81 1 111 116 
85 22 112 129 
78 92 115 131 
39 51 116 122 
78 48 117 131 
73 59 117 125 
5 7 117 146 
24 6 117 138 
78 41 118 139 
16 48 118 144 
60 22 119 153 
78 79 122 142 
35 72 125 137 
81 23 125 142 
58 73 126 153 
3 54 129 145 
38 57 130 144 
99 34 130 148 
57 15 132 136 
78 87 133 157 
4 30 133 138 
35 25 134 143 
34 70 134 159 
6 21 135 144 
62 70 135 167 
23 39 135 165 
62 64 136 157 
35 53 137 160 
77 23 140 153 
18 18 140 178 
54 69 140 157 
76 92 141 161 
27 89 141 145 
50 62 143 168 
96 34 144 162 
79 100 145 167 
79 65 146 151 
12 93 147 167 
16 11 150 158 
36 68 151 168 
25 91 154 186 
100 78 155 182 
40 82 156 196 
82 11 157 169 
56 24 157 181 
26 2 157 188 
56 78 157 186 
1 46 158 195 
86 1 158 190 
18 58 159 183 
31 98 159 191 
79 38 160 185 
79 41 161 198 
93 51 162 177 
20 47 163 177 
58 38 164 196 
42 3 165 200 
74 41 165 200 
22 17 166 201 
63 51 167 187 
35 74 167 177 
62 36 168 205 
12 91 168 178 
79 74 169 195 
91 56 170 207 
48 89 172 189 
50 34 174 176 
25 50 174 189 
56 8 176 195 
65 100 177 216 
70 34 180 195 
29 58 180 208 
58 31 181 218 
1 56 182 219 
56 49 182 217 
99 72 182 202 
15 34 183 187 
9 28 184 187 
86 30 185 190 
21 37 186 209 
24 2 186 195 
70 41 186 194 
61 43 187 209 
9 14 187 226 
26 99 187 189 
41 54 188 222 
42 3 189 212 
80 54 189 215 
21 86 189 223 
97 63 190 214 
77 29 191 210 
54 70 195 231 
32 84 196 226 
11 70 198 210 
98 99 199 236 
79 59 200 213 
99 20 200 234 
55 77 202 232 
91 96 202 231 
71 11 202 227 
76 45 203 222 
63 46 206 240 
64 27 207 232 
91 53 210 241 
51 41 210 217 
75 18 210 240 
75 86 212 238 
70 72 212 238 
58 31 212 252 
8 35 213 238 
19 39 213 218 
57 33 215 223 
6 6 215 226 
56 14 216 229 
57 42 216 226 
92 86 218 245 
99 95 219 257 
37 57 219 255 
19 81 219 222 
82 75 220 260 
100 92 221 237 
42 61 221 244 
88 87 222 231 
37 72 223 226 
5 39 224 241 
1 77 225 235 
43 66 226 236 
32 45 226 266 
31 51 227 252 
31 46 228 259 
27 69 228 261 
99 81 229 269 
23 60 233 259 
59 17 233 254 
8 54 236 252 
22 44 238 265 
91 22 240 265 
31 12 241 242 
13 41 241 256 
54 65 242 280 
16 61 242 277 
85 69 243 254 
48 67 244 267 
27 21 244 266 
67 4 245 249 
59 86 246 257 
21 72 247 257 
64 6 248 267 
44 38 251 255 
23 39 251 256 
87 69 253 257 
58 16 253 254 
90 75 257 288 
4 44 259 289 
29 63 259 263 
66 43 262 278 
40 77 264 291 
52 96 265 295 
31 43 265 289 
10 11 266 299 
9 36 266 296 
52 98 270 297 
47 87 271 295 
72 35 271 299 
30 85 272 282 
83 16 274 280 
64 64 276 307 
79 75 276 281 
55 52 278 292 
88 7 278 279 
6 10 278 300 
27 63 281 314 
98 22 281 312 
87 29 283 310 
44 93 283 314 
62 5 283 317 
91 8 283 321 
15 23 284 315 
96 60 284 289 
82 42 285 311 
84 18 286 320 
23 27 287 297 
67 44 287 307 
51 10 292 331 
23 45 292 299 
32 2 296 308 
94 13 296 305 
39 79 296 307 
43 21 299 327 
69 83 299 309 
58 66 300 323 
37 54 303 309 
47 76 304 330 
47 55 304 314 
53 4 305 327 
34 2 305 331 
80 73 306 309 
85 27 306 317 
43 91 309 323 
93 71 309 326 
62 65 311 317 
18 50 312 327 
70 41 315 338 
82 16 316 332 
2 58 316 318 
74 60 317 324 
98 45 317 329 
10 10 321 341 
82 79 322 351 
8 67 322 358 
14 14 323 340 
80 51 324 334 
60 13 324 358 
11 62 325 336 
93 61 328 367 
26 43 329 333 
47 21 330 355 
89 13 331 355 
58 42 332 370 
43 62 334 338 
2 40 337 374 
38 43 337 343 
77 91 338 366 
22 20 339 378 
72 21 340 352 
91 20 340 344 
35 87 340 364 
17 93 341 355 
73 23 341 381 
33 19 341 379 
73 17 342 344 
20 74 342 376 
19 9 345 377 
13 41 345 368 
74 99 346 368 
58 70 346 349 
74 99 346 355 
26 96 347 369 
21 68 348 364 
3 70 348 376 
93 28 349 352 
75 17 351 379 
56 62 353 372 
84 31 357 382 
98 46 357 388 
45 6 357 392 
55 96 357 387 
22 81 358 379 
27 48 359 395 
55 64 359 386 
82 73 360 398 
75 58 360 382 
19 88 361 383 
30 98 365 389 
82 19 365 372 
20 39 368 406 
93 77 368 400 
76 81 371 404 
100 53 371 388 
66 67 371 375 
25 83 372 410 
5 11 372 381 
67 41 375 395 
60 10 375 380 
85 14 378 391 
41 96 380 382 
69 95 380 390 
83 80 382 418 
9 23 382 418 
4 15 383 406 
98 25 383 422 
90 43 384 406 
55 47 386 412 
99 50 387 393 
17 12 389 407 
62 4 389 421 
72 25 391 400 
32 70 394 421 
20 37 395 425 
71 43 396 432 
77 44 397 432 
62 100 398 433 
40 10 398 413 
53 50 398 424 
84 39 399 413 
98 90 400 411 
59 5 401 428 
72 58 401 416 
36 95 401 414 
47 75 402 429 
69 37 403 432 
12 7 403 407 
36 89 406 407 
39 3 406 409 
84 12 407 418 
34 23 411 429 
29 62 412 427 
63 84 413 430 
55 61 414 454 
65 86 414 447 
19 29 417 439 
87 84 417 456 
75 24 419 422 
2 33 419 448 
24 80 420 430 
48 60 420 443 
9 25 421 449 
36 6 421 450 
9 79 421 424 
64 78 422 461 
77 29 423 424 
13 61 424 438 
63 51 424 450 
90 44 426 462 
26 41 428 448 
11 35 428 438 
64 44 428 461 
12 39 430 431 
40 17 431 443 
32 74 433 458 
47 44 433 470 
95 89 433 457 
45 23 435 466 
99 2 438 439 
23 58 439 461 
13 47 442 464 
4 29 442 457 
44 3 443 471 
9 84 443 459 
14 52 444 454 
17 46 445 463 
96 45 445 478 
1 93 446 466 
3 16 446 479 
71 97 446 457 
55 94 447 452 
1 23 448 463 
74 62 449 474 
32 76 451 466 
44 23 451 452 
82 79 452 467 
50 42 452 474 
93 59 453 454 
12 88 454 472 
65 92 456 486 
36 36 458 488 
15 75 460 467 
68 95 460 471 
83 76 461 478 
58 19 461 495 
71 11 461 489 
42 65 462 483 
53 43 462 487 
32 27 463 502 
52 79 465 482 
60 66 465 473 
21 21 466 469 
98 80 467 483 
87 8 467 476 
77 92 468 492 
32 96 471 504 
19 68 472 485 
90 9 477 513 
85 63 478 514 
34 80 479 488 
65 40 480 504 
30 52 480 505 
45 64 485 507 
5 53 485 525 
78 16 486 516 
99 26 486 510 
41 57 487 513 
49 53 488 512 
45 55 488 521 
88 71 489 516 
77 23 490 500 
13 7 491 530 
83 36 492 493 
100 31 492 515 
21 96 492 498 
77 21 493 532 
74 52 493 530 
54 88 493 497 
93 29 494 531 
63 60 494 512 
50 9 495 513 
94 89 495 517 
37 26 495 497 
10 98 497 537 
39 84 498 533 
46 49 500 536 
66 85 501 504 
18 62 501 516 
80 80 502 505 
90 34 503 521 
91 66 504 538 
46 69 504 526 
67 41 506 513 
40 22 507 536 
57 34 509 548 
36 29 509 544 
79 2 510 525 
73 49 510 526 
100 95 510 541 
52 41 512 522 
25 28 513 541 
66 53 514 534 
71 50 517 540 
57 53 519 547 
91 52 520 558 
23 49 521 552 
56 85 521 550 
35 85 522 536 
16 77 523 525 
36 3 523 549 
89 13 523 542 
3 15 524 550 
93 39 524 555 
59 90 526 541 
96 26 528 552 
59 54 529 539 
6 97 533 561 
8 32 534 542 
33 22 535 570 
43 63 535 537 
23 89 536 537 
53 17 536 539 
22 93 538 566 
49 56 538 553 
55 46 539 578 
10 82 541 556 
54 72 541 543 
14 96 543 557 
45 49 544 561 
66 7 544 567 
71 73 545 552 
50 36 545 555 
14 53 545 579 
47 14 546 556 
70 37 547 548 
60 1 547 564 
44 41 548 562 
46 17 548 578 
39 31 548 566 
92 55 549 557 
82 18 550 588 
17 24 552 588 
23 46 552 578 
19 76 552 589 
86 38 555 566 
88 65 555 565 
48 94 555 556 
51 39 558 577 
78 3 559 575 
17 26 559 565 
12 63 560 564 
28 98 561 567 
19 77 563 587 
27 38 564 585 
71 69 564 577 
8 85 568 590 
25 40 570 604 
31 28 571 597 
84 3 571 586 
75 48 572 602 
60 68 573 594 
10 7 573 604 
96 44 574 589 
52 45 574 591 
52 6 577 593 
100 45 577 603 
35 69 577 584 
70 43 577 586 
71 78 578 588 
8 8 578 611 
57 12 578 613 
4 36 581 588 
98 80 582 611 
46 39 584 602 
34 74 587 609 
38 96 587 625 
8 77 588 628 
100 82 588 627 
26 43 590 624 
18 55 590 627 
23 4 592 622 
1 46 595 620 
58 85 596 610 
80 15 597 614 
56 10 599 632 
17 62 599 601 
81 65 600 615 
66 88 600 604 
19 17 602 630 
75 5 604 613 
47 61 604 619 
4 95 604 612 
61 55 605 612 
17 45 606 607 
62 11 606 613 
81 96 607 620 
100 84 610 637 
44 18 610 632 
77 44 610 623 
20 51 611 634 
87 55 613 648 
38 9 614 643 
39 62 616 627 
76 14 617 645 
31 17 618 649 
54 85 619 626 
78 95 623 635 
69 10 629 637 
15 8 631 636 
35 25 633 657 
73 32 635 652 
44 50 636 643 
57 18 637 651 
41 56 637 655 
36 11 637 650 
55 79 637 638 
7 8 638 641 
6 68 641 651 
8 73 641 648 
87 78 642 674 
3 59 642 674 
34 8 644 649 
24 72 645 677 
36 64 647 668 
63 90 648 668 
52 62 649 688 
5 26 649 683 
12 61 649 677 
29 94 649 673 
51 93 650 672 
24 48 653 654 
89 82 653 681 
88 13 655 666 
10 28 655 695 
39 96 655 663 
58 63 655 680 
2 71 658 678 
57 81 658 669 
95 88 661 680 
6 38 662 684 
88 36 662 673 
81 63 664 682 
53 73 665 671 
62 26 666 672 
81 80 667 685 
28 73 668 685 
35 53 668 693 
25 37 668 676 
63 65 669 707 
26 20 669 682 
96 33 669 689 
83 82 670 708 
20 97 673 681 
81 49 674 689 
46 72 675 715 
55 67 676 696 
70 34 677 687 
94 17 677 678 
50 57 680 719 
72 1 680 681 
100 96 680 691 
6 11 681 689 
52 17 681 715 
9 43 682 716 
91 42 682 715 
50 17 682 683 
56 47 683 697 
24 34 684 707 
81 98 686 715 
87 31 687 712 
41 50 688 694 
27 48 689 710 
18 16 690 719 
11 47 690 706 
78 26 691 720 
22 65 692 717 
74 42 693 733 
42 63 695 734 
92 68 695 733 
15 89 697 708 
60 3 698 734 
98 67 698 724 
37 1 699 706 
51 80 700 716 
66 80 701 722 
75 88 702 734 
61 15 702 735 
34 65 704 719 
66 66 705 706 
8 54 706 733 
32 61 707 722 
66 22 708 730 
51 3 710 729 
11 95 710 727 
57 97 711 734 
60 22 712 731 
22 20 712 746 
69 85 713 733 
6 61 713 745 
62 68 713 741 
22 68 713 739 
29 88 714 736 
93 59 717 733 
91 93 717 727 
81 16 718 748 
12 77 718 754 
80 4 719 722 
58 2 720 736 
72 41 721 732 
11 8 721 749 
90 98 722 744 
96 47 723 744 
54 17 724 739 
21 36 726 747 
72 86 726 763 
33 69 726 754 
53 2 726 755 
20 6 727 728 
70 7 727 738 
20 33 728 741 
52 14 729 763 
72 33 729 743 
39 36 729 733 
56 87 730 760 
8 37 731 746 
88 85 731 763 
16 26 731 764 
43 59 731 765 
31 34 732 735 
92 19 735 743 
25 72 735 767 
74 16 736 765 
28 39 738 750 
77 22 738 745 
70 81 739 748 
43 8 740 752 
69 24 740 745 
88 74 741 750 
36 34 741 766 
54 85 741 770 
55 92 743 745 
80 75 745 773 
34 37 746 754 
24 11 747 766 
54 60 748 759 
79 11 748 772 
96 43 750 754 
63 28 755 780 
42 81 756 759 
76 61 756 775 
19 71 757 775 
84 99 757 772 
47 58 759 770 
84 95 760 761 
43 72 761 781 
80 33 762 766 
10 80 766 778 
73 73 766 799 
56 19 767 806 
37 79 767 771 
49 29 768 783 
61 91 768 784 
30 27 769 795 
82 17 771 801 
19 50 772 807 
17 19 772 784 
49 95 773 774 
41 45 774 785 
94 45 775 805 
64 68 775 779 
45 60 776 804 
40 50 776 781 
60 31 777 792 
75 45 777 787 
6 60 778 816 
8 62 779 795 
78 62 779 792 
40 52 784 790 
81 48 784 807 
17 53 785 815 
12 80 785 817 
16 35 786 817 
6 75 786 811 
45 75 787 813 
19 95 787 807 
91 34 788 822 
33 5 790 798 
1 53 792 828 
85 55 792 807 
16 100 792 830 
21 45 793 823 
38 53 793 824 
57 28 793 801 
2 89 795 811 
20 94 799 807 
57 94 799 803 
100 57 800 833 
81 18 800 807 
84 30 800 836 
31 40 801 826 
17 65 802 826 
10 13 802 809 
83 10 803 818 
2 46 805 828 
98 78 805 824 
43 85 805 823 
80 60 807 842 
66 99 808 814 
100 9 811 832 
56 75 812 841 
88 22 812 836 
25 56 813 843 
59 80 813 827 
31 88 813 850 
82 44 814 835 
72 53 815 820 
84 100 815 840 
89 29 817 825 
80 17 817 851 
88 24 819 822 
38 7 821 858 
91 88 822 856 
8 54 823 825 
98 5 823 859 
17 39 825 834 
26 54 826 848 
79 86 828 845 
19 16 828 857 
58 33 830 865 
15 4 832 836 
49 100 833 837 
40 46 833 867 
45 22 833 864 
48 44 835 872 
50 29 835 856 
39 40 836 869 
5 34 836 852 
45 43 837 847 
39 12 838 858 
8 2 838 870 
44 32 838 868 
60 45 839 871 
92 39 840 856 
33 1 841 842 
28 11 844 851 
61 98 844 880 
44 80 845 877 
15 78 845 863 
15 5 845 878 
59 1 847 877 
36 82 848 872 
71 37 848 868 
27 63 848 873 
81 15 849 880 
23 80 850 868 
77 75 850 879 
11 86 850 876 
58 73 850 887 
75 2 852 892 
4 37 852 877 
61 64 853 874 
21 11 854 875 
35 67 854 864 
45 98 856 875 
6 4 856 870 
49 78 856 881 
23 44 856 859 
35 16 857 878 
29 49 859 871 
58 19 860 897 
20 7 861 876 
89 4 861 896 
80 47 862 867 
71 73 863 898 
85 25 864 896 
36 33 865 870 
13 55 866 870 
31 27 866 882 
38 41 867 869 
45 45 868 889 
59 54 868 873 
64 63 869 905 
9 51 869 885 
89 1 871 875 
62 98 873 912 
58 37 874 904 
64 6 874 895 
28 20 874 897 
71 45 875 881 
72 18 875 884 
25 58 879 915 
69 95 882 898 
97 60 885 913 
46 97 885 890 
14 46 886 904 
4 48 887 918 
9 45 887 913 
70 50 887 921 
1 67 887 920 
23 7 888 918 
71 62 890 919 
11 61 890 909 
41 24 891 920 
82 83 891 893 
98 23 894 899 
21 23 895 922 
75 52 897 933 
15 15 897 930 
60 75 900 924 
79 54 900 938 
66 63 900 904 
78 63 900 905 
52 44 901 940 
52 40 901 903 
52 92 902 918 
34 6 903 936 
99 75 905 939 
74 92 905 936 
75 68 905 910 
78 79 906 922 
7 41 906 929 
98 45 907 921 
96 86 908 930 
17 13 908 942 
71 77 909 946 
90 97 910 940 
11 34 911 918 
63 33 912 914 
80 35 912 931 
82 43 913 930 
60 59 914 920 
85 63 915 931 
46 54 916 949 
83 70 918 923 
72 52 919 955 
9 9 919 952 
37 75 920 924 
31 12 924 952 
55 42 924 926 
96 28 925 961 
65 88 927 950 
31 39 928 964 
8 68 930 951 
87 26 930 953 
46 18 931 970 
51 75 931 950 
35 94 939 953 
46 30 944 965 
44 67 945 953 
98 74 946 947 
82 51 947 982 
44 8 950 987 
21 81 951 984 
75 59 953 965 
4 67 954 969 
36 92 955 976 
2 17 955 960 
2 64 955 995 
65 41 956 977 
81 35 956 976 
65 77 957 976 
5 28 957 976 
33 62 957 988 
55 18 958 971 
86 62 959 994 
67 61 959 974 
32 37 959 974 
12 94 960 968 
86 67 960 976 
100 67 962 973 
67 5 963 982 
93 98 963 970 
6 88 963 979 
26 63 966 971 
30 94 968 1007 
18 12 970 983 
78 8 972 1011 
42 97 973 1009 
16 92 974 987 
54 28 977 1016 
91 72 977 985 
85 90 978 986 
63 18 980 1010 
88 47 981 997 
56 89 983 986 
64 83 983 1013 
17 68 983 1011 
95 90 984 987 
94 6 985 987 
81 100 985 1011 
32 33 986 995 
70 60 986 996 
88 91 986 1003 
47 86 989 1000 
30 74 989 994 
85 56 989 996 
75 39 990 995 
41 98 990 1030 
58 2 991 1030 
79 68 991 1028 
83 19 994 999 
12 36 996 1015 



ISTANCE FEATURES:
Item Number 1000
Clique Number 445
Interference (Index_1) 9.622
Average item per clique (Index_2) 21.6225
Cardinality of the largest clique 37
Max Profit 100 Max Legth 40
Max weight 100
