1000
505
71 21 2 29 
53 13 2 38 
61 55 3 24 
44 39 3 46 
77 53 4 18 
42 29 5 54 
4 17 7 25 
99 99 9 56 
64 52 10 47 
98 53 11 36 
42 91 12 19 
17 68 12 29 
61 42 12 71 
44 45 14 69 
29 84 15 27 
51 28 21 38 
64 79 21 51 
34 69 26 28 
12 8 29 79 
42 90 30 43 
69 98 31 83 
25 81 31 52 
19 80 33 93 
14 9 33 70 
19 39 34 92 
11 91 34 52 
27 84 34 52 
71 12 34 57 
60 22 37 85 
15 71 37 50 
32 80 39 47 
39 32 39 73 
39 66 40 74 
57 14 40 47 
21 84 44 51 
89 13 45 85 
89 50 46 86 
35 100 50 54 
100 26 51 86 
81 52 52 92 
53 99 52 78 
44 75 53 56 
43 40 54 114 
70 38 54 74 
23 64 55 57 
62 81 57 106 
96 67 58 63 
39 48 58 103 
1 69 61 101 
48 93 64 85 
78 38 65 99 
7 41 65 100 
13 78 65 105 
60 7 66 115 
2 41 71 111 
76 56 71 98 
4 37 72 91 
11 28 73 90 
79 90 74 111 
7 91 74 110 
15 38 75 120 
75 91 78 113 
94 19 81 86 
55 25 81 122 
25 10 83 116 
4 10 83 140 
98 45 84 115 
62 56 85 114 
26 48 85 130 
27 82 85 93 
13 87 86 129 
63 56 86 94 
59 23 87 141 
58 98 88 117 
14 14 90 95 
30 87 90 126 
11 39 91 102 
14 76 91 139 
25 90 92 109 
42 18 94 109 
3 76 95 137 
24 89 95 119 
94 95 96 132 
47 14 96 151 
27 57 98 112 
33 96 98 111 
14 14 99 117 
90 29 99 127 
15 58 101 123 
70 58 101 127 
92 76 104 155 
7 81 108 151 
63 35 109 146 
81 1 111 136 
85 22 112 129 
78 92 115 171 
39 51 116 162 
78 48 117 171 
73 59 117 145 
5 7 117 146 
24 6 117 118 
78 41 118 139 
16 48 118 144 
60 22 119 173 
78 79 122 162 
35 72 125 157 
81 23 125 162 
58 73 126 153 
3 54 129 165 
38 57 130 184 
99 34 130 168 
57 15 132 136 
78 87 133 157 
4 30 133 178 
35 25 134 163 
34 70 134 179 
6 21 135 164 
62 70 135 167 
23 39 135 185 
62 64 136 137 
35 53 137 160 
77 23 140 173 
18 18 140 178 
54 69 140 197 
76 92 141 181 
27 89 141 165 
50 62 143 148 
96 34 144 182 
79 100 145 187 
79 65 146 191 
12 93 147 207 
16 11 150 178 
36 68 151 168 
25 91 154 206 
100 78 155 202 
40 82 156 176 
82 11 157 209 
56 24 157 181 
26 2 157 188 
56 78 157 186 
1 46 158 175 
86 1 158 210 
18 58 159 183 
31 98 159 211 
79 38 160 165 
79 41 161 178 
93 51 162 217 
20 47 163 177 
58 38 164 216 
42 3 165 220 
74 41 165 200 
22 17 166 181 
63 51 167 207 
35 74 167 197 
62 36 168 205 
12 91 168 178 
79 74 169 215 
91 56 170 227 
48 89 172 189 
50 34 174 216 
25 50 174 209 
56 8 176 235 
65 100 177 236 
70 34 180 195 
29 58 180 208 
58 31 181 218 
1 56 182 219 
56 49 182 217 
99 72 182 222 
15 34 183 187 
9 28 184 187 
86 30 185 190 
21 37 186 209 
24 2 186 235 
70 41 186 194 
61 43 187 229 
9 14 187 246 
26 99 187 229 
41 54 188 222 
42 3 189 212 
80 54 189 195 
21 86 189 203 
97 63 190 194 
77 29 191 230 
54 70 195 251 
32 84 196 246 
11 70 198 250 
98 99 199 256 
79 59 200 213 
99 20 200 254 
55 77 202 232 
91 96 202 251 
71 11 202 207 
76 45 203 262 
63 46 206 240 
64 27 207 232 
91 53 210 261 
51 41 210 237 
75 18 210 260 
75 86 212 218 
70 72 212 258 
58 31 212 272 
8 35 213 238 
19 39 213 258 
57 33 215 243 
6 6 215 226 
56 14 216 229 
57 42 216 226 
92 86 218 245 
99 95 219 257 
37 57 219 235 
19 81 219 242 
82 75 220 280 
100 92 221 237 
42 61 221 244 
88 87 222 231 
37 72 223 226 
5 39 224 281 
1 77 225 255 
43 66 226 236 
32 45 226 266 
31 51 227 232 
31 46 228 279 
27 69 228 241 
99 81 229 289 
23 60 233 259 
59 17 233 234 
8 54 236 272 
22 44 238 265 
91 22 240 245 
31 12 241 262 
13 41 241 276 
54 65 242 300 
16 61 242 277 
85 69 243 274 
48 67 244 287 
27 21 244 246 
67 4 245 249 
59 86 246 297 
21 72 247 297 
64 6 248 287 
44 38 251 275 
23 39 251 296 
87 69 253 257 
58 16 253 254 
90 75 257 288 
4 44 259 289 
29 63 259 263 
66 43 262 278 
40 77 264 291 
52 96 265 275 
31 43 265 269 
10 11 266 299 
9 36 266 316 
52 98 270 277 
47 87 271 275 
72 35 271 319 
30 85 272 302 
83 16 274 280 
64 64 276 287 
79 75 276 301 
55 52 278 312 
88 7 278 319 
6 10 278 280 
27 63 281 314 
98 22 281 312 
87 29 283 330 
44 93 283 314 
62 5 283 297 
91 8 283 341 
15 23 284 335 
96 60 284 329 
82 42 285 331 
84 18 286 300 
23 27 287 337 
67 44 287 347 
51 10 292 331 
23 45 292 319 
32 2 296 328 
94 13 296 345 
39 79 296 327 
43 21 299 307 
69 83 299 309 
58 66 300 303 
37 54 303 349 
47 76 304 350 
47 55 304 334 
53 4 305 307 
34 2 305 351 
80 73 306 349 
85 27 306 357 
43 91 309 343 
93 71 309 326 
62 65 311 317 
18 50 312 347 
70 41 315 338 
82 16 316 332 
2 58 316 318 
74 60 317 364 
98 45 317 369 
10 10 321 381 
82 79 322 371 
8 67 322 378 
14 14 323 380 
80 51 324 374 
60 13 324 358 
11 62 325 356 
93 61 328 367 
26 43 329 333 
47 21 330 335 
89 13 331 355 
58 42 332 370 
43 62 334 338 
2 40 337 394 
38 43 337 343 
77 91 338 386 
22 20 339 358 
72 21 340 372 
91 20 340 384 
35 87 340 344 
17 93 341 395 
73 23 341 381 
33 19 341 379 
73 17 342 344 
20 74 342 356 
19 9 345 397 
13 41 345 368 
74 99 346 388 
58 70 346 369 
74 99 346 395 
26 96 347 389 
21 68 348 384 
3 70 348 356 
93 28 349 372 
75 17 351 379 
56 62 353 392 
84 31 357 382 
98 46 357 388 
45 6 357 392 
55 96 357 367 
22 81 358 399 
27 48 359 375 
55 64 359 366 
82 73 360 378 
75 58 360 402 
19 88 361 363 
30 98 365 409 
82 19 365 412 
20 39 368 406 
93 77 368 380 
76 81 371 384 
100 53 371 428 
66 67 371 395 
25 83 372 430 
5 11 372 421 
67 41 375 415 
60 10 375 380 
85 14 378 411 
41 96 380 402 
69 95 380 430 
83 80 382 438 
9 23 382 418 
4 15 383 406 
98 25 383 402 
90 43 384 386 
55 47 386 392 
99 50 387 413 
17 12 389 427 
62 4 389 401 
72 25 391 400 
32 70 394 401 
20 37 395 445 
71 43 396 412 
77 44 397 452 
62 100 398 433 
40 10 398 433 
53 50 398 404 
84 39 399 453 
98 90 400 451 
59 5 401 428 
72 58 401 436 
36 95 401 414 
47 75 402 429 
69 37 403 452 
12 7 403 427 
36 89 406 427 
39 3 406 409 
84 12 407 438 
34 23 411 429 
29 62 412 427 
63 84 413 430 
55 61 414 474 
65 86 414 427 
19 29 417 459 
87 84 417 456 
75 24 419 442 
2 33 419 448 
24 80 420 450 
48 60 420 463 
9 25 421 429 
36 6 421 450 
9 79 421 444 
64 78 422 481 
77 29 423 424 
13 61 424 438 
63 51 424 430 
90 44 426 482 
26 41 428 468 
11 35 428 458 
64 44 428 441 
12 39 430 431 
40 17 431 463 
32 74 433 438 
47 44 433 450 
95 89 433 437 
45 23 435 466 
99 2 438 479 
23 58 439 481 
13 47 442 444 
4 29 442 457 
44 3 443 451 
9 84 443 459 
14 52 444 474 
17 46 445 503 
96 45 445 458 
1 93 446 506 
3 16 446 459 
71 97 446 497 
55 94 447 472 
1 23 448 503 
74 62 449 454 
32 76 451 506 
44 23 451 472 
82 79 452 507 
50 42 452 494 
93 59 453 494 
12 88 454 472 
65 92 456 486 
36 36 458 468 
15 75 460 467 
68 95 460 491 
83 76 461 518 
58 19 461 495 
71 11 461 509 
42 65 462 463 
53 43 462 467 
32 27 463 482 
52 79 465 482 
60 66 465 493 
21 21 466 509 
98 80 467 503 
87 8 467 496 
77 92 468 492 
32 96 471 484 
19 68 472 505 
90 9 477 533 
85 63 478 534 
34 80 479 528 
65 40 480 484 
30 52 480 525 
45 64 485 507 
5 53 485 505 
78 16 486 536 
99 26 486 510 
41 57 487 533 
49 53 488 492 
45 55 488 501 
88 71 489 496 
77 23 490 520 
13 7 491 510 
83 36 492 533 
100 31 492 515 
21 96 492 538 
77 21 493 552 
74 52 493 550 
54 88 493 497 
93 29 494 551 
63 60 494 552 
50 9 495 533 
94 89 495 497 
37 26 495 497 
10 98 497 537 
39 84 498 513 
46 49 500 556 
66 85 501 544 
18 62 501 536 
80 80 502 545 
90 34 503 561 
91 66 504 538 
46 69 504 526 
67 41 506 533 
40 22 507 556 
57 34 509 568 
36 29 509 544 
79 2 510 525 
73 49 510 546 
100 95 510 541 
52 41 512 562 
25 28 513 541 
66 53 514 554 
71 50 517 540 
57 53 519 547 
91 52 520 578 
23 49 521 572 
56 85 521 550 
35 85 522 576 
16 77 523 525 
36 3 523 549 
89 13 523 562 
3 15 524 550 
93 39 524 575 
59 90 526 561 
96 26 528 572 
59 54 529 559 
6 97 533 581 
8 32 534 542 
33 22 535 590 
43 63 535 577 
23 89 536 537 
53 17 536 559 
22 93 538 546 
49 56 538 553 
55 46 539 598 
10 82 541 576 
54 72 541 563 
14 96 543 557 
45 49 544 601 
66 7 544 547 
71 73 545 572 
50 36 545 595 
14 53 545 599 
47 14 546 556 
70 37 547 588 
60 1 547 584 
44 41 548 582 
46 17 548 558 
39 31 548 566 
92 55 549 557 
82 18 550 588 
17 24 552 588 
23 46 552 558 
19 76 552 609 
86 38 555 586 
88 65 555 605 
48 94 555 556 
51 39 558 597 
78 3 559 595 
17 26 559 585 
12 63 560 584 
28 98 561 607 
19 77 563 607 
27 38 564 565 
71 69 564 597 
8 85 568 590 
25 40 570 584 
31 28 571 597 
84 3 571 606 
75 48 572 622 
60 68 573 574 
10 7 573 604 
96 44 574 609 
52 45 574 591 
52 6 577 593 
100 45 577 603 
35 69 577 604 
70 43 577 606 
71 78 578 628 
8 8 578 591 
57 12 578 593 
4 36 581 588 
98 80 582 631 
46 39 584 602 
34 74 587 629 
38 96 587 605 
8 77 588 628 
100 82 588 607 
26 43 590 644 
18 55 590 627 
23 4 592 602 
1 46 595 600 
58 85 596 650 
80 15 597 654 
56 10 599 632 
17 62 599 601 
81 65 600 655 
66 88 600 644 
19 17 602 610 
75 5 604 633 
47 61 604 659 
4 95 604 632 
61 55 605 632 
17 45 606 627 
62 11 606 653 
81 96 607 660 
100 84 610 637 
44 18 610 632 
77 44 610 623 
20 51 611 634 
87 55 613 648 
38 9 614 643 
39 62 616 647 
76 14 617 625 
31 17 618 629 
54 85 619 646 
78 95 623 635 
69 10 629 677 
15 8 631 676 
35 25 633 657 
73 32 635 652 
44 50 636 663 
57 18 637 691 
41 56 637 675 
36 11 637 650 
55 79 637 678 
7 8 638 661 
6 68 641 671 
8 73 641 668 
87 78 642 674 
3 59 642 674 
34 8 644 689 
24 72 645 677 
36 64 647 668 
63 90 648 668 
52 62 649 708 
5 26 649 663 
12 61 649 697 
29 94 649 693 
51 93 650 652 
24 48 653 674 
89 82 653 661 
88 13 655 706 
10 28 655 695 
39 96 655 683 
58 63 655 660 
2 71 658 718 
57 81 658 689 
95 88 661 680 
6 38 662 704 
88 36 662 693 
81 63 664 682 
53 73 665 711 
62 26 666 692 
81 80 667 725 
28 73 668 685 
35 53 668 673 
25 37 668 716 
63 65 669 707 
26 20 669 682 
96 33 669 709 
83 82 670 688 
20 97 673 681 
81 49 674 709 
46 72 675 735 
55 67 676 736 
70 34 677 687 
94 17 677 718 
50 57 680 719 
72 1 680 681 
100 96 680 711 
6 11 681 689 
52 17 681 735 
9 43 682 696 
91 42 682 695 
50 17 682 683 
56 47 683 737 
24 34 684 707 
81 98 686 735 
87 31 687 732 
41 50 688 694 
27 48 689 690 
18 16 690 699 
11 47 690 726 
78 26 691 700 
22 65 692 737 
74 42 693 753 
42 63 695 754 
92 68 695 713 
15 89 697 748 
60 3 698 754 
98 67 698 704 
37 1 699 746 
51 80 700 716 
66 80 701 702 
75 88 702 734 
61 15 702 715 
34 65 704 739 
66 66 705 746 
8 54 706 733 
32 61 707 742 
66 22 708 730 
51 3 710 749 
11 95 710 747 
57 97 711 754 
60 22 712 771 
22 20 712 746 
69 85 713 733 
6 61 713 745 
62 68 713 761 
22 68 713 719 
29 88 714 756 
93 59 717 753 
91 93 717 747 
81 16 718 748 
12 77 718 734 
80 4 719 722 
58 2 720 756 
72 41 721 752 
11 8 721 749 
90 98 722 744 
96 47 723 744 
54 17 724 739 
21 36 726 767 
72 86 726 783 
33 69 726 734 
53 2 726 775 
20 6 727 748 
70 7 727 738 
20 33 728 781 
52 14 729 783 
72 33 729 783 
39 36 729 753 
56 87 730 780 
8 37 731 786 
88 85 731 763 
16 26 731 744 
43 59 731 785 
31 34 732 735 
92 19 735 783 
25 72 735 747 
74 16 736 785 
28 39 738 770 
77 22 738 745 
70 81 739 788 
43 8 740 792 
69 24 740 785 
88 74 741 750 
36 34 741 766 
54 85 741 790 
55 92 743 765 
80 75 745 793 
34 37 746 794 
24 11 747 806 
54 60 748 779 
79 11 748 792 
96 43 750 794 
63 28 755 780 
42 81 756 759 
76 61 756 775 
19 71 757 775 
84 99 757 772 
47 58 759 810 
84 95 760 761 
43 72 761 781 
80 33 762 766 
10 80 766 798 
73 73 766 799 
56 19 767 826 
37 79 767 791 
49 29 768 823 
61 91 768 804 
30 27 769 815 
82 17 771 821 
19 50 772 807 
17 19 772 804 
49 95 773 814 
41 45 774 805 
94 45 775 805 
64 68 775 819 
45 60 776 804 
40 50 776 801 
60 31 777 832 
75 45 777 787 
6 60 778 816 
8 62 779 795 
78 62 779 812 
40 52 784 790 
81 48 784 807 
17 53 785 795 
12 80 785 817 
16 35 786 817 
6 75 786 791 
45 75 787 813 
19 95 787 827 
91 34 788 822 
33 5 790 818 
1 53 792 808 
85 55 792 807 
16 100 792 830 
21 45 793 823 
38 53 793 824 
57 28 793 821 
2 89 795 811 
20 94 799 807 
57 94 799 803 
100 57 800 813 
81 18 800 827 
84 30 800 856 
31 40 801 846 
17 65 802 826 
10 13 802 829 
83 10 803 818 
2 46 805 828 
98 78 805 864 
43 85 805 843 
80 60 807 862 
66 99 808 834 
100 9 811 812 
56 75 812 841 
88 22 812 836 
25 56 813 823 
59 80 813 867 
31 88 813 870 
82 44 814 835 
72 53 815 860 
84 100 815 860 
89 29 817 845 
80 17 817 871 
88 24 819 842 
38 7 821 838 
91 88 822 856 
8 54 823 825 
98 5 823 879 
17 39 825 834 
26 54 826 848 
79 86 828 865 
19 16 828 857 
58 33 830 865 
15 4 832 876 
49 100 833 857 
40 46 833 867 
45 22 833 864 
48 44 835 852 
50 29 835 836 
39 40 836 889 
5 34 836 872 
45 43 837 867 
39 12 838 858 
8 2 838 850 
44 32 838 868 
60 45 839 851 
92 39 840 896 
33 1 841 842 
28 11 844 871 
61 98 844 860 
44 80 845 857 
15 78 845 883 
15 5 845 858 
59 1 847 877 
36 82 848 872 
71 37 848 888 
27 63 848 873 
81 15 849 900 
23 80 850 888 
77 75 850 899 
11 86 850 856 
58 73 850 867 
75 2 852 872 
4 37 852 877 
61 64 853 854 
21 11 854 875 
35 67 854 864 
45 98 856 915 
6 4 856 870 
49 78 856 901 
23 44 856 879 
35 16 857 858 
29 49 859 871 
58 19 860 877 
20 7 861 916 
89 4 861 896 
80 47 862 907 
71 73 863 898 
85 25 864 916 
36 33 865 890 
13 55 866 910 
31 27 866 902 
38 41 867 909 
45 45 868 869 
59 54 868 913 
64 63 869 885 
9 51 869 905 
89 1 871 915 
62 98 873 932 
58 37 874 904 
64 6 874 895 
28 20 874 877 
71 45 875 921 
72 18 875 924 
25 58 879 935 
69 95 882 918 
97 60 885 913 
46 97 885 890 
14 46 886 904 
4 48 887 898 
9 45 887 893 
70 50 887 901 
1 67 887 920 
23 7 888 918 
71 62 890 899 
11 61 890 929 
41 24 891 920 
82 83 891 933 
98 23 894 919 
21 23 895 942 
75 52 897 933 
15 15 897 930 
60 75 900 924 
79 54 900 918 
66 63 900 944 
78 63 900 925 
52 44 901 920 
52 40 901 923 
52 92 902 938 
34 6 903 956 
99 75 905 919 
74 92 905 936 
75 68 905 950 
78 79 906 942 
7 41 906 909 
98 45 907 941 
96 86 908 950 
17 13 908 942 
71 77 909 966 
90 97 910 940 
11 34 911 938 
63 33 912 954 
80 35 912 931 
82 43 913 970 
60 59 914 960 
85 63 915 931 
46 54 916 969 
83 70 918 943 
72 52 919 935 
9 9 919 952 
37 75 920 944 
31 12 924 952 
55 42 924 946 
96 28 925 981 
65 88 927 970 
31 39 928 984 
8 68 930 971 
87 26 930 973 
46 18 931 950 
51 75 931 990 
35 94 939 973 
46 30 944 985 
44 67 945 993 
98 74 946 967 
82 51 947 982 
44 8 950 967 
21 81 951 964 
75 59 953 965 
4 67 954 969 
36 92 955 996 
2 17 955 980 
2 64 955 1015 
65 41 956 957 
81 35 956 1016 
65 77 957 996 
5 28 957 1016 
33 62 957 988 
55 18 958 991 
86 62 959 974 
67 61 959 994 
32 37 959 974 
12 94 960 988 
86 67 960 996 
100 67 962 1013 
67 5 963 1002 
93 98 963 990 
6 88 963 999 
26 63 966 1011 
30 94 968 987 
18 12 970 1003 
78 8 972 1031 
42 97 973 1029 
16 92 974 987 
54 28 977 1036 
91 72 977 1025 
85 90 978 1006 
63 18 980 990 
88 47 981 997 
56 89 983 1026 
64 83 983 1033 
17 68 983 1011 
95 90 984 987 
94 6 985 1007 
81 100 985 991 
32 33 986 995 
70 60 986 1036 
88 91 986 1003 
47 86 989 1020 
30 74 989 994 
85 56 989 1036 
75 39 990 1015 
41 98 990 1010 
58 2 991 1050 
79 68 991 1008 
83 19 994 999 
12 36 996 1015 



ISTANCE FEATURES:
Item Number 1000
Clique Number 435
Interference (Index_1) 13.767
Average item per clique (Index_2) 31.6483
Cardinality of the largest clique 51
Max Profit 100 Max Legth 60
Max weight 100
