1000
512
9 55 2 68 
23 8 3 29 
46 39 4 77 
45 91 4 74 
40 55 6 14 
5 24 7 38 
26 79 7 69 
25 82 8 66 
31 34 8 81 
24 95 8 58 
31 47 9 69 
88 46 9 72 
6 17 10 48 
51 90 11 49 
39 64 11 23 
36 98 12 64 
10 31 13 70 
25 9 16 62 
38 75 16 28 
21 73 16 58 
94 56 16 72 
35 62 18 71 
57 7 19 84 
85 76 19 28 
83 20 19 76 
42 33 20 62 
85 80 20 66 
80 84 21 36 
68 37 22 85 
26 19 22 78 
38 29 22 48 
20 78 22 42 
38 92 22 25 
57 96 24 77 
61 2 28 33 
94 33 29 94 
37 81 29 53 
76 8 29 94 
85 75 31 38 
20 91 32 85 
77 42 34 43 
52 30 34 64 
91 75 36 91 
73 92 36 103 
90 88 38 49 
91 40 38 98 
94 54 38 44 
64 82 39 59 
4 6 39 68 
77 80 41 50 
96 40 41 104 
69 99 41 75 
84 40 42 110 
16 22 43 74 
94 27 44 67 
23 39 44 83 
29 82 45 104 
100 79 45 105 
92 24 50 92 
44 35 51 127 
44 50 54 57 
3 8 54 134 
3 42 55 121 
88 47 57 68 
92 38 59 99 
14 1 59 113 
17 91 59 120 
63 36 61 68 
27 11 62 84 
78 83 64 94 
61 90 64 101 
6 75 65 126 
64 23 65 112 
96 67 66 92 
61 39 68 117 
89 12 69 141 
46 68 72 118 
26 68 72 81 
90 43 73 144 
64 48 74 143 
3 18 74 108 
100 24 75 107 
27 4 75 129 
49 52 76 112 
71 37 76 149 
59 68 76 150 
57 6 76 143 
32 63 81 158 
20 76 81 150 
57 32 82 118 
96 45 83 139 
92 4 83 118 
89 16 85 141 
51 20 85 122 
73 92 85 120 
84 34 86 157 
76 43 89 156 
70 1 92 148 
55 79 94 119 
86 58 94 103 
34 94 94 118 
91 4 98 131 
51 34 98 99 
23 72 99 147 
12 91 99 170 
39 42 103 104 
59 48 106 178 
53 59 108 140 
80 3 110 139 
84 91 110 175 
3 69 111 170 
23 96 112 177 
36 9 113 169 
62 43 114 122 
95 100 114 123 
89 79 115 137 
43 58 115 125 
42 48 116 196 
70 46 117 127 
81 14 118 174 
65 11 119 190 
62 86 119 122 
74 5 120 153 
63 4 123 151 
3 70 124 161 
55 30 125 147 
53 75 128 196 
50 31 129 161 
45 45 130 171 
50 19 130 132 
66 64 132 167 
53 74 133 206 
71 32 136 162 
48 12 137 178 
70 99 137 208 
99 4 140 164 
53 80 141 156 
54 44 142 211 
23 89 142 174 
64 35 143 166 
51 23 143 220 
41 12 145 192 
93 52 146 207 
81 78 147 198 
17 77 147 201 
79 21 147 220 
16 49 149 154 
99 80 153 185 
36 58 153 201 
84 63 153 207 
3 63 154 187 
21 71 154 210 
23 74 154 155 
42 87 155 226 
89 18 157 229 
18 93 159 182 
99 68 160 170 
50 66 162 207 
90 33 162 239 
20 82 163 219 
4 31 163 239 
29 32 164 208 
90 53 165 235 
31 73 165 188 
65 8 166 238 
96 29 167 228 
82 91 169 195 
11 78 169 188 
72 37 169 185 
60 44 169 236 
41 34 170 215 
38 94 170 242 
31 75 170 178 
94 83 170 245 
4 62 170 226 
91 63 171 247 
8 98 172 179 
52 24 173 222 
91 18 173 223 
41 4 173 217 
67 84 174 204 
62 60 174 241 
46 87 175 195 
52 66 177 203 
2 41 178 216 
10 98 180 216 
84 51 181 199 
59 22 182 230 
76 82 183 200 
88 72 183 229 
88 100 183 202 
5 80 183 215 
39 1 184 259 
31 62 184 254 
19 6 186 240 
41 29 186 265 
60 23 187 215 
99 61 187 261 
99 36 188 229 
82 15 189 239 
68 94 189 193 
97 62 190 213 
47 39 190 211 
71 39 191 194 
77 56 191 249 
18 72 192 246 
61 53 193 259 
59 34 193 208 
56 66 193 199 
27 2 194 209 
35 60 194 270 
94 49 196 242 
74 93 196 202 
94 34 197 272 
38 4 197 221 
91 12 197 260 
95 69 198 211 
28 99 198 225 
90 49 199 272 
80 48 200 226 
50 32 201 242 
70 76 203 229 
99 50 203 278 
37 100 203 240 
24 44 205 252 
32 55 206 230 
62 35 207 226 
86 68 209 256 
17 94 210 289 
5 67 211 241 
54 9 213 222 
24 85 214 287 
93 68 214 235 
49 70 214 242 
31 12 215 218 
15 91 216 260 
28 44 217 228 
5 100 217 297 
75 96 221 293 
7 59 222 301 
90 59 222 246 
10 90 222 293 
48 41 222 253 
19 65 222 251 
76 27 223 230 
90 4 224 287 
67 13 225 294 
41 71 225 274 
77 96 226 276 
42 87 230 236 
52 10 231 233 
88 84 232 260 
86 91 234 249 
51 87 235 246 
56 82 236 270 
29 3 237 309 
78 63 238 262 
25 66 239 263 
73 33 239 317 
86 29 241 319 
47 90 242 245 
79 84 244 294 
26 66 245 280 
61 46 246 315 
79 22 248 259 
56 21 250 251 
28 74 250 254 
35 52 253 305 
76 37 254 279 
35 2 254 258 
38 11 254 272 
75 91 254 323 
57 72 256 280 
81 36 257 270 
46 83 258 289 
26 19 258 305 
74 13 260 274 
38 99 263 319 
6 63 265 286 
18 93 265 287 
40 48 265 323 
47 4 265 274 
32 16 269 323 
40 59 269 336 
30 46 270 310 
95 100 271 341 
46 73 271 322 
76 63 272 298 
73 74 272 326 
81 39 273 329 
98 43 277 357 
9 4 279 359 
78 26 280 342 
35 2 280 357 
79 83 280 323 
70 37 282 328 
79 40 282 310 
39 22 282 297 
27 64 283 337 
78 76 284 347 
25 82 286 357 
1 62 287 313 
63 3 288 296 
49 96 289 316 
85 17 290 315 
38 8 291 305 
94 85 292 329 
45 60 293 371 
22 59 293 334 
44 69 293 333 
78 20 293 356 
58 42 297 339 
92 65 297 374 
24 16 297 313 
73 30 297 331 
42 16 298 315 
16 37 302 346 
58 60 304 379 
1 53 304 367 
94 42 304 321 
30 49 304 305 
28 99 304 345 
25 25 310 364 
75 34 310 326 
86 39 310 327 
71 63 311 369 
30 85 312 317 
10 79 314 350 
24 86 314 391 
1 25 315 379 
94 6 315 380 
13 66 316 332 
68 8 316 353 
78 85 317 393 
5 91 317 349 
35 92 318 372 
22 86 319 326 
35 91 319 380 
43 99 319 322 
87 19 319 335 
22 25 319 378 
98 77 319 350 
55 70 320 399 
9 28 322 361 
94 69 322 381 
67 3 323 337 
39 1 323 335 
20 19 324 385 
91 85 325 332 
40 57 327 404 
9 33 329 336 
79 15 331 380 
88 40 331 411 
75 21 331 335 
28 55 332 389 
89 42 332 400 
99 43 334 402 
3 22 334 360 
5 47 335 370 
57 10 335 356 
34 9 336 376 
62 34 336 376 
87 5 336 369 
86 43 337 415 
43 61 338 343 
62 21 338 402 
44 79 338 410 
88 14 338 417 
64 92 341 348 
35 16 341 418 
57 62 341 389 
13 12 344 379 
60 52 348 357 
39 71 349 429 
25 8 349 373 
8 85 351 365 
52 2 351 382 
90 59 352 360 
42 91 353 402 
14 13 353 363 
56 61 354 389 
94 73 356 366 
3 77 356 398 
44 74 356 404 
67 52 358 363 
76 29 359 391 
33 62 361 429 
70 4 362 437 
30 8 362 427 
93 52 363 370 
54 93 365 387 
71 20 366 414 
73 8 366 401 
95 6 366 442 
41 84 368 381 
63 10 369 422 
8 39 371 419 
61 72 371 442 
72 55 372 439 
48 15 373 453 
24 30 373 406 
90 67 373 377 
88 57 375 436 
33 71 376 419 
40 67 376 390 
23 84 377 392 
61 54 381 430 
6 92 381 437 
60 87 388 393 
88 30 388 413 
43 18 392 437 
46 57 393 473 
89 53 394 413 
55 67 394 423 
34 61 394 431 
20 32 397 455 
39 68 397 450 
77 99 399 426 
15 21 401 469 
54 8 402 432 
70 17 403 447 
23 43 405 471 
8 64 406 467 
61 48 409 435 
94 31 409 425 
18 44 410 474 
77 15 411 451 
27 18 412 440 
35 21 412 478 
72 93 412 446 
65 55 414 416 
67 94 414 429 
65 76 414 455 
1 13 414 463 
1 52 416 422 
77 80 417 430 
44 78 419 477 
90 62 419 438 
86 73 419 429 
35 45 420 466 
62 64 421 476 
5 47 421 492 
89 9 422 428 
58 31 422 499 
24 65 422 428 
75 47 423 490 
38 82 424 465 
19 12 424 432 
93 92 424 474 
33 24 424 436 
62 92 425 464 
62 31 426 502 
99 70 427 459 
92 1 427 474 
80 18 429 502 
18 15 431 452 
96 42 434 435 
37 68 435 505 
29 54 435 437 
10 74 440 479 
82 4 442 515 
70 17 444 478 
84 68 446 457 
86 3 447 493 
31 58 448 514 
82 68 448 495 
11 67 448 510 
88 72 449 450 
78 46 450 496 
65 39 451 453 
72 48 453 475 
16 93 456 502 
12 58 456 485 
6 54 456 499 
72 81 456 511 
41 31 458 506 
76 21 458 508 
91 78 459 481 
99 87 459 518 
5 90 460 526 
32 45 461 490 
89 11 461 517 
19 20 461 536 
60 28 462 537 
10 20 463 537 
80 17 466 494 
1 97 468 490 
54 59 470 503 
31 94 473 482 
7 50 473 496 
55 73 474 509 
61 95 475 498 
55 34 475 549 
47 30 475 529 
72 29 477 539 
60 42 478 502 
22 89 478 493 
67 34 478 547 
86 71 478 479 
30 62 479 558 
61 9 482 535 
83 63 482 535 
7 79 482 531 
80 98 482 547 
88 39 483 559 
70 84 484 503 
41 96 485 540 
67 34 487 564 
10 58 487 567 
18 35 488 515 
54 36 488 565 
59 94 488 546 
44 94 489 532 
67 52 490 566 
41 95 490 491 
38 75 490 559 
13 98 491 537 
52 96 491 496 
18 93 492 525 
93 38 493 527 
31 14 493 556 
97 11 494 552 
90 29 496 501 
10 87 498 528 
45 41 499 510 
83 70 502 545 
21 94 502 553 
93 63 504 574 
15 28 505 578 
8 95 506 580 
6 14 507 578 
12 14 509 575 
94 65 509 551 
4 96 509 510 
63 82 510 571 
47 10 511 534 
49 69 513 562 
25 12 514 576 
55 36 516 586 
28 34 517 564 
41 63 519 537 
28 78 520 586 
18 41 520 557 
43 1 521 582 
1 59 522 598 
77 55 523 526 
36 31 524 536 
32 96 524 592 
38 24 526 588 
23 28 527 605 
30 12 528 594 
12 55 530 589 
81 54 530 599 
94 22 532 586 
86 29 533 537 
44 1 536 545 
56 72 536 587 
71 53 537 601 
76 32 538 557 
41 35 539 592 
41 87 541 547 
35 49 543 561 
40 66 544 549 
97 13 546 619 
63 53 547 586 
32 88 548 593 
65 58 549 553 
49 57 550 628 
71 51 550 607 
83 2 550 587 
94 100 550 580 
33 45 551 585 
32 76 556 612 
5 51 557 572 
27 67 557 631 
39 2 557 574 
24 44 558 635 
42 81 558 561 
96 19 560 597 
60 64 560 613 
29 30 561 589 
89 55 561 636 
14 80 562 608 
70 67 562 590 
80 78 566 603 
38 3 566 614 
16 93 571 575 
24 73 577 592 
49 24 577 645 
54 49 578 609 
96 98 578 616 
9 9 578 653 
12 94 578 608 
66 82 579 599 
3 11 579 619 
29 57 579 618 
6 66 580 599 
24 70 581 618 
16 54 584 653 
6 85 585 640 
79 46 585 634 
41 34 585 661 
86 1 586 628 
69 95 587 614 
34 86 589 660 
49 82 589 652 
33 57 590 669 
11 73 590 632 
83 2 591 615 
7 36 592 657 
61 72 592 622 
28 38 594 635 
44 69 595 626 
34 96 595 643 
72 4 596 638 
43 12 597 619 
80 35 598 657 
13 94 601 632 
31 62 601 611 
35 59 601 651 
27 7 602 606 
92 44 602 680 
89 28 602 670 
20 85 603 676 
25 94 603 634 
36 25 603 611 
95 83 605 629 
68 28 606 642 
6 47 608 612 
87 90 609 670 
41 38 609 618 
51 60 609 662 
79 57 611 627 
78 4 612 690 
43 1 612 640 
12 26 615 654 
44 96 615 676 
17 16 616 666 
5 7 616 665 
69 42 618 696 
36 99 618 651 
26 14 618 634 
24 13 620 654 
19 58 621 679 
97 40 622 678 
87 95 625 683 
47 44 626 654 
23 12 626 638 
81 56 627 671 
59 48 627 705 
71 91 627 642 
74 28 627 680 
14 55 627 632 
97 73 630 694 
51 42 630 707 
42 47 630 639 
26 14 635 668 
25 30 638 693 
96 4 638 665 
95 94 639 703 
68 88 640 699 
41 80 641 694 
42 26 644 653 
35 61 644 674 
1 8 644 670 
22 93 644 659 
94 18 647 710 
18 4 648 710 
44 94 648 721 
40 12 648 667 
26 29 649 653 
79 49 651 662 
51 93 651 690 
45 55 651 721 
24 54 652 673 
37 48 652 671 
47 27 652 679 
62 5 653 687 
39 72 653 688 
87 6 653 718 
100 57 655 668 
29 68 656 711 
52 20 657 721 
92 67 659 673 
18 47 659 722 
94 88 659 729 
22 13 660 679 
68 100 662 704 
45 98 663 701 
2 29 663 698 
43 5 663 733 
69 69 665 716 
42 97 667 674 
63 21 667 715 
45 19 668 677 
26 20 668 728 
85 75 669 674 
85 60 670 685 
50 15 671 700 
96 4 671 720 
33 52 672 678 
38 15 672 690 
64 52 673 753 
20 91 674 699 
18 84 674 741 
19 85 675 736 
53 87 676 749 
70 49 676 735 
38 98 677 707 
25 69 678 685 
28 49 678 728 
94 83 678 707 
72 70 679 698 
94 78 679 713 
15 5 679 716 
85 44 680 705 
96 12 680 751 
94 93 681 698 
99 91 682 727 
100 91 686 737 
94 75 686 720 
50 75 687 688 
15 74 688 738 
70 19 691 742 
66 34 696 721 
39 12 696 750 
53 64 698 711 
9 50 698 738 
89 46 699 769 
32 21 700 731 
7 72 704 772 
69 22 704 756 
59 58 705 716 
48 83 706 772 
39 23 706 786 
24 7 707 751 
7 90 709 718 
57 46 712 713 
52 24 714 748 
19 51 715 720 
98 37 715 782 
92 7 717 730 
11 14 717 731 
52 81 718 775 
45 44 718 753 
42 46 719 783 
79 50 719 775 
6 15 719 793 
86 28 719 724 
25 5 721 757 
57 18 722 787 
28 56 722 768 
3 87 722 792 
69 99 723 775 
80 12 723 742 
90 59 723 748 
91 76 724 787 
11 33 724 728 
90 97 724 786 
51 13 726 798 
23 30 729 743 
73 37 737 759 
78 54 738 800 
77 71 738 755 
86 53 741 808 
52 98 742 758 
52 2 742 805 
36 94 743 794 
73 17 746 756 
17 29 746 749 
12 26 748 789 
39 97 749 777 
40 45 751 757 
57 27 751 821 
3 59 753 797 
89 22 753 815 
87 9 754 779 
78 29 754 818 
80 48 754 774 
50 81 755 787 
46 29 757 758 
63 27 759 785 
20 78 760 795 
92 48 763 811 
86 32 763 811 
7 85 763 819 
55 70 764 793 
10 57 767 823 
22 46 769 770 
66 17 769 832 
61 98 770 833 
36 91 770 841 
78 50 771 834 
6 87 772 791 
89 76 772 816 
44 78 774 805 
31 88 775 835 
56 83 776 825 
54 1 778 832 
55 90 779 780 
89 16 780 827 
9 11 780 804 
41 100 781 800 
98 8 784 791 
55 5 785 831 
38 86 786 836 
100 93 787 811 
14 13 788 854 
83 84 788 841 
52 30 791 814 
38 34 791 836 
1 65 792 825 
84 58 798 801 
69 11 799 801 
69 9 799 863 
42 33 801 809 
38 85 802 853 
100 2 802 806 
70 84 803 823 
57 93 806 872 
41 88 807 836 
13 11 808 830 
21 36 808 847 
64 16 808 816 
98 78 811 891 
75 35 811 853 
54 34 813 845 
79 87 813 822 
25 35 814 889 
76 50 814 869 
13 85 815 890 
25 93 816 825 
5 23 817 888 
56 14 819 870 
63 74 819 852 
85 61 824 830 
23 54 825 827 
98 23 827 844 
51 38 827 904 
18 7 828 905 
32 98 829 877 
6 37 829 841 
58 100 832 842 
91 99 833 886 
86 48 833 899 
85 93 834 905 
26 97 834 875 
56 29 834 910 
39 43 836 873 
29 96 838 891 
43 38 839 884 
7 68 841 899 
54 94 845 895 
6 47 845 902 
10 25 851 890 
55 66 852 897 
40 7 854 884 
10 93 855 926 
100 76 856 900 
37 62 856 912 
48 19 860 899 
14 28 862 911 
13 97 862 894 
10 42 863 940 
31 91 866 927 
35 16 867 937 
87 24 868 934 
67 45 870 912 
37 38 870 933 
17 94 870 943 
50 72 870 872 
45 78 873 900 
86 1 875 907 
91 86 875 880 
26 19 876 949 
69 7 876 910 
30 9 877 944 
42 26 879 940 
37 81 879 899 
17 71 882 943 
85 48 882 961 
29 37 883 944 
5 1 883 930 
24 65 886 929 
12 41 886 904 
51 5 891 901 
84 67 892 893 
42 71 893 963 
46 7 894 969 
89 57 894 928 
8 67 897 945 
58 79 897 925 
100 75 897 960 
56 92 900 946 
91 33 901 935 
59 97 901 930 
18 91 901 933 
68 8 902 945 
35 47 902 966 
63 3 903 919 
40 27 903 906 
96 7 903 945 
15 51 903 977 
87 80 903 937 
77 23 904 981 
80 2 905 945 
13 77 906 931 
65 58 906 947 
71 39 908 976 
13 45 909 933 
62 81 911 944 
1 44 912 948 
57 62 913 922 
48 40 914 950 
9 91 919 986 
53 80 923 952 
19 20 923 999 
8 85 924 1004 
48 78 925 958 
76 14 925 958 
10 72 926 957 
43 40 927 975 
37 22 927 1006 
2 35 929 982 
30 59 929 947 
37 70 930 1005 
98 5 930 992 
99 3 932 1001 
6 39 932 997 
33 66 936 956 
17 82 936 948 
80 24 937 976 
28 72 937 953 
14 83 938 1008 
41 17 939 981 
89 20 941 993 
90 14 942 987 
60 52 942 973 
72 84 942 992 
65 39 944 996 
13 85 944 1022 
60 2 945 1021 
75 34 945 985 
60 15 946 968 
50 96 946 953 
23 42 946 976 
17 78 948 953 
53 66 949 996 
92 39 949 982 
11 68 950 1008 
56 88 950 994 
25 23 952 1014 
40 42 955 964 
49 5 955 969 
35 69 956 975 
42 73 956 983 
69 75 957 1007 
77 38 959 991 
34 42 959 1018 
46 19 959 991 
16 75 960 974 
53 47 962 974 
57 25 962 1002 
67 82 963 969 
45 41 963 1028 
35 97 963 1032 
77 28 965 987 
6 19 965 1028 
92 42 967 1038 
66 92 967 984 
72 60 968 1017 
1 18 969 1021 
17 44 970 989 
25 65 972 997 
6 58 972 1050 
3 67 972 997 
76 47 972 976 
33 90 973 995 
47 46 973 1004 
4 53 975 1007 
2 27 976 996 
54 85 976 1026 
50 51 977 1027 
6 47 978 1031 
26 71 978 1045 
37 96 980 1020 
94 24 982 1015 
33 57 983 1032 
97 11 987 998 
77 93 988 1030 
51 91 988 991 
96 53 990 1053 
51 16 990 1031 
37 62 991 1017 
61 85 994 1019 
30 35 994 1065 
51 83 996 1009 
7 37 996 1019 
85 91 997 1030 
18 83 999 1025 



ISTANCE FEATURES:
Item Number 1000
Clique Number 439
Interference (Index_1) 18.723
Average item per clique (Index_2) 42.6492
Cardinality of the largest clique 64
Max Profit 100 Max Legth 80
Max weight 100
