1000
512
9 55 2 8 
23 8 3 89 
46 39 4 37 
45 91 4 74 
40 55 6 54 
5 24 7 78 
26 79 7 9 
25 82 8 46 
31 34 8 41 
24 95 8 38 
31 47 9 29 
88 46 9 72 
6 17 10 68 
51 90 11 69 
39 64 11 83 
36 98 12 84 
10 31 13 50 
25 9 16 82 
38 75 16 48 
21 73 16 58 
94 56 16 72 
35 62 18 51 
57 7 19 84 
85 76 19 88 
83 20 19 96 
42 33 20 82 
85 80 20 46 
80 84 21 116 
68 37 22 85 
26 19 22 78 
38 29 22 68 
20 78 22 122 
38 92 22 45 
57 96 24 97 
61 2 28 113 
94 33 29 94 
37 81 29 73 
76 8 29 114 
85 75 31 58 
20 91 32 85 
77 42 34 123 
52 30 34 64 
91 75 36 131 
73 92 36 63 
90 88 38 49 
91 40 38 98 
94 54 38 64 
64 82 39 119 
4 6 39 128 
77 80 41 130 
96 40 41 84 
69 99 41 55 
84 40 42 110 
16 22 43 54 
94 27 44 87 
23 39 44 103 
29 82 45 104 
100 79 45 105 
92 24 50 132 
44 35 51 107 
44 50 54 117 
3 8 54 154 
3 42 55 101 
88 47 57 148 
92 38 59 99 
14 1 59 153 
17 91 59 60 
63 36 61 88 
27 11 62 144 
78 83 64 94 
61 90 64 121 
6 75 65 66 
64 23 65 132 
96 67 66 132 
61 39 68 117 
89 12 69 161 
46 68 72 158 
26 68 72 81 
90 43 73 124 
64 48 74 163 
3 18 74 168 
100 24 75 107 
27 4 75 129 
49 52 76 92 
71 37 76 89 
59 68 76 90 
57 6 76 163 
32 63 81 118 
20 76 81 150 
57 32 82 178 
96 45 83 139 
92 4 83 138 
89 16 85 181 
51 20 85 142 
73 92 85 140 
84 34 86 97 
76 43 89 116 
70 1 92 108 
55 79 94 179 
86 58 94 103 
34 94 94 138 
91 4 98 111 
51 34 98 179 
23 72 99 147 
12 91 99 130 
39 42 103 184 
59 48 106 198 
53 59 108 200 
80 3 110 139 
84 91 110 195 
3 69 111 210 
23 96 112 117 
36 9 113 209 
62 43 114 202 
95 100 114 123 
89 79 115 117 
43 58 115 125 
42 48 116 196 
70 46 117 167 
81 14 118 134 
65 11 119 210 
62 86 119 202 
74 5 120 173 
63 4 123 171 
3 70 124 221 
55 30 125 167 
53 75 128 196 
50 31 129 141 
45 45 130 171 
50 19 130 192 
66 64 132 147 
53 74 133 206 
71 32 136 142 
48 12 137 218 
70 99 137 168 
99 4 140 164 
53 80 141 236 
54 44 142 231 
23 89 142 154 
64 35 143 206 
51 23 143 240 
41 12 145 192 
93 52 146 207 
81 78 147 238 
17 77 147 241 
79 21 147 240 
16 49 149 174 
99 80 153 225 
36 58 153 241 
84 63 153 227 
3 63 154 187 
21 71 154 250 
23 74 154 175 
42 87 155 166 
89 18 157 169 
18 93 159 182 
99 68 160 210 
50 66 162 187 
90 33 162 199 
20 82 163 219 
4 31 163 219 
29 32 164 248 
90 53 165 175 
31 73 165 208 
65 8 166 198 
96 29 167 168 
82 91 169 195 
11 78 169 188 
72 37 169 225 
60 44 169 176 
41 34 170 195 
38 94 170 202 
31 75 170 198 
94 83 170 225 
4 62 170 266 
91 63 171 187 
8 98 172 239 
52 24 173 242 
91 18 173 203 
41 4 173 217 
67 84 174 204 
62 60 174 241 
46 87 175 195 
52 66 177 183 
2 41 178 256 
10 98 180 276 
84 51 181 279 
59 22 182 270 
76 82 183 240 
88 72 183 269 
88 100 183 242 
5 80 183 275 
39 1 184 279 
31 62 184 274 
19 6 186 240 
41 29 186 225 
60 23 187 195 
99 61 187 201 
99 36 188 249 
82 15 189 259 
68 94 189 253 
97 62 190 213 
47 39 190 191 
71 39 191 234 
77 56 191 249 
18 72 192 266 
61 53 193 279 
59 34 193 248 
56 66 193 199 
27 2 194 229 
35 60 194 290 
94 49 196 222 
74 93 196 282 
94 34 197 272 
38 4 197 281 
91 12 197 220 
95 69 198 291 
28 99 198 205 
90 49 199 232 
80 48 200 286 
50 32 201 282 
70 76 203 229 
99 50 203 238 
37 100 203 220 
24 44 205 292 
32 55 206 290 
62 35 207 286 
86 68 209 256 
17 94 210 269 
5 67 211 261 
54 9 213 302 
24 85 214 307 
93 68 214 275 
49 70 214 242 
31 12 215 298 
15 91 216 300 
28 44 217 268 
5 100 217 297 
75 96 221 233 
7 59 222 281 
90 59 222 286 
10 90 222 293 
48 41 222 293 
19 65 222 311 
76 27 223 310 
90 4 224 267 
67 13 225 274 
41 71 225 234 
77 96 226 236 
42 87 230 296 
52 10 231 273 
88 84 232 320 
86 91 234 289 
51 87 235 306 
56 82 236 270 
29 3 237 289 
78 63 238 262 
25 66 239 263 
73 33 239 277 
86 29 241 259 
47 90 242 325 
79 84 244 294 
26 66 245 340 
61 46 246 255 
79 22 248 339 
56 21 250 291 
28 74 250 274 
35 52 253 265 
76 37 254 279 
35 2 254 338 
38 11 254 332 
75 91 254 323 
57 72 256 280 
81 36 257 310 
46 83 258 309 
26 19 258 325 
74 13 260 314 
38 99 263 299 
6 63 265 326 
18 93 265 347 
40 48 265 363 
47 4 265 314 
32 16 269 363 
40 59 269 296 
30 46 270 350 
95 100 271 301 
46 73 271 342 
76 63 272 318 
73 74 272 286 
81 39 273 329 
98 43 277 337 
9 4 279 379 
78 26 280 282 
35 2 280 377 
79 83 280 363 
70 37 282 368 
79 40 282 310 
39 22 282 317 
27 64 283 337 
78 76 284 307 
25 82 286 337 
1 62 287 293 
63 3 288 336 
49 96 289 296 
85 17 290 335 
38 8 291 385 
94 85 292 329 
45 60 293 391 
22 59 293 294 
44 69 293 333 
78 20 293 376 
58 42 297 379 
92 65 297 314 
24 16 297 353 
73 30 297 371 
42 16 298 315 
16 37 302 366 
58 60 304 339 
1 53 304 327 
94 42 304 361 
30 49 304 345 
28 99 304 365 
25 25 310 404 
75 34 310 326 
86 39 310 327 
71 63 311 329 
30 85 312 317 
10 79 314 370 
24 86 314 371 
1 25 315 319 
94 6 315 340 
13 66 316 392 
68 8 316 413 
78 85 317 353 
5 91 317 389 
35 92 318 332 
22 86 319 346 
35 91 319 400 
43 99 319 322 
87 19 319 355 
22 25 319 378 
98 77 319 390 
55 70 320 379 
9 28 322 381 
94 69 322 361 
67 3 323 357 
39 1 323 375 
20 19 324 365 
91 85 325 412 
40 57 327 404 
9 33 329 376 
79 15 331 380 
88 40 331 371 
75 21 331 355 
28 55 332 409 
89 42 332 400 
99 43 334 402 
3 22 334 400 
5 47 335 410 
57 10 335 336 
34 9 336 396 
62 34 336 396 
87 5 336 409 
86 43 337 435 
43 61 338 343 
62 21 338 362 
44 79 338 410 
88 14 338 417 
64 92 341 428 
35 16 341 418 
57 62 341 429 
13 12 344 399 
60 52 348 437 
39 71 349 449 
25 8 349 353 
8 85 351 385 
52 2 351 402 
90 59 352 400 
42 91 353 402 
14 13 353 423 
56 61 354 369 
94 73 356 446 
3 77 356 358 
44 74 356 424 
67 52 358 383 
76 29 359 391 
33 62 361 389 
70 4 362 417 
30 8 362 427 
93 52 363 450 
54 93 365 447 
71 20 366 374 
73 8 366 441 
95 6 366 442 
41 84 368 461 
63 10 369 462 
8 39 371 379 
61 72 371 422 
72 55 372 439 
48 15 373 433 
24 30 373 406 
90 67 373 437 
88 57 375 396 
33 71 376 439 
40 67 376 470 
23 84 377 452 
61 54 381 390 
6 92 381 397 
60 87 388 433 
88 30 388 473 
43 18 392 397 
46 57 393 453 
89 53 394 433 
55 67 394 443 
34 61 394 431 
20 32 397 495 
39 68 397 470 
77 99 399 446 
15 21 401 409 
54 8 402 492 
70 17 403 427 
23 43 405 411 
8 64 406 447 
61 48 409 455 
94 31 409 425 
18 44 410 474 
77 15 411 471 
27 18 412 460 
35 21 412 438 
72 93 412 426 
65 55 414 456 
67 94 414 489 
65 76 414 415 
1 13 414 483 
1 52 416 502 
77 80 417 470 
44 78 419 517 
90 62 419 458 
86 73 419 509 
35 45 420 486 
62 64 421 436 
5 47 421 432 
89 9 422 428 
58 31 422 439 
24 65 422 468 
75 47 423 470 
38 82 424 445 
19 12 424 452 
93 92 424 454 
33 24 424 456 
62 92 425 504 
62 31 426 482 
99 70 427 499 
92 1 427 434 
80 18 429 442 
18 15 431 452 
96 42 434 475 
37 68 435 485 
29 54 435 477 
10 74 440 499 
82 4 442 455 
70 17 444 458 
84 68 446 517 
86 3 447 453 
31 58 448 514 
82 68 448 475 
11 67 448 470 
88 72 449 450 
78 46 450 476 
65 39 451 453 
72 48 453 495 
16 93 456 482 
12 58 456 485 
6 54 456 519 
72 81 456 491 
41 31 458 546 
76 21 458 528 
91 78 459 521 
99 87 459 478 
5 90 460 486 
32 45 461 490 
89 11 461 477 
19 20 461 536 
60 28 462 497 
10 20 463 497 
80 17 466 534 
1 97 468 510 
54 59 470 483 
31 94 473 502 
7 50 473 496 
55 73 474 549 
61 95 475 498 
55 34 475 509 
47 30 475 549 
72 29 477 559 
60 42 478 482 
22 89 478 493 
67 34 478 487 
86 71 478 479 
30 62 479 538 
61 9 482 495 
83 63 482 495 
7 79 482 551 
80 98 482 527 
88 39 483 539 
70 84 484 523 
41 96 485 560 
67 34 487 584 
10 58 487 587 
18 35 488 515 
54 36 488 585 
59 94 488 586 
44 94 489 572 
67 52 490 526 
41 95 490 531 
38 75 490 539 
13 98 491 517 
52 96 491 496 
18 93 492 505 
93 38 493 587 
31 14 493 536 
97 11 494 512 
90 29 496 561 
10 87 498 588 
45 41 499 570 
83 70 502 585 
21 94 502 553 
93 63 504 534 
15 28 505 598 
8 95 506 600 
6 14 507 538 
12 14 509 595 
94 65 509 571 
4 96 509 590 
63 82 510 511 
47 10 511 534 
49 69 513 562 
25 12 514 576 
55 36 516 586 
28 34 517 544 
41 63 519 597 
28 78 520 606 
18 41 520 577 
43 1 521 562 
1 59 522 598 
77 55 523 606 
36 31 524 576 
32 96 524 612 
38 24 526 548 
23 28 527 585 
30 12 528 554 
12 55 530 609 
81 54 530 619 
94 22 532 566 
86 29 533 597 
44 1 536 545 
56 72 536 587 
71 53 537 621 
76 32 538 577 
41 35 539 632 
41 87 541 547 
35 49 543 581 
40 66 544 569 
97 13 546 559 
63 53 547 626 
32 88 548 593 
65 58 549 633 
49 57 550 588 
71 51 550 647 
83 2 550 607 
94 100 550 620 
33 45 551 605 
32 76 556 572 
5 51 557 632 
27 67 557 651 
39 2 557 574 
24 44 558 635 
42 81 558 621 
96 19 560 617 
60 64 560 593 
29 30 561 609 
89 55 561 596 
14 80 562 608 
70 67 562 590 
80 78 566 603 
38 3 566 654 
16 93 571 635 
24 73 577 672 
49 24 577 605 
54 49 578 629 
96 98 578 596 
9 9 578 653 
12 94 578 668 
66 82 579 659 
3 11 579 639 
29 57 579 658 
6 66 580 639 
24 70 581 678 
16 54 584 633 
6 85 585 620 
79 46 585 634 
41 34 585 601 
86 1 586 628 
69 95 587 674 
34 86 589 600 
49 82 589 632 
33 57 590 689 
11 73 590 652 
83 2 591 615 
7 36 592 597 
61 72 592 642 
28 38 594 675 
44 69 595 646 
34 96 595 683 
72 4 596 638 
43 12 597 619 
80 35 598 617 
13 94 601 612 
31 62 601 671 
35 59 601 651 
27 7 602 626 
92 44 602 680 
89 28 602 630 
20 85 603 636 
25 94 603 654 
36 25 603 611 
95 83 605 609 
68 28 606 702 
6 47 608 692 
87 90 609 670 
41 38 609 678 
51 60 609 662 
79 57 611 707 
78 4 612 690 
43 1 612 660 
12 26 615 714 
44 96 615 676 
17 16 616 626 
5 7 616 645 
69 42 618 676 
36 99 618 631 
26 14 618 634 
24 13 620 634 
19 58 621 719 
97 40 622 718 
87 95 625 663 
47 44 626 654 
23 12 626 638 
81 56 627 651 
59 48 627 685 
71 91 627 662 
74 28 627 640 
14 55 627 712 
97 73 630 654 
51 42 630 647 
42 47 630 659 
26 14 635 708 
25 30 638 673 
96 4 638 725 
95 94 639 703 
68 88 640 699 
41 80 641 694 
42 26 644 733 
35 61 644 654 
1 8 644 710 
22 93 644 679 
94 18 647 730 
18 4 648 730 
44 94 648 681 
40 12 648 707 
26 29 649 733 
79 49 651 742 
51 93 651 750 
45 55 651 701 
24 54 652 693 
37 48 652 711 
47 27 652 739 
62 5 653 707 
39 72 653 748 
87 6 653 718 
100 57 655 728 
29 68 656 731 
52 20 657 701 
92 67 659 753 
18 47 659 662 
94 88 659 689 
22 13 660 759 
68 100 662 744 
45 98 663 721 
2 29 663 698 
43 5 663 693 
69 69 665 736 
42 97 667 754 
63 21 667 755 
45 19 668 697 
26 20 668 768 
85 75 669 754 
85 60 670 705 
50 15 671 700 
96 4 671 700 
33 52 672 678 
38 15 672 730 
64 52 673 713 
20 91 674 739 
18 84 674 761 
19 85 675 696 
53 87 676 769 
70 49 676 715 
38 98 677 707 
25 69 678 685 
28 49 678 748 
94 83 678 747 
72 70 679 758 
94 78 679 773 
15 5 679 756 
85 44 680 745 
96 12 680 771 
94 93 681 758 
99 91 682 747 
100 91 686 777 
94 75 686 700 
50 75 687 768 
15 74 688 718 
70 19 691 742 
66 34 696 721 
39 12 696 770 
53 64 698 711 
9 50 698 718 
89 46 699 789 
32 21 700 711 
7 72 704 732 
69 22 704 716 
59 58 705 736 
48 83 706 752 
39 23 706 786 
24 7 707 771 
7 90 709 758 
57 46 712 773 
52 24 714 808 
19 51 715 780 
98 37 715 762 
92 7 717 750 
11 14 717 791 
52 81 718 815 
45 44 718 733 
42 46 719 723 
79 50 719 815 
6 15 719 773 
86 28 719 764 
25 5 721 757 
57 18 722 787 
28 56 722 788 
3 87 722 812 
69 99 723 735 
80 12 723 762 
90 59 723 728 
91 76 724 807 
11 33 724 788 
90 97 724 766 
51 13 726 758 
23 30 729 823 
73 37 737 779 
78 54 738 800 
77 71 738 775 
86 53 741 788 
52 98 742 818 
52 2 742 765 
36 94 743 754 
73 17 746 796 
17 29 746 809 
12 26 748 829 
39 97 749 817 
40 45 751 757 
57 27 751 801 
3 59 753 797 
89 22 753 775 
87 9 754 759 
78 29 754 838 
80 48 754 854 
50 81 755 767 
46 29 757 798 
63 27 759 765 
20 78 760 795 
92 48 763 831 
86 32 763 831 
7 85 763 819 
55 70 764 833 
10 57 767 803 
22 46 769 810 
66 17 769 792 
61 98 770 833 
36 91 770 841 
78 50 771 774 
6 87 772 811 
89 76 772 836 
44 78 774 845 
31 88 775 855 
56 83 776 785 
54 1 778 852 
55 90 779 780 
89 16 780 787 
9 11 780 844 
41 100 781 860 
98 8 784 871 
55 5 785 851 
38 86 786 816 
100 93 787 851 
14 13 788 794 
83 84 788 821 
52 30 791 874 
38 34 791 816 
1 65 792 885 
84 58 798 801 
69 11 799 881 
69 9 799 803 
42 33 801 889 
38 85 802 853 
100 2 802 826 
70 84 803 903 
57 93 806 892 
41 88 807 876 
13 11 808 830 
21 36 808 887 
64 16 808 876 
98 78 811 911 
75 35 811 853 
54 34 813 865 
79 87 813 862 
25 35 814 829 
76 50 814 889 
13 85 815 910 
25 93 816 905 
5 23 817 848 
56 14 819 830 
63 74 819 852 
85 61 824 910 
23 54 825 827 
98 23 827 844 
51 38 827 904 
18 7 828 865 
32 98 829 857 
6 37 829 881 
58 100 832 902 
91 99 833 866 
86 48 833 879 
85 93 834 905 
26 97 834 895 
56 29 834 850 
39 43 836 893 
29 96 838 931 
43 38 839 884 
7 68 841 939 
54 94 845 855 
6 47 845 862 
10 25 851 950 
55 66 852 937 
40 7 854 884 
10 93 855 946 
100 76 856 920 
37 62 856 912 
48 19 860 959 
14 28 862 951 
13 97 862 894 
10 42 863 960 
31 91 866 907 
35 16 867 917 
87 24 868 934 
67 45 870 952 
37 38 870 913 
17 94 870 883 
50 72 870 932 
45 78 873 880 
86 1 875 967 
91 86 875 940 
26 19 876 949 
69 7 876 910 
30 9 877 904 
42 26 879 920 
37 81 879 939 
17 71 882 883 
85 48 882 981 
29 37 883 924 
5 1 883 970 
24 65 886 949 
12 41 886 924 
51 5 891 921 
84 67 892 893 
42 71 893 983 
46 7 894 969 
89 57 894 948 
8 67 897 965 
58 79 897 965 
100 75 897 920 
56 92 900 926 
91 33 901 915 
59 97 901 990 
18 91 901 993 
68 8 902 945 
35 47 902 906 
63 3 903 959 
40 27 903 966 
96 7 903 965 
15 51 903 957 
87 80 903 977 
77 23 904 981 
80 2 905 1005 
13 77 906 971 
65 58 906 947 
71 39 908 916 
13 45 909 933 
62 81 911 964 
1 44 912 948 
57 62 913 922 
48 40 914 990 
9 91 919 986 
53 80 923 972 
19 20 923 959 
8 85 924 984 
48 78 925 998 
76 14 925 998 
10 72 926 937 
43 40 927 1015 
37 22 927 1006 
2 35 929 1022 
30 59 929 1027 
37 70 930 945 
98 5 930 972 
99 3 932 941 
6 39 932 977 
33 66 936 1016 
17 82 936 988 
80 24 937 976 
28 72 937 1033 
14 83 938 1008 
41 17 939 1021 
89 20 941 993 
90 14 942 967 
60 52 942 1033 
72 84 942 1032 
65 39 944 956 
13 85 944 982 
60 2 945 1001 
75 34 945 985 
60 15 946 1028 
50 96 946 953 
23 42 946 956 
17 78 948 973 
53 66 949 956 
92 39 949 1022 
11 68 950 1008 
56 88 950 994 
25 23 952 994 
40 42 955 1044 
49 5 955 969 
35 69 956 1035 
42 73 956 1023 
69 75 957 1047 
77 38 959 1051 
34 42 959 1038 
46 19 959 1051 
16 75 960 1054 
53 47 962 1054 
57 25 962 1062 
67 82 963 1029 
45 41 963 1028 
35 97 963 1012 
77 28 965 1047 
6 19 965 1008 
92 42 967 998 
66 92 967 1044 
72 60 968 977 
1 18 969 1021 
17 44 970 1049 
25 65 972 1037 
6 58 972 1050 
3 67 972 1037 
76 47 972 976 
33 90 973 995 
47 46 973 1004 
4 53 975 1047 
2 27 976 1016 
54 85 976 1066 
50 51 977 1007 
6 47 978 1011 
26 71 978 985 
37 96 980 1080 
94 24 982 995 
33 57 983 1012 
97 11 987 1078 
77 93 988 1050 
51 91 988 1031 
96 53 990 993 
51 16 990 1011 
37 62 991 1037 
61 85 994 1079 
30 35 994 1085 
51 83 996 1049 
7 37 996 1039 
85 91 997 1050 
18 83 999 1045 



ISTANCE FEATURES:
Item Number 1000
Clique Number 441
Interference (Index_1) 22.94
Average item per clique (Index_2) 52.0181
Cardinality of the largest clique 72
Max Profit 100 Max Legth 100
Max weight 100
