(1, 0.04170823097229004, -740203.0, -44455.0)
(2, 0.07894039154052734, -740203.0, -44455.0)
(3, 0.11616826057434082, -740203.0, -44455.0)
(4, 0.15352201461791992, -740203.0, -44455.0)
(5, 0.19004559516906738, -740203.0, -44455.0)
(6, 0.2271864414215088, -740203.0, -44455.0)
(7, 0.26433396339416504, -740203.0, -44455.0)
(8, 0.3010272979736328, -740203.0, -44455.0)
(9, 0.33768606185913086, -740203.0, -44455.0)
(10, 0.3744938373565674, -740203.0, -44455.0)
(11, 0.41161346435546875, -740203.0, -44455.0)
(12, 0.448483943939209, -740203.0, -44455.0)
(13, 0.4850468635559082, -740203.0, -44455.0)
(14, 0.5224742889404297, -740203.0, -44455.0)
(15, 0.5597589015960693, -740203.0, -44455.0)
(16, 0.5966520309448242, -740203.0, -44455.0)
(17, 0.6336719989776611, -740203.0, -44455.0)
(18, 0.6709978580474854, -740203.0, -44455.0)
(19, 0.7081997394561768, -740203.0, -44455.0)
(20, 0.7458674907684326, -740203.0, -44455.0)
(21, 0.7833826541900635, -740203.0, -44455.0)
(22, 0.8206424713134766, -740203.0, -44455.0)
(23, 0.8579154014587402, -740203.0, -44455.0)
(24, 0.8959527015686035, -740203.0, -44455.0)
(25, 0.933772087097168, -740203.0, -44455.0)
(26, 0.971543550491333, -740203.0, -44455.0)
(27, 1.0094976425170898, -740203.0, -44455.0)
(28, 1.0472502708435059, -740203.0, -44455.0)
(29, 1.0855238437652588, -740203.0, -44455.0)
(30, 1.1238336563110352, -740203.0, -44455.0)
(31, 1.1620025634765625, -740203.0, -44455.0)
(32, 1.2005615234375, -740203.0, -44455.0)
(33, 1.2390892505645752, -740203.0, -44455.0)
(34, 1.2774829864501953, -740203.0, -44455.0)
(35, 1.315870761871338, -740203.0, -44455.0)
(36, 1.3541953563690186, -740203.0, -44455.0)
(37, 1.3927123546600342, -740203.0, -44455.0)
(38, 1.4312942028045654, -740203.0, -44455.0)
(39, 1.469949722290039, -740203.0, -44455.0)
(40, 1.508218765258789, -740203.0, -44455.0)
(41, 1.5464422702789307, -740203.0, -44455.0)
(42, 1.5853993892669678, -740203.0, -44455.0)
(43, 1.624340295791626, -740203.0, -44455.0)
(44, 1.664433479309082, -740203.0, -44455.0)
(45, 1.703253984451294, -740203.0, -44455.0)
(46, 1.7419066429138184, -740203.0, -44455.0)
(47, 1.7806017398834229, -740203.0, -44455.0)
(48, 1.8195993900299072, -740203.0, -44455.0)
(49, 1.8587286472320557, -740203.0, -44455.0)
(50, 1.8973278999328613, -740203.0, -44455.0)
(51, 1.936234712600708, -740203.0, -44455.0)
(52, 1.9759762287139893, -740203.0, -44455.0)
(53, 2.0155584812164307, -740203.0, -44455.0)
(54, 2.0550596714019775, -740203.0, -44455.0)
(55, 2.094681739807129, -740203.0, -44455.0)
(56, 2.1341075897216797, -740203.0, -44455.0)
(57, 2.17433500289917, -740203.0, -44455.0)
(58, 2.2141828536987305, -740203.0, -44455.0)
(59, 2.2538533210754395, -740203.0, -44455.0)
(60, 2.2933616638183594, -740203.0, -44455.0)
(61, 2.333378791809082, -740203.0, -44455.0)
(62, 2.3735125064849854, -740203.0, -44455.0)
(63, 2.413508176803589, -740203.0, -44455.0)
(64, 2.4530487060546875, -740203.0, -44455.0)
(65, 2.4930596351623535, -740203.0, -44455.0)
(66, 2.5333714485168457, -740203.0, -44455.0)
(67, 2.573530673980713, -740203.0, -44455.0)
(68, 2.613703727722168, -740203.0, -44455.0)
(69, 2.65360426902771, -740203.0, -44455.0)
(70, 2.6944706439971924, -740203.0, -44455.0)
(71, 2.735149621963501, -740203.0, -44455.0)
(72, 2.776353120803833, -740203.0, -44455.0)
(73, 2.8168232440948486, -740203.0, -44455.0)
(74, 2.857969045639038, -740203.0, -44455.0)
(75, 2.899007797241211, -740203.0, -44455.0)
(76, 2.939499855041504, -740203.0, -44455.0)
(77, 2.9808146953582764, -740203.0, -44455.0)
(78, 3.0212957859039307, -740203.0, -44455.0)
(79, 3.0617940425872803, -740203.0, -44455.0)
(80, 3.1039516925811768, -740203.0, -44455.0)
(81, 3.1455047130584717, -740203.0, -44455.0)
(82, 3.186361312866211, -740203.0, -44455.0)
(83, 3.246554374694824, -740203.0, -44455.0)
(84, 3.289229393005371, -740203.0, -44455.0)
(85, 3.3317906856536865, -740203.0, -44455.0)
(86, 3.373412847518921, -740203.0, -44455.0)
(87, 3.416969060897827, -740203.0, -44455.0)
(88, 3.459285259246826, -740203.0, -44455.0)
(89, 3.5014467239379883, -740203.0, -44455.0)
(90, 3.5438976287841797, -740203.0, -44455.0)
(91, 3.586015462875366, -740203.0, -44455.0)
(92, 3.6276421546936035, -740203.0, -44455.0)
(93, 3.6704373359680176, -740203.0, -44455.0)
(94, 3.712984085083008, -740203.0, -44455.0)
(95, 3.7549240589141846, -740203.0, -44455.0)
(96, 3.7981321811676025, -740203.0, -44455.0)
(97, 3.840430498123169, -740203.0, -44455.0)
(98, 3.883608341217041, -740203.0, -44455.0)
(99, 3.926589012145996, -740203.0, -44455.0)
(100, 3.9689462184906006, -740203.0, -44455.0)
(101, 4.011554956436157, -740203.0, -44455.0)
(102, 4.05457878112793, -740203.0, -44455.0)
(103, 4.098226070404053, -740203.0, -44455.0)
(104, 4.142566442489624, -740203.0, -44455.0)
(105, 4.186551809310913, -740203.0, -44455.0)
(106, 4.230413198471069, -740203.0, -44455.0)
(107, 4.27379035949707, -740203.0, -44455.0)
(108, 4.3164989948272705, -740203.0, -44455.0)
(109, 4.359416723251343, -740203.0, -44455.0)
(110, 4.403463125228882, -740203.0, -44455.0)
(111, 4.446545839309692, -740203.0, -44455.0)
(112, 4.490017414093018, -740203.0, -44455.0)
(113, 4.535860776901245, -740203.0, -44455.0)
(114, 4.581318140029907, -740203.0, -44455.0)
(115, 4.625493764877319, -740203.0, -44455.0)
(116, 4.66929030418396, -740203.0, -44455.0)
(117, 4.713131904602051, -740203.0, -44455.0)
(118, 4.7564427852630615, -740203.0, -44455.0)
(119, 4.800314426422119, -740203.0, -44455.0)
(120, 4.843411207199097, -740203.0, -44455.0)
(121, 4.886737108230591, -740203.0, -44455.0)
(122, 4.93088173866272, -740203.0, -44455.0)
(123, 4.97421932220459, -740203.0, -44455.0)
(124, 5.018646240234375, -740203.0, -44455.0)
(125, 5.06382417678833, -740203.0, -44455.0)
(126, 5.108579635620117, -740203.0, -44455.0)
(127, 5.152937889099121, -740203.0, -44455.0)
(128, 5.196668386459351, -740203.0, -44455.0)
(129, 5.240910291671753, -740203.0, -44455.0)
(130, 5.285993576049805, -740203.0, -44455.0)
(131, 5.331266403198242, -740203.0, -44455.0)
(132, 5.377288579940796, -740203.0, -44455.0)
(133, 5.421995639801025, -740203.0, -44455.0)
(134, 5.467037916183472, -740203.0, -44455.0)
(135, 5.5134804248809814, -740203.0, -44455.0)
(136, 5.559355974197388, -740203.0, -44455.0)
(137, 5.6049559116363525, -740203.0, -44455.0)
(138, 5.650930166244507, -740203.0, -44455.0)
(139, 5.6961915493011475, -740203.0, -44455.0)
(140, 5.741265296936035, -740203.0, -44455.0)
(141, 5.786996364593506, -740203.0, -44455.0)
(142, 5.833178758621216, -740203.0, -44455.0)
(143, 5.879448890686035, -740203.0, -44455.0)
(144, 5.924692630767822, -740203.0, -44455.0)
(145, 5.970953702926636, -740203.0, -44455.0)
(146, 6.016478061676025, -740203.0, -44455.0)
(147, 6.0613861083984375, -740203.0, -44455.0)
(148, 6.10630989074707, -740203.0, -44455.0)
(149, 6.15222430229187, -740203.0, -44455.0)
(150, 6.197622060775757, -740203.0, -44455.0)
(151, 6.243364095687866, -740203.0, -44455.0)
(152, 6.290249347686768, -740203.0, -44455.0)
(153, 6.3365583419799805, -740203.0, -44455.0)
(154, 6.383905410766602, -740203.0, -44455.0)
(155, 6.4312732219696045, -740203.0, -44455.0)
(156, 6.477811574935913, -740203.0, -44455.0)
(157, 6.524293899536133, -740203.0, -44455.0)
(158, 6.571800947189331, -740203.0, -44455.0)
(159, 6.618698596954346, -740203.0, -44455.0)
(160, 6.665677785873413, -740203.0, -44455.0)
(161, 6.711979627609253, -740203.0, -44455.0)
(162, 6.758520841598511, -740203.0, -44455.0)
(163, 6.805723190307617, -740203.0, -44455.0)
(164, 6.853383541107178, -740203.0, -44455.0)
(165, 6.902024269104004, -740203.0, -44455.0)
(166, 6.951112508773804, -740203.0, -44455.0)
(167, 7.002548694610596, -740203.0, -44455.0)
(168, 7.051508188247681, -740203.0, -44455.0)
(169, 7.100765228271484, -740203.0, -44455.0)
(170, 7.1479668617248535, -740203.0, -44455.0)
(171, 7.195361375808716, -740203.0, -44455.0)
(172, 7.243229389190674, -740203.0, -44455.0)
(173, 7.2908241748809814, -740203.0, -44455.0)
(174, 7.339231729507446, -740203.0, -44455.0)
(175, 7.3887341022491455, -740203.0, -44455.0)
(176, 7.438104867935181, -740203.0, -44455.0)
(177, 7.4858927726745605, -740203.0, -44455.0)
(178, 7.536699533462524, -740203.0, -44455.0)
(179, 7.584833860397339, -740203.0, -44455.0)
(180, 7.634799242019653, -740203.0, -44455.0)
(181, 7.683283090591431, -740203.0, -44455.0)
(182, 7.731381893157959, -740203.0, -44455.0)
(183, 7.780412197113037, -740203.0, -44455.0)
(184, 7.8308820724487305, -740203.0, -44455.0)
(185, 7.881497859954834, -740203.0, -44455.0)
(186, 7.932484865188599, -740203.0, -44455.0)
(187, 7.982078313827515, -740203.0, -44455.0)
(188, 8.03193473815918, -740203.0, -44455.0)
(189, 8.081673383712769, -740203.0, -44455.0)
(190, 8.131905317306519, -740203.0, -44455.0)
(191, 8.18267560005188, -740203.0, -44455.0)
(192, 8.23278522491455, -740203.0, -44455.0)
(193, 8.281677484512329, -740203.0, -44455.0)
(194, 8.331109523773193, -740203.0, -44455.0)
(195, 8.381958961486816, -740203.0, -44455.0)
(196, 8.43240737915039, -740203.0, -44455.0)
(197, 8.481993675231934, -740203.0, -44455.0)
(198, 8.532655239105225, -740203.0, -44455.0)
(199, 8.583256721496582, -740203.0, -44455.0)
(200, 8.633367776870728, -740203.0, -44455.0)
(201, 8.683840990066528, -740203.0, -44455.0)
(202, 8.735215187072754, -740203.0, -44455.0)
(203, 8.788024187088013, -740203.0, -44455.0)
(204, 8.83900499343872, -740203.0, -44455.0)
(205, 8.890237808227539, -740203.0, -44455.0)
(206, 8.940916538238525, -740203.0, -44455.0)
(207, 8.994227170944214, -740203.0, -44455.0)
(208, 9.047659635543823, -740203.0, -44455.0)
(209, 9.098707914352417, -740203.0, -44455.0)
(210, 9.15018343925476, -740203.0, -44455.0)
(211, 9.201311111450195, -740203.0, -44455.0)
(212, 9.25480842590332, -740203.0, -44455.0)
(213, 9.306126117706299, -740203.0, -44455.0)
(214, 9.358349561691284, -740203.0, -44455.0)
(215, 9.409327268600464, -740203.0, -44455.0)
(216, 9.461604833602905, -740203.0, -44455.0)
(217, 9.513901233673096, -740203.0, -44455.0)
(218, 9.566864013671875, -740203.0, -44455.0)
(219, 9.619932413101196, -740203.0, -44455.0)
(220, 9.673287153244019, -740203.0, -44455.0)
(221, 9.726928949356079, -740203.0, -44455.0)
(222, 9.780688762664795, -740203.0, -44455.0)
(223, 9.834644556045532, -740203.0, -44455.0)
(224, 9.88772988319397, -740203.0, -44455.0)
(225, 9.940905332565308, -740203.0, -44455.0)
(226, 9.994183540344238, -740203.0, -44455.0)
(227, 10.048083543777466, -740203.0, -44455.0)
(228, 10.102092266082764, -740203.0, -44455.0)
(229, 10.15486192703247, -740203.0, -44455.0)
(230, 10.209685802459717, -740203.0, -44455.0)
(231, 10.2628493309021, -740203.0, -44455.0)
(232, 10.316397666931152, -740203.0, -44455.0)
(233, 10.369002103805542, -740203.0, -44455.0)
(234, 10.422075510025024, -740203.0, -44455.0)
(235, 10.476176500320435, -740203.0, -44455.0)
(236, 10.533194541931152, -740203.0, -44455.0)
(237, 10.58830976486206, -740203.0, -44455.0)
(238, 10.64318299293518, -740203.0, -44455.0)
(239, 10.698768854141235, -740203.0, -44455.0)
(240, 10.753903865814209, -740203.0, -44455.0)
(241, 10.807684898376465, -740203.0, -44455.0)
(242, 10.863456726074219, -740203.0, -44455.0)
(243, 10.918447494506836, -740203.0, -44455.0)
(244, 10.973052740097046, -740203.0, -44455.0)
(245, 11.029048442840576, -740203.0, -44455.0)
(246, 11.08657956123352, -740203.0, -44455.0)
(247, 11.141913652420044, -740203.0, -44455.0)
(248, 11.199386835098267, -740203.0, -44455.0)
(249, 11.255118131637573, -740203.0, -44455.0)
(250, 11.310991525650024, -740203.0, -44455.0)
(251, 11.369673013687134, -740203.0, -44455.0)
(252, 11.432251453399658, -740203.0, -44455.0)
(253, 11.490090131759644, -740203.0, -44455.0)
(254, 11.54780387878418, -740203.0, -44455.0)
(255, 11.607378959655762, -740203.0, -44455.0)
(256, 11.665357112884521, -740203.0, -44455.0)
(257, 11.722492933273315, -740203.0, -44455.0)
(258, 11.781753063201904, -740203.0, -44455.0)
(259, 11.839499473571777, -740203.0, -44455.0)
(260, 11.89827847480774, -740203.0, -44455.0)
(261, 11.958860635757446, -740203.0, -44455.0)
(262, 12.018068790435791, -740203.0, -44455.0)
(263, 12.07787275314331, -740203.0, -44455.0)
(264, 12.138698101043701, -740203.0, -44455.0)
(265, 12.197614431381226, -740203.0, -44455.0)
(266, 12.256509780883789, -740203.0, -44455.0)
(267, 12.314550399780273, -740203.0, -44455.0)
(268, 12.375793933868408, -740203.0, -44455.0)
(269, 12.436821222305298, -740203.0, -44455.0)
(270, 12.496365547180176, -740203.0, -44455.0)
(271, 12.556993007659912, -740203.0, -44455.0)
(272, 12.618637084960938, -740203.0, -44455.0)
(273, 12.679051160812378, -740203.0, -44455.0)
(274, 12.73901081085205, -740203.0, -44455.0)
(275, 12.797953844070435, -740203.0, -44455.0)
(276, 12.8589448928833, -740203.0, -44455.0)
(277, 12.917009353637695, -740203.0, -44455.0)
(278, 12.976209878921509, -740203.0, -44455.0)
(279, 13.03850531578064, -740203.0, -44455.0)
(280, 13.10622262954712, -740203.0, -44455.0)
(281, 13.172800302505493, -740203.0, -44455.0)
(282, 13.238391637802124, -740203.0, -44455.0)
(283, 13.300741195678711, -740203.0, -44455.0)
(284, 13.360148429870605, -740203.0, -44455.0)
(285, 13.422441482543945, -740203.0, -44455.0)
(286, 13.483731269836426, -740203.0, -44455.0)
(287, 13.54326868057251, -740203.0, -44455.0)
(288, 13.604301452636719, -740203.0, -44455.0)
(289, 13.665047883987427, -740203.0, -44455.0)
(290, 13.727778673171997, -740203.0, -44455.0)
(291, 13.790038347244263, -740203.0, -44455.0)
(292, 13.85343885421753, -740203.0, -44455.0)
(293, 13.914782047271729, -740203.0, -44455.0)
(294, 13.976011753082275, -740203.0, -44455.0)
(295, 14.038928508758545, -740203.0, -44455.0)
(296, 14.100810766220093, -740203.0, -44455.0)
(297, 14.163122653961182, -740203.0, -44455.0)
(298, 14.227654695510864, -740203.0, -44455.0)
(299, 14.292280912399292, -740203.0, -44455.0)
(300, 14.35597276687622, -740203.0, -44455.0)
(301, 14.418944835662842, -740203.0, -44455.0)
(302, 14.482677221298218, -740203.0, -44455.0)
(303, 14.545662641525269, -740203.0, -44455.0)
(304, 14.611891984939575, -740203.0, -44455.0)
(305, 14.683176279067993, -740203.0, -44455.0)
(306, 14.75266695022583, -740203.0, -44455.0)
(307, 14.820727586746216, -740203.0, -44455.0)
(308, 14.887385368347168, -740203.0, -44455.0)
(309, 14.954148769378662, -740203.0, -44455.0)
(310, 15.02055835723877, -740203.0, -44455.0)
(311, 15.085607528686523, -740203.0, -44455.0)
(312, 15.153688192367554, -740203.0, -44455.0)
(313, 15.223788976669312, -740203.0, -44455.0)
(314, 15.289008855819702, -740203.0, -44455.0)
(315, 15.357707262039185, -740203.0, -44455.0)
(316, 15.429128408432007, -740203.0, -44455.0)
(317, 15.498173236846924, -740203.0, -44455.0)
(318, 15.566898822784424, -740203.0, -44455.0)
(319, 15.637783288955688, -740203.0, -44455.0)
(320, 15.704779386520386, -740203.0, -44455.0)
(321, 15.772524356842041, -740203.0, -44455.0)
(322, 15.83839201927185, -740203.0, -44455.0)
(323, 15.90549921989441, -740203.0, -44455.0)
(324, 15.97290301322937, -740203.0, -44455.0)
(325, 16.04008650779724, -740203.0, -44455.0)
(326, 16.108639240264893, -740203.0, -44455.0)
(327, 16.17859125137329, -740203.0, -44455.0)
(328, 16.25108051300049, -740203.0, -44455.0)
(329, 16.3209547996521, -740203.0, -44455.0)
(330, 16.389758825302124, -740203.0, -44455.0)
(331, 16.46020197868347, -740203.0, -44455.0)
(332, 16.529497385025024, -740203.0, -44455.0)
(333, 16.600549697875977, -740203.0, -44455.0)
(334, 16.67001986503601, -740203.0, -44455.0)
(335, 16.743178844451904, -740203.0, -44455.0)
(336, 16.815064191818237, -740203.0, -44455.0)
(337, 16.884864807128906, -740203.0, -44455.0)
(338, 16.95607352256775, -740203.0, -44455.0)
(339, 17.025410175323486, -740203.0, -44455.0)
(340, 17.09603762626648, -740203.0, -44455.0)
(341, 17.168180465698242, -740203.0, -44455.0)
(342, 17.237724542617798, -740203.0, -44455.0)
(343, 17.31330442428589, -740203.0, -44455.0)
(344, 17.386364221572876, -740203.0, -44455.0)
(345, 17.457332611083984, -740203.0, -44455.0)
(346, 17.5289089679718, -740203.0, -44455.0)
(347, 17.600157976150513, -740203.0, -44455.0)
(348, 17.673794984817505, -740203.0, -44455.0)
(349, 17.744446277618408, -740203.0, -44455.0)
(350, 17.816864490509033, -740203.0, -44455.0)
(351, 17.886672735214233, -740203.0, -44455.0)
(352, 17.95923638343811, -740203.0, -44455.0)
(353, 18.032917261123657, -740203.0, -44455.0)
(354, 18.110231399536133, -740203.0, -44455.0)
(355, 18.183306455612183, -740203.0, -44455.0)
(356, 18.25627875328064, -740203.0, -44455.0)
(357, 18.328428745269775, -740203.0, -44455.0)
(358, 18.40021562576294, -740203.0, -44455.0)
(359, 18.47217106819153, -740203.0, -44455.0)
(360, 18.545979738235474, -740203.0, -44455.0)
(361, 18.62101101875305, -740203.0, -44455.0)
(362, 18.695272207260132, -740203.0, -44455.0)
(363, 18.77117371559143, -740203.0, -44455.0)
(364, 18.84583854675293, -740203.0, -44455.0)
(365, 18.92091941833496, -740203.0, -44455.0)
(366, 18.995530128479004, -740203.0, -44455.0)
(367, 19.067357063293457, -740203.0, -44455.0)
(368, 19.142462253570557, -740203.0, -44455.0)
(369, 19.21626305580139, -740203.0, -44455.0)
(370, 19.289040088653564, -740203.0, -44455.0)
(371, 19.364541053771973, -740203.0, -44455.0)
(372, 19.44223380088806, -740203.0, -44455.0)
(373, 19.518035411834717, -740203.0, -44455.0)
(374, 19.593971729278564, -740203.0, -44455.0)
(375, 19.668670177459717, -740203.0, -44455.0)
(376, 19.744158029556274, -740203.0, -44455.0)
(377, 19.819525957107544, -740203.0, -44455.0)
(378, 19.895293474197388, -740203.0, -44455.0)
(379, 19.971903562545776, -740203.0, -44455.0)
(380, 20.049105882644653, -740203.0, -44455.0)
(381, 20.124512195587158, -740203.0, -44455.0)
(382, 20.201621055603027, -740203.0, -44455.0)
(383, 20.277310609817505, -740203.0, -44455.0)
(384, 20.35450291633606, -740203.0, -44455.0)
(385, 20.43188738822937, -740203.0, -44455.0)
(386, 20.512393951416016, -740203.0, -44455.0)
(387, 20.589555978775024, -740203.0, -44455.0)
(388, 20.666489124298096, -740203.0, -44455.0)
(389, 20.74479079246521, -740203.0, -44455.0)
(390, 20.82095241546631, -740203.0, -44455.0)
(391, 20.89858388900757, -740203.0, -44455.0)
(392, 20.97720503807068, -740203.0, -44455.0)
(393, 21.05718994140625, -740203.0, -44455.0)
(394, 21.14085602760315, -740203.0, -44455.0)
(395, 21.22248411178589, -740203.0, -44455.0)
(396, 21.303935289382935, -740203.0, -44455.0)
(397, 21.383175373077393, -740203.0, -44455.0)
(398, 21.46298885345459, -740203.0, -44455.0)
(399, 21.540804862976074, -740203.0, -44455.0)
(400, 21.61934518814087, -740203.0, -44455.0)
(401, 21.697808027267456, -740203.0, -44455.0)
(402, 21.77759552001953, -740203.0, -44455.0)
(403, 21.85802721977234, -740203.0, -44455.0)
(404, 21.937310218811035, -740203.0, -44455.0)
(405, 22.017280101776123, -740203.0, -44455.0)
(406, 22.095295190811157, -740203.0, -44455.0)
(407, 22.177144289016724, -740203.0, -44455.0)
(408, 22.25501823425293, -740203.0, -44455.0)
(409, 22.333045482635498, -740203.0, -44455.0)
(410, 22.41444206237793, -740203.0, -44455.0)
(411, 22.497181177139282, -740203.0, -44455.0)
(412, 22.57737112045288, -740203.0, -44455.0)
(413, 22.65729331970215, -740203.0, -44455.0)
(414, 22.73859477043152, -740203.0, -44455.0)
(415, 22.820342302322388, -740203.0, -44455.0)
(416, 22.903851747512817, -740203.0, -44455.0)
(417, 22.984516143798828, -740203.0, -44455.0)
(418, 23.066325187683105, -740203.0, -44455.0)
(419, 23.14663052558899, -740203.0, -44455.0)
(420, 23.228341579437256, -740203.0, -44455.0)
(421, 23.31062126159668, -740203.0, -44455.0)
(422, 23.39374852180481, -740203.0, -44455.0)
(423, 23.475059032440186, -740203.0, -44455.0)
(424, 23.56123638153076, -740203.0, -44455.0)
(425, 23.64790415763855, -740203.0, -44455.0)
(426, 23.72968888282776, -740203.0, -44455.0)
(427, 23.814398527145386, -740203.0, -44455.0)
(428, 23.8967022895813, -740203.0, -44455.0)
(429, 23.979149341583252, -740203.0, -44455.0)
(430, 24.060896396636963, -740203.0, -44455.0)
(431, 24.144896030426025, -740203.0, -44455.0)
(432, 24.225826025009155, -740203.0, -44455.0)
(433, 24.310585975646973, -740203.0, -44455.0)
(434, 24.39505934715271, -740203.0, -44455.0)
(435, 24.48014998435974, -740203.0, -44455.0)
(436, 24.568053245544434, -740203.0, -44455.0)
(437, 24.650636196136475, -740203.0, -44455.0)
(438, 24.73450255393982, -740203.0, -44455.0)
(439, 24.82429552078247, -740203.0, -44455.0)
(440, 24.90960454940796, -740203.0, -44455.0)
(441, 24.998289108276367, -740203.0, -44455.0)
(442, 25.08597469329834, -740203.0, -44455.0)
(443, 25.173635244369507, -740203.0, -44455.0)
(444, 25.259972095489502, -740203.0, -44455.0)
(445, 25.346556186676025, -740203.0, -44455.0)
(446, 25.435206174850464, -740203.0, -44455.0)
(447, 25.52253270149231, -740203.0, -44455.0)
(448, 25.610863208770752, -740203.0, -44455.0)
(449, 25.69704294204712, -740203.0, -44455.0)
(450, 25.78800678253174, -740203.0, -44455.0)
(451, 25.87724232673645, -740203.0, -44455.0)
(452, 25.963764429092407, -740203.0, -44455.0)
(453, 26.050435781478882, -740203.0, -44455.0)
(454, 26.1381893157959, -740203.0, -44455.0)
(455, 26.226028203964233, -740203.0, -44455.0)
(456, 26.314244747161865, -740203.0, -44455.0)
(457, 26.4026141166687, -740203.0, -44455.0)
(458, 26.492372512817383, -740203.0, -44455.0)
(459, 26.577300310134888, -740203.0, -44455.0)
(460, 26.667826890945435, -740203.0, -44455.0)
(461, 26.756000995635986, -740203.0, -44455.0)
(462, 26.840469121932983, -740203.0, -44455.0)
(463, 26.925171852111816, -740203.0, -44455.0)
(464, 27.00844407081604, -740203.0, -44455.0)
(465, 27.094640493392944, -740203.0, -44455.0)
(466, 27.18047547340393, -740203.0, -44455.0)
(467, 27.263662576675415, -740203.0, -44455.0)
(468, 27.346030235290527, -740203.0, -44455.0)
(469, 27.429392337799072, -740203.0, -44455.0)
(470, 27.51197648048401, -740203.0, -44455.0)
(471, 27.596967697143555, -740203.0, -44455.0)
(472, 27.682273626327515, -740203.0, -44455.0)
(473, 27.767114400863647, -740203.0, -44455.0)
(474, 27.85604691505432, -740203.0, -44455.0)
(475, 27.940473079681396, -740203.0, -44455.0)
(476, 28.026034832000732, -740203.0, -44455.0)
(477, 28.11431312561035, -740203.0, -44455.0)
(478, 28.20252275466919, -740203.0, -44455.0)
(479, 28.289936304092407, -740203.0, -44455.0)
(480, 28.378931283950806, -740203.0, -44455.0)
(481, 28.469257593154907, -740203.0, -44455.0)
(482, 28.560216665267944, -740203.0, -44455.0)
(483, 28.648030757904053, -740203.0, -44455.0)
(484, 28.736742973327637, -740203.0, -44455.0)
(485, 28.8264102935791, -740203.0, -44455.0)
(486, 28.91471791267395, -740203.0, -44455.0)
(487, 29.00394916534424, -740203.0, -44455.0)
(488, 29.092126846313477, -740203.0, -44455.0)
(489, 29.18016242980957, -740203.0, -44455.0)
(490, 29.26769471168518, -740203.0, -44455.0)
(491, 29.355733633041382, -740203.0, -44455.0)
(492, 29.445706605911255, -740203.0, -44455.0)
(493, 29.53385639190674, -740203.0, -44455.0)
(494, 29.62160634994507, -740203.0, -44455.0)
(495, 29.71129584312439, -740203.0, -44455.0)
(496, 29.802650451660156, -740203.0, -44455.0)
(497, 29.89405846595764, -740203.0, -44455.0)
(498, 29.983452796936035, -740203.0, -44455.0)
(499, 30.073528289794922, -740203.0, -44455.0)
(500, 30.161813020706177, -740203.0, -44455.0)
(501, 30.252869606018066, -740203.0, -44455.0)
(502, 30.342729330062866, -740203.0, -44455.0)
(503, 30.43229389190674, -740203.0, -44455.0)
(504, 30.52318263053894, -740203.0, -44455.0)
(505, 30.61341619491577, -740203.0, -44455.0)
(506, 30.704758405685425, -740203.0, -44455.0)
(507, 30.794209957122803, -740203.0, -44455.0)
(508, 30.88427209854126, -740203.0, -44455.0)
(509, 30.975380897521973, -740203.0, -44455.0)
(510, 31.06956911087036, -740203.0, -44455.0)
(511, 31.16079306602478, -740203.0, -44455.0)
(512, 31.251184225082397, -740203.0, -44455.0)
(513, 31.340986728668213, -740203.0, -44455.0)
(514, 31.43009305000305, -740203.0, -44455.0)
(515, 31.52190589904785, -740203.0, -44455.0)
(516, 31.612934827804565, -740203.0, -44455.0)
(517, 31.70449423789978, -740203.0, -44455.0)
(518, 31.7972469329834, -740203.0, -44455.0)
(519, 31.893291234970093, -740203.0, -44455.0)
(520, 31.988325834274292, -740203.0, -44455.0)
(521, 32.08364510536194, -740203.0, -44455.0)
(522, 32.17603516578674, -740203.0, -44455.0)
(523, 32.26823449134827, -740203.0, -44455.0)
(524, 32.36206102371216, -740203.0, -44455.0)
(525, 32.46047520637512, -740203.0, -44455.0)
(526, 32.552441120147705, -740203.0, -44455.0)
(527, 32.64487171173096, -740203.0, -44455.0)
(528, 32.73772430419922, -740203.0, -44455.0)
(529, 32.83050227165222, -740203.0, -44455.0)
(530, 32.92249608039856, -740203.0, -44455.0)
(531, 33.015970945358276, -740203.0, -44455.0)
(532, 33.11125898361206, -740203.0, -44455.0)
(533, 33.205843687057495, -740203.0, -44455.0)
(534, 33.30220365524292, -740203.0, -44455.0)
(535, 33.39470338821411, -740203.0, -44455.0)
(536, 33.49132180213928, -740203.0, -44455.0)
(537, 33.58590269088745, -740203.0, -44455.0)
(538, 33.68289589881897, -740203.0, -44455.0)
(539, 33.78190851211548, -740203.0, -44455.0)
(540, 33.878960371017456, -740203.0, -44455.0)
(541, 33.975943088531494, -740203.0, -44455.0)
(542, 34.09431743621826, -740203.0, -44455.0)
(543, 34.19168972969055, -740203.0, -44455.0)
(544, 34.28594255447388, -740203.0, -44455.0)
(545, 34.383323192596436, -740203.0, -44455.0)
(546, 34.476232051849365, -740203.0, -44455.0)
(547, 34.57221531867981, -740203.0, -44455.0)
(548, 34.668214321136475, -740203.0, -44455.0)
(549, 34.76613187789917, -740203.0, -44455.0)
(550, 34.86306881904602, -740203.0, -44455.0)
(551, 34.957582235336304, -740203.0, -44455.0)
(552, 35.05548429489136, -740203.0, -44455.0)
(553, 35.15128684043884, -740203.0, -44455.0)
(554, 35.24742865562439, -740203.0, -44455.0)
(555, 35.34396195411682, -740203.0, -44455.0)
(556, 35.44279885292053, -740203.0, -44455.0)
(557, 35.53851366043091, -740203.0, -44455.0)
(558, 35.63770866394043, -740203.0, -44455.0)
(559, 35.73749542236328, -740203.0, -44455.0)
(560, 35.83701825141907, -740203.0, -44455.0)
(561, 35.94347620010376, -740203.0, -44455.0)
(562, 36.040916204452515, -740203.0, -44455.0)
(563, 36.13917064666748, -740203.0, -44455.0)
(564, 36.23568606376648, -740203.0, -44455.0)
(565, 36.33318781852722, -740203.0, -44455.0)
(566, 36.43258023262024, -740203.0, -44455.0)
(567, 36.528802156448364, -740203.0, -44455.0)
(568, 36.62722945213318, -740203.0, -44455.0)
(569, 36.72831177711487, -740203.0, -44455.0)
(570, 36.828742265701294, -740203.0, -44455.0)
(571, 36.92773079872131, -740203.0, -44455.0)
(572, 37.02806997299194, -740203.0, -44455.0)
(573, 37.12911939620972, -740203.0, -44455.0)
(574, 37.22657227516174, -740203.0, -44455.0)
(575, 37.32531952857971, -740203.0, -44455.0)
(576, 37.425384521484375, -740203.0, -44455.0)
(577, 37.528615951538086, -740203.0, -44455.0)
(578, 37.632174491882324, -740203.0, -44455.0)
(579, 37.7335889339447, -740203.0, -44455.0)
(580, 37.83629059791565, -740203.0, -44455.0)
(581, 37.941325664520264, -740203.0, -44455.0)
(582, 38.03988027572632, -740203.0, -44455.0)
(583, 38.144707441329956, -740203.0, -44455.0)
(584, 38.24650764465332, -740203.0, -44455.0)
(585, 38.34718918800354, -740203.0, -44455.0)
(586, 38.44804334640503, -740203.0, -44455.0)
(587, 38.548819065093994, -740203.0, -44455.0)
(588, 38.64946126937866, -740203.0, -44455.0)
(589, 38.75351524353027, -740203.0, -44455.0)
(590, 38.855215311050415, -740203.0, -44455.0)
(591, 38.95808029174805, -740203.0, -44455.0)
(592, 39.05941891670227, -740203.0, -44455.0)
(593, 39.161898136138916, -740203.0, -44455.0)
(594, 39.26723766326904, -740203.0, -44455.0)
(595, 39.37039637565613, -740203.0, -44455.0)
(596, 39.47770714759827, -740203.0, -44455.0)
(597, 39.58168268203735, -740203.0, -44455.0)
(598, 39.69051170349121, -740203.0, -44455.0)
(599, 39.794678688049316, -740203.0, -44455.0)
(600, 39.896918296813965, -740203.0, -44455.0)
(601, 40.00502562522888, -740203.0, -44455.0)
(602, 40.10896039009094, -740203.0, -44455.0)
(603, 40.214640855789185, -740203.0, -44455.0)
(604, 40.31850528717041, -740203.0, -44455.0)
(605, 40.42251420021057, -740203.0, -44455.0)
(606, 40.52749729156494, -740203.0, -44455.0)
(607, 40.63173151016235, -740203.0, -44455.0)
(608, 40.7416205406189, -740203.0, -44455.0)
(609, 40.8473174571991, -740203.0, -44455.0)
(610, 40.955055236816406, -740203.0, -44455.0)
(611, 41.06491160392761, -740203.0, -44455.0)
(612, 41.17538404464722, -740203.0, -44455.0)
(613, 41.28286838531494, -740203.0, -44455.0)
(614, 41.39012885093689, -740203.0, -44455.0)
(615, 41.49864149093628, -740203.0, -44455.0)
(616, 41.60347890853882, -740203.0, -44455.0)
(617, 41.71049952507019, -740203.0, -44455.0)
(618, 41.81804084777832, -740203.0, -44455.0)
(619, 41.92511749267578, -740203.0, -44455.0)
(620, 42.02912521362305, -740203.0, -44455.0)
(621, 42.13499879837036, -740203.0, -44455.0)
(622, 42.24199962615967, -740203.0, -44455.0)
(623, 42.351171016693115, -740203.0, -44455.0)
(624, 42.45785355567932, -740203.0, -44455.0)
(625, 42.570064544677734, -740203.0, -44455.0)
(626, 42.67784023284912, -740203.0, -44455.0)
(627, 42.78734111785889, -740203.0, -44455.0)
(628, 42.89727735519409, -740203.0, -44455.0)
(629, 43.005637884140015, -740203.0, -44455.0)
(630, 43.11535859107971, -740203.0, -44455.0)
(631, 43.22453331947327, -740203.0, -44455.0)
(632, 43.330910444259644, -740203.0, -44455.0)
(633, 43.441553354263306, -740203.0, -44455.0)
(634, 43.54947018623352, -740203.0, -44455.0)
(635, 43.66076064109802, -740203.0, -44455.0)
(636, 43.77127385139465, -740203.0, -44455.0)
(637, 43.8860399723053, -740203.0, -44455.0)
(638, 43.996291637420654, -740203.0, -44455.0)
(639, 44.108378887176514, -740203.0, -44455.0)
(640, 44.21556258201599, -740203.0, -44455.0)
(641, 44.32567524909973, -740203.0, -44455.0)
(642, 44.436949014663696, -740203.0, -44455.0)
(643, 44.54943251609802, -740203.0, -44455.0)
(644, 44.66225218772888, -740203.0, -44455.0)
(645, 44.775609493255615, -740203.0, -44455.0)
(646, 44.88330793380737, -740203.0, -44455.0)
(647, 44.99123573303223, -740203.0, -44455.0)
(648, 45.103002309799194, -740203.0, -44455.0)
(649, 45.212645530700684, -740203.0, -44455.0)
(650, 45.32598876953125, -740203.0, -44455.0)
(651, 45.436293840408325, -740203.0, -44455.0)
(652, 45.547337770462036, -740203.0, -44455.0)
(653, 45.656737327575684, -740203.0, -44455.0)
(654, 45.76919722557068, -740203.0, -44455.0)
(655, 45.87950015068054, -740203.0, -44455.0)
(656, 45.99132585525513, -740203.0, -44455.0)
(657, 46.10480737686157, -740203.0, -44455.0)
(658, 46.214486837387085, -740203.0, -44455.0)
(659, 46.32531237602234, -740203.0, -44455.0)
(660, 46.435559034347534, -740203.0, -44455.0)
(661, 46.54802417755127, -740203.0, -44455.0)
(662, 46.65961980819702, -740203.0, -44455.0)
(663, 46.77324104309082, -740203.0, -44455.0)
(664, 46.88632822036743, -740203.0, -44455.0)
(665, 47.00130081176758, -740203.0, -44455.0)
(666, 47.11394381523132, -740203.0, -44455.0)
(667, 47.22770428657532, -740203.0, -44455.0)
(668, 47.343491315841675, -740203.0, -44455.0)
(669, 47.45679450035095, -740203.0, -44455.0)
(670, 47.570716381073, -740203.0, -44455.0)
(671, 47.68304681777954, -740203.0, -44455.0)
(672, 47.800945520401, -740203.0, -44455.0)
(673, 47.91499590873718, -740203.0, -44455.0)
(674, 48.03069186210632, -740203.0, -44455.0)
(675, 48.14472198486328, -740203.0, -44455.0)
(676, 48.26001501083374, -740203.0, -44455.0)
(677, 48.37778329849243, -740203.0, -44455.0)
(678, 48.4899582862854, -740203.0, -44455.0)
(679, 48.6066210269928, -740203.0, -44455.0)
(680, 48.721051931381226, -740203.0, -44455.0)
(681, 48.83749747276306, -740203.0, -44455.0)
(682, 48.95099997520447, -740203.0, -44455.0)
(683, 49.064016580581665, -740203.0, -44455.0)
(684, 49.17818307876587, -740203.0, -44455.0)
(685, 49.29705858230591, -740203.0, -44455.0)
(686, 49.41299366950989, -740203.0, -44455.0)
(687, 49.529202461242676, -740203.0, -44455.0)
(688, 49.6451153755188, -740203.0, -44455.0)
(689, 49.758322954177856, -740203.0, -44455.0)
(690, 49.877161741256714, -740203.0, -44455.0)
(691, 49.99432969093323, -740203.0, -44455.0)
(692, 50.11451840400696, -740203.0, -44455.0)
(693, 50.2344536781311, -740203.0, -44455.0)
(694, 50.35128831863403, -740203.0, -44455.0)
(695, 50.46574091911316, -740203.0, -44455.0)
(696, 50.58054709434509, -740203.0, -44455.0)
(697, 50.69858765602112, -740203.0, -44455.0)
(698, 50.81365489959717, -740203.0, -44455.0)
(699, 50.93152832984924, -740203.0, -44455.0)
(700, 51.04651188850403, -740203.0, -44455.0)
(701, 51.163636684417725, -740203.0, -44455.0)
(702, 51.277528524398804, -740203.0, -44455.0)
(703, 51.394957304000854, -740203.0, -44455.0)
(704, 51.51100826263428, -740203.0, -44455.0)
(705, 51.62829780578613, -740203.0, -44455.0)
(706, 51.743558168411255, -740203.0, -44455.0)
(707, 51.86517071723938, -740203.0, -44455.0)
(708, 51.98294472694397, -740203.0, -44455.0)
(709, 52.09989261627197, -740203.0, -44455.0)
(710, 52.219253063201904, -740203.0, -44455.0)
(711, 52.33561873435974, -740203.0, -44455.0)
(712, 52.4594042301178, -740203.0, -44455.0)
(713, 52.57789468765259, -740203.0, -44455.0)
(714, 52.69591951370239, -740203.0, -44455.0)
(715, 52.81383395195007, -740203.0, -44455.0)
(716, 52.93426060676575, -740203.0, -44455.0)
(717, 53.050817012786865, -740203.0, -44455.0)
(718, 53.168808937072754, -740203.0, -44455.0)
(719, 53.28677845001221, -740203.0, -44455.0)
(720, 53.403557538986206, -740203.0, -44455.0)
(721, 53.52216172218323, -740203.0, -44455.0)
(722, 53.64218544960022, -740203.0, -44455.0)
(723, 53.76023244857788, -740203.0, -44455.0)
(724, 53.88014554977417, -740203.0, -44455.0)
(725, 54.003546953201294, -740203.0, -44455.0)
(726, 54.127158403396606, -740203.0, -44455.0)
(727, 54.24904537200928, -740203.0, -44455.0)
(728, 54.368552684783936, -740203.0, -44455.0)
(729, 54.49004340171814, -740203.0, -44455.0)
(730, 54.61041808128357, -740203.0, -44455.0)
(731, 54.73375654220581, -740203.0, -44455.0)
(732, 54.85589146614075, -740203.0, -44455.0)
(733, 54.973586082458496, -740203.0, -44455.0)
(734, 55.09808111190796, -740203.0, -44455.0)
(735, 55.21962881088257, -740203.0, -44455.0)
(736, 55.340128898620605, -740203.0, -44455.0)
(737, 55.45822715759277, -740203.0, -44455.0)
(738, 55.58086538314819, -740203.0, -44455.0)
(739, 55.704411029815674, -740203.0, -44455.0)
(740, 55.82637310028076, -740203.0, -44455.0)
(741, 55.951143741607666, -740203.0, -44455.0)
(742, 56.07448053359985, -740203.0, -44455.0)
(743, 56.19557523727417, -740203.0, -44455.0)
(744, 56.32273292541504, -740203.0, -44455.0)
(745, 56.4465126991272, -740203.0, -44455.0)
(746, 56.57350754737854, -740203.0, -44455.0)
(747, 56.69785690307617, -740203.0, -44455.0)
(748, 56.824695348739624, -740203.0, -44455.0)
(749, 56.95270490646362, -740203.0, -44455.0)
(750, 57.07667517662048, -740203.0, -44455.0)
(751, 57.198742628097534, -740203.0, -44455.0)
(752, 57.32719826698303, -740203.0, -44455.0)
(753, 57.44750165939331, -740203.0, -44455.0)
(754, 57.57448482513428, -740203.0, -44455.0)
(755, 57.69795274734497, -740203.0, -44455.0)
(756, 57.82334327697754, -740203.0, -44455.0)
(757, 57.94903635978699, -740203.0, -44455.0)
(758, 58.07039833068848, -740203.0, -44455.0)
(759, 58.201131105422974, -740203.0, -44455.0)
(760, 58.33036470413208, -740203.0, -44455.0)
(761, 58.4587824344635, -740203.0, -44455.0)
(762, 58.586037397384644, -740203.0, -44455.0)
(763, 58.71107482910156, -740203.0, -44455.0)
(764, 58.83466935157776, -740203.0, -44455.0)
(765, 58.959343671798706, -740203.0, -44455.0)
(766, 59.08844470977783, -740203.0, -44455.0)
(767, 59.2191219329834, -740203.0, -44455.0)
(768, 59.35296702384949, -740203.0, -44455.0)
(769, 59.48478031158447, -740203.0, -44455.0)
(770, 59.613285064697266, -740203.0, -44455.0)
(771, 59.741414308547974, -740203.0, -44455.0)
(772, 59.86433267593384, -740203.0, -44455.0)
(773, 59.99344754219055, -740203.0, -44455.0)
(774, 60.13033127784729, -740203.0, -44455.0)
(775, 60.2623770236969, -740203.0, -44455.0)
(776, 60.39665389060974, -740203.0, -44455.0)
(777, 60.52818202972412, -740203.0, -44455.0)
(778, 60.654358863830566, -740203.0, -44455.0)
(779, 60.77922320365906, -740203.0, -44455.0)
(780, 60.903040409088135, -740203.0, -44455.0)
(781, 61.034544229507446, -740203.0, -44455.0)
(782, 61.15958833694458, -740203.0, -44455.0)
(783, 61.288119316101074, -740203.0, -44455.0)
(784, 61.41135334968567, -740203.0, -44455.0)
(785, 61.53783345222473, -740203.0, -44455.0)
(786, 61.66459059715271, -740203.0, -44455.0)
(787, 61.792736291885376, -740203.0, -44455.0)
(788, 61.920397996902466, -740203.0, -44455.0)
(789, 62.0505211353302, -740203.0, -44455.0)
(790, 62.18406677246094, -740203.0, -44455.0)
(791, 62.31369090080261, -740203.0, -44455.0)
(792, 62.446167945861816, -740203.0, -44455.0)
(793, 62.577067613601685, -740203.0, -44455.0)
(794, 62.707884788513184, -740203.0, -44455.0)
(795, 62.83508586883545, -740203.0, -44455.0)
(796, 62.962557315826416, -740203.0, -44455.0)
(797, 63.090861558914185, -740203.0, -44455.0)
(798, 63.21983551979065, -740203.0, -44455.0)
(799, 63.34891152381897, -740203.0, -44455.0)
(800, 63.480082750320435, -740203.0, -44455.0)
(801, 63.60983347892761, -740203.0, -44455.0)
(802, 63.74382734298706, -740203.0, -44455.0)
(803, 63.87348413467407, -740203.0, -44455.0)
(804, 64.00698137283325, -740203.0, -44455.0)
(805, 64.13764333724976, -740203.0, -44455.0)
(806, 64.26877069473267, -740203.0, -44455.0)
(807, 64.39626574516296, -740203.0, -44455.0)
(808, 64.52784276008606, -740203.0, -44455.0)
(809, 64.65722799301147, -740203.0, -44455.0)
(810, 64.78973293304443, -740203.0, -44455.0)
(811, 64.92079257965088, -740203.0, -44455.0)
(812, 65.05313158035278, -740203.0, -44455.0)
(813, 65.1899003982544, -740203.0, -44455.0)
(814, 65.32349038124084, -740203.0, -44455.0)
(815, 65.45706582069397, -740203.0, -44455.0)
(816, 65.58851838111877, -740203.0, -44455.0)
(817, 65.72276711463928, -740203.0, -44455.0)
(818, 65.85612750053406, -740203.0, -44455.0)
(819, 65.98526549339294, -740203.0, -44455.0)
(820, 66.11390113830566, -740203.0, -44455.0)
(821, 66.24415230751038, -740203.0, -44455.0)
(822, 66.3805320262909, -740203.0, -44455.0)
(823, 66.5149290561676, -740203.0, -44455.0)
(824, 66.65073537826538, -740203.0, -44455.0)
(825, 66.7802152633667, -740203.0, -44455.0)
(826, 66.91682076454163, -740203.0, -44455.0)
(827, 67.05478143692017, -740203.0, -44455.0)
(828, 67.19784808158875, -740203.0, -44455.0)
(829, 67.34109687805176, -740203.0, -44455.0)
(830, 67.47857594490051, -740203.0, -44455.0)
(831, 67.61087346076965, -740203.0, -44455.0)
(832, 67.7442889213562, -740203.0, -44455.0)
(833, 67.87850713729858, -740203.0, -44455.0)
(834, 68.01091718673706, -740203.0, -44455.0)
(835, 68.14639544487, -740203.0, -44455.0)
(836, 68.28075218200684, -740203.0, -44455.0)
(837, 68.4122531414032, -740203.0, -44455.0)
(838, 68.54758024215698, -740203.0, -44455.0)
(839, 68.67708563804626, -740203.0, -44455.0)
(840, 68.81801247596741, -740203.0, -44455.0)
(841, 68.95413208007812, -740203.0, -44455.0)
(842, 69.08934330940247, -740203.0, -44455.0)
(843, 69.23085165023804, -740203.0, -44455.0)
(844, 69.36454939842224, -740203.0, -44455.0)
(845, 69.50057625770569, -740203.0, -44455.0)
(846, 69.64034914970398, -740203.0, -44455.0)
(847, 69.77970147132874, -740203.0, -44455.0)
(848, 69.9195168018341, -740203.0, -44455.0)
(849, 70.05502343177795, -740203.0, -44455.0)
(850, 70.19168519973755, -740203.0, -44455.0)
(851, 70.32716965675354, -740203.0, -44455.0)
(852, 70.46102166175842, -740203.0, -44455.0)
(853, 70.60212540626526, -740203.0, -44455.0)
(854, 70.7381501197815, -740203.0, -44455.0)
(855, 70.87169051170349, -740203.0, -44455.0)
(856, 71.01529145240784, -740203.0, -44455.0)
(857, 71.15526533126831, -740203.0, -44455.0)
(858, 71.29304695129395, -740203.0, -44455.0)
(859, 71.43551635742188, -740203.0, -44455.0)
(860, 71.5757155418396, -740203.0, -44455.0)
(861, 71.72062706947327, -740203.0, -44455.0)
(862, 71.86390924453735, -740203.0, -44455.0)
(863, 72.00738191604614, -740203.0, -44455.0)
(864, 72.14705562591553, -740203.0, -44455.0)
(865, 72.28850603103638, -740203.0, -44455.0)
(866, 72.43083882331848, -740203.0, -44455.0)
(867, 72.57608127593994, -740203.0, -44455.0)
(868, 72.71725368499756, -740203.0, -44455.0)
(869, 72.8604588508606, -740203.0, -44455.0)
(870, 73.001784324646, -740203.0, -44455.0)
(871, 73.14278817176819, -740203.0, -44455.0)
(872, 73.28475952148438, -740203.0, -44455.0)
(873, 73.42865180969238, -740203.0, -44455.0)
(874, 73.57803583145142, -740203.0, -44455.0)
(875, 73.72483658790588, -740203.0, -44455.0)
(876, 73.8678343296051, -740203.0, -44455.0)
(877, 74.0062370300293, -740203.0, -44455.0)
(878, 74.1519546508789, -740203.0, -44455.0)
(879, 74.29831385612488, -740203.0, -44455.0)
(880, 74.44043159484863, -740203.0, -44455.0)
(881, 74.581463098526, -740203.0, -44455.0)
(882, 74.72672200202942, -740203.0, -44455.0)
(883, 74.8701651096344, -740203.0, -44455.0)
(884, 75.0250096321106, -740203.0, -44455.0)
(885, 75.17124795913696, -740203.0, -44455.0)
(886, 75.31248807907104, -740203.0, -44455.0)
(887, 75.4558629989624, -740203.0, -44455.0)
(888, 75.60202813148499, -740203.0, -44455.0)
(889, 75.74486112594604, -740203.0, -44455.0)
(890, 75.88756155967712, -740203.0, -44455.0)
(891, 76.03229141235352, -740203.0, -44455.0)
(892, 76.17563056945801, -740203.0, -44455.0)
(893, 76.31786966323853, -740203.0, -44455.0)
(894, 76.45749568939209, -740203.0, -44455.0)
(895, 76.60055899620056, -740203.0, -44455.0)
(896, 76.74534773826599, -740203.0, -44455.0)
(897, 76.88934350013733, -740203.0, -44455.0)
(898, 77.03030681610107, -740203.0, -44455.0)
(899, 77.1781394481659, -740203.0, -44455.0)
(900, 77.32401967048645, -740203.0, -44455.0)
(901, 77.47027587890625, -740203.0, -44455.0)
(902, 77.60983991622925, -740203.0, -44455.0)
(903, 77.75615668296814, -740203.0, -44455.0)
(904, 77.89705896377563, -740203.0, -44455.0)
(905, 78.04494524002075, -740203.0, -44455.0)
(906, 78.18492364883423, -740203.0, -44455.0)
(907, 78.3266088962555, -740203.0, -44455.0)
(908, 78.4699559211731, -740203.0, -44455.0)
(909, 78.61617732048035, -740203.0, -44455.0)
(910, 78.76076006889343, -740203.0, -44455.0)
(911, 78.90085220336914, -740203.0, -44455.0)
(912, 79.05264925956726, -740203.0, -44455.0)
(913, 79.19852375984192, -740203.0, -44455.0)
(914, 79.34350991249084, -740203.0, -44455.0)
(915, 79.49285912513733, -740203.0, -44455.0)
(916, 79.63839626312256, -740203.0, -44455.0)
(917, 79.78767108917236, -740203.0, -44455.0)
(918, 79.93758654594421, -740203.0, -44455.0)
(919, 80.09023332595825, -740203.0, -44455.0)
(920, 80.24491930007935, -740203.0, -44455.0)
(921, 80.39226698875427, -740203.0, -44455.0)
(922, 80.5383973121643, -740203.0, -44455.0)
(923, 80.69230723381042, -740203.0, -44455.0)
(924, 80.83778858184814, -740203.0, -44455.0)
(925, 80.98637890815735, -740203.0, -44455.0)
(926, 81.139324426651, -740203.0, -44455.0)
(927, 81.28675246238708, -740203.0, -44455.0)
(928, 81.43933582305908, -740203.0, -44455.0)
(929, 81.59228539466858, -740203.0, -44455.0)
(930, 81.73949646949768, -740203.0, -44455.0)
(931, 81.89072394371033, -740203.0, -44455.0)
(932, 82.03318858146667, -740203.0, -44455.0)
(933, 82.18340849876404, -740203.0, -44455.0)
(934, 82.33923292160034, -740203.0, -44455.0)
(935, 82.48257970809937, -740203.0, -44455.0)
(936, 82.63156914710999, -740203.0, -44455.0)
(937, 82.79285454750061, -740203.0, -44455.0)
(938, 82.9489963054657, -740203.0, -44455.0)
(939, 83.0999927520752, -740203.0, -44455.0)
(940, 83.24954533576965, -740203.0, -44455.0)
(941, 83.39745688438416, -740203.0, -44455.0)
(942, 83.5470118522644, -740203.0, -44455.0)
(943, 83.69748020172119, -740203.0, -44455.0)
(944, 83.84470391273499, -740203.0, -44455.0)
(945, 83.98922109603882, -740203.0, -44455.0)
(946, 84.13696455955505, -740203.0, -44455.0)
(947, 84.2859878540039, -740203.0, -44455.0)
(948, 84.43853378295898, -740203.0, -44455.0)
(949, 84.58790135383606, -740203.0, -44455.0)
(950, 84.73400735855103, -740203.0, -44455.0)
(951, 84.88027024269104, -740203.0, -44455.0)
(952, 85.02859497070312, -740203.0, -44455.0)
(953, 85.17477750778198, -740203.0, -44455.0)
(954, 85.32804536819458, -740203.0, -44455.0)
(955, 85.47883677482605, -740203.0, -44455.0)
(956, 85.62563729286194, -740203.0, -44455.0)
(957, 85.77005743980408, -740203.0, -44455.0)
(958, 85.92165875434875, -740203.0, -44455.0)
(959, 86.07547545433044, -740203.0, -44455.0)
(960, 86.22875452041626, -740203.0, -44455.0)
(961, 86.37498331069946, -740203.0, -44455.0)
(962, 86.52545356750488, -740203.0, -44455.0)
(963, 86.67899298667908, -740203.0, -44455.0)
(964, 86.83369493484497, -740203.0, -44455.0)
(965, 86.98500680923462, -740203.0, -44455.0)
(966, 87.13899254798889, -740203.0, -44455.0)
(967, 87.2887532711029, -740203.0, -44455.0)
(968, 87.44565176963806, -740203.0, -44455.0)
(969, 87.5964834690094, -740203.0, -44455.0)
(970, 87.74652028083801, -740203.0, -44455.0)
(971, 87.89281630516052, -740203.0, -44455.0)
(972, 88.04580664634705, -740203.0, -44455.0)
(973, 88.20669651031494, -740203.0, -44455.0)
(974, 88.36329340934753, -740203.0, -44455.0)
(975, 88.51409578323364, -740203.0, -44455.0)
(976, 88.6667730808258, -740203.0, -44455.0)
(977, 88.81774520874023, -740203.0, -44455.0)
(978, 88.97419857978821, -740203.0, -44455.0)
(979, 89.12530088424683, -740203.0, -44455.0)
(980, 89.27810907363892, -740203.0, -44455.0)
(981, 89.43709874153137, -740203.0, -44455.0)
(982, 89.5857195854187, -740203.0, -44455.0)
(983, 89.73772501945496, -740203.0, -44455.0)
(984, 89.90179538726807, -740203.0, -44455.0)
(985, 90.05673718452454, -740203.0, -44455.0)
(986, 90.21011543273926, -740203.0, -44455.0)
(987, 90.36895871162415, -740203.0, -44455.0)
(988, 90.52679467201233, -740203.0, -44455.0)
(989, 90.67936539649963, -740203.0, -44455.0)
(990, 90.83231282234192, -740203.0, -44455.0)
(991, 90.98414921760559, -740203.0, -44455.0)
(992, 91.13859415054321, -740203.0, -44455.0)
(993, 91.29144144058228, -740203.0, -44455.0)
(994, 91.44824171066284, -740203.0, -44455.0)
(995, 91.59976482391357, -740203.0, -44455.0)
(996, 91.75331902503967, -740203.0, -44455.0)
(997, 91.91505789756775, -740203.0, -44455.0)
(998, 92.06578636169434, -740203.0, -44455.0)
(999, 92.22143769264221, -740203.0, -44455.0)
(1000, 92.37897539138794, -740203.0, -44455.0)
