(1, 0.1501932144165039, -1490122.0, -83393.0)
(2, 0.31316661834716797, -732133.8099447198, -83393.0)
(3, 0.48885154724121094, -562238.6947074279, -83393.0)
(4, 0.6772031784057617, -455281.5796554964, -83393.0)
(5, 0.8864870071411133, -394777.2675553746, -83393.0)
(6, 1.1246333122253418, -336968.52587544837, -83393.0)
(7, 1.3742496967315674, -286787.128375125, -83393.0)
(8, 1.6415073871612549, -237308.2892968534, -83393.0)
(9, 1.9461283683776855, -196495.04280934035, -83393.0)
(10, 2.2678213119506836, -177909.2561598159, -83393.0)
(11, 2.635946035385132, -177909.2561598159, -83393.0)
(12, 3.061171531677246, -177909.2561598159, -126218.09734153982)
(13, 3.586587429046631, -164975.65921046675, -126349.87125170583)
(14, 4.214993476867676, -152992.70226800872, -126385.85676758358)
(15, 4.982342720031738, -141131.77545442898, -126437.018540524)
(16, 5.85926628112793, -134811.54485815714, -126470.23410362595)
(17, 6.9183783531188965, -132419.84861561065, -126497.07230068906)
(18, 8.138557195663452, -130201.19840304104, -126521.5325527198)
(19, 9.567566871643066, -129316.03936479762, -126534.66826236337)
(20, 11.231533765792847, -128240.83877025929, -126541.52597894799)
(21, 13.04625391960144, -128140.58728256811, -126556.10625451268)
(22, 15.081664323806763, -127894.68029168609, -126564.62688618564)
(23, 17.43609070777893, -127271.36930574069, -126582.06008721059)
(24, 20.404738187789917, -126901.33544625655, -126587.86468012344)
(25, 23.233973026275635, -126901.33544625655, -126589.23212085983)
(26, 26.246073722839355, -126714.90776313556, -126590.92481435652)
(27, 28.756355047225952, -126628.27455739144, -126591.14603960351)
(28, 31.457285165786743, -126602.28459494021, -126591.14603960406)
(29, 33.84402823448181, -126594.48760621021, -126591.14603960385)
(30, 36.580575704574585, -126592.14850958598, -126591.14603960302)
(31, 39.266215562820435, -126591.44678059687, -126591.14603960387)
(32, 41.966113805770874, -126591.23626190264, -126591.14603960406)
(33, 44.701908111572266, -126591.17310629434, -126591.14603960399)
