(1, 0.2810401916503906, -838197.0, -79722.0)
(2, 0.48896288871765137, -838197.0, -79722.0)
(3, 0.7134180068969727, -838197.0, -79722.0)
(4, 0.9235577583312988, -838197.0, -79722.0)
(5, 1.139305830001831, -838197.0, -79722.0)
(6, 1.3496544361114502, -838197.0, -79722.0)
(7, 1.5595579147338867, -838197.0, -79722.0)
(8, 1.770185947418213, -838197.0, -79722.0)
(9, 1.9778332710266113, -838197.0, -79722.0)
(10, 2.189732789993286, -838197.0, -79722.0)
(11, 2.4024534225463867, -838197.0, -79722.0)
(12, 2.611426591873169, -838197.0, -79722.0)
(13, 2.812971830368042, -838197.0, -79722.0)
(14, 3.0046334266662598, -838197.0, -79722.0)
(15, 3.2055857181549072, -838197.0, -79722.0)
(16, 3.4301111698150635, -838197.0, -79722.0)
(17, 3.6433582305908203, -838197.0, -79722.0)
(18, 3.8811864852905273, -838197.0, -79722.0)
(19, 4.085373878479004, -838197.0, -79722.0)
(20, 4.289413928985596, -838197.0, -79722.0)
(21, 4.48770546913147, -838197.0, -79722.0)
(22, 4.67341160774231, -838197.0, -79722.0)
(23, 4.882964611053467, -838197.0, -79722.0)
(24, 5.074683666229248, -838197.0, -79722.0)
(25, 5.278673410415649, -838197.0, -79722.0)
(26, 5.473945617675781, -838197.0, -79722.0)
(27, 5.71646523475647, -838197.0, -79722.0)
(28, 5.952811002731323, -838197.0, -79722.0)
(29, 6.191792964935303, -838197.0, -79722.0)
(30, 6.420864582061768, -819449.7418213969, -79722.0)
(31, 6.644628047943115, -819449.7418213969, -79722.0)
(32, 6.871060848236084, -819449.7418213969, -79722.0)
(33, 7.090134620666504, -819449.7418213969, -79722.0)
(34, 7.3170325756073, -819449.7418213969, -79722.0)
(35, 7.547497749328613, -819449.7418213969, -79722.0)
(36, 7.758889198303223, -819449.7418213969, -79722.0)
(37, 7.972147464752197, -819449.7418213969, -79722.0)
(38, 8.192286014556885, -819449.7418213969, -79722.0)
(39, 8.414851427078247, -819449.7418213969, -79722.0)
(40, 8.630820751190186, -819449.7418213969, -79722.0)
(41, 8.85125470161438, -819449.7418213969, -79722.0)
(42, 9.074389219284058, -819449.7418213969, -79722.0)
(43, 9.272791862487793, -819449.7418213969, -79722.0)
(44, 9.473206758499146, -819449.7418213969, -79722.0)
(45, 9.675134420394897, -819449.7418213969, -79722.0)
(46, 9.890381574630737, -819449.7418213969, -79722.0)
(47, 10.111691236495972, -819449.7418213969, -79722.0)
(48, 10.309174537658691, -819449.7418213969, -79722.0)
(49, 10.509061574935913, -819449.7418213969, -79722.0)
(50, 10.719220876693726, -819449.7418213969, -79722.0)
(51, 10.924849271774292, -819449.7418213969, -79722.0)
(52, 11.127113342285156, -819449.7418213969, -79722.0)
(53, 11.332167387008667, -819449.7418213969, -79722.0)
(54, 11.528003692626953, -819449.7418213969, -79722.0)
(55, 11.719137907028198, -819449.7418213969, -79722.0)
(56, 11.921108961105347, -819449.7418213969, -79722.0)
(57, 12.134190559387207, -819449.7418213969, -79722.0)
(58, 12.345118284225464, -819449.7418213969, -79722.0)
(59, 12.548383235931396, -819449.7418213969, -79722.0)
(60, 12.751689910888672, -819449.7418213969, -79722.0)
(61, 12.958330869674683, -798644.3103448276, -79722.0)
(62, 13.16102910041809, -798644.3103448276, -79722.0)
(63, 13.397259712219238, -798644.3103448276, -79722.0)
(64, 13.594657897949219, -798644.3103448276, -79722.0)
(65, 13.816793441772461, -798644.3103448276, -79722.0)
(66, 14.009266138076782, -798644.3103448276, -79722.0)
(67, 14.207116603851318, -798644.3103448276, -79722.0)
(68, 14.411898851394653, -798644.3103448276, -79722.0)
(69, 14.611207485198975, -798644.3103448276, -79722.0)
(70, 14.805910587310791, -798644.3103448276, -79722.0)
(71, 15.043831586837769, -798644.3103448276, -79722.0)
(72, 15.288979291915894, -798644.3103448276, -79722.0)
(73, 15.563171863555908, -770079.5833333333, -79722.0)
(74, 15.836376667022705, -770079.5833333333, -79722.0)
(75, 16.080030918121338, -770079.5833333333, -79722.0)
(76, 16.329660177230835, -770079.5833333333, -79722.0)
(77, 16.576026678085327, -770079.5833333333, -79722.0)
(78, 16.827131509780884, -770079.5833333333, -79722.0)
(79, 17.0669047832489, -770079.5833333333, -79722.0)
(80, 17.318283081054688, -770079.5833333333, -79722.0)
(81, 17.57052230834961, -770079.5833333333, -79722.0)
(82, 17.8185133934021, -770079.5833333333, -79722.0)
(83, 18.05744767189026, -770079.5833333333, -79722.0)
(84, 18.313777208328247, -770079.5833333333, -79722.0)
(85, 18.548683643341064, -770079.5833333333, -79722.0)
(86, 18.791115760803223, -770079.5833333333, -79722.0)
(87, 19.035022974014282, -770079.5833333333, -79722.0)
(88, 19.274822235107422, -770079.5833333333, -79722.0)
(89, 19.516880989074707, -770079.5833333333, -79722.0)
(90, 19.747579097747803, -770079.5833333333, -79722.0)
(91, 19.977983236312866, -770079.5833333333, -79722.0)
(92, 20.21635937690735, -770079.5833333333, -79722.0)
(93, 20.442216873168945, -770079.5833333333, -79722.0)
(94, 20.675920963287354, -770079.5833333333, -79722.0)
(95, 20.91305184364319, -770079.5833333333, -79722.0)
(96, 21.142836093902588, -770079.5833333333, -79722.0)
(97, 21.366515636444092, -770079.5833333333, -79722.0)
(98, 21.576281547546387, -770079.5833333333, -79722.0)
(99, 21.817249536514282, -770079.5833333333, -79722.0)
(100, 22.05284547805786, -770079.5833333333, -79722.0)
(101, 22.284072875976562, -770079.5833333333, -79722.0)
(102, 22.504606008529663, -770079.5833333333, -79722.0)
(103, 22.72890043258667, -770079.5833333333, -79722.0)
(104, 22.972298860549927, -770079.5833333333, -79722.0)
(105, 23.197659015655518, -770079.5833333333, -79722.0)
(106, 23.440034866333008, -770079.5833333333, -79722.0)
(107, 23.665679931640625, -770079.5833333333, -79722.0)
(108, 23.911157369613647, -770079.5833333333, -79722.0)
(109, 24.146962881088257, -770079.5833333333, -79722.0)
(110, 24.395300149917603, -770079.5833333333, -79722.0)
(111, 24.636781692504883, -770079.5833333333, -79722.0)
(112, 24.8806893825531, -770079.5833333333, -79722.0)
(113, 25.1090030670166, -770079.5833333333, -79722.0)
(114, 25.33965253829956, -770079.5833333333, -79722.0)
(115, 25.585442066192627, -770079.5833333333, -79722.0)
(116, 25.828712463378906, -770079.5833333333, -79722.0)
(117, 26.056798934936523, -770079.5833333333, -79722.0)
(118, 26.2840838432312, -770079.5833333333, -79722.0)
(119, 26.505373001098633, -770079.5833333333, -79722.0)
(120, 26.72161364555359, -770079.5833333333, -79722.0)
(121, 26.953362464904785, -770079.5833333333, -79722.0)
(122, 27.186938047409058, -770079.5833333333, -79722.0)
(123, 27.409650564193726, -770079.5833333333, -79722.0)
(124, 27.639276027679443, -770079.5833333333, -79722.0)
(125, 27.894991159439087, -770079.5833333333, -79722.0)
(126, 28.134251594543457, -770079.5833333333, -79722.0)
(127, 28.39581036567688, -770079.5833333333, -79722.0)
(128, 28.63463282585144, -770079.5833333333, -79722.0)
(129, 28.871887683868408, -770079.5833333333, -79722.0)
(130, 29.099236965179443, -770079.5833333333, -79722.0)
(131, 29.319321393966675, -770079.5833333333, -79722.0)
(132, 29.581094980239868, -770079.5833333333, -79722.0)
(133, 29.819303512573242, -770079.5833333333, -79722.0)
(134, 30.052093505859375, -770079.5833333333, -79722.0)
(135, 30.268195867538452, -770079.5833333333, -79722.0)
(136, 30.49569606781006, -770079.5833333333, -79722.0)
(137, 30.71700167655945, -770079.5833333333, -79722.0)
(138, 30.949918031692505, -770079.5833333333, -79722.0)
(139, 31.190553665161133, -770079.5833333333, -79722.0)
(140, 31.433778285980225, -770079.5833333333, -79722.0)
(141, 31.704049587249756, -770079.5833333333, -79722.0)
(142, 31.961066961288452, -770079.5833333333, -79722.0)
(143, 32.20417547225952, -770079.5833333333, -79722.0)
(144, 32.447731733322144, -770079.5833333333, -79722.0)
(145, 32.69485354423523, -770079.5833333333, -79722.0)
(146, 32.942188024520874, -770079.5833333333, -79722.0)
(147, 33.198020935058594, -770079.5833333333, -79722.0)
(148, 33.44375443458557, -770079.5833333333, -79722.0)
(149, 33.68437075614929, -770079.5833333333, -79722.0)
(150, 33.93290662765503, -770079.5833333333, -79722.0)
(151, 34.16459321975708, -770079.5833333333, -79722.0)
(152, 34.40922522544861, -770079.5833333333, -79722.0)
(153, 34.64151167869568, -770079.5833333333, -79722.0)
(154, 34.88799214363098, -770079.5833333333, -79722.0)
(155, 35.13942193984985, -770079.5833333333, -79722.0)
(156, 35.371898889541626, -770079.5833333333, -79722.0)
(157, 35.636021852493286, -770079.5833333333, -79722.0)
(158, 35.87761998176575, -770079.5833333333, -79722.0)
(159, 36.125067710876465, -770079.5833333333, -79722.0)
(160, 36.367987632751465, -770079.5833333333, -79722.0)
(161, 36.59960746765137, -770079.5833333333, -79722.0)
(162, 36.83960580825806, -770079.5833333333, -79722.0)
(163, 37.08694076538086, -770079.5833333333, -79722.0)
(164, 37.33738470077515, -770079.5833333333, -79722.0)
(165, 37.59993076324463, -770079.5833333333, -79722.0)
(166, 37.84738826751709, -770079.5833333333, -79722.0)
(167, 38.10440254211426, -770079.5833333333, -79722.0)
(168, 38.37527298927307, -770079.5833333333, -79722.0)
(169, 38.61684989929199, -770079.5833333333, -79722.0)
(170, 38.869298458099365, -770079.5833333333, -79722.0)
(171, 39.12972068786621, -770079.5833333333, -79722.0)
(172, 39.388875007629395, -770079.5833333333, -79722.0)
(173, 39.709944009780884, -740088.202910053, -79722.0)
(174, 40.02348613739014, -740088.202910053, -79722.0)
(175, 40.33829188346863, -740088.202910053, -79722.0)
(176, 40.588075399398804, -740088.202910053, -79722.0)
(177, 40.850706815719604, -740088.202910053, -79722.0)
(178, 41.102678298950195, -740088.202910053, -79722.0)
(179, 41.35029220581055, -740088.202910053, -79722.0)
(180, 41.61035108566284, -740088.202910053, -79722.0)
(181, 41.838698625564575, -740088.202910053, -79722.0)
(182, 42.07563066482544, -740088.202910053, -79722.0)
(183, 42.3476128578186, -740088.202910053, -79722.0)
(184, 42.5967538356781, -740088.202910053, -79722.0)
(185, 42.861666679382324, -740088.202910053, -79722.0)
(186, 43.10047936439514, -740088.202910053, -79722.0)
(187, 43.36202955245972, -740088.202910053, -79722.0)
(188, 43.603678941726685, -740088.202910053, -79722.0)
(189, 43.85526251792908, -740088.202910053, -79722.0)
(190, 44.10717296600342, -740088.202910053, -79722.0)
(191, 44.36622881889343, -740088.202910053, -79722.0)
(192, 44.62257170677185, -740088.202910053, -79722.0)
(193, 44.874372720718384, -740088.202910053, -79722.0)
(194, 45.12205767631531, -740088.202910053, -79722.0)
(195, 45.374263286590576, -740088.202910053, -79722.0)
(196, 45.62671971321106, -740088.202910053, -79722.0)
(197, 45.881033420562744, -740088.202910053, -79722.0)
(198, 46.13068628311157, -740088.202910053, -79722.0)
(199, 46.39375138282776, -740088.202910053, -79722.0)
(200, 46.64846730232239, -740088.202910053, -79722.0)
(201, 46.87846493721008, -740088.202910053, -79722.0)
(202, 47.123250246047974, -740088.202910053, -79722.0)
(203, 47.3746874332428, -740088.202910053, -79722.0)
(204, 47.62746000289917, -740088.202910053, -79722.0)
(205, 47.88060736656189, -740088.202910053, -79722.0)
(206, 48.12524652481079, -740088.202910053, -79722.0)
(207, 48.361459493637085, -740088.202910053, -79722.0)
(208, 48.62097430229187, -740088.202910053, -79722.0)
(209, 48.88052201271057, -740088.202910053, -79722.0)
(210, 49.152721881866455, -740088.202910053, -79722.0)
(211, 49.421974658966064, -740088.202910053, -79722.0)
(212, 49.659496545791626, -740088.202910053, -79722.0)
(213, 49.914557695388794, -740088.202910053, -79722.0)
(214, 50.173975229263306, -740088.202910053, -79722.0)
(215, 50.43443465232849, -740088.202910053, -79722.0)
(216, 50.69172739982605, -740088.202910053, -79722.0)
(217, 50.95283842086792, -740088.202910053, -79722.0)
(218, 51.21702837944031, -740088.202910053, -79722.0)
(219, 51.48243165016174, -740088.202910053, -79722.0)
(220, 51.758137226104736, -740088.202910053, -79722.0)
(221, 52.02790069580078, -740088.202910053, -79722.0)
(222, 52.287638902664185, -740088.202910053, -79722.0)
(223, 52.52890944480896, -740088.202910053, -79722.0)
(224, 52.78224778175354, -740088.202910053, -79722.0)
(225, 53.042211294174194, -740088.202910053, -79722.0)
(226, 53.29368257522583, -740088.202910053, -79722.0)
(227, 53.572594165802, -740088.202910053, -79722.0)
(228, 53.826876401901245, -740088.202910053, -79722.0)
(229, 54.078978538513184, -740088.202910053, -79722.0)
(230, 54.32752752304077, -740088.202910053, -79722.0)
(231, 54.59506011009216, -740088.202910053, -79722.0)
(232, 54.83831548690796, -740088.202910053, -79722.0)
(233, 55.09291672706604, -740088.202910053, -79722.0)
(234, 55.36298394203186, -740088.202910053, -79722.0)
(235, 55.616716384887695, -740088.202910053, -79722.0)
(236, 55.85595154762268, -740088.202910053, -79722.0)
(237, 56.11044645309448, -740088.202910053, -79722.0)
(238, 56.356680393218994, -740088.202910053, -79722.0)
(239, 56.61455225944519, -740088.202910053, -79722.0)
(240, 56.880472898483276, -740088.202910053, -79722.0)
(241, 57.15529990196228, -740088.202910053, -79722.0)
(242, 57.412837505340576, -740088.202910053, -79722.0)
(243, 57.68363428115845, -740088.202910053, -79722.0)
(244, 57.95849680900574, -740088.202910053, -79722.0)
(245, 58.25238752365112, -740088.202910053, -79722.0)
(246, 58.51839280128479, -740088.202910053, -79722.0)
(247, 58.7932710647583, -740088.202910053, -79722.0)
(248, 59.064547538757324, -740088.202910053, -79722.0)
(249, 59.31757426261902, -740088.202910053, -79722.0)
(250, 59.574918270111084, -740088.202910053, -79722.0)
(251, 59.844239950180054, -740088.202910053, -79722.0)
(252, 60.12750792503357, -740088.202910053, -79722.0)
(253, 60.39793419837952, -740088.202910053, -79722.0)
(254, 60.66024088859558, -740088.202910053, -79722.0)
(255, 60.91196870803833, -740088.202910053, -79722.0)
(256, 61.148701190948486, -740088.202910053, -79722.0)
(257, 61.402841567993164, -740088.202910053, -79722.0)
(258, 61.65963411331177, -740088.202910053, -79722.0)
(259, 61.90996050834656, -740088.202910053, -79722.0)
(260, 62.180499792099, -740088.202910053, -79722.0)
(261, 62.44317698478699, -740088.202910053, -79722.0)
(262, 62.695695877075195, -740088.202910053, -79722.0)
(263, 62.94884490966797, -740088.202910053, -79722.0)
(264, 63.20416784286499, -740088.202910053, -79722.0)
(265, 63.46610426902771, -740088.202910053, -79722.0)
(266, 63.735748291015625, -740088.202910053, -79722.0)
(267, 63.98893928527832, -740088.202910053, -79722.0)
(268, 64.23879384994507, -740088.202910053, -79722.0)
(269, 64.49851489067078, -740088.202910053, -79722.0)
(270, 64.7400233745575, -740088.202910053, -79722.0)
(271, 64.99350380897522, -740088.202910053, -79722.0)
(272, 65.25022768974304, -740088.202910053, -79722.0)
(273, 65.51172518730164, -740088.202910053, -79722.0)
(274, 65.80121445655823, -740088.202910053, -79722.0)
(275, 66.06086230278015, -740088.202910053, -79722.0)
(276, 66.33490562438965, -740088.202910053, -79722.0)
(277, 66.61120533943176, -740088.202910053, -79722.0)
(278, 66.87939476966858, -740088.202910053, -79722.0)
(279, 67.11550688743591, -740088.202910053, -79722.0)
(280, 67.37584638595581, -740088.202910053, -79722.0)
(281, 67.64832305908203, -740088.202910053, -79722.0)
(282, 67.92366361618042, -740088.202910053, -79722.0)
(283, 68.20332312583923, -740088.202910053, -79722.0)
(284, 68.48691892623901, -740088.202910053, -79722.0)
(285, 68.79540419578552, -740088.202910053, -79722.0)
(286, 69.13740563392639, -740088.202910053, -79722.0)
(287, 69.47684454917908, -740088.202910053, -79722.0)
(288, 69.73918342590332, -740088.202910053, -79722.0)
(289, 70.00617575645447, -740088.202910053, -79722.0)
(290, 70.28381872177124, -740088.202910053, -79722.0)
(291, 70.59248852729797, -740088.202910053, -79722.0)
(292, 70.95924735069275, -740088.202910053, -79722.0)
(293, 71.33424830436707, -740088.202910053, -79722.0)
(294, 71.74802112579346, -740088.202910053, -79722.0)
(295, 72.14430832862854, -740088.202910053, -79722.0)
(296, 72.55951952934265, -684296.9126130526, -79722.0)
(297, 72.92898964881897, -684296.9126130526, -79722.0)
(298, 73.27495837211609, -684296.9126130526, -79722.0)
(299, 73.61584258079529, -684296.9126130526, -79722.0)
(300, 73.95979905128479, -684296.9126130526, -79722.0)
(301, 74.28419518470764, -684296.9126130526, -79722.0)
(302, 74.60771441459656, -684296.9126130526, -79722.0)
(303, 74.88096404075623, -684296.9126130526, -79722.0)
(304, 75.152991771698, -684296.9126130526, -79722.0)
(305, 75.39404606819153, -684296.9126130526, -79722.0)
(306, 75.65902900695801, -684296.9126130526, -79722.0)
(307, 75.91013097763062, -684296.9126130526, -79722.0)
(308, 76.20474863052368, -684296.9126130526, -79722.0)
(309, 76.45924806594849, -684296.9126130526, -79722.0)
(310, 76.69979548454285, -684296.9126130526, -79722.0)
(311, 77.0085666179657, -684296.9126130526, -79722.0)
(312, 77.27231192588806, -684296.9126130526, -79722.0)
(313, 77.55055546760559, -684296.9126130526, -79722.0)
(314, 77.81696343421936, -684296.9126130526, -79722.0)
(315, 78.09389615058899, -684296.9126130526, -79722.0)
(316, 78.36829972267151, -684296.9126130526, -79722.0)
(317, 78.63667583465576, -684296.9126130526, -79722.0)
(318, 78.93763542175293, -684296.9126130526, -79722.0)
(319, 79.2159698009491, -684296.9126130526, -79722.0)
(320, 79.46056032180786, -684296.9126130526, -79722.0)
(321, 79.71740555763245, -684296.9126130526, -79722.0)
(322, 80.01779627799988, -684296.9126130526, -79722.0)
(323, 80.30143165588379, -684296.9126130526, -79722.0)
(324, 80.57600331306458, -684296.9126130526, -79722.0)
(325, 80.85860228538513, -684296.9126130526, -79722.0)
(326, 81.12609696388245, -684296.9126130526, -79722.0)
(327, 81.42242932319641, -684296.9126130526, -79722.0)
(328, 81.69901371002197, -684296.9126130526, -79722.0)
(329, 82.01178526878357, -684296.9126130526, -79722.0)
(330, 82.31469345092773, -684296.9126130526, -79722.0)
(331, 82.60267210006714, -684296.9126130526, -79722.0)
(332, 82.87429523468018, -684296.9126130526, -79722.0)
(333, 83.16542673110962, -684296.9126130526, -79722.0)
(334, 83.47331809997559, -684296.9126130526, -79722.0)
(335, 83.76905274391174, -684296.9126130526, -79722.0)
(336, 84.05567622184753, -684296.9126130526, -79722.0)
(337, 84.352778673172, -684296.9126130526, -79722.0)
(338, 84.66149997711182, -684296.9126130526, -79722.0)
(339, 84.9670877456665, -684296.9126130526, -79722.0)
(340, 85.25518703460693, -684296.9126130526, -79722.0)
(341, 85.53121185302734, -684296.9126130526, -79722.0)
(342, 85.808842420578, -684296.9126130526, -79722.0)
(343, 86.09362149238586, -684296.9126130526, -79722.0)
(344, 86.4098949432373, -684296.9126130526, -79722.0)
(345, 86.71015810966492, -684296.9126130526, -79722.0)
(346, 87.07388401031494, -684296.9126130526, -79722.0)
(347, 87.47143983840942, -684296.9126130526, -79722.0)
(348, 87.75850820541382, -684296.9126130526, -79722.0)
(349, 88.1226794719696, -684296.9126130526, -79722.0)
(350, 88.44507455825806, -684296.9126130526, -79722.0)
(351, 88.7391152381897, -684296.9126130526, -79722.0)
(352, 89.03700542449951, -684296.9126130526, -79722.0)
(353, 89.33117818832397, -684296.9126130526, -79722.0)
(354, 89.6077790260315, -684296.9126130526, -79722.0)
(355, 89.90135979652405, -684296.9126130526, -79722.0)
(356, 90.2169771194458, -684296.9126130526, -79722.0)
(357, 90.52351665496826, -684296.9126130526, -79722.0)
(358, 90.84009623527527, -684296.9126130526, -79722.0)
(359, 91.12787699699402, -684296.9126130526, -79722.0)
(360, 91.41481828689575, -684296.9126130526, -79722.0)
(361, 91.69357085227966, -684296.9126130526, -79722.0)
(362, 91.99011564254761, -684296.9126130526, -79722.0)
(363, 92.27520179748535, -684296.9126130526, -79722.0)
(364, 92.55520248413086, -684296.9126130526, -79722.0)
(365, 92.8626115322113, -684296.9126130526, -79722.0)
(366, 93.17198634147644, -684296.9126130526, -79722.0)
(367, 93.46449685096741, -684296.9126130526, -79722.0)
(368, 93.7459146976471, -684296.9126130526, -79722.0)
(369, 94.05428266525269, -684296.9126130526, -79722.0)
(370, 94.34953355789185, -684296.9126130526, -79722.0)
(371, 94.6345546245575, -684296.9126130526, -79722.0)
(372, 94.96162176132202, -684296.9126130526, -79722.0)
(373, 95.26104497909546, -684296.9126130526, -79722.0)
(374, 95.56697225570679, -684296.9126130526, -79722.0)
(375, 95.83208537101746, -684296.9126130526, -79722.0)
(376, 96.13313412666321, -684296.9126130526, -79722.0)
(377, 96.45740270614624, -684296.9126130526, -79722.0)
(378, 96.76594161987305, -684296.9126130526, -79722.0)
(379, 97.06210803985596, -684296.9126130526, -79722.0)
(380, 97.3547043800354, -684296.9126130526, -79722.0)
(381, 97.71336507797241, -684296.9126130526, -79722.0)
(382, 98.10833549499512, -684296.9126130526, -79722.0)
(383, 98.4723527431488, -684296.9126130526, -79722.0)
(384, 98.8632550239563, -684296.9126130526, -79722.0)
(385, 99.20636749267578, -684296.9126130526, -79722.0)
(386, 99.55265283584595, -684296.9126130526, -79722.0)
(387, 99.89105105400085, -684296.9126130526, -79722.0)
(388, 100.19218969345093, -684296.9126130526, -79722.0)
(389, 100.55207371711731, -684296.9126130526, -79722.0)
(390, 100.8716368675232, -684296.9126130526, -79722.0)
(391, 101.21594619750977, -684296.9126130526, -79722.0)
(392, 101.53062891960144, -684296.9126130526, -79722.0)
(393, 101.88221573829651, -684296.9126130526, -79722.0)
(394, 102.19466829299927, -684296.9126130526, -79722.0)
(395, 102.59353184700012, -684296.9126130526, -79722.0)
(396, 102.92763018608093, -684296.9126130526, -79722.0)
(397, 103.29620051383972, -684296.9126130526, -79722.0)
(398, 103.60013151168823, -684296.9126130526, -79722.0)
(399, 103.95313096046448, -684296.9126130526, -79722.0)
(400, 104.30626225471497, -684296.9126130526, -79722.0)
(401, 104.67116951942444, -684296.9126130526, -79722.0)
(402, 105.00223326683044, -684296.9126130526, -79722.0)
(403, 105.39420819282532, -684296.9126130526, -79722.0)
(404, 105.68236231803894, -684296.9126130526, -79722.0)
(405, 106.06117796897888, -684296.9126130526, -79722.0)
(406, 106.39819288253784, -684296.9126130526, -79722.0)
(407, 106.72057747840881, -684296.9126130526, -79722.0)
(408, 107.08802032470703, -684296.9126130526, -79722.0)
(409, 107.4056167602539, -684296.9126130526, -79722.0)
(410, 107.76155066490173, -684296.9126130526, -79722.0)
(411, 108.11899375915527, -684296.9126130526, -79722.0)
(412, 108.48065304756165, -684296.9126130526, -79722.0)
(413, 108.83620738983154, -684296.9126130526, -79722.0)
(414, 109.15149688720703, -684296.9126130526, -79722.0)
(415, 109.43912959098816, -684296.9126130526, -79722.0)
(416, 109.74472904205322, -684296.9126130526, -79722.0)
(417, 110.10754656791687, -684296.9126130526, -79722.0)
(418, 110.45706868171692, -684296.9126130526, -79722.0)
(419, 110.8095109462738, -684296.9126130526, -79722.0)
(420, 111.17251968383789, -684296.9126130526, -79722.0)
(421, 111.52495408058167, -684296.9126130526, -79722.0)
(422, 111.79128122329712, -684296.9126130526, -79722.0)
(423, 112.1301953792572, -684296.9126130526, -79722.0)
(424, 112.52302384376526, -684296.9126130526, -79722.0)
(425, 112.88449573516846, -684296.9126130526, -79722.0)
(426, 113.23686051368713, -684296.9126130526, -79722.0)
(427, 113.59447765350342, -684296.9126130526, -79722.0)
(428, 113.87309217453003, -684296.9126130526, -79722.0)
(429, 114.25557827949524, -684296.9126130526, -79722.0)
(430, 114.60599851608276, -684296.9126130526, -79722.0)
(431, 114.98211026191711, -684296.9126130526, -79722.0)
(432, 115.33416509628296, -684296.9126130526, -79722.0)
(433, 115.72695708274841, -684296.9126130526, -79722.0)
(434, 116.09826898574829, -684296.9126130526, -79722.0)
(435, 116.44849252700806, -684296.9126130526, -79722.0)
(436, 116.80176711082458, -684296.9126130526, -79722.0)
(437, 117.17394995689392, -684296.9126130526, -79722.0)
(438, 117.54096174240112, -684296.9126130526, -79722.0)
(439, 117.9096291065216, -684296.9126130526, -79722.0)
(440, 118.21860003471375, -684296.9126130526, -79722.0)
(441, 118.58130025863647, -684296.9126130526, -79722.0)
(442, 118.91857147216797, -684296.9126130526, -79722.0)
(443, 119.30302381515503, -684296.9126130526, -79722.0)
(444, 119.67526388168335, -684296.9126130526, -79722.0)
(445, 120.01249074935913, -684296.9126130526, -79722.0)
(446, 120.34225845336914, -684296.9126130526, -79722.0)
(447, 120.68074989318848, -684296.9126130526, -79722.0)
(448, 120.95058584213257, -684296.9126130526, -79722.0)
(449, 121.29546236991882, -684296.9126130526, -79722.0)
(450, 121.67339181900024, -684296.9126130526, -79722.0)
(451, 122.05485391616821, -684296.9126130526, -79722.0)
(452, 122.40461707115173, -684296.9126130526, -79722.0)
(453, 122.78834795951843, -684296.9126130526, -79722.0)
(454, 123.17126631736755, -684296.9126130526, -79722.0)
(455, 123.58495211601257, -684296.9126130526, -79722.0)
(456, 123.97820162773132, -684296.9126130526, -79722.0)
(457, 124.3716368675232, -684296.9126130526, -79722.0)
(458, 124.80526733398438, -684296.9126130526, -79722.0)
(459, 125.17753219604492, -684296.9126130526, -79722.0)
(460, 125.6007719039917, -684296.9126130526, -79722.0)
(461, 125.97578406333923, -684296.9126130526, -79722.0)
(462, 126.34400749206543, -684296.9126130526, -79722.0)
(463, 126.69258880615234, -684296.9126130526, -79722.0)
(464, 127.05744290351868, -684296.9126130526, -79722.0)
(465, 127.39375925064087, -684296.9126130526, -79722.0)
(466, 127.75024747848511, -684296.9126130526, -79722.0)
(467, 128.09908771514893, -684296.9126130526, -79722.0)
(468, 128.41711831092834, -684296.9126130526, -79722.0)
(469, 128.73400497436523, -684296.9126130526, -79722.0)
(470, 129.08211207389832, -684296.9126130526, -79722.0)
(471, 129.42498970031738, -684296.9126130526, -79722.0)
(472, 129.71873903274536, -684296.9126130526, -79722.0)
(473, 130.0676462650299, -684296.9126130526, -79722.0)
(474, 130.39223861694336, -684296.9126130526, -79722.0)
(475, 130.70142221450806, -684296.9126130526, -79722.0)
(476, 131.03791666030884, -684296.9126130526, -79722.0)
(477, 131.3898057937622, -684296.9126130526, -79722.0)
(478, 131.74874448776245, -684296.9126130526, -79722.0)
(479, 132.06208562850952, -684296.9126130526, -79722.0)
(480, 132.42735600471497, -684296.9126130526, -79722.0)
(481, 132.79312252998352, -684296.9126130526, -79722.0)
(482, 133.14468479156494, -684296.9126130526, -79722.0)
(483, 133.50230813026428, -684296.9126130526, -79722.0)
(484, 133.87919688224792, -684296.9126130526, -79722.0)
(485, 134.2555706501007, -684296.9126130526, -79722.0)
(486, 134.72597861289978, -684296.9126130526, -79722.0)
(487, 135.1305501461029, -684296.9126130526, -79722.0)
(488, 135.5361247062683, -684296.9126130526, -79722.0)
(489, 135.84085702896118, -684296.9126130526, -79722.0)
(490, 136.1786766052246, -684296.9126130526, -79722.0)
(491, 136.52287530899048, -684296.9126130526, -79722.0)
(492, 136.84025955200195, -684296.9126130526, -79722.0)
(493, 137.12778735160828, -684296.9126130526, -79722.0)
(494, 137.46383142471313, -684296.9126130526, -79722.0)
(495, 137.74038243293762, -684296.9126130526, -79722.0)
(496, 138.0463583469391, -684296.9126130526, -79722.0)
(497, 138.32200264930725, -684296.9126130526, -79722.0)
(498, 138.67433738708496, -684296.9126130526, -79722.0)
(499, 138.99662899971008, -684296.9126130526, -79722.0)
(500, 139.28582954406738, -684296.9126130526, -79722.0)
(501, 139.61231231689453, -684296.9126130526, -79722.0)
(502, 139.9201922416687, -684296.9126130526, -79722.0)
(503, 140.22404670715332, -684296.9126130526, -79722.0)
(504, 140.55215191841125, -684296.9126130526, -79722.0)
(505, 140.86181640625, -684296.9126130526, -79722.0)
(506, 141.1501383781433, -684296.9126130526, -79722.0)
(507, 141.4526686668396, -684296.9126130526, -79722.0)
(508, 141.7469289302826, -684296.9126130526, -79722.0)
(509, 142.02939200401306, -684296.9126130526, -79722.0)
(510, 142.29147338867188, -684296.9126130526, -79722.0)
(511, 142.57341170310974, -684296.9126130526, -79722.0)
(512, 142.8313283920288, -684296.9126130526, -79722.0)
(513, 143.1134831905365, -684296.9126130526, -79722.0)
(514, 143.38961267471313, -684296.9126130526, -79722.0)
(515, 143.67181754112244, -684296.9126130526, -79722.0)
(516, 143.96401572227478, -684296.9126130526, -79722.0)
(517, 144.26097750663757, -684296.9126130526, -79722.0)
(518, 144.52700924873352, -684296.9126130526, -79722.0)
(519, 144.80789017677307, -684296.9126130526, -79722.0)
(520, 145.10359525680542, -684296.9126130526, -79722.0)
(521, 145.39014887809753, -684296.9126130526, -79722.0)
(522, 145.65949535369873, -684296.9126130526, -79722.0)
(523, 145.9592740535736, -684296.9126130526, -79722.0)
(524, 146.23713088035583, -684296.9126130526, -79722.0)
(525, 146.55601382255554, -684296.9126130526, -79722.0)
(526, 146.8439450263977, -684296.9126130526, -79722.0)
(527, 147.15048956871033, -684296.9126130526, -79722.0)
(528, 147.4521427154541, -684296.9126130526, -79722.0)
(529, 147.73153400421143, -684296.9126130526, -79722.0)
(530, 148.05755758285522, -684296.9126130526, -79722.0)
(531, 148.37806224822998, -684296.9126130526, -79722.0)
(532, 148.842125415802, -684296.9126130526, -79722.0)
(533, 149.26949286460876, -684296.9126130526, -79722.0)
(534, 149.73225235939026, -684296.9126130526, -79722.0)
(535, 150.13647651672363, -684296.9126130526, -79722.0)
(536, 150.5581030845642, -684296.9126130526, -79722.0)
(537, 150.9804277420044, -684296.9126130526, -79722.0)
(538, 151.3607211112976, -684296.9126130526, -79722.0)
(539, 151.73304891586304, -684296.9126130526, -79722.0)
(540, 152.2548472881317, -684296.9126130526, -79722.0)
(541, 152.66774916648865, -684296.9126130526, -79722.0)
(542, 153.09370493888855, -684296.9126130526, -79722.0)
(543, 153.4768099784851, -684296.9126130526, -79722.0)
(544, 153.7801308631897, -684296.9126130526, -79722.0)
(545, 154.0829644203186, -684296.9126130526, -79722.0)
(546, 154.38642120361328, -684296.9126130526, -79722.0)
(547, 154.66229629516602, -684296.9126130526, -79722.0)
(548, 154.9356894493103, -684296.9126130526, -79722.0)
(549, 155.24300050735474, -684296.9126130526, -79722.0)
(550, 155.5756402015686, -684296.9126130526, -79722.0)
(551, 155.88779044151306, -684296.9126130526, -79722.0)
(552, 156.18801975250244, -684296.9126130526, -79722.0)
(553, 156.4779794216156, -684296.9126130526, -79722.0)
(554, 156.79120659828186, -684296.9126130526, -79722.0)
(555, 157.10526084899902, -684296.9126130526, -79722.0)
(556, 157.40272116661072, -684296.9126130526, -79722.0)
(557, 157.6973648071289, -684296.9126130526, -79722.0)
(558, 157.97041630744934, -684296.9126130526, -79722.0)
(559, 158.2484152317047, -684296.9126130526, -79722.0)
(560, 158.5299050807953, -684296.9126130526, -79722.0)
(561, 158.78566789627075, -684296.9126130526, -79722.0)
(562, 159.0773093700409, -684296.9126130526, -79722.0)
(563, 159.34777092933655, -684296.9126130526, -79722.0)
(564, 159.61110258102417, -684296.9126130526, -79722.0)
(565, 159.91147875785828, -684296.9126130526, -79722.0)
(566, 160.18768978118896, -684296.9126130526, -79722.0)
(567, 160.43358993530273, -684296.9126130526, -79722.0)
(568, 160.71079635620117, -684296.9126130526, -79722.0)
(569, 160.97116613388062, -684296.9126130526, -79722.0)
(570, 161.27421116828918, -684296.9126130526, -79722.0)
(571, 161.56518244743347, -684296.9126130526, -79722.0)
(572, 161.87371277809143, -684296.9126130526, -79722.0)
(573, 162.16958379745483, -684296.9126130526, -79722.0)
(574, 162.48177886009216, -684296.9126130526, -79722.0)
(575, 162.77543115615845, -684296.9126130526, -79722.0)
(576, 163.06879448890686, -684296.9126130526, -79722.0)
(577, 163.3293740749359, -684296.9126130526, -79722.0)
(578, 163.64705562591553, -684296.9126130526, -79722.0)
(579, 163.9684820175171, -684296.9126130526, -79722.0)
(580, 164.3517348766327, -684296.9126130526, -79722.0)
(581, 164.68278551101685, -684296.9126130526, -79722.0)
(582, 164.9967942237854, -684296.9126130526, -79722.0)
(583, 165.2982039451599, -684296.9126130526, -79722.0)
(584, 165.58143424987793, -684296.9126130526, -79722.0)
(585, 165.85904049873352, -684296.9126130526, -79722.0)
(586, 166.15044927597046, -684296.9126130526, -79722.0)
(587, 166.4399652481079, -684296.9126130526, -79722.0)
(588, 166.73106980323792, -684296.9126130526, -79722.0)
(589, 167.0035433769226, -684296.9126130526, -79722.0)
(590, 167.28927946090698, -684296.9126130526, -79722.0)
(591, 167.57504081726074, -684296.9126130526, -79722.0)
(592, 167.8649501800537, -684296.9126130526, -79722.0)
(593, 168.14273071289062, -684296.9126130526, -79722.0)
(594, 168.45064449310303, -684296.9126130526, -79722.0)
(595, 168.75403571128845, -684296.9126130526, -79722.0)
(596, 169.02132511138916, -684296.9126130526, -79722.0)
(597, 169.30879616737366, -684296.9126130526, -79722.0)
(598, 169.62221312522888, -684296.9126130526, -79722.0)
(599, 169.95079946517944, -684296.9126130526, -79722.0)
(600, 170.30370450019836, -684296.9126130526, -79722.0)
(601, 170.61358213424683, -684296.9126130526, -79722.0)
(602, 170.9752869606018, -684296.9126130526, -79722.0)
(603, 171.30320477485657, -684296.9126130526, -79722.0)
(604, 171.631587266922, -684296.9126130526, -79722.0)
(605, 171.94139766693115, -684296.9126130526, -79722.0)
(606, 172.24257230758667, -684296.9126130526, -79722.0)
(607, 172.54338192939758, -684296.9126130526, -79722.0)
(608, 172.82526111602783, -684296.9126130526, -79722.0)
(609, 173.13606238365173, -684296.9126130526, -79722.0)
(610, 173.4526674747467, -684296.9126130526, -79722.0)
(611, 173.76017236709595, -684296.9126130526, -79722.0)
(612, 174.05976915359497, -684296.9126130526, -79722.0)
(613, 174.35398149490356, -684296.9126130526, -79722.0)
(614, 174.6402382850647, -684296.9126130526, -79722.0)
(615, 174.94095826148987, -684296.9126130526, -79722.0)
(616, 175.22833919525146, -684296.9126130526, -79722.0)
(617, 175.49779510498047, -684296.9126130526, -79722.0)
(618, 175.8015902042389, -684296.9126130526, -79722.0)
(619, 176.08684158325195, -684296.9126130526, -79722.0)
(620, 176.37487936019897, -684296.9126130526, -79722.0)
(621, 176.66506791114807, -684296.9126130526, -79722.0)
(622, 176.96521496772766, -684296.9126130526, -79722.0)
(623, 177.259535074234, -684296.9126130526, -79722.0)
(624, 177.55264735221863, -684296.9126130526, -79722.0)
(625, 177.84820532798767, -684296.9126130526, -79722.0)
(626, 178.15391302108765, -684296.9126130526, -79722.0)
(627, 178.45730996131897, -684296.9126130526, -79722.0)
(628, 178.825537443161, -684296.9126130526, -79722.0)
(629, 179.22356176376343, -684296.9126130526, -79722.0)
(630, 179.57812929153442, -684296.9126130526, -79722.0)
(631, 179.8883650302887, -684296.9126130526, -79722.0)
(632, 180.1976625919342, -684296.9126130526, -79722.0)
(633, 180.48327589035034, -684296.9126130526, -79722.0)
(634, 180.78575992584229, -684296.9126130526, -79722.0)
(635, 181.0631139278412, -684296.9126130526, -79722.0)
(636, 181.35842657089233, -684296.9126130526, -79722.0)
(637, 181.6500220298767, -684296.9126130526, -79722.0)
(638, 181.97850608825684, -684296.9126130526, -79722.0)
(639, 182.27788472175598, -684296.9126130526, -79722.0)
(640, 182.5839238166809, -684296.9126130526, -79722.0)
(641, 182.89936137199402, -684296.9126130526, -79722.0)
(642, 183.20662307739258, -684296.9126130526, -79722.0)
(643, 183.5171558856964, -684296.9126130526, -79722.0)
(644, 183.81331586837769, -684296.9126130526, -79722.0)
(645, 184.10869216918945, -684296.9126130526, -79722.0)
(646, 184.4158492088318, -684296.9126130526, -79722.0)
(647, 184.7130675315857, -684296.9126130526, -79722.0)
(648, 185.00710940361023, -684296.9126130526, -79722.0)
(649, 185.32273840904236, -684296.9126130526, -79722.0)
(650, 185.6138207912445, -684296.9126130526, -79722.0)
(651, 185.90509462356567, -684296.9126130526, -79722.0)
(652, 186.21432375907898, -684296.9126130526, -79722.0)
(653, 186.53468656539917, -684296.9126130526, -79722.0)
(654, 186.86669421195984, -684296.9126130526, -79722.0)
(655, 187.18423509597778, -684296.9126130526, -79722.0)
(656, 187.4984793663025, -684296.9126130526, -79722.0)
(657, 187.81530570983887, -684296.9126130526, -79722.0)
(658, 188.25469589233398, -684296.9126130526, -79722.0)
(659, 188.62777423858643, -684296.9126130526, -79722.0)
(660, 188.98584747314453, -684296.9126130526, -79722.0)
(661, 189.31992268562317, -684296.9126130526, -79722.0)
(662, 189.6086869239807, -684296.9126130526, -79722.0)
(663, 189.89010500907898, -684296.9126130526, -79722.0)
(664, 190.18670105934143, -684296.9126130526, -79722.0)
(665, 190.4748523235321, -684296.9126130526, -79722.0)
(666, 190.7498664855957, -684296.9126130526, -79722.0)
(667, 191.06546759605408, -684296.9126130526, -79722.0)
(668, 191.35548281669617, -684296.9126130526, -79722.0)
(669, 191.66668343544006, -684296.9126130526, -79722.0)
(670, 191.98325896263123, -684296.9126130526, -79722.0)
(671, 192.29642629623413, -684296.9126130526, -79722.0)
(672, 192.6543595790863, -684296.9126130526, -79722.0)
(673, 193.02647185325623, -684296.9126130526, -79722.0)
(674, 193.33222579956055, -684296.9126130526, -79722.0)
(675, 193.623788356781, -684296.9126130526, -79722.0)
(676, 193.92741703987122, -684296.9126130526, -79722.0)
(677, 194.20801329612732, -684296.9126130526, -79722.0)
(678, 194.6412968635559, -684296.9126130526, -79722.0)
(679, 195.01433873176575, -684296.9126130526, -79722.0)
(680, 195.43045496940613, -684296.9126130526, -79722.0)
(681, 195.77063059806824, -684296.9126130526, -79722.0)
(682, 196.12398076057434, -684296.9126130526, -79722.0)
(683, 196.4883098602295, -684296.9126130526, -79722.0)
(684, 196.8541271686554, -684296.9126130526, -79722.0)
(685, 197.20190715789795, -684296.9126130526, -79722.0)
(686, 197.64747762680054, -684296.9126130526, -79722.0)
(687, 198.0534863471985, -684296.9126130526, -79722.0)
(688, 198.4638729095459, -684296.9126130526, -79722.0)
(689, 198.86054348945618, -684296.9126130526, -79722.0)
(690, 199.2643392086029, -684296.9126130526, -79722.0)
(691, 199.7041256427765, -684296.9126130526, -79722.0)
(692, 200.11942172050476, -684296.9126130526, -79722.0)
(693, 200.46899104118347, -684296.9126130526, -79722.0)
(694, 200.9314193725586, -684296.9126130526, -79722.0)
(695, 201.32140278816223, -684296.9126130526, -79722.0)
(696, 201.76467728614807, -684296.9126130526, -79722.0)
(697, 202.33483839035034, -684296.9126130526, -79722.0)
(698, 202.8399143218994, -684296.9126130526, -79722.0)
(699, 203.30471682548523, -684296.9126130526, -79722.0)
(700, 203.75159859657288, -684296.9126130526, -79722.0)
(701, 204.18503141403198, -684296.9126130526, -79722.0)
(702, 204.63248538970947, -684296.9126130526, -79722.0)
(703, 205.08899784088135, -684296.9126130526, -79722.0)
(704, 205.56700325012207, -684296.9126130526, -79722.0)
(705, 206.05380415916443, -684296.9126130526, -79722.0)
(706, 206.4556577205658, -684296.9126130526, -79722.0)
(707, 206.92901277542114, -684296.9126130526, -79722.0)
(708, 207.37577176094055, -684296.9126130526, -79722.0)
(709, 207.87382006645203, -684296.9126130526, -79722.0)
(710, 208.43151950836182, -684296.9126130526, -79722.0)
(711, 208.9425449371338, -684296.9126130526, -79722.0)
(712, 209.37604761123657, -684296.9126130526, -79722.0)
(713, 209.72680068016052, -684296.9126130526, -79722.0)
(714, 210.07035541534424, -684296.9126130526, -79722.0)
(715, 210.41406917572021, -684296.9126130526, -79722.0)
(716, 210.7643895149231, -684296.9126130526, -79722.0)
(717, 211.12081789970398, -684296.9126130526, -79722.0)
(718, 211.5315501689911, -684296.9126130526, -79722.0)
(719, 211.9133734703064, -684296.9126130526, -79722.0)
(720, 212.24385046958923, -684296.9126130526, -79722.0)
(721, 212.61408495903015, -684296.9126130526, -79722.0)
(722, 213.0414559841156, -684296.9126130526, -79722.0)
(723, 213.3864848613739, -684296.9126130526, -79722.0)
(724, 213.71312141418457, -684296.9126130526, -79722.0)
(725, 214.11295557022095, -684296.9126130526, -79722.0)
(726, 214.44618248939514, -684296.9126130526, -79722.0)
(727, 214.87341904640198, -684296.9126130526, -79722.0)
(728, 215.18890047073364, -684296.9126130526, -79722.0)
(729, 215.5279631614685, -684296.9126130526, -79722.0)
(730, 215.85634565353394, -684296.9126130526, -79722.0)
(731, 216.21659588813782, -684296.9126130526, -79722.0)
(732, 216.54863691329956, -684296.9126130526, -79722.0)
(733, 216.87643361091614, -684296.9126130526, -79722.0)
(734, 217.26505875587463, -684296.9126130526, -79722.0)
(735, 217.6895134449005, -684296.9126130526, -79722.0)
(736, 218.03357601165771, -684296.9126130526, -79722.0)
(737, 218.39110565185547, -684296.9126130526, -79722.0)
(738, 218.78976225852966, -684296.9126130526, -79722.0)
(739, 219.1370279788971, -684296.9126130526, -79722.0)
(740, 219.5478937625885, -684296.9126130526, -79722.0)
(741, 219.9071934223175, -684296.9126130526, -79722.0)
(742, 220.351726770401, -684296.9126130526, -79722.0)
(743, 220.78132319450378, -684296.9126130526, -79722.0)
(744, 221.20097947120667, -684296.9126130526, -79722.0)
(745, 221.62345004081726, -684296.9126130526, -79722.0)
(746, 221.97834491729736, -684296.9126130526, -79722.0)
(747, 222.4116976261139, -684296.9126130526, -79722.0)
(748, 222.84453916549683, -684296.9126130526, -79722.0)
(749, 223.20947527885437, -684296.9126130526, -79722.0)
(750, 223.63795566558838, -684296.9126130526, -79722.0)
(751, 223.99247217178345, -684296.9126130526, -79722.0)
(752, 224.42757987976074, -684296.9126130526, -79722.0)
(753, 224.8029911518097, -684296.9126130526, -79722.0)
(754, 225.2569558620453, -684296.9126130526, -79722.0)
(755, 225.73459720611572, -684296.9126130526, -79722.0)
(756, 226.11223220825195, -684296.9126130526, -79722.0)
(757, 226.4787847995758, -684296.9126130526, -79722.0)
(758, 226.96568822860718, -684296.9126130526, -79722.0)
(759, 227.4157829284668, -684296.9126130526, -79722.0)
(760, 227.87178993225098, -684296.9126130526, -79722.0)
(761, 228.31440711021423, -684296.9126130526, -79722.0)
(762, 228.6626889705658, -684296.9126130526, -79722.0)
(763, 229.0878083705902, -684296.9126130526, -79722.0)
(764, 229.45131850242615, -684296.9126130526, -79722.0)
(765, 229.91462182998657, -684296.9126130526, -79722.0)
(766, 230.3478033542633, -684296.9126130526, -79722.0)
(767, 230.78977751731873, -684296.9126130526, -79722.0)
(768, 231.24158549308777, -684296.9126130526, -79722.0)
(769, 231.65934252738953, -684296.9126130526, -79722.0)
(770, 232.0628204345703, -684296.9126130526, -79722.0)
(771, 232.52254033088684, -684296.9126130526, -79722.0)
(772, 232.96308612823486, -684296.9126130526, -79722.0)
(773, 233.4234437942505, -684296.9126130526, -79722.0)
(774, 233.9030396938324, -684296.9126130526, -79722.0)
(775, 234.35783982276917, -684296.9126130526, -79722.0)
(776, 234.8456768989563, -684296.9126130526, -79722.0)
(777, 235.28523325920105, -684296.9126130526, -79722.0)
(778, 235.7299873828888, -684296.9126130526, -79722.0)
(779, 236.2528259754181, -684296.9126130526, -79722.0)
(780, 236.7706253528595, -684296.9126130526, -79722.0)
(781, 237.21040272712708, -684296.9126130526, -79722.0)
(782, 237.693213224411, -684296.9126130526, -79722.0)
(783, 238.12565803527832, -684296.9126130526, -79722.0)
(784, 238.57505631446838, -684296.9126130526, -79722.0)
(785, 239.03728914260864, -684296.9126130526, -79722.0)
(786, 239.62440991401672, -684296.9126130526, -79722.0)
(787, 240.21831011772156, -684296.9126130526, -79722.0)
(788, 240.7725989818573, -684296.9126130526, -79722.0)
(789, 241.2668583393097, -684296.9126130526, -79722.0)
(790, 241.74804019927979, -684296.9126130526, -79722.0)
(791, 242.22972679138184, -684296.9126130526, -79722.0)
(792, 242.66932082176208, -684296.9126130526, -79722.0)
(793, 243.1646180152893, -684296.9126130526, -79722.0)
(794, 243.69656705856323, -684296.9126130526, -79722.0)
(795, 244.17068719863892, -684296.9126130526, -79722.0)
(796, 244.61641097068787, -684296.9126130526, -79722.0)
(797, 245.12134981155396, -684296.9126130526, -79722.0)
(798, 245.62034630775452, -684296.9126130526, -79722.0)
(799, 246.12366366386414, -684296.9126130526, -79722.0)
(800, 246.60116910934448, -684296.9126130526, -79722.0)
(801, 247.0946168899536, -684296.9126130526, -79722.0)
(802, 247.62305736541748, -684296.9126130526, -79722.0)
(803, 248.39354515075684, -684296.9126130526, -79722.0)
(804, 248.88824939727783, -684296.9126130526, -79722.0)
(805, 249.57227969169617, -684296.9126130526, -79722.0)
(806, 250.00334811210632, -684296.9126130526, -79722.0)
(807, 250.55495500564575, -684296.9126130526, -79722.0)
(808, 251.06704354286194, -684296.9126130526, -79722.0)
(809, 251.63221979141235, -684296.9126130526, -79722.0)
(810, 252.14387440681458, -684296.9126130526, -79722.0)
(811, 252.77057027816772, -684296.9126130526, -79722.0)
(812, 253.33834862709045, -684296.9126130526, -79722.0)
(813, 253.97795414924622, -684296.9126130526, -79722.0)
(814, 254.58122944831848, -684296.9126130526, -79722.0)
(815, 255.10672283172607, -684296.9126130526, -79722.0)
(816, 255.67701649665833, -684296.9126130526, -79722.0)
(817, 256.22788739204407, -684296.9126130526, -79722.0)
(818, 256.8679189682007, -684296.9126130526, -79722.0)
(819, 257.4411654472351, -684296.9126130526, -79722.0)
(820, 258.0944495201111, -684296.9126130526, -79722.0)
(821, 258.6380090713501, -684296.9126130526, -79722.0)
(822, 259.2772581577301, -684296.9126130526, -79722.0)
(823, 259.7966933250427, -684296.9126130526, -79722.0)
(824, 260.45664381980896, -684296.9126130526, -79722.0)
(825, 261.01820850372314, -684296.9126130526, -79722.0)
(826, 261.75625491142273, -684296.9126130526, -79722.0)
(827, 262.42913699150085, -684296.9126130526, -79722.0)
(828, 262.9762625694275, -684296.9126130526, -79722.0)
(829, 263.58578276634216, -684296.9126130526, -79722.0)
(830, 264.18134450912476, -684296.9126130526, -79722.0)
(831, 264.9114615917206, -679671.4905819814, -79722.0)
(832, 265.6644992828369, -679671.4905819814, -79722.0)
(833, 266.2669038772583, -679671.4905819814, -79722.0)
(834, 266.7658920288086, -679671.4905819814, -79722.0)
(835, 267.1681387424469, -679671.4905819814, -79722.0)
(836, 267.65593791007996, -679671.4905819814, -79722.0)
(837, 268.20886731147766, -679671.4905819814, -79722.0)
(838, 268.69380044937134, -679671.4905819814, -79722.0)
(839, 269.14806294441223, -679671.4905819814, -79722.0)
(840, 269.6332583427429, -679671.4905819814, -79722.0)
(841, 269.9883861541748, -679671.4905819814, -79722.0)
(842, 270.4499523639679, -679671.4905819814, -79722.0)
(843, 270.9984242916107, -679671.4905819814, -79722.0)
(844, 271.42762446403503, -679671.4905819814, -79722.0)
(845, 272.07824754714966, -679671.4905819814, -79722.0)
(846, 272.5917682647705, -679671.4905819814, -79722.0)
(847, 273.1420090198517, -679671.4905819814, -79722.0)
(848, 273.64186930656433, -679671.4905819814, -79722.0)
(849, 274.13036823272705, -679671.4905819814, -79722.0)
(850, 274.66037464141846, -679671.4905819814, -79722.0)
(851, 275.22191190719604, -679671.4905819814, -79722.0)
(852, 275.84377694129944, -679671.4905819814, -79722.0)
(853, 276.34102153778076, -679671.4905819814, -79722.0)
(854, 276.9019000530243, -679671.4905819814, -79722.0)
(855, 277.284499168396, -679671.4905819814, -79722.0)
(856, 277.72445273399353, -679671.4905819814, -79722.0)
(857, 278.25179743766785, -679671.4905819814, -79722.0)
(858, 278.8121237754822, -679671.4905819814, -79722.0)
(859, 279.3854010105133, -679671.4905819814, -79722.0)
(860, 279.9730989933014, -679671.4905819814, -79722.0)
(861, 280.5924792289734, -679671.4905819814, -79722.0)
(862, 281.17028999328613, -679671.4905819814, -79722.0)
(863, 281.7105531692505, -679671.4905819814, -79722.0)
(864, 282.2441017627716, -679671.4905819814, -79722.0)
(865, 282.6413333415985, -679671.4905819814, -79722.0)
(866, 283.1926009654999, -679671.4905819814, -79722.0)
(867, 283.8500623703003, -679671.4905819814, -79722.0)
(868, 284.46920800209045, -679671.4905819814, -79722.0)
(869, 285.077924489975, -679671.4905819814, -79722.0)
(870, 285.71659541130066, -679671.4905819814, -79722.0)
(871, 286.1736602783203, -679671.4905819814, -79722.0)
(872, 286.574107170105, -679671.4905819814, -79722.0)
(873, 286.98889327049255, -679671.4905819814, -79722.0)
(874, 287.3914179801941, -679671.4905819814, -79722.0)
(875, 287.9116234779358, -679671.4905819814, -79722.0)
(876, 288.417053937912, -679671.4905819814, -79722.0)
(877, 288.93753838539124, -679671.4905819814, -79722.0)
(878, 289.4993290901184, -679671.4905819814, -79722.0)
(879, 289.86553287506104, -679671.4905819814, -79722.0)
(880, 290.48193168640137, -679671.4905819814, -79722.0)
(881, 290.94611716270447, -679671.4905819814, -79722.0)
(882, 291.5404386520386, -679671.4905819814, -79722.0)
(883, 291.9012825489044, -679671.4905819814, -79722.0)
(884, 292.4236080646515, -679671.4905819814, -79722.0)
(885, 293.05213832855225, -679671.4905819814, -79722.0)
(886, 293.4516520500183, -679671.4905819814, -79722.0)
(887, 294.01038551330566, -679671.4905819814, -79722.0)
(888, 294.572548866272, -679671.4905819814, -79722.0)
(889, 295.09926176071167, -679671.4905819814, -79722.0)
(890, 295.67762875556946, -679671.4905819814, -79722.0)
(891, 296.23001503944397, -679671.4905819814, -79722.0)
(892, 296.8100485801697, -679671.4905819814, -79722.0)
(893, 297.4402701854706, -679671.4905819814, -79722.0)
(894, 298.1135561466217, -679671.4905819814, -79722.0)
(895, 298.62769746780396, -679671.4905819814, -79722.0)
(896, 299.2651560306549, -679671.4905819814, -79722.0)
(897, 299.86163997650146, -679671.4905819814, -79722.0)
(898, 300.54706287384033, -679671.4905819814, -79722.0)
(899, 301.1172761917114, -679671.4905819814, -79722.0)
(900, 301.5960886478424, -679671.4905819814, -79722.0)
(901, 302.1706235408783, -679671.4905819814, -79722.0)
(902, 302.604150056839, -679671.4905819814, -79722.0)
(903, 303.1756901741028, -679671.4905819814, -79722.0)
(904, 303.6233093738556, -679671.4905819814, -79722.0)
(905, 304.008446931839, -679671.4905819814, -79722.0)
(906, 304.5330352783203, -679671.4905819814, -79722.0)
(907, 305.1214609146118, -679671.4905819814, -79722.0)
(908, 305.6938509941101, -679671.4905819814, -79722.0)
(909, 306.07334542274475, -679671.4905819814, -79722.0)
(910, 306.4211103916168, -679671.4905819814, -79722.0)
(911, 306.986536026001, -679671.4905819814, -79722.0)
(912, 307.61587142944336, -679671.4905819814, -79722.0)
(913, 308.01024746894836, -679671.4905819814, -79722.0)
(914, 308.6006097793579, -679671.4905819814, -79722.0)
(915, 309.1875751018524, -679671.4905819814, -79722.0)
(916, 309.69867157936096, -679671.4905819814, -79722.0)
(917, 310.23774814605713, -679671.4905819814, -79722.0)
(918, 310.84696984291077, -679671.4905819814, -79722.0)
(919, 311.2584993839264, -679671.4905819814, -79722.0)
(920, 311.822142124176, -679671.4905819814, -79722.0)
(921, 312.1329905986786, -679671.4905819814, -79722.0)
(922, 312.7490985393524, -679671.4905819814, -79722.0)
(923, 313.22828459739685, -679671.4905819814, -79722.0)
(924, 313.64782190322876, -679671.4905819814, -79722.0)
(925, 314.220068693161, -679671.4905819814, -79722.0)
(926, 314.8750479221344, -679671.4905819814, -79722.0)
(927, 315.37348198890686, -679671.4905819814, -79722.0)
(928, 315.919086933136, -679671.4905819814, -79722.0)
(929, 316.50177121162415, -679671.4905819814, -79722.0)
(930, 317.1056537628174, -679671.4905819814, -79722.0)
(931, 317.51512122154236, -679671.4905819814, -79722.0)
(932, 317.8352749347687, -679671.4905819814, -79722.0)
(933, 318.4406912326813, -679671.4905819814, -79722.0)
(934, 319.05455350875854, -679671.4905819814, -79722.0)
(935, 319.64727449417114, -679671.4905819814, -79722.0)
(936, 320.0382146835327, -679671.4905819814, -79722.0)
(937, 320.58100175857544, -679671.4905819814, -79722.0)
(938, 321.16699624061584, -679671.4905819814, -79722.0)
(939, 321.7486114501953, -679671.4905819814, -79722.0)
(940, 322.38435673713684, -679671.4905819814, -79722.0)
(941, 323.08775639533997, -679671.4905819814, -79722.0)
(942, 323.65061712265015, -679671.4905819814, -79722.0)
(943, 324.0416421890259, -679671.4905819814, -79722.0)
(944, 324.64212107658386, -679671.4905819814, -79722.0)
(945, 325.26994347572327, -679671.4905819814, -79722.0)
(946, 325.79752016067505, -679671.4905819814, -79722.0)
(947, 326.37181544303894, -679671.4905819814, -79722.0)
(948, 326.77653908729553, -679671.4905819814, -79722.0)
(949, 327.1829342842102, -679671.4905819814, -79722.0)
(950, 327.90841460227966, -679671.4905819814, -79722.0)
(951, 328.5571985244751, -679671.4905819814, -79722.0)
(952, 329.21634006500244, -679671.4905819814, -79722.0)
(953, 329.8590450286865, -679671.4905819814, -79722.0)
(954, 330.5351860523224, -679671.4905819814, -79722.0)
(955, 331.1627604961395, -679671.4905819814, -79722.0)
(956, 331.79596614837646, -679671.4905819814, -79722.0)
(957, 332.5778203010559, -679671.4905819814, -79722.0)
(958, 333.19090390205383, -679671.4905819814, -79722.0)
(959, 333.7632386684418, -679671.4905819814, -79722.0)
(960, 334.355895280838, -679671.4905819814, -79722.0)
(961, 334.9400141239166, -679671.4905819814, -79722.0)
(962, 335.60024762153625, -679671.4905819814, -79722.0)
(963, 336.25130009651184, -679671.4905819814, -79722.0)
(964, 336.93232703208923, -679671.4905819814, -79722.0)
(965, 337.6901397705078, -679671.4905819814, -79722.0)
(966, 338.6528379917145, -679671.4905819814, -79722.0)
(967, 339.30745100975037, -679671.4905819814, -79722.0)
(968, 339.9885444641113, -679671.4905819814, -79722.0)
(969, 340.67099952697754, -679671.4905819814, -79722.0)
(970, 341.2365322113037, -679671.4905819814, -79722.0)
(971, 341.5738923549652, -679671.4905819814, -79722.0)
(972, 342.02140498161316, -679671.4905819814, -79722.0)
(973, 342.3383560180664, -679671.4905819814, -79722.0)
(974, 342.91043066978455, -679671.4905819814, -79722.0)
(975, 343.354261636734, -679671.4905819814, -79722.0)
(976, 343.7815086841583, -679671.4905819814, -79722.0)
(977, 344.35823249816895, -679671.4905819814, -79722.0)
(978, 344.77104473114014, -679671.4905819814, -79722.0)
(979, 345.1953604221344, -679671.4905819814, -79722.0)
(980, 345.6408476829529, -679671.4905819814, -79722.0)
(981, 346.0552701950073, -679671.4905819814, -79722.0)
(982, 346.470134973526, -679671.4905819814, -79722.0)
(983, 346.95943331718445, -679671.4905819814, -79722.0)
(984, 347.36065888404846, -679671.4905819814, -79722.0)
(985, 347.8622763156891, -679671.4905819814, -79722.0)
(986, 348.2658476829529, -679671.4905819814, -79722.0)
(987, 348.76620173454285, -679671.4905819814, -79722.0)
(988, 349.31551027297974, -679671.4905819814, -79722.0)
(989, 349.74830985069275, -679671.4905819814, -79722.0)
(990, 350.25355887413025, -679671.4905819814, -79722.0)
(991, 350.66687059402466, -679671.4905819814, -79722.0)
(992, 351.11041378974915, -679671.4905819814, -79722.0)
(993, 351.5183901786804, -679671.4905819814, -79722.0)
(994, 352.0413599014282, -679671.4905819814, -79722.0)
(995, 352.53297185897827, -679671.4905819814, -79722.0)
(996, 353.051406621933, -679671.4905819814, -79722.0)
(997, 353.5849356651306, -679671.4905819814, -79722.0)
(998, 353.99282336235046, -679671.4905819814, -79722.0)
(999, 354.37840390205383, -679671.4905819814, -79722.0)
(1000, 354.79190468788147, -679671.4905819814, -79722.0)
