(1, 0.21453404426574707, -2903955.0, -55555.0)
(2, 0.5023810863494873, -1126684.6587496286, -55555.0)
(3, 0.7359678745269775, -487346.2364757245, -55555.0)
(4, 1.060478925704956, -264324.1096864603, -55555.0)
(5, 1.4661948680877686, -190561.98618598512, -55555.0)
(6, 1.8804006576538086, -161864.91032409057, -55555.0)
(7, 2.4198813438415527, -161864.91032409057, -119257.0)
(8, 3.198953628540039, -138233.8801975151, -119922.0)
(9, 4.187467336654663, -138233.8801975151, -119965.63157894739)
(10, 5.747302532196045, -126902.22855273829, -120231.15686274509)
(11, 7.338480234146118, -124426.26258197597, -120275.80555555556)
(12, 9.275049924850464, -122181.60835513509, -120387.54273504276)
(13, 11.260157108306885, -121163.90802706653, -120451.04821200504)
(14, 13.147970914840698, -120856.72576534966, -120465.79148311325)
(15, 15.2308931350708, -120628.72544493213, -120466.21969696978)
(16, 17.3308207988739, -120519.2883815921, -120466.21969696978)
(17, 19.579343795776367, -120514.79575905958, -120467.26170568555)
(18, 21.790486574172974, -120481.95294340675, -120467.8774509805)
(19, 23.994107246398926, -120473.41479838271, -120467.87745098048)
(20, 26.0863254070282, -120472.90096057109, -120467.87745098046)
(21, 28.235657215118408, -120469.38450385851, -120467.8774509805)
(22, 30.31799578666687, -120468.32956684721, -120467.87745098048)
(23, 32.48811173439026, -120468.01308573782, -120467.87745098042)
(24, 34.60861563682556, -120467.91814140503, -120467.87745098048)
(25, 36.86750912666321, -120467.88965810867, -120467.8774509805)
