(1, 0.06780600547790527, -613153.0, -28501.0)
(2, 0.13023996353149414, -609458.4285714285, -28501.0)
(3, 0.19246888160705566, -609458.4285714285, -28501.0)
(4, 0.2540624141693115, -609458.4285714285, -28501.0)
(5, 0.3164944648742676, -609458.4285714285, -28501.0)
(6, 0.37832140922546387, -609458.4285714285, -28501.0)
(7, 0.43986082077026367, -609458.4285714285, -28501.0)
(8, 0.5017576217651367, -609458.4285714285, -28501.0)
(9, 0.5638234615325928, -609458.4285714285, -28501.0)
(10, 0.6248407363891602, -609458.4285714285, -28501.0)
(11, 0.686279296875, -609458.4285714285, -28501.0)
(12, 0.7491416931152344, -609458.4285714285, -28501.0)
(13, 0.8118617534637451, -609458.4285714285, -28501.0)
(14, 0.8746867179870605, -609458.4285714285, -28501.0)
(15, 0.9375114440917969, -609458.4285714285, -28501.0)
(16, 1.0008885860443115, -609458.4285714285, -28501.0)
(17, 1.064711570739746, -609458.4285714285, -28501.0)
(18, 1.127776861190796, -609458.4285714285, -28501.0)
(19, 1.1907811164855957, -609458.4285714285, -28501.0)
(20, 1.2531158924102783, -609458.4285714285, -28501.0)
(21, 1.315755844116211, -609458.4285714285, -28501.0)
(22, 1.3790056705474854, -542215.9642857143, -28501.0)
(23, 1.445056676864624, -541869.4910714285, -28501.0)
(24, 1.5088341236114502, -541869.4910714285, -28501.0)
(25, 1.5703339576721191, -541869.4910714285, -28501.0)
(26, 1.63177490234375, -541869.4910714285, -28501.0)
(27, 1.69327974319458, -541869.4910714285, -28501.0)
(28, 1.7541561126708984, -541869.4910714285, -28501.0)
(29, 1.8155100345611572, -541869.4910714285, -28501.0)
(30, 1.8756511211395264, -541869.4910714285, -28501.0)
(31, 1.9369001388549805, -541869.4910714285, -28501.0)
(32, 1.9987733364105225, -503641.28571428574, -28501.0)
(33, 2.0639946460723877, -503641.28571428574, -28501.0)
(34, 2.1263413429260254, -503641.28571428574, -28501.0)
(35, 2.1888954639434814, -503641.28571428574, -28501.0)
(36, 2.250553846359253, -503641.28571428574, -28501.0)
(37, 2.312394618988037, -503641.28571428574, -28501.0)
(38, 2.3715474605560303, -503641.28571428574, -28501.0)
(39, 2.4294424057006836, -503641.28571428574, -28501.0)
(40, 2.4886271953582764, -503641.28571428574, -28501.0)
(41, 2.5482585430145264, -503641.28571428574, -28501.0)
(42, 2.6080517768859863, -503641.28571428574, -28501.0)
(43, 2.6670098304748535, -503641.28571428574, -28501.0)
(44, 2.725458860397339, -503641.28571428574, -28501.0)
(45, 2.784430503845215, -503641.28571428574, -28501.0)
(46, 2.8442373275756836, -503641.28571428574, -28501.0)
(47, 2.90458345413208, -503641.28571428574, -28501.0)
(48, 2.9637391567230225, -503641.28571428574, -28501.0)
(49, 3.023183584213257, -417181.0, -28501.0)
(50, 3.0816097259521484, -417181.0, -28501.0)
(51, 3.139817714691162, -417181.0, -28501.0)
(52, 3.198302984237671, -417181.0, -28501.0)
(53, 3.255908966064453, -417181.0, -28501.0)
(54, 3.3129653930664062, -417181.0, -28501.0)
(55, 3.37007474899292, -417181.0, -28501.0)
(56, 3.428088665008545, -417181.0, -28501.0)
(57, 3.486464262008667, -417181.0, -28501.0)
(58, 3.5453600883483887, -417181.0, -28501.0)
(59, 3.6032400131225586, -417181.0, -28501.0)
(60, 3.661693572998047, -417181.0, -28501.0)
(61, 3.7198281288146973, -417181.0, -28501.0)
(62, 3.778392791748047, -417181.0, -28501.0)
(63, 3.836521625518799, -417181.0, -28501.0)
(64, 3.8953120708465576, -358711.6666666667, -28501.0)
(65, 3.9548182487487793, -358711.6666666667, -28501.0)
(66, 4.013070821762085, -358711.6666666667, -28501.0)
(67, 4.0693519115448, -358711.6666666667, -28501.0)
(68, 4.124683618545532, -358711.6666666667, -28501.0)
(69, 4.180786848068237, -358711.6666666667, -28501.0)
(70, 4.2380547523498535, -354713.54545454547, -28501.0)
(71, 4.295941352844238, -354713.54545454547, -28501.0)
(72, 4.352532148361206, -354713.54545454547, -28501.0)
(73, 4.409083843231201, -354713.54545454547, -28501.0)
(74, 4.465223550796509, -354713.54545454547, -28501.0)
(75, 4.522513151168823, -354713.54545454547, -28501.0)
(76, 4.580597639083862, -354713.54545454547, -28501.0)
(77, 4.638180494308472, -354713.54545454547, -28501.0)
(78, 4.6964170932769775, -354713.54545454547, -28501.0)
(79, 4.753450155258179, -354713.54545454547, -28501.0)
(80, 4.809925079345703, -354713.54545454547, -28501.0)
(81, 4.869145154953003, -354713.54545454547, -28501.0)
(82, 4.928741693496704, -354713.54545454547, -28501.0)
(83, 4.987823486328125, -354713.54545454547, -28501.0)
(84, 5.045942306518555, -354713.54545454547, -28501.0)
(85, 5.10350489616394, -354713.54545454547, -28501.0)
(86, 5.162152290344238, -354713.54545454547, -28501.0)
(87, 5.219243049621582, -354713.54545454547, -28501.0)
(88, 5.277798652648926, -345242.71428571426, -28501.0)
(89, 5.337925434112549, -323262.58974358963, -28501.0)
(90, 5.4010608196258545, -323262.58974358963, -28501.0)
(91, 5.4614222049713135, -323262.58974358963, -28501.0)
(92, 5.519953489303589, -319879.3333333334, -28501.0)
(93, 5.576908826828003, -319879.3333333334, -28501.0)
(94, 5.632781267166138, -318376.5789473684, -28501.0)
(95, 5.690163612365723, -318376.5789473684, -28501.0)
(96, 5.746947288513184, -318376.5789473684, -28501.0)
(97, 5.802581548690796, -318376.5789473684, -28501.0)
(98, 5.859779119491577, -315815.0588235294, -28501.0)
(99, 5.9180333614349365, -315815.0588235294, -28501.0)
(100, 5.973998785018921, -315815.0588235294, -28501.0)
(101, 6.030250310897827, -244013.96, -28501.0)
(102, 6.088846921920776, -244013.96, -28501.0)
(103, 6.150494813919067, -244013.96, -28501.0)
(104, 6.209750413894653, -244013.96, -28501.0)
(105, 6.271368503570557, -244013.96, -28501.0)
(106, 6.33215594291687, -244013.96, -28501.0)
(107, 6.390658140182495, -244013.96, -28501.0)
(108, 6.448028564453125, -239957.7142857143, -28501.0)
(109, 6.5046610832214355, -239957.7142857143, -28501.0)
(110, 6.559172868728638, -239957.7142857143, -28501.0)
(111, 6.613809585571289, -239957.7142857143, -28501.0)
(112, 6.669406414031982, -239957.7142857143, -28501.0)
(113, 6.726097583770752, -239957.7142857143, -28501.0)
(114, 6.782859563827515, -239957.7142857143, -28501.0)
(115, 6.8382813930511475, -239957.7142857143, -28501.0)
(116, 6.894375324249268, -219258.05263157893, -28501.0)
(117, 6.952350854873657, -187506.65217391303, -28501.0)
(118, 7.010892868041992, -187506.65217391303, -28501.0)
(119, 7.067091226577759, -187506.65217391303, -28501.0)
(120, 7.124087333679199, -187506.65217391303, -28501.0)
(121, 7.1816325187683105, -187506.65217391303, -28501.0)
(122, 7.239249229431152, -187506.65217391303, -28501.0)
(123, 7.2946388721466064, -187506.65217391303, -28501.0)
(124, 7.3523993492126465, -187506.65217391303, -28501.0)
(125, 7.409825086593628, -187506.65217391303, -28501.0)
(126, 7.468394041061401, -187506.65217391303, -28501.0)
(127, 7.524654150009155, -187506.65217391303, -28501.0)
(128, 7.5833351612091064, -187506.65217391303, -28501.0)
(129, 7.6437482833862305, -187506.65217391303, -28501.0)
(130, 7.703230381011963, -187506.65217391303, -28501.0)
(131, 7.761350393295288, -153672.0, -28501.0)
(132, 7.819053888320923, -153672.0, -28501.0)
(133, 7.875466823577881, -153672.0, -28501.0)
(134, 7.931772470474243, -153672.0, -28501.0)
(135, 7.988951206207275, -153672.0, -28501.0)
(136, 8.04649043083191, -153672.0, -28501.0)
(137, 8.102672338485718, -153672.0, -28501.0)
(138, 8.159324884414673, -153672.0, -28501.0)
(139, 8.215304136276245, -153672.0, -28501.0)
(140, 8.272550106048584, -148101.0, -28501.0)
(141, 8.331764221191406, -136954.80952380953, -28501.0)
(142, 8.394391059875488, -136954.80952380953, -28501.0)
(143, 8.455950260162354, -136954.80952380953, -28501.0)
(144, 8.51835012435913, -133679.0, -28501.0)
(145, 8.580155849456787, -133679.0, -28501.0)
(146, 8.638660192489624, -133679.0, -28501.0)
(147, 8.69803786277771, -110801.5, -28501.0)
(148, 8.755941152572632, -110801.5, -28501.0)
(149, 8.813377380371094, -110801.5, -28501.0)
(150, 8.86919617652893, -110801.5, -28501.0)
(151, 8.942826509475708, -110801.5, -28501.0)
(152, 9.002213954925537, -110801.5, -28501.0)
(153, 9.05839467048645, -110801.5, -28501.0)
(154, 9.113929986953735, -110801.5, -28501.0)
(155, 9.16813588142395, -110801.5, -28501.0)
(156, 9.225690841674805, -110801.5, -28501.0)
(157, 9.284183979034424, -110801.5, -28501.0)
(158, 9.339667558670044, -91279.75, -28501.0)
(159, 9.394429445266724, -91279.75, -28501.0)
(160, 9.448358535766602, -91279.75, -28501.0)
(161, 9.501596212387085, -91279.75, -28501.0)
(162, 9.554569959640503, -91279.75, -28501.0)
(163, 9.607864618301392, -91048.33333333331, -28501.0)
(164, 9.662250518798828, -91048.33333333331, -28501.0)
(165, 9.716341018676758, -91048.33333333331, -28501.0)
(166, 9.771090745925903, -70016.20000000001, -28501.0)
(167, 9.828282117843628, -70016.20000000001, -28501.0)
(168, 9.883520603179932, -70016.20000000001, -28501.0)
(169, 9.938982963562012, -70016.20000000001, -28501.0)
(170, 9.993576765060425, -70016.20000000001, -28501.0)
(171, 10.050524711608887, -70016.20000000001, -28501.0)
(172, 10.104345321655273, -70016.20000000001, -28501.0)
(173, 10.158852577209473, -70016.20000000001, -28501.0)
(174, 10.212234735488892, -70016.20000000001, -28501.0)
(175, 10.268194437026978, -69611.15384615383, -28501.0)
(176, 10.321798324584961, -59754.333333333336, -28501.0)
(177, 10.377030372619629, -59754.333333333336, -28501.0)
(178, 10.431987285614014, -59754.333333333336, -28501.0)
(179, 10.485460042953491, -59754.333333333336, -28501.0)
(180, 10.547350406646729, -59754.333333333336, -28501.0)
(181, 10.61219048500061, -59754.333333333336, -28501.0)
(182, 10.666798830032349, -59754.333333333336, -28501.0)
(183, 10.720357418060303, -59754.333333333336, -28501.0)
(184, 10.773664236068726, -59754.333333333336, -28501.0)
(185, 10.827537536621094, -59754.333333333336, -28501.0)
(186, 10.890836477279663, -59754.333333333336, -28501.0)
(187, 10.950884103775024, -59754.333333333336, -28501.0)
(188, 11.021968126296997, -59754.333333333336, -28501.0)
(189, 11.140717506408691, -59754.333333333336, -28501.0)
(190, 11.248591423034668, -59754.333333333336, -28501.0)
(191, 11.346930742263794, -59754.333333333336, -28501.0)
(192, 11.446308851242065, -59754.333333333336, -28501.0)
(193, 11.665295839309692, -59754.333333333336, -28501.0)
(194, 11.910359382629395, -59754.333333333336, -28501.0)
(195, 12.066138505935669, -59754.333333333336, -28501.0)
(196, 12.193186521530151, -59754.333333333336, -28501.0)
(197, 12.419538259506226, -59754.333333333336, -28501.0)
(198, 12.732666254043579, -59754.333333333336, -28501.0)
(199, 13.037438154220581, -59754.333333333336, -28501.0)
(200, 13.413019895553589, -55114.14414597747, -28501.0)
(201, 13.708534002304077, -55114.14414597747, -28501.0)
(202, 14.052664279937744, -50526.64478114479, -28501.0)
(203, 14.279999017715454, -50526.64478114479, -28501.0)
(204, 14.640824556350708, -50081.37037037037, -28501.0)
(205, 14.966156244277954, -49770.685185185226, -28501.0)
(206, 15.410984754562378, -45782.91851494695, -44728.22010607523)
(207, 15.547515869140625, -44879.384128529695, -44775.942064264855)
(208, 15.668739557266235, -44839.87121892782, -44780.03563941298)
(209, 15.768062353134155, -44780.05549837022, -44780.05549837021)
(210, 15.858313083648682, -44780.05549837022, -44780.055498370195)
