(1, 0.04632854461669922, -198626.0, -11448.0)
(2, 0.08807945251464844, -193108.15384615384, -11448.0)
(3, 0.13034892082214355, -181346.15384615384, -11448.0)
(4, 0.17267322540283203, -181346.15384615384, -11448.0)
(5, 0.21502399444580078, -181346.15384615384, -11448.0)
(6, 0.25739407539367676, -181346.15384615384, -11448.0)
(7, 0.29872846603393555, -181346.15384615384, -11448.0)
(8, 0.34076547622680664, -181346.15384615384, -11448.0)
(9, 0.38188958168029785, -156862.04166666666, -11448.0)
(10, 0.4365956783294678, -151181.64, -11448.0)
(11, 0.47856974601745605, -151181.64, -11448.0)
(12, 0.5198862552642822, -151181.64, -11448.0)
(13, 0.5597732067108154, -151181.64, -11448.0)
(14, 0.599189043045044, -136576.31818181818, -11448.0)
(15, 0.6388406753540039, -136576.31818181818, -11448.0)
(16, 0.6785018444061279, -122929.77272727274, -11448.0)
(17, 0.7182846069335938, -111279.96, -11448.0)
(18, 0.7581231594085693, -111279.96, -11448.0)
(19, 0.7976922988891602, -111279.96, -11448.0)
(20, 0.837637186050415, -94223.78947368421, -11448.0)
(21, 0.8777155876159668, -94223.78947368421, -11448.0)
(22, 0.9177224636077881, -90871.15789473684, -11448.0)
(23, 0.9579696655273438, -79715.77777777778, -11448.0)
(24, 0.9981095790863037, -79715.77777777778, -11448.0)
(25, 1.038118839263916, -79715.77777777778, -11448.0)
(26, 1.0768969058990479, -79715.77777777778, -11448.0)
(27, 1.1152851581573486, -61936.2, -11448.0)
(28, 1.1541600227355957, -61936.2, -11448.0)
(29, 1.1929905414581299, -57884.4, -11448.0)
(30, 1.2319591045379639, -48357.53846153846, -11448.0)
(31, 1.2707808017730713, -48357.53846153846, -11448.0)
(32, 1.3094778060913086, -48357.53846153846, -11448.0)
(33, 1.3480980396270752, -48357.53846153846, -11448.0)
(34, 1.3869996070861816, -40979.7, -11448.0)
(35, 1.4256787300109863, -40979.7, -11448.0)
(36, 1.4647233486175537, -40979.7, -11448.0)
(37, 1.503525733947754, -40979.7, -11448.0)
(38, 1.5424046516418457, -31182.0, -11448.0)
(39, 1.5810966491699219, -31182.0, -11448.0)
(40, 1.619826078414917, -27583.533333333333, -11448.0)
(41, 1.6585428714752197, -27583.533333333333, -11448.0)
(42, 1.6961936950683594, -27583.533333333333, -11448.0)
(43, 1.7332255840301514, -24224.666666666664, -11448.0)
(44, 1.7705802917480469, -21141.75, -11448.0)
(45, 1.8082177639007568, -20064.666666666668, -11448.0)
(46, 1.8457212448120117, -20064.666666666668, -11448.0)
(47, 1.8837192058563232, -20064.666666666668, -11448.0)
(48, 1.9216082096099854, -20064.666666666668, -11448.0)
(49, 1.9593172073364258, -20064.666666666668, -11448.0)
(50, 1.9972548484802246, -20064.666666666668, -11448.0)
(51, 2.0352752208709717, -20064.666666666668, -11448.0)
(52, 2.0733907222747803, -20064.666666666668, -11448.0)
(53, 2.111631155014038, -20064.666666666668, -11448.0)
(54, 2.150305986404419, -20064.666666666668, -11448.0)
(55, 2.1885457038879395, -20064.666666666668, -11448.0)
(56, 2.2271642684936523, -20064.666666666668, -11448.0)
(57, 2.2659950256347656, -20064.666666666668, -11448.0)
(58, 2.3046457767486572, -20064.666666666668, -11448.0)
(59, 2.343034267425537, -20064.666666666668, -11448.0)
(60, 2.3819375038146973, -20064.666666666668, -11448.0)
(61, 2.421172618865967, -20064.666666666668, -11448.0)
(62, 2.4599897861480713, -20064.666666666668, -11448.0)
(63, 2.4987051486968994, -20064.666666666668, -11448.0)
(64, 2.5384581089019775, -20064.666666666668, -11448.0)
(65, 2.5810811519622803, -19339.666666666668, -11448.0)
(66, 2.6343517303466797, -19339.666666666668, -11448.0)
(67, 2.685988664627075, -19339.666666666668, -11448.0)
(68, 2.7398111820220947, -19339.666666666668, -11448.0)
(69, 2.7894022464752197, -19095.777777777777, -11448.0)
(70, 2.8367629051208496, -19075.777777777777, -11448.0)
(71, 2.884122848510742, -19020.222222222223, -11448.0)
(72, 2.931281805038452, -19020.222222222223, -11448.0)
(73, 2.978419065475464, -17273.222222222223, -11448.0)
(74, 3.029343605041504, -17273.222222222223, -11448.0)
(75, 3.0924558639526367, -16118.0, -16118.0)
(76, 3.1385622024536133, -16118.0, -16118.0)
