(1, 0.0314631462097168, -390994.0, -12151.0)
(2, 0.08028650283813477, -156307.64842498477, -12151.0)
(3, 0.12297725677490234, -78614.41822636113, -12151.0)
(4, 0.16964483261108398, -49851.84068172735, -12151.0)
(5, 0.2242107391357422, -37990.476166728135, -12151.0)
(6, 0.28995776176452637, -27640.642850018598, -23205.0)
(7, 0.36200952529907227, -24535.692855005247, -23205.0)
(8, 0.43289613723754883, -23604.207856501238, -23205.0)
(9, 0.5051944255828857, -23324.762356950392, -23205.0)
(10, 0.5842835903167725, -23240.92870708464, -23205.0)
(11, 0.6600589752197266, -23215.778612124996, -23205.0)
(12, 0.7368836402893066, -23208.233583636593, -23205.0)
(13, 0.8157250881195068, -23205.970075090638, -23205.0)
(14, 0.8945920467376709, -23205.291022523645, -23205.0)
(15, 0.9752810001373291, -23205.08730675678, -23205.0)
(16, 1.056440830230713, -23205.026192026722, -23205.0)
(17, 1.1355557441711426, -23205.00785760816, -23205.0)
(18, 1.2141077518463135, -23205.0023562731, -23205.0)
