(1, 0.05924081802368164, -740299.0, -44471.0)
(2, 0.11585521697998047, -740299.0, -44471.0)
(3, 0.17247843742370605, -740299.0, -44471.0)
(4, 0.22904610633850098, -740299.0, -44471.0)
(5, 0.285693883895874, -740299.0, -44471.0)
(6, 0.3419961929321289, -740299.0, -44471.0)
(7, 0.3981008529663086, -740299.0, -44471.0)
(8, 0.4546773433685303, -740299.0, -44471.0)
(9, 0.5108559131622314, -740299.0, -44471.0)
(10, 0.567213773727417, -740299.0, -44471.0)
(11, 0.6240787506103516, -740299.0, -44471.0)
(12, 0.6809589862823486, -740299.0, -44471.0)
(13, 0.7390754222869873, -740299.0, -44471.0)
(14, 0.7952020168304443, -740299.0, -44471.0)
(15, 0.8527696132659912, -740299.0, -44471.0)
(16, 0.910224437713623, -740299.0, -44471.0)
(17, 0.9671831130981445, -740299.0, -44471.0)
(18, 1.0383646488189697, -740299.0, -44471.0)
(19, 1.0957798957824707, -740299.0, -44471.0)
(20, 1.1533796787261963, -740299.0, -44471.0)
(21, 1.2114348411560059, -740299.0, -44471.0)
(22, 1.2686357498168945, -740299.0, -44471.0)
(23, 1.3260505199432373, -740299.0, -44471.0)
(24, 1.383173942565918, -740299.0, -44471.0)
(25, 1.4409151077270508, -740299.0, -44471.0)
(26, 1.4988884925842285, -740299.0, -44471.0)
(27, 1.557774305343628, -740299.0, -44471.0)
(28, 1.6147489547729492, -740299.0, -44471.0)
(29, 1.672220230102539, -740299.0, -44471.0)
(30, 1.7320914268493652, -740299.0, -44471.0)
(31, 1.7909808158874512, -740299.0, -44471.0)
(32, 1.8511230945587158, -740299.0, -44471.0)
(33, 1.9098851680755615, -740299.0, -44471.0)
(34, 1.9682128429412842, -740299.0, -44471.0)
(35, 2.0267651081085205, -740299.0, -44471.0)
(36, 2.084885835647583, -740299.0, -44471.0)
(37, 2.1432456970214844, -740299.0, -44471.0)
(38, 2.2015137672424316, -740299.0, -44471.0)
(39, 2.2599828243255615, -740299.0, -44471.0)
(40, 2.3184077739715576, -740299.0, -44471.0)
(41, 2.3790900707244873, -740299.0, -44471.0)
(42, 2.4375765323638916, -740299.0, -44471.0)
(43, 2.4954400062561035, -740299.0, -44471.0)
(44, 2.554018974304199, -740299.0, -44471.0)
(45, 2.615720748901367, -740299.0, -44471.0)
(46, 2.677694082260132, -740299.0, -44471.0)
(47, 2.7403628826141357, -740299.0, -44471.0)
(48, 2.8011763095855713, -740299.0, -44471.0)
(49, 2.8600263595581055, -740299.0, -44471.0)
(50, 2.9190335273742676, -740299.0, -44471.0)
(51, 2.977419137954712, -740299.0, -44471.0)
(52, 3.0363476276397705, -740299.0, -44471.0)
(53, 3.096799850463867, -740299.0, -44471.0)
(54, 3.1568994522094727, -740299.0, -44471.0)
(55, 3.2183780670166016, -740299.0, -44471.0)
(56, 3.2807986736297607, -740299.0, -44471.0)
(57, 3.3398942947387695, -740299.0, -44471.0)
(58, 3.4013500213623047, -740299.0, -44471.0)
(59, 3.4608147144317627, -740299.0, -44471.0)
(60, 3.5215330123901367, -740299.0, -44471.0)
(61, 3.582303524017334, -740299.0, -44471.0)
(62, 3.6427407264709473, -740299.0, -44471.0)
(63, 3.70516037940979, -740299.0, -44471.0)
(64, 3.7680444717407227, -740299.0, -44471.0)
(65, 3.831348419189453, -740299.0, -44471.0)
(66, 3.891700267791748, -740299.0, -44471.0)
(67, 3.950693368911743, -740299.0, -44471.0)
(68, 4.012851238250732, -740299.0, -44471.0)
(69, 4.075645923614502, -740299.0, -44471.0)
(70, 4.136698007583618, -740299.0, -44471.0)
(71, 4.198681831359863, -740299.0, -44471.0)
(72, 4.260119438171387, -740299.0, -44471.0)
(73, 4.326065540313721, -740299.0, -44471.0)
(74, 4.391096830368042, -740299.0, -44471.0)
(75, 4.453181982040405, -740299.0, -44471.0)
(76, 4.51555323600769, -740299.0, -44471.0)
(77, 4.577011585235596, -740299.0, -44471.0)
(78, 4.63898777961731, -740299.0, -44471.0)
(79, 4.70060920715332, -740299.0, -44471.0)
(80, 4.762391567230225, -740299.0, -44471.0)
(81, 4.824497222900391, -740299.0, -44471.0)
(82, 4.886304616928101, -740299.0, -44471.0)
(83, 4.9475390911102295, -740299.0, -44471.0)
(84, 5.010059595108032, -740299.0, -44471.0)
(85, 5.071672439575195, -740299.0, -44471.0)
(86, 5.133584260940552, -740299.0, -44471.0)
(87, 5.1959228515625, -740299.0, -44471.0)
(88, 5.258821249008179, -740299.0, -44471.0)
(89, 5.320005178451538, -740299.0, -44471.0)
(90, 5.382392644882202, -740299.0, -44471.0)
(91, 5.4452619552612305, -740299.0, -44471.0)
(92, 5.506499290466309, -740299.0, -44471.0)
(93, 5.569466590881348, -740299.0, -44471.0)
(94, 5.631083011627197, -740299.0, -44471.0)
(95, 5.6963582038879395, -740299.0, -44471.0)
(96, 5.759117603302002, -740299.0, -44471.0)
(97, 5.825702667236328, -740299.0, -44471.0)
(98, 5.8953328132629395, -740299.0, -44471.0)
(99, 5.957495927810669, -740299.0, -44471.0)
(100, 6.020362138748169, -740299.0, -44471.0)
(101, 6.084345102310181, -740299.0, -44471.0)
(102, 6.14772891998291, -740299.0, -44471.0)
(103, 6.211439609527588, -740299.0, -44471.0)
(104, 6.274856805801392, -740299.0, -44471.0)
(105, 6.338191747665405, -740299.0, -44471.0)
(106, 6.401528358459473, -740299.0, -44471.0)
(107, 6.464356184005737, -740299.0, -44471.0)
(108, 6.52818751335144, -740299.0, -44471.0)
(109, 6.5914201736450195, -740299.0, -44471.0)
(110, 6.65564489364624, -740299.0, -44471.0)
(111, 6.718780994415283, -740299.0, -44471.0)
(112, 6.7830774784088135, -740299.0, -44471.0)
(113, 6.846430063247681, -740299.0, -44471.0)
(114, 6.918199062347412, -740299.0, -44471.0)
(115, 6.982215166091919, -740299.0, -44471.0)
(116, 7.047990322113037, -740299.0, -44471.0)
(117, 7.113184213638306, -740299.0, -44471.0)
(118, 7.176622629165649, -740299.0, -44471.0)
(119, 7.240826845169067, -740299.0, -44471.0)
(120, 7.306348085403442, -740299.0, -44471.0)
(121, 7.371586084365845, -740299.0, -44471.0)
(122, 7.43649435043335, -740299.0, -44471.0)
(123, 7.506929636001587, -740299.0, -44471.0)
(124, 7.570744037628174, -740299.0, -44471.0)
(125, 7.6411073207855225, -740299.0, -44471.0)
(126, 7.7045605182647705, -740299.0, -44471.0)
(127, 7.770094156265259, -740299.0, -44471.0)
(128, 7.834975957870483, -740299.0, -44471.0)
(129, 7.900681018829346, -740299.0, -44471.0)
(130, 7.963238000869751, -740299.0, -44471.0)
(131, 8.029349088668823, -740299.0, -44471.0)
(132, 8.09705114364624, -740299.0, -44471.0)
(133, 8.163509607315063, -740299.0, -44471.0)
(134, 8.235441446304321, -740299.0, -44471.0)
(135, 8.30651593208313, -740299.0, -44471.0)
(136, 8.375054836273193, -740299.0, -44471.0)
(137, 8.442952632904053, -740299.0, -44471.0)
(138, 8.516582489013672, -740299.0, -44471.0)
(139, 8.583113670349121, -740299.0, -44471.0)
(140, 8.651622295379639, -740299.0, -44471.0)
(141, 8.718156099319458, -740299.0, -44471.0)
(142, 8.786376714706421, -740299.0, -44471.0)
(143, 8.852086305618286, -740299.0, -44471.0)
(144, 8.922271013259888, -740299.0, -44471.0)
(145, 8.990830898284912, -740299.0, -44471.0)
(146, 9.064528942108154, -740299.0, -44471.0)
(147, 9.131596326828003, -740299.0, -44471.0)
(148, 9.204470872879028, -740299.0, -44471.0)
(149, 9.27337646484375, -740299.0, -44471.0)
(150, 9.34074354171753, -740299.0, -44471.0)
(151, 9.409586429595947, -740299.0, -44471.0)
(152, 9.478710651397705, -740299.0, -44471.0)
(153, 9.54938793182373, -740299.0, -44471.0)
(154, 9.618352174758911, -740299.0, -44471.0)
(155, 9.687886953353882, -740299.0, -44471.0)
(156, 9.762536764144897, -740299.0, -44471.0)
(157, 9.842768907546997, -740299.0, -44471.0)
(158, 9.91148591041565, -740299.0, -44471.0)
(159, 9.979269027709961, -740299.0, -44471.0)
(160, 10.04803466796875, -740299.0, -44471.0)
(161, 10.119085550308228, -740299.0, -44471.0)
(162, 10.190361499786377, -740299.0, -44471.0)
(163, 10.260527610778809, -740299.0, -44471.0)
(164, 10.330516815185547, -740299.0, -44471.0)
(165, 10.401719093322754, -740299.0, -44471.0)
(166, 10.473165512084961, -740299.0, -44471.0)
(167, 10.544203042984009, -740299.0, -44471.0)
(168, 10.618021249771118, -740299.0, -44471.0)
(169, 10.689973592758179, -740299.0, -44471.0)
(170, 10.763113975524902, -740299.0, -44471.0)
(171, 10.834511756896973, -740299.0, -44471.0)
(172, 10.907751560211182, -740299.0, -44471.0)
(173, 10.988134860992432, -740299.0, -44471.0)
(174, 11.060689687728882, -740299.0, -44471.0)
(175, 11.131972551345825, -740299.0, -44471.0)
(176, 11.204550981521606, -740299.0, -44471.0)
(177, 11.27913236618042, -740299.0, -44471.0)
(178, 11.352964401245117, -740299.0, -44471.0)
(179, 11.42621397972107, -740299.0, -44471.0)
(180, 11.500187873840332, -740299.0, -44471.0)
(181, 11.572388887405396, -740299.0, -44471.0)
(182, 11.641685962677002, -740299.0, -44471.0)
(183, 11.72087812423706, -740299.0, -44471.0)
(184, 11.80371880531311, -740299.0, -44471.0)
(185, 11.875869512557983, -740299.0, -44471.0)
(186, 11.94969367980957, -740299.0, -44471.0)
(187, 12.02314305305481, -740299.0, -44471.0)
(188, 12.097830533981323, -740299.0, -44471.0)
(189, 12.17151927947998, -740299.0, -44471.0)
(190, 12.252687454223633, -740299.0, -44471.0)
(191, 12.326614141464233, -740299.0, -44471.0)
(192, 12.408464908599854, -740299.0, -44471.0)
(193, 12.485016107559204, -740299.0, -44471.0)
(194, 12.559112310409546, -740299.0, -44471.0)
(195, 12.633116960525513, -740299.0, -44471.0)
(196, 12.704723358154297, -740299.0, -44471.0)
(197, 12.780726432800293, -740299.0, -44471.0)
(198, 12.857539653778076, -740299.0, -44471.0)
(199, 12.942324876785278, -740299.0, -44471.0)
(200, 13.016991138458252, -740299.0, -44471.0)
(201, 13.093807935714722, -740299.0, -44471.0)
(202, 13.177359819412231, -740299.0, -44471.0)
(203, 13.267775774002075, -740299.0, -44471.0)
(204, 13.342160940170288, -740299.0, -44471.0)
(205, 13.415832042694092, -740299.0, -44471.0)
(206, 13.490062952041626, -740299.0, -44471.0)
(207, 13.563594818115234, -740299.0, -44471.0)
(208, 13.63654899597168, -740299.0, -44471.0)
(209, 13.709947109222412, -740299.0, -44471.0)
(210, 13.785319805145264, -740299.0, -44471.0)
(211, 13.857218265533447, -740299.0, -44471.0)
(212, 13.929266452789307, -740299.0, -44471.0)
(213, 14.003198862075806, -740299.0, -44471.0)
(214, 14.076884269714355, -740299.0, -44471.0)
(215, 14.1511869430542, -740299.0, -44471.0)
(216, 14.224106550216675, -740299.0, -44471.0)
(217, 14.297465562820435, -740299.0, -44471.0)
(218, 14.374072074890137, -740299.0, -44471.0)
(219, 14.450894594192505, -740299.0, -44471.0)
(220, 14.524643898010254, -740299.0, -44471.0)
(221, 14.602514028549194, -740299.0, -44471.0)
(222, 14.679908514022827, -740299.0, -44471.0)
(223, 14.759977579116821, -740299.0, -44471.0)
(224, 14.83761739730835, -740299.0, -44471.0)
(225, 14.914162874221802, -740299.0, -44471.0)
(226, 14.990435123443604, -740299.0, -44471.0)
(227, 15.065316677093506, -740299.0, -44471.0)
(228, 15.142646074295044, -740299.0, -44471.0)
(229, 15.218509912490845, -740299.0, -44471.0)
(230, 15.293325185775757, -740299.0, -44471.0)
(231, 15.37033486366272, -740299.0, -44471.0)
(232, 15.447216987609863, -740299.0, -44471.0)
(233, 15.526772260665894, -740299.0, -44471.0)
(234, 15.60688328742981, -740299.0, -44471.0)
(235, 15.6836097240448, -740299.0, -44471.0)
(236, 15.762895345687866, -740299.0, -44471.0)
(237, 15.840778589248657, -740299.0, -44471.0)
(238, 15.917522430419922, -740299.0, -44471.0)
(239, 15.996809244155884, -740299.0, -44471.0)
(240, 16.076717615127563, -740299.0, -44471.0)
(241, 16.15842843055725, -740299.0, -44471.0)
(242, 16.239491939544678, -740299.0, -44471.0)
(243, 16.322717905044556, -740299.0, -44471.0)
(244, 16.406856298446655, -740299.0, -44471.0)
(245, 16.487638473510742, -740299.0, -44471.0)
(246, 16.567232608795166, -740299.0, -44471.0)
(247, 16.64933156967163, -740299.0, -44471.0)
(248, 16.737941026687622, -740299.0, -44471.0)
(249, 16.823550701141357, -740299.0, -44471.0)
(250, 16.908125162124634, -740299.0, -44471.0)
(251, 16.988189220428467, -740299.0, -44471.0)
(252, 17.067028760910034, -740299.0, -44471.0)
(253, 17.151456832885742, -740299.0, -44471.0)
(254, 17.233473300933838, -740299.0, -44471.0)
(255, 17.319311380386353, -740299.0, -44471.0)
(256, 17.400216102600098, -740299.0, -44471.0)
(257, 17.485480785369873, -740299.0, -44471.0)
(258, 17.564955472946167, -740299.0, -44471.0)
(259, 17.647053718566895, -740299.0, -44471.0)
(260, 17.729032516479492, -740299.0, -44471.0)
(261, 17.81263256072998, -740299.0, -44471.0)
(262, 17.89596915245056, -740299.0, -44471.0)
(263, 17.97864079475403, -740299.0, -44471.0)
(264, 18.061848640441895, -740299.0, -44471.0)
(265, 18.14497995376587, -740299.0, -44471.0)
(266, 18.231449127197266, -740299.0, -44471.0)
(267, 18.316739320755005, -740299.0, -44471.0)
(268, 18.405876874923706, -740299.0, -44471.0)
(269, 18.495692014694214, -740299.0, -44471.0)
(270, 18.58006763458252, -740299.0, -44471.0)
(271, 18.66733694076538, -740299.0, -44471.0)
(272, 18.753120183944702, -740299.0, -44471.0)
(273, 18.839361906051636, -740299.0, -44471.0)
(274, 18.94109034538269, -740299.0, -44471.0)
(275, 19.032371282577515, -740299.0, -44471.0)
(276, 19.120716333389282, -740299.0, -44471.0)
(277, 19.204390287399292, -740299.0, -44471.0)
(278, 19.291252851486206, -740299.0, -44471.0)
(279, 19.376176834106445, -740299.0, -44471.0)
(280, 19.464316606521606, -740299.0, -44471.0)
(281, 19.554269075393677, -740299.0, -44471.0)
(282, 19.64300537109375, -740299.0, -44471.0)
(283, 19.73183822631836, -740299.0, -44471.0)
(284, 19.81951665878296, -740299.0, -44471.0)
(285, 19.905773401260376, -740299.0, -44471.0)
(286, 19.99900221824646, -740299.0, -44471.0)
(287, 20.096385955810547, -740299.0, -44471.0)
(288, 20.184716939926147, -740299.0, -44471.0)
(289, 20.268125295639038, -740299.0, -44471.0)
(290, 20.359212398529053, -740299.0, -44471.0)
(291, 20.44814157485962, -740299.0, -44471.0)
(292, 20.539267539978027, -740299.0, -44471.0)
(293, 20.629072189331055, -740299.0, -44471.0)
(294, 20.720764875411987, -740299.0, -44471.0)
(295, 20.814169883728027, -740299.0, -44471.0)
(296, 20.910969972610474, -740299.0, -44471.0)
(297, 21.007039785385132, -740299.0, -44471.0)
(298, 21.10402512550354, -740299.0, -44471.0)
(299, 21.19104552268982, -740299.0, -44471.0)
(300, 21.284774780273438, -740299.0, -44471.0)
(301, 21.374404191970825, -740299.0, -44471.0)
(302, 21.464252710342407, -740299.0, -44471.0)
(303, 21.55928945541382, -740299.0, -44471.0)
(304, 21.64824652671814, -740299.0, -44471.0)
(305, 21.744032621383667, -740299.0, -44471.0)
(306, 21.84179711341858, -740299.0, -44471.0)
(307, 21.93942093849182, -740299.0, -44471.0)
(308, 22.036263942718506, -740299.0, -44471.0)
(309, 22.130669355392456, -740299.0, -44471.0)
(310, 22.22284746170044, -740299.0, -44471.0)
(311, 22.31571865081787, -740299.0, -44471.0)
(312, 22.409257411956787, -740299.0, -44471.0)
(313, 22.509721040725708, -740299.0, -44471.0)
(314, 22.602465629577637, -740299.0, -44471.0)
(315, 22.699594497680664, -740299.0, -44471.0)
(316, 22.79334783554077, -740299.0, -44471.0)
(317, 22.88404631614685, -740299.0, -44471.0)
(318, 22.989017248153687, -740299.0, -44471.0)
(319, 23.086567163467407, -740299.0, -44471.0)
(320, 23.184990882873535, -740299.0, -44471.0)
(321, 23.284078359603882, -740299.0, -44471.0)
(322, 23.37963104248047, -740299.0, -44471.0)
(323, 23.484513998031616, -740299.0, -44471.0)
(324, 23.57621431350708, -740299.0, -44471.0)
(325, 23.6705584526062, -740299.0, -44471.0)
(326, 23.767478227615356, -740299.0, -44471.0)
(327, 23.86165714263916, -740299.0, -44471.0)
(328, 23.95153498649597, -740299.0, -44471.0)
(329, 24.045546770095825, -740299.0, -44471.0)
(330, 24.137938499450684, -740299.0, -44471.0)
(331, 24.231056451797485, -740299.0, -44471.0)
(332, 24.32902479171753, -740299.0, -44471.0)
(333, 24.42578959465027, -740299.0, -44471.0)
(334, 24.518857717514038, -740299.0, -44471.0)
(335, 24.61416530609131, -740299.0, -44471.0)
(336, 24.707935094833374, -740299.0, -44471.0)
(337, 24.802871227264404, -740299.0, -44471.0)
(338, 24.901875257492065, -740299.0, -44471.0)
(339, 24.9941565990448, -740299.0, -44471.0)
(340, 25.093772649765015, -740299.0, -44471.0)
(341, 25.188742876052856, -740299.0, -44471.0)
(342, 25.28551959991455, -740299.0, -44471.0)
(343, 25.38610863685608, -740299.0, -44471.0)
(344, 25.489420413970947, -740299.0, -44471.0)
(345, 25.59304141998291, -740299.0, -44471.0)
(346, 25.690375804901123, -740299.0, -44471.0)
(347, 25.79129672050476, -740299.0, -44471.0)
(348, 25.88965106010437, -740299.0, -44471.0)
(349, 25.993922233581543, -740299.0, -44471.0)
(350, 26.102748155593872, -740299.0, -44471.0)
(351, 26.20173740386963, -740299.0, -44471.0)
(352, 26.30031681060791, -740299.0, -44471.0)
(353, 26.402251720428467, -740299.0, -44471.0)
(354, 26.50031042098999, -740299.0, -44471.0)
(355, 26.59630584716797, -740299.0, -44471.0)
(356, 26.692586660385132, -740299.0, -44471.0)
(357, 26.797884702682495, -740299.0, -44471.0)
(358, 26.893110036849976, -740299.0, -44471.0)
(359, 26.995800256729126, -740299.0, -44471.0)
(360, 27.098880767822266, -740299.0, -44471.0)
(361, 27.209447383880615, -740299.0, -44471.0)
(362, 27.31031847000122, -740299.0, -44471.0)
(363, 27.41625666618347, -740299.0, -44471.0)
(364, 27.517479419708252, -740299.0, -44471.0)
(365, 27.617353916168213, -740299.0, -44471.0)
(366, 27.71850895881653, -740299.0, -44471.0)
(367, 27.817492246627808, -740299.0, -44471.0)
(368, 27.91977858543396, -740299.0, -44471.0)
(369, 28.021307468414307, -740299.0, -44471.0)
(370, 28.12131381034851, -740299.0, -44471.0)
(371, 28.214152812957764, -740299.0, -44471.0)
(372, 28.321128845214844, -740299.0, -44471.0)
(373, 28.42588210105896, -740299.0, -44471.0)
(374, 28.530946254730225, -740299.0, -44471.0)
(375, 28.637184619903564, -740299.0, -44471.0)
(376, 28.74456763267517, -740299.0, -44471.0)
(377, 28.876843214035034, -740299.0, -44471.0)
(378, 28.992688417434692, -740299.0, -44471.0)
(379, 29.10583209991455, -740299.0, -44471.0)
(380, 29.20903253555298, -740299.0, -44471.0)
(381, 29.31205153465271, -740299.0, -44471.0)
(382, 29.40977954864502, -740299.0, -44471.0)
(383, 29.510917901992798, -740299.0, -44471.0)
(384, 29.609145641326904, -740299.0, -44471.0)
(385, 29.711981296539307, -740299.0, -44471.0)
(386, 29.814233541488647, -740299.0, -44471.0)
(387, 29.920787811279297, -740299.0, -44471.0)
(388, 30.02429699897766, -740299.0, -44471.0)
(389, 30.125375509262085, -740299.0, -44471.0)
(390, 30.227954387664795, -740299.0, -44471.0)
(391, 30.329448461532593, -740299.0, -44471.0)
(392, 30.432738780975342, -740299.0, -44471.0)
(393, 30.531991243362427, -740299.0, -44471.0)
(394, 30.63547444343567, -740299.0, -44471.0)
(395, 30.737184524536133, -740299.0, -44471.0)
(396, 30.840388298034668, -740299.0, -44471.0)
(397, 30.94613480567932, -740299.0, -44471.0)
(398, 31.049832344055176, -740299.0, -44471.0)
(399, 31.150277137756348, -740299.0, -44471.0)
(400, 31.253512859344482, -740299.0, -44471.0)
(401, 31.364637851715088, -740299.0, -44471.0)
(402, 31.469692707061768, -740299.0, -44471.0)
(403, 31.57489824295044, -740299.0, -44471.0)
(404, 31.684708833694458, -740299.0, -44471.0)
(405, 31.790037155151367, -740299.0, -44471.0)
(406, 31.89539933204651, -740299.0, -44471.0)
(407, 31.99675941467285, -740299.0, -44471.0)
(408, 32.107316970825195, -740299.0, -44471.0)
(409, 32.21270155906677, -740299.0, -44471.0)
(410, 32.31657934188843, -740299.0, -44471.0)
(411, 32.42287611961365, -740299.0, -44471.0)
(412, 32.53320813179016, -740299.0, -44471.0)
(413, 32.64331126213074, -740299.0, -44471.0)
(414, 32.76626396179199, -740299.0, -44471.0)
(415, 32.87149262428284, -740299.0, -44471.0)
(416, 32.974079608917236, -740299.0, -44471.0)
(417, 33.086942195892334, -740299.0, -44471.0)
(418, 33.2005717754364, -740299.0, -44471.0)
(419, 33.31317949295044, -740299.0, -44471.0)
(420, 33.41975998878479, -740299.0, -44471.0)
(421, 33.52223539352417, -740299.0, -44471.0)
(422, 33.62515449523926, -740299.0, -44471.0)
(423, 33.73515009880066, -740299.0, -44471.0)
(424, 33.84273624420166, -740299.0, -44471.0)
(425, 33.95431900024414, -740299.0, -44471.0)
(426, 34.05940890312195, -740299.0, -44471.0)
(427, 34.18484616279602, -740299.0, -44471.0)
(428, 34.302940368652344, -740299.0, -44471.0)
(429, 34.408260107040405, -740299.0, -44471.0)
(430, 34.516422271728516, -740299.0, -44471.0)
(431, 34.6184241771698, -740299.0, -44471.0)
(432, 34.73063611984253, -740299.0, -44471.0)
(433, 34.84580397605896, -740299.0, -44471.0)
(434, 34.95239520072937, -740299.0, -44471.0)
(435, 35.06584048271179, -740299.0, -44471.0)
(436, 35.17540407180786, -740299.0, -44471.0)
(437, 35.28838062286377, -740299.0, -44471.0)
(438, 35.406492948532104, -740299.0, -44471.0)
(439, 35.53744053840637, -740299.0, -44471.0)
(440, 35.64895057678223, -740299.0, -44471.0)
(441, 35.76033353805542, -740299.0, -44471.0)
(442, 35.87519836425781, -740299.0, -44471.0)
(443, 35.98997354507446, -740299.0, -44471.0)
(444, 36.0999014377594, -740299.0, -44471.0)
(445, 36.21290373802185, -740299.0, -44471.0)
(446, 36.320955753326416, -740299.0, -44471.0)
(447, 36.43690085411072, -740299.0, -44471.0)
(448, 36.55632138252258, -740299.0, -44471.0)
(449, 36.67038416862488, -740299.0, -44471.0)
(450, 36.787349224090576, -740299.0, -44471.0)
(451, 36.89999032020569, -740299.0, -44471.0)
(452, 37.023305892944336, -740299.0, -44471.0)
(453, 37.14141392707825, -740299.0, -44471.0)
(454, 37.26197004318237, -740299.0, -44471.0)
(455, 37.38670253753662, -740299.0, -44471.0)
(456, 37.50921559333801, -740299.0, -44471.0)
(457, 37.623584270477295, -740299.0, -44471.0)
(458, 37.74269890785217, -740299.0, -44471.0)
(459, 37.86646056175232, -740299.0, -44471.0)
(460, 37.98877811431885, -740299.0, -44471.0)
(461, 38.135077714920044, -740299.0, -44471.0)
(462, 38.254340410232544, -740299.0, -44471.0)
(463, 38.37454676628113, -740299.0, -44471.0)
(464, 38.493695974349976, -740299.0, -44471.0)
(465, 38.62479591369629, -740299.0, -44471.0)
(466, 38.760913133621216, -740299.0, -44471.0)
(467, 38.87778949737549, -740299.0, -44471.0)
(468, 38.99850678443909, -740299.0, -44471.0)
(469, 39.12055587768555, -740299.0, -44471.0)
(470, 39.23563504219055, -740299.0, -44471.0)
(471, 39.36003756523132, -740299.0, -44471.0)
(472, 39.48560833930969, -740299.0, -44471.0)
(473, 39.61283326148987, -740299.0, -44471.0)
(474, 39.73135948181152, -740299.0, -44471.0)
(475, 39.854087829589844, -740299.0, -44471.0)
(476, 39.976189851760864, -740299.0, -44471.0)
(477, 40.126678228378296, -740299.0, -44471.0)
(478, 40.243592262268066, -740299.0, -44471.0)
(479, 40.37281608581543, -740299.0, -44471.0)
(480, 40.48917078971863, -740299.0, -44471.0)
(481, 40.61869955062866, -740299.0, -44471.0)
(482, 40.74324703216553, -740299.0, -44471.0)
(483, 40.86518478393555, -740299.0, -44471.0)
(484, 40.994162797927856, -740299.0, -44471.0)
(485, 41.11135125160217, -740299.0, -44471.0)
(486, 41.23527812957764, -740299.0, -44471.0)
(487, 41.3589391708374, -740299.0, -44471.0)
(488, 41.488014698028564, -740299.0, -44471.0)
(489, 41.6034779548645, -740299.0, -44471.0)
(490, 41.724064350128174, -740299.0, -44471.0)
(491, 41.84290647506714, -740299.0, -44471.0)
(492, 41.95874643325806, -740299.0, -44471.0)
(493, 42.073633432388306, -740299.0, -44471.0)
(494, 42.192456007003784, -740299.0, -44471.0)
(495, 42.32952857017517, -740299.0, -44471.0)
(496, 42.46810221672058, -740299.0, -44471.0)
(497, 42.58251428604126, -740299.0, -44471.0)
(498, 42.714924812316895, -740299.0, -44471.0)
(499, 42.840476512908936, -740299.0, -44471.0)
(500, 42.96237659454346, -740299.0, -44471.0)
(501, 43.094595432281494, -740299.0, -44471.0)
(502, 43.223586082458496, -740299.0, -44471.0)
(503, 43.350627183914185, -740299.0, -44471.0)
(504, 43.47936749458313, -740299.0, -44471.0)
(505, 43.60871195793152, -740299.0, -44471.0)
(506, 43.74939560890198, -740299.0, -44471.0)
(507, 43.8729989528656, -740299.0, -44471.0)
(508, 43.996843338012695, -740299.0, -44471.0)
(509, 44.127344369888306, -740299.0, -44471.0)
(510, 44.263999462127686, -740299.0, -44471.0)
(511, 44.396793365478516, -740299.0, -44471.0)
(512, 44.52713227272034, -740299.0, -44471.0)
(513, 44.65115809440613, -740299.0, -44471.0)
(514, 44.77605485916138, -740299.0, -44471.0)
(515, 44.90466070175171, -740299.0, -44471.0)
(516, 45.036948680877686, -740299.0, -44471.0)
(517, 45.166319370269775, -740299.0, -44471.0)
(518, 45.342573165893555, -740299.0, -44471.0)
(519, 45.46283268928528, -740299.0, -44471.0)
(520, 45.59034204483032, -740299.0, -44471.0)
(521, 45.721705198287964, -740299.0, -44471.0)
(522, 45.84741425514221, -740299.0, -44471.0)
(523, 45.975162982940674, -740299.0, -44471.0)
(524, 46.102882623672485, -740299.0, -44471.0)
(525, 46.229047536849976, -740299.0, -44471.0)
(526, 46.354252338409424, -740299.0, -44471.0)
(527, 46.47396636009216, -740299.0, -44471.0)
(528, 46.59748554229736, -740299.0, -44471.0)
(529, 46.72450804710388, -740299.0, -44471.0)
(530, 46.860392570495605, -740299.0, -44471.0)
(531, 46.98952627182007, -740299.0, -44471.0)
(532, 47.11880850791931, -740299.0, -44471.0)
(533, 47.24081540107727, -740299.0, -44471.0)
(534, 47.365346908569336, -740299.0, -44471.0)
(535, 47.493340253829956, -740299.0, -44471.0)
(536, 47.62530565261841, -740299.0, -44471.0)
(537, 47.75371193885803, -740299.0, -44471.0)
(538, 47.88649559020996, -740299.0, -44471.0)
(539, 48.01607894897461, -740299.0, -44471.0)
(540, 48.150838136672974, -740299.0, -44471.0)
(541, 48.281052350997925, -740299.0, -44471.0)
(542, 48.406941175460815, -740299.0, -44471.0)
(543, 48.53939914703369, -740299.0, -44471.0)
(544, 48.68948459625244, -740299.0, -44471.0)
(545, 48.81597328186035, -740299.0, -44471.0)
(546, 48.946266174316406, -740299.0, -44471.0)
(547, 49.07962226867676, -740299.0, -44471.0)
(548, 49.20734691619873, -740299.0, -44471.0)
(549, 49.33554434776306, -740299.0, -44471.0)
(550, 49.46305465698242, -740299.0, -44471.0)
(551, 49.594367265701294, -740299.0, -44471.0)
(552, 49.72043228149414, -740299.0, -44471.0)
(553, 49.852978467941284, -740299.0, -44471.0)
(554, 49.986191749572754, -740299.0, -44471.0)
(555, 50.11763143539429, -740299.0, -44471.0)
(556, 50.24225831031799, -740299.0, -44471.0)
(557, 50.375654220581055, -740299.0, -44471.0)
(558, 50.51634502410889, -740299.0, -44471.0)
(559, 50.65478539466858, -740299.0, -44471.0)
(560, 50.78838777542114, -740299.0, -44471.0)
(561, 50.920753955841064, -740299.0, -44471.0)
(562, 51.04925489425659, -740299.0, -44471.0)
(563, 51.179869651794434, -740299.0, -44471.0)
(564, 51.30795907974243, -740299.0, -44471.0)
(565, 51.436450719833374, -740299.0, -44471.0)
(566, 51.57515072822571, -740299.0, -44471.0)
(567, 51.71607446670532, -740299.0, -44471.0)
(568, 51.844942808151245, -740299.0, -44471.0)
(569, 51.97170376777649, -740299.0, -44471.0)
(570, 52.1155321598053, -740299.0, -44471.0)
(571, 52.24651336669922, -740299.0, -44471.0)
(572, 52.38938546180725, -740299.0, -44471.0)
(573, 52.53234314918518, -740299.0, -44471.0)
(574, 52.658626556396484, -740299.0, -44471.0)
(575, 52.79412531852722, -740299.0, -44471.0)
(576, 52.92535948753357, -740299.0, -44471.0)
(577, 53.0781786441803, -740299.0, -44471.0)
(578, 53.208447217941284, -740299.0, -44471.0)
(579, 53.352099657058716, -740299.0, -44471.0)
(580, 53.49390435218811, -740299.0, -44471.0)
(581, 53.633307456970215, -740299.0, -44471.0)
(582, 53.7654447555542, -740299.0, -44471.0)
(583, 53.902344703674316, -740299.0, -44471.0)
(584, 54.04031801223755, -740299.0, -44471.0)
(585, 54.174790143966675, -740299.0, -44471.0)
(586, 54.31205701828003, -740299.0, -44471.0)
(587, 54.4452908039093, -740299.0, -44471.0)
(588, 54.58325386047363, -740299.0, -44471.0)
(589, 54.721290588378906, -740299.0, -44471.0)
(590, 54.86047887802124, -740299.0, -44471.0)
(591, 55.001803159713745, -740299.0, -44471.0)
(592, 55.13917660713196, -740299.0, -44471.0)
(593, 55.27887487411499, -740299.0, -44471.0)
(594, 55.41996955871582, -740299.0, -44471.0)
(595, 55.56092166900635, -740299.0, -44471.0)
(596, 55.70088529586792, -740299.0, -44471.0)
(597, 55.84289026260376, -740299.0, -44471.0)
(598, 55.99302434921265, -740299.0, -44471.0)
(599, 56.13993716239929, -740299.0, -44471.0)
(600, 56.29946041107178, -740299.0, -44471.0)
(601, 56.44961595535278, -740299.0, -44471.0)
(602, 56.591876745224, -740299.0, -44471.0)
(603, 56.7264301776886, -740299.0, -44471.0)
(604, 56.86763310432434, -740299.0, -44471.0)
(605, 57.01467323303223, -740299.0, -44471.0)
(606, 57.153016328811646, -740299.0, -44471.0)
(607, 57.28630876541138, -740299.0, -44471.0)
(608, 57.43052077293396, -740299.0, -44471.0)
(609, 57.57138133049011, -740299.0, -44471.0)
(610, 57.705679416656494, -740299.0, -44471.0)
(611, 57.84858250617981, -740299.0, -44471.0)
(612, 57.98528695106506, -740299.0, -44471.0)
(613, 58.12368941307068, -740299.0, -44471.0)
(614, 58.275431632995605, -740299.0, -44471.0)
(615, 58.41887855529785, -740299.0, -44471.0)
(616, 58.56227731704712, -740299.0, -44471.0)
(617, 58.70140814781189, -740299.0, -44471.0)
(618, 58.84610319137573, -740299.0, -44471.0)
(619, 58.99652099609375, -740299.0, -44471.0)
(620, 59.1339054107666, -740299.0, -44471.0)
(621, 59.2784788608551, -740299.0, -44471.0)
(622, 59.428972005844116, -740299.0, -44471.0)
(623, 59.57447791099548, -740299.0, -44471.0)
(624, 59.72897958755493, -740299.0, -44471.0)
(625, 59.868488788604736, -740299.0, -44471.0)
(626, 60.01969766616821, -740299.0, -44471.0)
(627, 60.17877149581909, -740299.0, -44471.0)
(628, 60.33129596710205, -740299.0, -44471.0)
(629, 60.49866032600403, -740299.0, -44471.0)
(630, 60.646098136901855, -740299.0, -44471.0)
(631, 60.800671339035034, -740299.0, -44471.0)
(632, 60.94446420669556, -740299.0, -44471.0)
(633, 61.08700656890869, -740299.0, -44471.0)
(634, 61.231367111206055, -740299.0, -44471.0)
(635, 61.35903525352478, -740299.0, -44471.0)
(636, 61.49993658065796, -740299.0, -44471.0)
(637, 61.64246940612793, -740299.0, -44471.0)
(638, 61.80711817741394, -740299.0, -44471.0)
(639, 61.9384868144989, -740299.0, -44471.0)
(640, 62.0841498374939, -740299.0, -44471.0)
(641, 62.22900176048279, -740299.0, -44471.0)
(642, 62.36861872673035, -740299.0, -44471.0)
(643, 62.5113685131073, -740299.0, -44471.0)
(644, 62.65209484100342, -740299.0, -44471.0)
(645, 62.8075110912323, -740299.0, -44471.0)
(646, 62.9480721950531, -740299.0, -44471.0)
(647, 63.0971474647522, -740299.0, -44471.0)
(648, 63.23821711540222, -740299.0, -44471.0)
(649, 63.38832235336304, -740299.0, -44471.0)
(650, 63.53387904167175, -740299.0, -44471.0)
(651, 63.682769775390625, -740299.0, -44471.0)
(652, 63.842196464538574, -740299.0, -44471.0)
(653, 64.00157761573792, -740299.0, -44471.0)
(654, 64.14819812774658, -740299.0, -44471.0)
(655, 64.29803609848022, -740299.0, -44471.0)
(656, 64.44203400611877, -740299.0, -44471.0)
(657, 64.57484340667725, -740299.0, -44471.0)
(658, 64.72849893569946, -740299.0, -44471.0)
(659, 64.87950134277344, -740299.0, -44471.0)
(660, 65.02985095977783, -740299.0, -44471.0)
(661, 65.17642188072205, -740299.0, -44471.0)
(662, 65.32657980918884, -740299.0, -44471.0)
(663, 65.48980832099915, -740299.0, -44471.0)
(664, 65.64431929588318, -740299.0, -44471.0)
(665, 65.80438661575317, -740299.0, -44471.0)
(666, 65.97583532333374, -740299.0, -44471.0)
(667, 66.14107394218445, -740299.0, -44471.0)
(668, 66.28807497024536, -740299.0, -44471.0)
(669, 66.4401605129242, -740299.0, -44471.0)
(670, 66.58933925628662, -740299.0, -44471.0)
(671, 66.73055624961853, -740299.0, -44471.0)
(672, 66.87538504600525, -740299.0, -44471.0)
(673, 67.02514290809631, -740299.0, -44471.0)
(674, 67.18832588195801, -740299.0, -44471.0)
(675, 67.33740329742432, -740299.0, -44471.0)
(676, 67.4854896068573, -740299.0, -44471.0)
(677, 67.63797855377197, -740299.0, -44471.0)
(678, 67.78427338600159, -740299.0, -44471.0)
(679, 67.93703484535217, -740299.0, -44471.0)
(680, 68.08699774742126, -740299.0, -44471.0)
(681, 68.23826766014099, -740299.0, -44471.0)
(682, 68.41375231742859, -740299.0, -44471.0)
(683, 68.5784924030304, -740299.0, -44471.0)
(684, 68.74418187141418, -740299.0, -44471.0)
(685, 68.91820430755615, -740299.0, -44471.0)
(686, 69.06987357139587, -740299.0, -44471.0)
(687, 69.23742628097534, -740299.0, -44471.0)
(688, 69.4008378982544, -740299.0, -44471.0)
(689, 69.57857275009155, -740299.0, -44471.0)
(690, 69.74454712867737, -740299.0, -44471.0)
(691, 69.90484690666199, -740299.0, -44471.0)
(692, 70.06803488731384, -740299.0, -44471.0)
(693, 70.23222041130066, -740299.0, -44471.0)
(694, 70.38401699066162, -740299.0, -44471.0)
(695, 70.53659629821777, -740299.0, -44471.0)
(696, 70.69998621940613, -740299.0, -44471.0)
(697, 70.8495237827301, -740299.0, -44471.0)
(698, 71.00106739997864, -740299.0, -44471.0)
(699, 71.15343880653381, -740299.0, -44471.0)
(700, 71.31720399856567, -740299.0, -44471.0)
(701, 71.47219133377075, -740299.0, -44471.0)
(702, 71.62370133399963, -740299.0, -44471.0)
(703, 71.79300546646118, -740299.0, -44471.0)
(704, 71.96600127220154, -740299.0, -44471.0)
(705, 72.12989020347595, -740299.0, -44471.0)
(706, 72.29587483406067, -740299.0, -44471.0)
(707, 72.45412063598633, -740299.0, -44471.0)
(708, 72.62108492851257, -740299.0, -44471.0)
(709, 72.79270243644714, -740299.0, -44471.0)
(710, 72.9607322216034, -740299.0, -44471.0)
(711, 73.11926555633545, -740299.0, -44471.0)
(712, 73.2928032875061, -740299.0, -44471.0)
(713, 73.48631525039673, -740299.0, -44471.0)
(714, 73.64811491966248, -740299.0, -44471.0)
(715, 73.81209468841553, -740299.0, -44471.0)
(716, 73.96715927124023, -740299.0, -44471.0)
(717, 74.13112163543701, -740299.0, -44471.0)
(718, 74.29699444770813, -740299.0, -44471.0)
(719, 74.45685529708862, -740299.0, -44471.0)
(720, 74.6164391040802, -740299.0, -44471.0)
(721, 74.78598022460938, -740299.0, -44471.0)
(722, 74.9486620426178, -740299.0, -44471.0)
(723, 75.09942269325256, -740299.0, -44471.0)
(724, 75.26700139045715, -740299.0, -44471.0)
(725, 75.44258046150208, -740299.0, -44471.0)
(726, 75.61875128746033, -740299.0, -44471.0)
(727, 75.7848002910614, -740299.0, -44471.0)
(728, 75.94488573074341, -740299.0, -44471.0)
(729, 76.10688591003418, -740299.0, -44471.0)
(730, 76.27928352355957, -740299.0, -44471.0)
(731, 76.47099781036377, -740299.0, -44471.0)
(732, 76.64875292778015, -740299.0, -44471.0)
(733, 76.82793188095093, -740299.0, -44471.0)
(734, 76.99260354042053, -740299.0, -44471.0)
(735, 77.18250894546509, -740299.0, -44471.0)
(736, 77.37264490127563, -740299.0, -44471.0)
(737, 77.55143904685974, -740299.0, -44471.0)
(738, 77.69949412345886, -740299.0, -44471.0)
(739, 77.86548686027527, -740299.0, -44471.0)
(740, 78.04394626617432, -740299.0, -44471.0)
(741, 78.23592805862427, -740299.0, -44471.0)
(742, 78.38358449935913, -740299.0, -44471.0)
(743, 78.529296875, -740299.0, -44471.0)
(744, 78.67166924476624, -740299.0, -44471.0)
(745, 78.82380557060242, -740299.0, -44471.0)
(746, 78.97036457061768, -740299.0, -44471.0)
(747, 79.11197137832642, -740299.0, -44471.0)
(748, 79.25157642364502, -740299.0, -44471.0)
(749, 79.39415335655212, -740299.0, -44471.0)
(750, 79.53535151481628, -740299.0, -44471.0)
(751, 79.68302083015442, -740299.0, -44471.0)
(752, 79.83694958686829, -740299.0, -44471.0)
(753, 79.97767496109009, -740299.0, -44471.0)
(754, 80.12643790245056, -740299.0, -44471.0)
(755, 80.27719187736511, -740299.0, -44471.0)
(756, 80.43192553520203, -740299.0, -44471.0)
(757, 80.57614040374756, -740299.0, -44471.0)
(758, 80.7228786945343, -740299.0, -44471.0)
(759, 80.87729954719543, -740299.0, -44471.0)
(760, 81.02568411827087, -740299.0, -44471.0)
(761, 81.17443251609802, -740299.0, -44471.0)
(762, 81.32025194168091, -740299.0, -44471.0)
(763, 81.47406911849976, -740299.0, -44471.0)
(764, 81.62326383590698, -740299.0, -44471.0)
(765, 81.76951694488525, -740299.0, -44471.0)
(766, 81.91858625411987, -740299.0, -44471.0)
(767, 82.06446838378906, -740299.0, -44471.0)
(768, 82.21264600753784, -740299.0, -44471.0)
(769, 82.36552691459656, -740299.0, -44471.0)
(770, 82.51231336593628, -740299.0, -44471.0)
(771, 82.67452073097229, -740299.0, -44471.0)
(772, 82.83421421051025, -740299.0, -44471.0)
(773, 82.9962842464447, -740299.0, -44471.0)
(774, 83.15011501312256, -740299.0, -44471.0)
(775, 83.31205654144287, -740299.0, -44471.0)
(776, 83.46172785758972, -740299.0, -44471.0)
(777, 83.61877465248108, -740299.0, -44471.0)
(778, 83.77144885063171, -740299.0, -44471.0)
(779, 83.9278609752655, -740299.0, -44471.0)
(780, 84.08328604698181, -740299.0, -44471.0)
(781, 84.24109721183777, -740299.0, -44471.0)
(782, 84.39378428459167, -740299.0, -44471.0)
(783, 84.55087113380432, -740299.0, -44471.0)
(784, 84.7053484916687, -740299.0, -44471.0)
(785, 84.86208176612854, -740299.0, -44471.0)
(786, 85.01938700675964, -740299.0, -44471.0)
(787, 85.16880226135254, -740299.0, -44471.0)
(788, 85.3388922214508, -740299.0, -44471.0)
(789, 85.48920178413391, -740299.0, -44471.0)
(790, 85.64539456367493, -740299.0, -44471.0)
(791, 85.80714058876038, -740299.0, -44471.0)
(792, 85.9736442565918, -740299.0, -44471.0)
(793, 86.13885807991028, -740299.0, -44471.0)
(794, 86.31399512290955, -740299.0, -44471.0)
(795, 86.47900891304016, -740299.0, -44471.0)
(796, 86.6503586769104, -740299.0, -44471.0)
(797, 86.81509375572205, -740299.0, -44471.0)
(798, 86.97889709472656, -740299.0, -44471.0)
(799, 87.15240216255188, -740299.0, -44471.0)
(800, 87.318683385849, -740299.0, -44471.0)
(801, 87.49052357673645, -740299.0, -44471.0)
(802, 87.66700959205627, -740299.0, -44471.0)
(803, 87.84664559364319, -740299.0, -44471.0)
(804, 88.01858496665955, -740299.0, -44471.0)
(805, 88.19445896148682, -740299.0, -44471.0)
(806, 88.38798689842224, -740299.0, -44471.0)
(807, 88.54329919815063, -740299.0, -44471.0)
(808, 88.69407391548157, -740299.0, -44471.0)
(809, 88.85065650939941, -740299.0, -44471.0)
(810, 89.01056432723999, -740299.0, -44471.0)
(811, 89.17471027374268, -740299.0, -44471.0)
(812, 89.3315761089325, -740299.0, -44471.0)
(813, 89.4922833442688, -740299.0, -44471.0)
(814, 89.65587258338928, -740299.0, -44471.0)
(815, 89.82386231422424, -740299.0, -44471.0)
(816, 89.978271484375, -740299.0, -44471.0)
(817, 90.13892197608948, -740299.0, -44471.0)
(818, 90.30295062065125, -740299.0, -44471.0)
(819, 90.4611029624939, -740299.0, -44471.0)
(820, 90.63426232337952, -740299.0, -44471.0)
(821, 90.81041240692139, -740299.0, -44471.0)
(822, 90.97856640815735, -740299.0, -44471.0)
(823, 91.14403915405273, -740299.0, -44471.0)
(824, 91.31661701202393, -740299.0, -44471.0)
(825, 91.49677395820618, -740299.0, -44471.0)
(826, 91.66437530517578, -740299.0, -44471.0)
(827, 91.83927726745605, -740299.0, -44471.0)
(828, 92.00866365432739, -740299.0, -44471.0)
(829, 92.18455290794373, -740299.0, -44471.0)
(830, 92.37897276878357, -740299.0, -44471.0)
(831, 92.55594444274902, -740299.0, -44471.0)
(832, 92.73518490791321, -740299.0, -44471.0)
(833, 92.90737867355347, -740299.0, -44471.0)
(834, 93.08423900604248, -740299.0, -44471.0)
(835, 93.26265215873718, -740299.0, -44471.0)
(836, 93.44670629501343, -740299.0, -44471.0)
(837, 93.62244272232056, -740299.0, -44471.0)
(838, 93.79155158996582, -740299.0, -44471.0)
(839, 93.95933794975281, -740299.0, -44471.0)
(840, 94.13053679466248, -740299.0, -44471.0)
(841, 94.30821681022644, -740299.0, -44471.0)
(842, 94.47717690467834, -740299.0, -44471.0)
(843, 94.65134024620056, -740299.0, -44471.0)
(844, 94.82803654670715, -740299.0, -44471.0)
(845, 95.01649522781372, -740299.0, -44471.0)
(846, 95.21725535392761, -740299.0, -44471.0)
(847, 95.39861178398132, -740299.0, -44471.0)
(848, 95.57889699935913, -740299.0, -44471.0)
(849, 95.77463603019714, -740299.0, -44471.0)
(850, 95.95688557624817, -740299.0, -44471.0)
(851, 96.12501907348633, -740299.0, -44471.0)
(852, 96.30322861671448, -740299.0, -44471.0)
(853, 96.47611379623413, -740299.0, -44471.0)
(854, 96.66036248207092, -740299.0, -44471.0)
(855, 96.84524750709534, -740299.0, -44471.0)
(856, 97.01878881454468, -740299.0, -44471.0)
(857, 97.21014308929443, -740299.0, -44471.0)
(858, 97.40203714370728, -740299.0, -44471.0)
(859, 97.57392621040344, -740299.0, -44471.0)
(860, 97.75986814498901, -740299.0, -44471.0)
(861, 97.94857716560364, -740299.0, -44471.0)
(862, 98.13213896751404, -740299.0, -44471.0)
(863, 98.31185793876648, -740299.0, -44471.0)
(864, 98.50110220909119, -740299.0, -44471.0)
(865, 98.68948101997375, -740299.0, -44471.0)
(866, 98.87532925605774, -740299.0, -44471.0)
(867, 99.05035662651062, -740299.0, -44471.0)
(868, 99.24821043014526, -740299.0, -44471.0)
(869, 99.43502521514893, -740299.0, -44471.0)
(870, 99.62311506271362, -740299.0, -44471.0)
(871, 99.83655428886414, -740299.0, -44471.0)
(872, 100.04031372070312, -740299.0, -44471.0)
(873, 100.24736428260803, -740299.0, -44471.0)
(874, 100.43198037147522, -740299.0, -44471.0)
(875, 100.62246108055115, -740299.0, -44471.0)
(876, 100.82042670249939, -740299.0, -44471.0)
(877, 101.01757597923279, -740299.0, -44471.0)
(878, 101.21684765815735, -740299.0, -44471.0)
(879, 101.40591430664062, -740299.0, -44471.0)
(880, 101.58791732788086, -740299.0, -44471.0)
(881, 101.80807495117188, -740299.0, -44471.0)
(882, 101.98671579360962, -740299.0, -44471.0)
(883, 102.15372610092163, -740299.0, -44471.0)
(884, 102.32153415679932, -740299.0, -44471.0)
(885, 102.4903302192688, -740299.0, -44471.0)
(886, 102.66596961021423, -740299.0, -44471.0)
(887, 102.84317779541016, -740299.0, -44471.0)
(888, 103.02049350738525, -740299.0, -44471.0)
(889, 103.19226241111755, -740299.0, -44471.0)
(890, 103.3667004108429, -740299.0, -44471.0)
(891, 103.54426598548889, -740299.0, -44471.0)
(892, 103.71489930152893, -740299.0, -44471.0)
(893, 103.89697217941284, -740299.0, -44471.0)
(894, 104.07303667068481, -740299.0, -44471.0)
(895, 104.25025510787964, -740299.0, -44471.0)
(896, 104.43067789077759, -740299.0, -44471.0)
(897, 104.61222815513611, -740299.0, -44471.0)
(898, 104.78570914268494, -740299.0, -44471.0)
(899, 104.97060823440552, -740299.0, -44471.0)
(900, 105.14497923851013, -740299.0, -44471.0)
(901, 105.31641674041748, -740299.0, -44471.0)
(902, 105.50528216362, -740299.0, -44471.0)
(903, 105.68145847320557, -740299.0, -44471.0)
(904, 105.85116577148438, -740299.0, -44471.0)
(905, 106.04180216789246, -740299.0, -44471.0)
(906, 106.2134907245636, -740299.0, -44471.0)
(907, 106.40796184539795, -740299.0, -44471.0)
(908, 106.58822321891785, -740299.0, -44471.0)
(909, 106.76072788238525, -740299.0, -44471.0)
(910, 106.94839787483215, -740299.0, -44471.0)
(911, 107.14758014678955, -740299.0, -44471.0)
(912, 107.3595986366272, -740299.0, -44471.0)
(913, 107.54014897346497, -740299.0, -44471.0)
(914, 107.7420825958252, -740299.0, -44471.0)
(915, 107.94067740440369, -740299.0, -44471.0)
(916, 108.12919735908508, -740299.0, -44471.0)
(917, 108.33296132087708, -740299.0, -44471.0)
(918, 108.52902913093567, -740299.0, -44471.0)
(919, 108.73050785064697, -740299.0, -44471.0)
(920, 108.93023347854614, -740299.0, -44471.0)
(921, 109.11921858787537, -740299.0, -44471.0)
(922, 109.31964206695557, -740299.0, -44471.0)
(923, 109.5162136554718, -740299.0, -44471.0)
(924, 109.71571159362793, -740299.0, -44471.0)
(925, 109.95203256607056, -740299.0, -44471.0)
(926, 110.16491174697876, -740299.0, -44471.0)
(927, 110.37254571914673, -740299.0, -44471.0)
(928, 110.57844161987305, -740299.0, -44471.0)
(929, 110.77911281585693, -740299.0, -44471.0)
(930, 110.97533893585205, -740299.0, -44471.0)
(931, 111.1786253452301, -740299.0, -44471.0)
(932, 111.37094926834106, -740299.0, -44471.0)
(933, 111.57633137702942, -740299.0, -44471.0)
(934, 111.75709891319275, -740299.0, -44471.0)
(935, 111.93452310562134, -740299.0, -44471.0)
(936, 112.15961956977844, -740299.0, -44471.0)
(937, 112.3499526977539, -740299.0, -44471.0)
(938, 112.54522681236267, -740299.0, -44471.0)
(939, 112.74747467041016, -740299.0, -44471.0)
(940, 112.94614839553833, -740299.0, -44471.0)
(941, 113.16264653205872, -740299.0, -44471.0)
(942, 113.37655234336853, -740299.0, -44471.0)
(943, 113.58646178245544, -740299.0, -44471.0)
(944, 113.79317855834961, -740299.0, -44471.0)
(945, 113.9882743358612, -740299.0, -44471.0)
(946, 114.18198800086975, -740299.0, -44471.0)
(947, 114.38227772712708, -740299.0, -44471.0)
(948, 114.59605312347412, -740299.0, -44471.0)
(949, 114.79318428039551, -740299.0, -44471.0)
(950, 115.00953078269958, -740299.0, -44471.0)
(951, 115.21067309379578, -740299.0, -44471.0)
(952, 115.41866660118103, -740299.0, -44471.0)
(953, 115.62789154052734, -740299.0, -44471.0)
(954, 115.82625794410706, -740299.0, -44471.0)
(955, 116.01077508926392, -740299.0, -44471.0)
(956, 116.21822166442871, -740299.0, -44471.0)
(957, 116.42993474006653, -740299.0, -44471.0)
(958, 116.62983274459839, -740299.0, -44471.0)
(959, 116.83540439605713, -740299.0, -44471.0)
(960, 117.04670715332031, -740299.0, -44471.0)
(961, 117.24975919723511, -740299.0, -44471.0)
(962, 117.46378707885742, -740299.0, -44471.0)
(963, 117.66567373275757, -740299.0, -44471.0)
(964, 117.88820123672485, -740299.0, -44471.0)
(965, 118.10973906517029, -740299.0, -44471.0)
(966, 118.31787109375, -740299.0, -44471.0)
(967, 118.54170870780945, -740299.0, -44471.0)
(968, 118.75518798828125, -740299.0, -44471.0)
(969, 118.98440885543823, -740299.0, -44471.0)
(970, 119.18686723709106, -740299.0, -44471.0)
(971, 119.39425230026245, -740299.0, -44471.0)
(972, 119.64306282997131, -740299.0, -44471.0)
(973, 119.86764311790466, -740299.0, -44471.0)
(974, 120.09305834770203, -740299.0, -44471.0)
(975, 120.31785011291504, -740299.0, -44471.0)
(976, 120.5279610157013, -740299.0, -44471.0)
(977, 120.74053311347961, -740299.0, -44471.0)
(978, 120.95404362678528, -740299.0, -44471.0)
(979, 121.16379308700562, -740299.0, -44471.0)
(980, 121.4057924747467, -740299.0, -44471.0)
(981, 121.6519947052002, -740299.0, -44471.0)
(982, 121.91289281845093, -740299.0, -44471.0)
(983, 122.11164259910583, -740299.0, -44471.0)
(984, 122.30155324935913, -740299.0, -44471.0)
(985, 122.48376989364624, -740299.0, -44471.0)
(986, 122.67438888549805, -740299.0, -44471.0)
(987, 122.86321997642517, -740299.0, -44471.0)
(988, 123.0552146434784, -740299.0, -44471.0)
(989, 123.25325465202332, -740299.0, -44471.0)
(990, 123.44217777252197, -740299.0, -44471.0)
(991, 123.62750720977783, -740299.0, -44471.0)
(992, 123.81656861305237, -740299.0, -44471.0)
(993, 124.01884055137634, -740299.0, -44471.0)
(994, 124.20120692253113, -740299.0, -44471.0)
(995, 124.39100623130798, -740299.0, -44471.0)
(996, 124.58499121665955, -740299.0, -44471.0)
(997, 124.78013110160828, -740299.0, -44471.0)
(998, 124.98058080673218, -740299.0, -44471.0)
(999, 125.17077875137329, -740299.0, -44471.0)
(1000, 125.36515784263611, -740299.0, -44471.0)
