(1, 0.13750982284545898, -1439622.0, -45127.0)
(2, 0.3068428039550781, -661149.1794922984, -45127.0)
(3, 0.4502599239349365, -430650.9683542195, -45127.0)
(4, 0.697608470916748, -285812.5516654981, -45127.0)
(5, 0.9668972492218018, -169810.98009852262, -45127.0)
(6, 1.3021769523620605, -114234.27251221804, -45127.0)
(7, 1.7266216278076172, -105266.9724484, -45127.0)
(8, 2.1615214347839355, -105266.9724484, -83540.58095832504)
(9, 2.6821446418762207, -91223.92715988128, -83659.4808613845)
(10, 3.252610445022583, -90778.55679200617, -83694.02914163038)
(11, 4.038099527359009, -86761.46108551123, -83818.75248740672)
(12, 5.1183388233184814, -85133.934221232, -83875.26477536467)
(13, 6.235983610153198, -84500.4241039149, -83900.13583412579)
(14, 7.452402830123901, -84111.50656053823, -83909.02190856427)
(15, 8.849307537078857, -83987.9614550143, -83911.14078516027)
(16, 10.194791316986084, -83936.50955884055, -83911.92645122623)
(17, 11.546040058135986, -83919.99720929119, -83912.20143137935)
(18, 12.970707654953003, -83914.57757094824, -83912.20143137932)
(19, 14.452456712722778, -83912.91427324164, -83912.20143137938)
(20, 15.950679063796997, -83912.46810906622, -83912.20143137938)
(21, 17.372215747833252, -83912.28979910699, -83912.20143137933)
(22, 19.029226064682007, -83912.22794169378, -83912.20143137935)
(23, 20.764731407165527, -83912.20938447486, -83912.20143137942)
