(1, 0.15971755981445312, -1902281.0, -61772.0)
(2, 0.34337449073791504, -843443.5512579093, -61772.0)
(3, 0.5363335609436035, -560811.5953027997, -61772.0)
(4, 0.7493100166320801, -376510.81100778317, -61772.0)
(5, 0.9942378997802734, -251669.44414844783, -61772.0)
(6, 1.2624378204345703, -184118.99965975253, -61772.0)
(7, 1.553394079208374, -162932.32030432718, -61772.0)
(8, 1.8872931003570557, -162932.32030432718, -121208.48999314838)
(9, 2.3023386001586914, -152487.19030041667, -121934.35314858155)
(10, 2.830498695373535, -138970.19544453875, -122141.88142412683)
(11, 3.5128533840179443, -133729.17186558666, -122271.1992404031)
(12, 4.340475797653198, -131687.14363225107, -122326.89041654485)
(13, 5.4077370166778564, -128875.53650475298, -122425.92441417757)
(14, 6.654949188232422, -128077.43820904735, -122476.43351021057)
(15, 8.172034502029419, -125399.75025565, -122650.38992488064)
(16, 9.927891254425049, -124959.68564378616, -122678.14501577111)
(17, 10.665790796279907, -123875.75930441798, -122724.56077331021)
(18, 11.470089197158813, -123466.82902698165, -122747.3355092472)
(19, 12.353685140609741, -123007.26590364185, -122766.6427441985)
(20, 13.283040761947632, -122915.4968884058, -122768.51956522957)
(21, 14.263272047042847, -122814.05108350744, -122770.57430997884)
(22, 15.291155099868774, -122783.61734203732, -122770.5743099788)
(23, 16.367727756500244, -122774.48721959339, -122770.57430997887)
(24, 17.484982013702393, -122771.74818285878, -122770.57430997874)
(25, 18.68188762664795, -122770.92647167282, -122770.57430997882)
(26, 19.937814950942993, -122770.67995848523, -122770.5743099788)
(27, 21.131659269332886, -122770.60600453142, -122770.5743099787)
