(1, 0.22955060005187988, -834407.0, -80958.0)
(2, 0.5279316902160645, -401511.6634072972, -80958.0)
(3, 0.7928192615509033, -320065.07449673285, -80958.0)
(4, 1.0542125701904297, -290706.2829023068, -80958.0)
(5, 1.3407762050628662, -260756.49410904865, -80958.0)
(6, 1.6153209209442139, -244522.58105727122, -80958.0)
(7, 1.8753180503845215, -237088.31646686292, -80958.0)
(8, 2.147078275680542, -228642.1892636448, -80958.0)
(9, 2.416414499282837, -222450.46972423457, -80958.0)
(10, 2.693394422531128, -217536.91370558576, -80958.0)
(11, 2.92314076423645, -212449.5655497738, -80958.0)
(12, 3.1795384883880615, -207195.58180211842, -80958.0)
(13, 3.4386210441589355, -202374.18471483758, -80958.0)
(14, 3.700209856033325, -197304.83791594097, -80958.0)
(15, 3.95172381401062, -191577.2334883547, -80958.0)
(16, 4.150678634643555, -191577.2334883547, -80958.0)
(17, 4.345253944396973, -191577.2334883547, -80958.0)
(18, 4.578109502792358, -191577.2334883547, -80958.0)
(19, 4.88614559173584, -191577.2334883547, -116860.9828736267)
(20, 5.2296977043151855, -183209.45262309385, -122403.5019810896)
(21, 5.592466592788696, -170385.34278863136, -122469.61469552445)
(22, 6.042264938354492, -168221.96198656945, -122563.13857247212)
(23, 6.5620200634002686, -158772.3912299537, -122617.47182287616)
(24, 7.044259071350098, -153829.29141511314, -122617.9731955848)
(25, 7.572808265686035, -150154.6943655706, -122626.44002049763)
(26, 8.127771377563477, -146002.03951392137, -122633.42305260686)
(27, 8.699973106384277, -143455.0957010861, -122646.04178550265)
(28, 9.393015384674072, -139935.59061929054, -122653.48896895572)
(29, 10.093469142913818, -135638.48196203468, -122674.50784383959)
(30, 10.82742691040039, -131949.26553946416, -122678.11922773704)
(31, 11.673169374465942, -127501.08376847219, -122678.20838630092)
(32, 12.645472764968872, -126699.8665125238, -122685.82874571609)
(33, 13.628134727478027, -124583.64996547563, -122691.40649558707)
(34, 14.63805890083313, -124469.15571954563, -122698.5601654913)
