(1, 0.10272336006164551, -1287988.0, -39483.0)
(2, 0.20031213760375977, -1287988.0, -39483.0)
(3, 0.29743170738220215, -1287988.0, -39483.0)
(4, 0.39481019973754883, -1287988.0, -39483.0)
(5, 0.4919741153717041, -1287988.0, -39483.0)
(6, 0.5885913372039795, -1287988.0, -39483.0)
(7, 0.685417890548706, -1287988.0, -39483.0)
(8, 0.7824201583862305, -1287988.0, -39483.0)
(9, 0.8795266151428223, -1287988.0, -39483.0)
(10, 0.9768340587615967, -1287988.0, -39483.0)
(11, 1.074596643447876, -1287988.0, -39483.0)
(12, 1.1723601818084717, -1287988.0, -39483.0)
(13, 1.2697811126708984, -1287988.0, -39483.0)
(14, 1.3669042587280273, -1287988.0, -39483.0)
(15, 1.4631452560424805, -1287988.0, -39483.0)
(16, 1.5592164993286133, -1287988.0, -39483.0)
(17, 1.6585047245025635, -1287988.0, -39483.0)
(18, 1.757049798965454, -1287988.0, -39483.0)
(19, 1.855288028717041, -1287988.0, -39483.0)
(20, 1.9543170928955078, -1287988.0, -39483.0)
(21, 2.0537471771240234, -1287988.0, -39483.0)
(22, 2.1524338722229004, -1287988.0, -39483.0)
(23, 2.2517566680908203, -1287988.0, -39483.0)
(24, 2.350851535797119, -1287988.0, -39483.0)
(25, 2.4508373737335205, -1287988.0, -39483.0)
(26, 2.5489983558654785, -1287988.0, -39483.0)
(27, 2.6474051475524902, -1287988.0, -39483.0)
(28, 2.7445883750915527, -1287988.0, -39483.0)
(29, 2.8423984050750732, -1287988.0, -39483.0)
(30, 2.9422402381896973, -1287988.0, -39483.0)
(31, 3.041895866394043, -1287988.0, -39483.0)
(32, 3.143429756164551, -1287988.0, -39483.0)
(33, 3.2438015937805176, -1287988.0, -39483.0)
(34, 3.3450260162353516, -1287988.0, -39483.0)
(35, 3.4458723068237305, -1287988.0, -39483.0)
(36, 3.5470786094665527, -1287988.0, -39483.0)
(37, 3.6479809284210205, -1287988.0, -39483.0)
(38, 3.7496721744537354, -1287988.0, -39483.0)
(39, 3.8499484062194824, -1287988.0, -39483.0)
(40, 3.950751543045044, -1287988.0, -39483.0)
(41, 4.052003383636475, -1287988.0, -39483.0)
(42, 4.152092218399048, -1287988.0, -39483.0)
(43, 4.253552675247192, -1287988.0, -39483.0)
(44, 4.354645490646362, -1287988.0, -39483.0)
(45, 4.4770660400390625, -1287988.0, -39483.0)
(46, 4.584134340286255, -1287988.0, -39483.0)
(47, 4.690924882888794, -1287988.0, -39483.0)
(48, 4.795275449752808, -1287988.0, -39483.0)
(49, 4.8995513916015625, -1287988.0, -39483.0)
(50, 5.003058671951294, -1287988.0, -39483.0)
(51, 5.107215404510498, -1287988.0, -39483.0)
(52, 5.212519645690918, -1287988.0, -39483.0)
(53, 5.317187786102295, -1287988.0, -39483.0)
(54, 5.4217588901519775, -1287988.0, -39483.0)
(55, 5.526743173599243, -1287988.0, -39483.0)
(56, 5.632876873016357, -1287988.0, -39483.0)
(57, 5.737518787384033, -1287988.0, -39483.0)
(58, 5.842561960220337, -1287988.0, -39483.0)
(59, 5.949051141738892, -1287988.0, -39483.0)
(60, 6.054680109024048, -1287988.0, -39483.0)
(61, 6.161789417266846, -1287988.0, -39483.0)
(62, 6.267650127410889, -1287988.0, -39483.0)
(63, 6.375500202178955, -1287988.0, -39483.0)
(64, 6.4807538986206055, -1287988.0, -39483.0)
(65, 6.5881617069244385, -1287988.0, -39483.0)
(66, 6.694228172302246, -1287988.0, -39483.0)
(67, 6.804372310638428, -1287988.0, -39483.0)
(68, 6.911739349365234, -1287988.0, -39483.0)
(69, 7.019227981567383, -1287988.0, -39483.0)
(70, 7.126267671585083, -1287988.0, -39483.0)
(71, 7.234716892242432, -1287988.0, -39483.0)
(72, 7.342304229736328, -1287988.0, -39483.0)
(73, 7.450665473937988, -1287988.0, -39483.0)
(74, 7.559242486953735, -1287988.0, -39483.0)
(75, 7.667835474014282, -1287988.0, -39483.0)
(76, 7.776023864746094, -1287988.0, -39483.0)
(77, 7.884899616241455, -1287988.0, -39483.0)
(78, 7.993114233016968, -1287988.0, -39483.0)
(79, 8.099967241287231, -1287988.0, -39483.0)
(80, 8.208502054214478, -1287988.0, -39483.0)
(81, 8.319399356842041, -1287988.0, -39483.0)
(82, 8.430491209030151, -1287988.0, -39483.0)
(83, 8.54104495048523, -1287988.0, -39483.0)
(84, 8.65024709701538, -1287988.0, -39483.0)
(85, 8.759413242340088, -1287988.0, -39483.0)
(86, 8.869894981384277, -1287988.0, -39483.0)
(87, 8.980486392974854, -1287988.0, -39483.0)
(88, 9.095874547958374, -1287988.0, -39483.0)
(89, 9.210262537002563, -1287988.0, -39483.0)
(90, 9.323221206665039, -1287988.0, -39483.0)
(91, 9.437544345855713, -1287988.0, -39483.0)
(92, 9.5518798828125, -1287988.0, -39483.0)
(93, 9.666372537612915, -1287988.0, -39483.0)
(94, 9.780237436294556, -1287988.0, -39483.0)
(95, 9.895280838012695, -1287988.0, -39483.0)
(96, 10.008330583572388, -1287988.0, -39483.0)
(97, 10.12221384048462, -1287988.0, -39483.0)
(98, 10.234981536865234, -1287988.0, -39483.0)
(99, 10.350149869918823, -1287988.0, -39483.0)
(100, 10.4655179977417, -1287988.0, -39483.0)
(101, 10.58295202255249, -1287988.0, -39483.0)
(102, 10.711947679519653, -1287988.0, -39483.0)
(103, 10.835814237594604, -1287988.0, -39483.0)
(104, 10.955662727355957, -1287988.0, -39483.0)
(105, 11.074884414672852, -1287988.0, -39483.0)
(106, 11.194222450256348, -1287988.0, -39483.0)
(107, 11.314773797988892, -1287988.0, -39483.0)
(108, 11.43438172340393, -1287988.0, -39483.0)
(109, 11.556020021438599, -1287988.0, -39483.0)
(110, 11.676572322845459, -1287988.0, -39483.0)
(111, 11.79629135131836, -1287988.0, -39483.0)
(112, 11.914789199829102, -1287988.0, -39483.0)
(113, 12.034251928329468, -1287988.0, -39483.0)
(114, 12.155835151672363, -1287988.0, -39483.0)
(115, 12.278244256973267, -1287988.0, -39483.0)
(116, 12.398608922958374, -1287988.0, -39483.0)
(117, 12.518503904342651, -1287988.0, -39483.0)
(118, 12.640393018722534, -1287988.0, -39483.0)
(119, 12.76435112953186, -1287988.0, -39483.0)
(120, 12.885951519012451, -1287988.0, -39483.0)
(121, 13.00729775428772, -1287988.0, -39483.0)
(122, 13.129558563232422, -1287988.0, -39483.0)
(123, 13.256253957748413, -1287988.0, -39483.0)
(124, 13.38095760345459, -1287988.0, -39483.0)
(125, 13.50673794746399, -1287988.0, -39483.0)
(126, 13.630786180496216, -1287988.0, -39483.0)
(127, 13.75472116470337, -1287988.0, -39483.0)
(128, 13.884715557098389, -1287988.0, -39483.0)
(129, 14.011105060577393, -1287988.0, -39483.0)
(130, 14.13748812675476, -1287988.0, -39483.0)
(131, 14.262239694595337, -1287988.0, -39483.0)
(132, 14.389787197113037, -1287988.0, -39483.0)
(133, 14.51841402053833, -1287988.0, -39483.0)
(134, 14.644880771636963, -1287988.0, -39483.0)
(135, 14.770315170288086, -1287988.0, -39483.0)
(136, 14.900410890579224, -1287988.0, -39483.0)
(137, 15.02722454071045, -1287988.0, -39483.0)
(138, 15.150724411010742, -1287988.0, -39483.0)
(139, 15.280818462371826, -1287988.0, -39483.0)
(140, 15.407519817352295, -1287988.0, -39483.0)
(141, 15.541359424591064, -1287988.0, -39483.0)
(142, 15.667933225631714, -1287988.0, -39483.0)
(143, 15.797872066497803, -1287988.0, -39483.0)
(144, 15.925826072692871, -1287988.0, -39483.0)
(145, 16.057272911071777, -1287988.0, -39483.0)
(146, 16.19028353691101, -1287988.0, -39483.0)
(147, 16.32530951499939, -1287988.0, -39483.0)
(148, 16.459548950195312, -1287988.0, -39483.0)
(149, 16.59449005126953, -1287988.0, -39483.0)
(150, 16.725651025772095, -1287988.0, -39483.0)
(151, 16.859097242355347, -1287988.0, -39483.0)
(152, 16.992483377456665, -1287988.0, -39483.0)
(153, 17.127196073532104, -1287988.0, -39483.0)
(154, 17.261354446411133, -1287988.0, -39483.0)
(155, 17.3972589969635, -1287988.0, -39483.0)
(156, 17.53690528869629, -1287988.0, -39483.0)
(157, 17.671916246414185, -1287988.0, -39483.0)
(158, 17.80846118927002, -1287988.0, -39483.0)
(159, 17.94052267074585, -1287988.0, -39483.0)
(160, 18.08125376701355, -1287988.0, -39483.0)
(161, 18.216119050979614, -1287988.0, -39483.0)
(162, 18.352899074554443, -1287988.0, -39483.0)
(163, 18.491438627243042, -1287988.0, -39483.0)
(164, 18.629510641098022, -1287988.0, -39483.0)
(165, 18.76526165008545, -1287988.0, -39483.0)
(166, 18.906219720840454, -1287988.0, -39483.0)
(167, 19.04561972618103, -1287988.0, -39483.0)
(168, 19.18332314491272, -1287988.0, -39483.0)
(169, 19.323750257492065, -1287988.0, -39483.0)
(170, 19.460679292678833, -1287988.0, -39483.0)
(171, 19.606114387512207, -1287988.0, -39483.0)
(172, 19.74652624130249, -1287988.0, -39483.0)
(173, 19.886672973632812, -1287988.0, -39483.0)
(174, 20.024038076400757, -1287988.0, -39483.0)
(175, 20.167218923568726, -1287988.0, -39483.0)
(176, 20.318823099136353, -1287988.0, -39483.0)
(177, 20.464386701583862, -1287988.0, -39483.0)
(178, 20.611335515975952, -1287988.0, -39483.0)
(179, 20.75551700592041, -1287988.0, -39483.0)
(180, 20.89999771118164, -1287988.0, -39483.0)
(181, 21.046793460845947, -1287988.0, -39483.0)
(182, 21.18817639350891, -1287988.0, -39483.0)
(183, 21.332585096359253, -1287988.0, -39483.0)
(184, 21.47945785522461, -1287988.0, -39483.0)
(185, 21.62165093421936, -1287988.0, -39483.0)
(186, 21.766470432281494, -1287988.0, -39483.0)
(187, 21.915156602859497, -1287988.0, -39483.0)
(188, 22.065618753433228, -1287988.0, -39483.0)
(189, 22.209179162979126, -1287988.0, -39483.0)
(190, 22.353429317474365, -1287988.0, -39483.0)
(191, 22.499226331710815, -1287988.0, -39483.0)
(192, 22.644790410995483, -1287988.0, -39483.0)
(193, 22.78632164001465, -1287988.0, -39483.0)
(194, 22.938780546188354, -1287988.0, -39483.0)
(195, 23.09196662902832, -1287988.0, -39483.0)
(196, 23.239996194839478, -1287988.0, -39483.0)
(197, 23.385775089263916, -1251695.4893617022, -39483.0)
(198, 23.563900232315063, -1220370.7655172416, -39483.0)
(199, 23.72525954246521, -1220370.7655172416, -39483.0)
(200, 23.88241934776306, -1220370.7655172416, -39483.0)
(201, 24.040743589401245, -1220370.7655172416, -39483.0)
(202, 24.20211958885193, -1220370.7655172416, -39483.0)
(203, 24.35387921333313, -1220370.7655172416, -39483.0)
(204, 24.504785537719727, -1220370.7655172416, -39483.0)
(205, 24.66356635093689, -1220370.7655172416, -39483.0)
(206, 24.82140851020813, -1220370.7655172416, -39483.0)
(207, 24.98140001296997, -1220370.7655172416, -39483.0)
(208, 25.14959454536438, -1220370.7655172416, -39483.0)
(209, 25.307657718658447, -1220370.7655172416, -39483.0)
(210, 25.46880269050598, -1220370.7655172416, -39483.0)
(211, 25.627479076385498, -1220370.7655172416, -39483.0)
(212, 25.787572383880615, -1220370.7655172416, -39483.0)
(213, 25.939732551574707, -1220370.7655172416, -39483.0)
(214, 26.112529754638672, -1220370.7655172416, -39483.0)
(215, 26.313740491867065, -1220370.7655172416, -39483.0)
(216, 26.48147749900818, -1220370.7655172416, -39483.0)
(217, 26.652262449264526, -1220370.7655172416, -39483.0)
(218, 26.809152841567993, -1220370.7655172416, -39483.0)
(219, 26.989653825759888, -1220370.7655172416, -39483.0)
(220, 27.157371044158936, -1220370.7655172416, -39483.0)
(221, 27.319016456604004, -1220370.7655172416, -39483.0)
(222, 27.490806579589844, -1220370.7655172416, -39483.0)
(223, 27.66035509109497, -1220370.7655172416, -39483.0)
(224, 27.836498737335205, -1220370.7655172416, -39483.0)
(225, 28.00720977783203, -1220370.7655172416, -39483.0)
(226, 28.172982931137085, -1220370.7655172416, -39483.0)
(227, 28.33663296699524, -1220370.7655172416, -39483.0)
(228, 28.51409387588501, -1220370.7655172416, -39483.0)
(229, 28.687316417694092, -1220370.7655172416, -39483.0)
(230, 28.858654260635376, -1220370.7655172416, -39483.0)
(231, 29.039270401000977, -1220370.7655172416, -39483.0)
(232, 29.204235076904297, -1220370.7655172416, -39483.0)
(233, 29.381012201309204, -1220370.7655172416, -39483.0)
(234, 29.598671913146973, -1220370.7655172416, -39483.0)
(235, 29.779730081558228, -1220370.7655172416, -39483.0)
(236, 29.944424152374268, -1220370.7655172416, -39483.0)
(237, 30.120286226272583, -1220370.7655172416, -39483.0)
(238, 30.310328722000122, -1220370.7655172416, -39483.0)
(239, 30.498624086380005, -1220370.7655172416, -39483.0)
(240, 30.67809534072876, -1220370.7655172416, -39483.0)
(241, 30.905883073806763, -1220370.7655172416, -39483.0)
(242, 31.076343774795532, -1220370.7655172416, -39483.0)
(243, 31.245564937591553, -1220370.7655172416, -39483.0)
(244, 31.42244601249695, -1220370.7655172416, -39483.0)
(245, 31.594470977783203, -1220370.7655172416, -39483.0)
(246, 31.768877744674683, -1220370.7655172416, -39483.0)
(247, 31.93984580039978, -1220370.7655172416, -39483.0)
(248, 32.10386323928833, -1220370.7655172416, -39483.0)
(249, 32.26709198951721, -1220370.7655172416, -39483.0)
(250, 32.43658185005188, -1220370.7655172416, -39483.0)
(251, 32.60370659828186, -1220370.7655172416, -39483.0)
(252, 32.801363945007324, -1220370.7655172416, -39483.0)
(253, 32.9771249294281, -1220370.7655172416, -39483.0)
(254, 33.15157151222229, -1220370.7655172416, -39483.0)
(255, 33.33129835128784, -1220370.7655172416, -39483.0)
(256, 33.506192684173584, -1220370.7655172416, -39483.0)
(257, 33.66987323760986, -1220370.7655172416, -39483.0)
(258, 33.83733415603638, -1220370.7655172416, -39483.0)
(259, 34.001930475234985, -1220370.7655172416, -39483.0)
(260, 34.162431955337524, -1220370.7655172416, -39483.0)
(261, 34.3226420879364, -1220370.7655172416, -39483.0)
(262, 34.478302240371704, -1220370.7655172416, -39483.0)
(263, 34.63892865180969, -1220370.7655172416, -39483.0)
(264, 34.8031063079834, -1220370.7655172416, -39483.0)
(265, 34.96515250205994, -1220370.7655172416, -39483.0)
(266, 35.12695002555847, -1220370.7655172416, -39483.0)
(267, 35.29005813598633, -1220370.7655172416, -39483.0)
(268, 35.44959235191345, -1220370.7655172416, -39483.0)
(269, 35.61107873916626, -1220370.7655172416, -39483.0)
(270, 35.82524490356445, -1220370.7655172416, -39483.0)
(271, 36.03793120384216, -1220370.7655172416, -39483.0)
(272, 36.2311577796936, -1220370.7655172416, -39483.0)
(273, 36.44402480125427, -1220370.7655172416, -39483.0)
(274, 36.642561197280884, -1220370.7655172416, -39483.0)
(275, 36.828723192214966, -1220370.7655172416, -39483.0)
(276, 37.009350299835205, -1220370.7655172416, -39483.0)
(277, 37.19648361206055, -1220370.7655172416, -39483.0)
(278, 37.3757598400116, -1220370.7655172416, -39483.0)
(279, 37.57036209106445, -1220370.7655172416, -39483.0)
(280, 37.76065158843994, -1220370.7655172416, -39483.0)
(281, 37.954188108444214, -1220370.7655172416, -39483.0)
(282, 38.148109912872314, -1220370.7655172416, -39483.0)
(283, 38.393951416015625, -1220370.7655172416, -39483.0)
(284, 38.59254050254822, -1220370.7655172416, -39483.0)
(285, 38.78081965446472, -1220370.7655172416, -39483.0)
(286, 38.973264932632446, -1220370.7655172416, -39483.0)
(287, 39.179625272750854, -1220370.7655172416, -39483.0)
(288, 39.37443661689758, -1220370.7655172416, -39483.0)
(289, 39.563761949539185, -1220370.7655172416, -39483.0)
(290, 39.751343965530396, -1220370.7655172416, -39483.0)
(291, 39.95006966590881, -1220370.7655172416, -39483.0)
(292, 40.13968253135681, -1220370.7655172416, -39483.0)
(293, 40.33390235900879, -1220370.7655172416, -39483.0)
(294, 40.53836798667908, -1220370.7655172416, -39483.0)
(295, 40.73774552345276, -1220370.7655172416, -39483.0)
(296, 40.94546914100647, -1220370.7655172416, -39483.0)
(297, 41.22302579879761, -1220370.7655172416, -39483.0)
(298, 41.43416690826416, -1220370.7655172416, -39483.0)
(299, 41.63172769546509, -1220370.7655172416, -39483.0)
(300, 41.83627462387085, -1220370.7655172416, -39483.0)
(301, 42.04881000518799, -1220370.7655172416, -39483.0)
(302, 42.255374908447266, -1220370.7655172416, -39483.0)
(303, 42.467769145965576, -1220370.7655172416, -39483.0)
(304, 42.67323923110962, -1220370.7655172416, -39483.0)
(305, 42.87764811515808, -1220370.7655172416, -39483.0)
(306, 43.08594036102295, -1220370.7655172416, -39483.0)
(307, 43.299479722976685, -1220370.7655172416, -39483.0)
(308, 43.51358890533447, -1220370.7655172416, -39483.0)
(309, 43.73689389228821, -1220370.7655172416, -39483.0)
(310, 43.94820189476013, -1220370.7655172416, -39483.0)
(311, 44.16005086898804, -1220370.7655172416, -39483.0)
(312, 44.38507604598999, -1220370.7655172416, -39483.0)
(313, 44.65847420692444, -1220370.7655172416, -39483.0)
(314, 44.874760389328, -1220370.7655172416, -39483.0)
(315, 45.139485120773315, -1220370.7655172416, -39483.0)
(316, 45.35469675064087, -1220370.7655172416, -39483.0)
(317, 45.56370782852173, -1220370.7655172416, -39483.0)
(318, 45.79506969451904, -1220370.7655172416, -39483.0)
(319, 46.01967787742615, -1220370.7655172416, -39483.0)
(320, 46.308825731277466, -1220370.7655172416, -39483.0)
(321, 46.50813412666321, -1220370.7655172416, -39483.0)
(322, 46.68775463104248, -1220370.7655172416, -39483.0)
(323, 46.87004327774048, -1220370.7655172416, -39483.0)
(324, 47.04895567893982, -1220370.7655172416, -39483.0)
(325, 47.2396285533905, -1220370.7655172416, -39483.0)
(326, 47.432974100112915, -1220370.7655172416, -39483.0)
(327, 47.60971999168396, -1220370.7655172416, -39483.0)
(328, 47.79345679283142, -1220370.7655172416, -39483.0)
(329, 47.972740650177, -1220370.7655172416, -39483.0)
(330, 48.15975618362427, -1220370.7655172416, -39483.0)
(331, 48.338844537734985, -1220370.7655172416, -39483.0)
(332, 48.5203070640564, -1220370.7655172416, -39483.0)
(333, 48.78047823905945, -1194867.8688322366, -39483.0)
(334, 49.021584033966064, -1141884.3189655172, -39483.0)
(335, 49.26646685600281, -1141884.3189655172, -39483.0)
(336, 49.518173933029175, -1141884.3189655172, -39483.0)
(337, 49.73059296607971, -1141884.3189655172, -39483.0)
(338, 49.945035219192505, -1141884.3189655172, -39483.0)
(339, 50.181349754333496, -1141884.3189655172, -39483.0)
(340, 50.402780532836914, -1141884.3189655172, -39483.0)
(341, 50.622979164123535, -1141884.3189655172, -39483.0)
(342, 50.85672187805176, -1141884.3189655172, -39483.0)
(343, 51.08739686012268, -1141884.3189655172, -39483.0)
(344, 51.337809562683105, -1141884.3189655172, -39483.0)
(345, 51.53006076812744, -1141884.3189655172, -39483.0)
(346, 51.72944903373718, -1141884.3189655172, -39483.0)
(347, 51.92732095718384, -1141884.3189655172, -39483.0)
(348, 52.115408182144165, -1141884.3189655172, -39483.0)
(349, 52.30197620391846, -1141884.3189655172, -39483.0)
(350, 52.48218321800232, -1141884.3189655172, -39483.0)
(351, 52.671114921569824, -1141884.3189655172, -39483.0)
(352, 52.87975883483887, -1141884.3189655172, -39483.0)
(353, 53.109532594680786, -1141884.3189655172, -39483.0)
(354, 53.314406633377075, -1141884.3189655172, -39483.0)
(355, 53.50528526306152, -1141884.3189655172, -39483.0)
(356, 53.69975161552429, -1141884.3189655172, -39483.0)
(357, 53.893380880355835, -1141884.3189655172, -39483.0)
(358, 54.096567153930664, -1141884.3189655172, -39483.0)
(359, 54.2917742729187, -1141884.3189655172, -39483.0)
(360, 54.48099708557129, -1141884.3189655172, -39483.0)
(361, 54.66581869125366, -1141884.3189655172, -39483.0)
(362, 54.85391092300415, -1141884.3189655172, -39483.0)
(363, 55.03896903991699, -1141884.3189655172, -39483.0)
(364, 55.227718114852905, -1141884.3189655172, -39483.0)
(365, 55.41590762138367, -1141884.3189655172, -39483.0)
(366, 55.656593561172485, -1141884.3189655172, -39483.0)
(367, 55.87999129295349, -1141884.3189655172, -39483.0)
(368, 56.085190534591675, -1141884.3189655172, -39483.0)
(369, 56.294432640075684, -1141884.3189655172, -39483.0)
(370, 56.506608724594116, -1141884.3189655172, -39483.0)
(371, 56.71027660369873, -1141884.3189655172, -39483.0)
(372, 56.91772103309631, -1141884.3189655172, -39483.0)
(373, 57.11525368690491, -1141884.3189655172, -39483.0)
(374, 57.31252837181091, -1141884.3189655172, -39483.0)
(375, 57.50803804397583, -1141884.3189655172, -39483.0)
(376, 57.70856237411499, -1141884.3189655172, -39483.0)
(377, 57.928558349609375, -1141884.3189655172, -39483.0)
(378, 58.14617657661438, -1141884.3189655172, -39483.0)
(379, 58.39767265319824, -1141884.3189655172, -39483.0)
(380, 58.62214541435242, -1141884.3189655172, -39483.0)
(381, 58.839014768600464, -1141884.3189655172, -39483.0)
(382, 59.04600191116333, -1141884.3189655172, -39483.0)
(383, 59.26283884048462, -1141884.3189655172, -39483.0)
(384, 59.492127656936646, -1141884.3189655172, -39483.0)
(385, 59.71941637992859, -1141884.3189655172, -39483.0)
(386, 59.93850803375244, -1141884.3189655172, -39483.0)
(387, 60.14360952377319, -1141884.3189655172, -39483.0)
(388, 60.35978102684021, -1141884.3189655172, -39483.0)
(389, 60.58256387710571, -1141884.3189655172, -39483.0)
(390, 60.789628982543945, -1141884.3189655172, -39483.0)
(391, 60.99236845970154, -1141884.3189655172, -39483.0)
(392, 61.19693946838379, -1141884.3189655172, -39483.0)
(393, 61.46017122268677, -1141884.3189655172, -39483.0)
(394, 61.69774079322815, -1141884.3189655172, -39483.0)
(395, 61.94210386276245, -1141884.3189655172, -39483.0)
(396, 62.183592796325684, -1141884.3189655172, -39483.0)
(397, 62.42912173271179, -1141884.3189655172, -39483.0)
(398, 62.641106843948364, -1141884.3189655172, -39483.0)
(399, 62.89268708229065, -1141884.3189655172, -39483.0)
(400, 63.13409233093262, -1141884.3189655172, -39483.0)
(401, 63.353999376297, -1141884.3189655172, -39483.0)
(402, 63.56849694252014, -1141884.3189655172, -39483.0)
(403, 63.78594899177551, -1141884.3189655172, -39483.0)
(404, 64.01961350440979, -1141884.3189655172, -39483.0)
(405, 64.23023343086243, -1141884.3189655172, -39483.0)
(406, 64.43776392936707, -1141884.3189655172, -39483.0)
(407, 64.65951156616211, -1141884.3189655172, -39483.0)
(408, 64.8794903755188, -1141884.3189655172, -39483.0)
(409, 65.09814620018005, -1141884.3189655172, -39483.0)
(410, 65.30147314071655, -1141884.3189655172, -39483.0)
(411, 65.5692458152771, -1141884.3189655172, -39483.0)
(412, 65.82483911514282, -1141884.3189655172, -39483.0)
(413, 66.06919479370117, -1141884.3189655172, -39483.0)
(414, 66.2867386341095, -1141884.3189655172, -39483.0)
(415, 66.51944065093994, -1141884.3189655172, -39483.0)
(416, 66.74257493019104, -1141884.3189655172, -39483.0)
(417, 66.98344492912292, -1141884.3189655172, -39483.0)
(418, 67.2186291217804, -1141884.3189655172, -39483.0)
(419, 67.44760465621948, -1141884.3189655172, -39483.0)
(420, 67.68825769424438, -1141884.3189655172, -39483.0)
(421, 67.9477481842041, -1141884.3189655172, -39483.0)
(422, 68.18284726142883, -1141884.3189655172, -39483.0)
(423, 68.40354990959167, -1141884.3189655172, -39483.0)
(424, 68.62293148040771, -1141884.3189655172, -39483.0)
(425, 68.86037731170654, -1141884.3189655172, -39483.0)
(426, 69.11191034317017, -1141884.3189655172, -39483.0)
(427, 69.40812397003174, -1141884.3189655172, -39483.0)
(428, 69.66727352142334, -1141884.3189655172, -39483.0)
(429, 69.90168356895447, -1141884.3189655172, -39483.0)
(430, 70.14414739608765, -1141884.3189655172, -39483.0)
(431, 70.38644790649414, -1141884.3189655172, -39483.0)
(432, 70.67712116241455, -1141884.3189655172, -39483.0)
(433, 70.92768883705139, -1141884.3189655172, -39483.0)
(434, 71.18924188613892, -1141884.3189655172, -39483.0)
(435, 71.45012545585632, -1141884.3189655172, -39483.0)
(436, 71.73124051094055, -1141884.3189655172, -39483.0)
(437, 71.99463200569153, -1113613.7777777778, -39483.0)
(438, 72.23429107666016, -1113613.7777777778, -39483.0)
(439, 72.44429922103882, -1113613.7777777778, -39483.0)
(440, 72.65235996246338, -1113613.7777777778, -39483.0)
(441, 72.86336827278137, -1113613.7777777778, -39483.0)
(442, 73.06597828865051, -1113613.7777777778, -39483.0)
(443, 73.27368140220642, -1113613.7777777778, -39483.0)
(444, 73.47686338424683, -1113613.7777777778, -39483.0)
(445, 73.68897581100464, -1113613.7777777778, -39483.0)
(446, 73.89281249046326, -1113613.7777777778, -39483.0)
(447, 74.10662484169006, -1113613.7777777778, -39483.0)
(448, 74.31893754005432, -1113613.7777777778, -39483.0)
(449, 74.52465438842773, -1113613.7777777778, -39483.0)
(450, 74.73455595970154, -1113613.7777777778, -39483.0)
(451, 74.9435248374939, -1113613.7777777778, -39483.0)
(452, 75.15183711051941, -1113613.7777777778, -39483.0)
(453, 75.37010502815247, -1113613.7777777778, -39483.0)
(454, 75.59668827056885, -1113613.7777777778, -39483.0)
(455, 75.82119154930115, -1113613.7777777778, -39483.0)
(456, 76.04017663002014, -1113613.7777777778, -39483.0)
(457, 76.26181316375732, -1113613.7777777778, -39483.0)
(458, 76.47423934936523, -1113613.7777777778, -39483.0)
(459, 76.69050669670105, -1113613.7777777778, -39483.0)
(460, 76.92657327651978, -1113613.7777777778, -39483.0)
(461, 77.14796710014343, -1113613.7777777778, -39483.0)
(462, 77.36626768112183, -1113613.7777777778, -39483.0)
(463, 77.57934641838074, -1113613.7777777778, -39483.0)
(464, 77.79753971099854, -1113613.7777777778, -39483.0)
(465, 78.015460729599, -1113613.7777777778, -39483.0)
(466, 78.24099230766296, -1113613.7777777778, -39483.0)
(467, 78.466792345047, -1113613.7777777778, -39483.0)
(468, 78.68104338645935, -1113613.7777777778, -39483.0)
(469, 78.91407990455627, -1113613.7777777778, -39483.0)
(470, 79.12814235687256, -1113613.7777777778, -39483.0)
(471, 79.44608306884766, -1113613.7777777778, -39483.0)
(472, 79.73582148551941, -1113613.7777777778, -39483.0)
(473, 80.01221799850464, -1113613.7777777778, -39483.0)
(474, 80.29021644592285, -1113613.7777777778, -39483.0)
(475, 80.55241203308105, -1113613.7777777778, -39483.0)
(476, 80.83951258659363, -1113613.7777777778, -39483.0)
(477, 81.14014315605164, -1113613.7777777778, -39483.0)
(478, 81.4515540599823, -1113613.7777777778, -39483.0)
(479, 81.7332456111908, -1113613.7777777778, -39483.0)
(480, 81.99171805381775, -1113613.7777777778, -39483.0)
(481, 82.2713406085968, -1113613.7777777778, -39483.0)
(482, 82.53757739067078, -1113613.7777777778, -39483.0)
(483, 82.8132164478302, -1113613.7777777778, -39483.0)
(484, 83.07448554039001, -1113613.7777777778, -39483.0)
(485, 83.39614582061768, -1113613.7777777778, -39483.0)
(486, 83.75821900367737, -1113613.7777777778, -39483.0)
(487, 84.07928323745728, -1113613.7777777778, -39483.0)
(488, 84.40378284454346, -1113613.7777777778, -39483.0)
(489, 84.68080568313599, -1113613.7777777778, -39483.0)
(490, 84.99841809272766, -1113613.7777777778, -39483.0)
(491, 85.26311993598938, -1113613.7777777778, -39483.0)
(492, 85.5016782283783, -1113613.7777777778, -39483.0)
(493, 85.73054623603821, -1113613.7777777778, -39483.0)
(494, 85.95847058296204, -1113613.7777777778, -39483.0)
(495, 86.17975783348083, -1113613.7777777778, -39483.0)
(496, 86.4069926738739, -1113613.7777777778, -39483.0)
(497, 86.64800953865051, -1113613.7777777778, -39483.0)
(498, 86.90102815628052, -1113613.7777777778, -39483.0)
(499, 87.13656163215637, -1113613.7777777778, -39483.0)
(500, 87.36637139320374, -1113613.7777777778, -39483.0)
(501, 87.59541726112366, -1113613.7777777778, -39483.0)
(502, 87.81752467155457, -1113613.7777777778, -39483.0)
(503, 88.05178332328796, -1113613.7777777778, -39483.0)
(504, 88.28576898574829, -1113613.7777777778, -39483.0)
(505, 88.51345205307007, -1113613.7777777778, -39483.0)
(506, 88.7515115737915, -1113613.7777777778, -39483.0)
(507, 88.98166036605835, -1113613.7777777778, -39483.0)
(508, 89.21678757667542, -1113613.7777777778, -39483.0)
(509, 89.44540095329285, -1113613.7777777778, -39483.0)
(510, 89.68609356880188, -1113613.7777777778, -39483.0)
(511, 89.94915127754211, -1113613.7777777778, -39483.0)
(512, 90.19172430038452, -1113613.7777777778, -39483.0)
(513, 90.42246603965759, -1113613.7777777778, -39483.0)
(514, 90.65742111206055, -1113613.7777777778, -39483.0)
(515, 90.90449953079224, -1113613.7777777778, -39483.0)
(516, 91.14949083328247, -1113613.7777777778, -39483.0)
(517, 91.4028868675232, -1113613.7777777778, -39483.0)
(518, 91.641042470932, -1113613.7777777778, -39483.0)
(519, 91.91898822784424, -1113613.7777777778, -39483.0)
(520, 92.17652177810669, -1113613.7777777778, -39483.0)
(521, 92.4241144657135, -1113613.7777777778, -39483.0)
(522, 92.65692710876465, -1113613.7777777778, -39483.0)
(523, 92.91028308868408, -1113613.7777777778, -39483.0)
(524, 93.16313529014587, -1113613.7777777778, -39483.0)
(525, 93.43657350540161, -1113613.7777777778, -39483.0)
(526, 93.68958759307861, -1113613.7777777778, -39483.0)
(527, 93.94982552528381, -1113613.7777777778, -39483.0)
(528, 94.20084714889526, -1113613.7777777778, -39483.0)
(529, 94.44800353050232, -1113613.7777777778, -39483.0)
(530, 94.69103050231934, -1113613.7777777778, -39483.0)
(531, 94.94495463371277, -1113613.7777777778, -39483.0)
(532, 95.19511413574219, -1113613.7777777778, -39483.0)
(533, 95.44534707069397, -1113613.7777777778, -39483.0)
(534, 95.68802809715271, -1113613.7777777778, -39483.0)
(535, 95.931800365448, -1113613.7777777778, -39483.0)
(536, 96.17187976837158, -1113613.7777777778, -39483.0)
(537, 96.41009020805359, -1113613.7777777778, -39483.0)
(538, 96.67152786254883, -1113613.7777777778, -39483.0)
(539, 96.93198609352112, -1113613.7777777778, -39483.0)
(540, 97.19132447242737, -1113613.7777777778, -39483.0)
(541, 97.45085453987122, -1113613.7777777778, -39483.0)
(542, 97.69211864471436, -1113613.7777777778, -39483.0)
(543, 97.93648934364319, -1113613.7777777778, -39483.0)
(544, 98.18390965461731, -1113613.7777777778, -39483.0)
(545, 98.43429231643677, -1113613.7777777778, -39483.0)
(546, 98.67460322380066, -1113613.7777777778, -39483.0)
(547, 98.93426609039307, -1113613.7777777778, -39483.0)
(548, 99.1760938167572, -1113613.7777777778, -39483.0)
(549, 99.42333674430847, -1113613.7777777778, -39483.0)
(550, 99.66682243347168, -1113613.7777777778, -39483.0)
(551, 99.9169590473175, -1113613.7777777778, -39483.0)
(552, 100.1679437160492, -1113613.7777777778, -39483.0)
(553, 100.41708278656006, -1113613.7777777778, -39483.0)
(554, 100.66335654258728, -1113613.7777777778, -39483.0)
(555, 100.92074823379517, -1113613.7777777778, -39483.0)
(556, 101.1773910522461, -1113613.7777777778, -39483.0)
(557, 101.43109631538391, -1113613.7777777778, -39483.0)
(558, 101.68110060691833, -1113613.7777777778, -39483.0)
(559, 101.93190479278564, -1113613.7777777778, -39483.0)
(560, 102.18816614151001, -1113613.7777777778, -39483.0)
(561, 102.43155455589294, -1113613.7777777778, -39483.0)
(562, 102.68295288085938, -1113613.7777777778, -39483.0)
(563, 102.92694520950317, -1113613.7777777778, -39483.0)
(564, 103.19232511520386, -1113613.7777777778, -39483.0)
(565, 103.45456838607788, -1113613.7777777778, -39483.0)
(566, 103.7084801197052, -1113613.7777777778, -39483.0)
(567, 103.98213481903076, -1113613.7777777778, -39483.0)
(568, 104.23860263824463, -1113613.7777777778, -39483.0)
(569, 104.50438642501831, -1113613.7777777778, -39483.0)
(570, 104.77389407157898, -1113613.7777777778, -39483.0)
(571, 105.0541455745697, -1113613.7777777778, -39483.0)
(572, 105.32219815254211, -1113613.7777777778, -39483.0)
(573, 105.59426021575928, -1113613.7777777778, -39483.0)
(574, 105.85058307647705, -1113613.7777777778, -39483.0)
(575, 106.11975169181824, -1113613.7777777778, -39483.0)
(576, 106.3758316040039, -1113613.7777777778, -39483.0)
(577, 106.62887263298035, -1113613.7777777778, -39483.0)
(578, 106.89764499664307, -1113613.7777777778, -39483.0)
(579, 107.15848636627197, -1113613.7777777778, -39483.0)
(580, 107.43223786354065, -1113613.7777777778, -39483.0)
(581, 107.6990556716919, -1113613.7777777778, -39483.0)
(582, 107.9549171924591, -1113613.7777777778, -39483.0)
(583, 108.2149658203125, -1113613.7777777778, -39483.0)
(584, 108.50396728515625, -1113613.7777777778, -39483.0)
(585, 108.76798915863037, -1113613.7777777778, -39483.0)
(586, 109.02796745300293, -1113613.7777777778, -39483.0)
(587, 109.28490281105042, -1113613.7777777778, -39483.0)
(588, 109.55836749076843, -1113613.7777777778, -39483.0)
(589, 109.82082915306091, -1113613.7777777778, -39483.0)
(590, 110.07592582702637, -1113613.7777777778, -39483.0)
(591, 110.35577416419983, -1113613.7777777778, -39483.0)
(592, 110.62697315216064, -1113613.7777777778, -39483.0)
(593, 110.92543363571167, -1113613.7777777778, -39483.0)
(594, 111.20193243026733, -1113613.7777777778, -39483.0)
(595, 111.47791767120361, -1113613.7777777778, -39483.0)
(596, 111.75283360481262, -1113613.7777777778, -39483.0)
(597, 112.02163481712341, -1113613.7777777778, -39483.0)
(598, 112.2871778011322, -1113613.7777777778, -39483.0)
(599, 112.54837608337402, -1113613.7777777778, -39483.0)
(600, 112.81915187835693, -1113613.7777777778, -39483.0)
(601, 113.09370517730713, -1113613.7777777778, -39483.0)
(602, 113.37012791633606, -1113613.7777777778, -39483.0)
(603, 113.66029596328735, -1113613.7777777778, -39483.0)
(604, 113.92367100715637, -1113613.7777777778, -39483.0)
(605, 114.1923987865448, -1113613.7777777778, -39483.0)
(606, 114.46170091629028, -1113613.7777777778, -39483.0)
(607, 114.72658276557922, -1113613.7777777778, -39483.0)
(608, 115.01853036880493, -1113613.7777777778, -39483.0)
(609, 115.28491640090942, -1113613.7777777778, -39483.0)
(610, 115.57314348220825, -1113613.7777777778, -39483.0)
(611, 115.86595416069031, -1113613.7777777778, -39483.0)
(612, 116.14822745323181, -1113613.7777777778, -39483.0)
(613, 116.43153548240662, -1113613.7777777778, -39483.0)
(614, 116.70957255363464, -1113613.7777777778, -39483.0)
(615, 116.99391794204712, -1113613.7777777778, -39483.0)
(616, 117.26754784584045, -1113613.7777777778, -39483.0)
(617, 117.53329539299011, -1113613.7777777778, -39483.0)
(618, 117.81053638458252, -1113613.7777777778, -39483.0)
(619, 118.08760595321655, -1113613.7777777778, -39483.0)
(620, 118.36002111434937, -1113613.7777777778, -39483.0)
(621, 118.65654873847961, -1113613.7777777778, -39483.0)
(622, 118.94461560249329, -1113613.7777777778, -39483.0)
(623, 119.22470831871033, -1113613.7777777778, -39483.0)
(624, 119.53452396392822, -1113613.7777777778, -39483.0)
(625, 119.82036137580872, -1113613.7777777778, -39483.0)
(626, 120.09466004371643, -1113613.7777777778, -39483.0)
(627, 120.38074612617493, -1113613.7777777778, -39483.0)
(628, 120.65610790252686, -1113613.7777777778, -39483.0)
(629, 120.93596911430359, -1113613.7777777778, -39483.0)
(630, 121.22239637374878, -1113613.7777777778, -39483.0)
(631, 121.50283169746399, -1113613.7777777778, -39483.0)
(632, 121.77942442893982, -1113613.7777777778, -39483.0)
(633, 122.07653188705444, -1113613.7777777778, -39483.0)
(634, 122.35621166229248, -1113613.7777777778, -39483.0)
(635, 122.63315463066101, -1113613.7777777778, -39483.0)
(636, 122.91692972183228, -1113613.7777777778, -39483.0)
(637, 123.24330186843872, -1113613.7777777778, -39483.0)
(638, 123.55105423927307, -1113613.7777777778, -39483.0)
(639, 123.83856749534607, -1113613.7777777778, -39483.0)
(640, 124.14413809776306, -1113613.7777777778, -39483.0)
(641, 124.42818069458008, -1113613.7777777778, -39483.0)
(642, 124.7171151638031, -1113613.7777777778, -39483.0)
(643, 125.00029397010803, -1113613.7777777778, -39483.0)
(644, 125.27903079986572, -1113613.7777777778, -39483.0)
(645, 125.57827949523926, -1113613.7777777778, -39483.0)
(646, 125.88032031059265, -1113613.7777777778, -39483.0)
(647, 126.17635774612427, -1113613.7777777778, -39483.0)
(648, 126.47241115570068, -1113613.7777777778, -39483.0)
(649, 126.7831175327301, -1113613.7777777778, -39483.0)
(650, 127.0605092048645, -1113613.7777777778, -39483.0)
(651, 127.34620070457458, -1113613.7777777778, -39483.0)
(652, 127.65487670898438, -1113613.7777777778, -39483.0)
(653, 127.94036316871643, -1113613.7777777778, -39483.0)
(654, 128.2269926071167, -1113613.7777777778, -39483.0)
(655, 128.5250804424286, -1113613.7777777778, -39483.0)
(656, 128.87957048416138, -1113613.7777777778, -39483.0)
(657, 129.2148175239563, -1113613.7777777778, -39483.0)
(658, 129.5143599510193, -1113613.7777777778, -39483.0)
(659, 129.81731510162354, -1113613.7777777778, -39483.0)
(660, 130.1257426738739, -1113613.7777777778, -39483.0)
(661, 130.41419053077698, -1113613.7777777778, -39483.0)
(662, 130.70988130569458, -1113613.7777777778, -39483.0)
(663, 131.03455328941345, -1113613.7777777778, -39483.0)
(664, 131.35295510292053, -1113613.7777777778, -39483.0)
(665, 131.6492829322815, -1113613.7777777778, -39483.0)
(666, 131.96354794502258, -1113613.7777777778, -39483.0)
(667, 132.27424812316895, -1113613.7777777778, -39483.0)
(668, 132.579576253891, -1113613.7777777778, -39483.0)
(669, 132.86318063735962, -1113613.7777777778, -39483.0)
(670, 133.1527214050293, -1113613.7777777778, -39483.0)
(671, 133.48531675338745, -1113613.7777777778, -39483.0)
(672, 133.81094622612, -1113613.7777777778, -39483.0)
(673, 134.11404633522034, -1113613.7777777778, -39483.0)
(674, 134.4235999584198, -1113613.7777777778, -39483.0)
(675, 134.7394244670868, -1113613.7777777778, -39483.0)
(676, 135.0342288017273, -1113613.7777777778, -39483.0)
(677, 135.33494234085083, -1113613.7777777778, -39483.0)
(678, 135.63242292404175, -1113613.7777777778, -39483.0)
(679, 135.94858837127686, -1113613.7777777778, -39483.0)
(680, 136.27638125419617, -1113613.7777777778, -39483.0)
(681, 136.5806930065155, -1113613.7777777778, -39483.0)
(682, 136.90123891830444, -1113613.7777777778, -39483.0)
(683, 137.19565963745117, -1113613.7777777778, -39483.0)
(684, 137.5002248287201, -1113613.7777777778, -39483.0)
(685, 137.81020188331604, -1113613.7777777778, -39483.0)
(686, 138.12069606781006, -1113613.7777777778, -39483.0)
(687, 138.46690845489502, -1113613.7777777778, -39483.0)
(688, 138.7931432723999, -1113613.7777777778, -39483.0)
(689, 139.10288453102112, -1113613.7777777778, -39483.0)
(690, 139.410413980484, -1113613.7777777778, -39483.0)
(691, 139.7090277671814, -1113613.7777777778, -39483.0)
(692, 140.0439281463623, -1113613.7777777778, -39483.0)
(693, 140.3701720237732, -1113613.7777777778, -39483.0)
(694, 140.68932271003723, -1113613.7777777778, -39483.0)
(695, 140.9960298538208, -1113613.7777777778, -39483.0)
(696, 141.3461639881134, -1113613.7777777778, -39483.0)
(697, 141.6809527873993, -1113613.7777777778, -39483.0)
(698, 141.99237823486328, -1113613.7777777778, -39483.0)
(699, 142.33614945411682, -1113613.7777777778, -39483.0)
(700, 142.6731150150299, -1113613.7777777778, -39483.0)
(701, 142.99007749557495, -1113613.7777777778, -39483.0)
(702, 143.28930068016052, -1113613.7777777778, -39483.0)
(703, 143.63286232948303, -1113613.7777777778, -39483.0)
(704, 143.98670268058777, -1113613.7777777778, -39483.0)
(705, 144.31344079971313, -1113613.7777777778, -39483.0)
(706, 144.6444320678711, -1113613.7777777778, -39483.0)
(707, 144.99278736114502, -1113613.7777777778, -39483.0)
(708, 145.3008849620819, -1113613.7777777778, -39483.0)
(709, 145.6106390953064, -1113613.7777777778, -39483.0)
(710, 145.92919874191284, -1113613.7777777778, -39483.0)
(711, 146.26174545288086, -1113613.7777777778, -39483.0)
(712, 146.58061242103577, -1113613.7777777778, -39483.0)
(713, 146.9110734462738, -1113613.7777777778, -39483.0)
(714, 147.2226459980011, -958263.7586206896, -39483.0)
(715, 147.54008293151855, -953171.4, -39483.0)
(716, 147.8515763282776, -953171.4, -39483.0)
(717, 148.14932942390442, -953171.4, -39483.0)
(718, 148.45185446739197, -953171.4, -39483.0)
(719, 148.7494602203369, -953171.4, -39483.0)
(720, 149.05999636650085, -953171.4, -39483.0)
(721, 149.36526465415955, -953171.4, -39483.0)
(722, 149.6859166622162, -953171.4, -39483.0)
(723, 149.99391865730286, -953171.4, -39483.0)
(724, 150.30866408348083, -953171.4, -39483.0)
(725, 150.63686227798462, -953171.4, -39483.0)
(726, 150.9579885005951, -953171.4, -39483.0)
(727, 151.27004218101501, -953171.4, -39483.0)
(728, 151.63393712043762, -953171.4, -39483.0)
(729, 151.94070863723755, -953171.4, -39483.0)
(730, 152.26103281974792, -953171.4, -39483.0)
(731, 152.57512998580933, -953171.4, -39483.0)
(732, 152.9025583267212, -953171.4, -39483.0)
(733, 153.22181582450867, -953171.4, -39483.0)
(734, 153.53056168556213, -953171.4, -39483.0)
(735, 153.8366355895996, -953171.4, -39483.0)
(736, 154.15622735023499, -953171.4, -39483.0)
(737, 154.46917009353638, -953171.4, -39483.0)
(738, 154.81489324569702, -953171.4, -39483.0)
(739, 155.13716793060303, -953171.4, -39483.0)
(740, 155.45475339889526, -953171.4, -39483.0)
(741, 155.77382969856262, -953171.4, -39483.0)
(742, 156.08647656440735, -953171.4, -39483.0)
(743, 156.4008810520172, -953171.4, -39483.0)
(744, 156.71315813064575, -953171.4, -39483.0)
(745, 157.03849935531616, -953171.4, -39483.0)
(746, 157.34651494026184, -953171.4, -39483.0)
(747, 157.6587631702423, -953171.4, -39483.0)
(748, 157.99915099143982, -953171.4, -39483.0)
(749, 158.34501314163208, -953171.4, -39483.0)
(750, 158.67775678634644, -953171.4, -39483.0)
(751, 159.00292205810547, -953171.4, -39483.0)
(752, 159.33987641334534, -953171.4, -39483.0)
(753, 159.6655764579773, -953171.4, -39483.0)
(754, 160.00375962257385, -953171.4, -39483.0)
(755, 160.33402514457703, -953171.4, -39483.0)
(756, 160.68270301818848, -953171.4, -39483.0)
(757, 161.01549363136292, -953171.4, -39483.0)
(758, 161.33548212051392, -953171.4, -39483.0)
(759, 161.6575779914856, -953171.4, -39483.0)
(760, 161.9881513118744, -953171.4, -39483.0)
(761, 162.3165624141693, -953171.4, -39483.0)
(762, 162.6478717327118, -953171.4, -39483.0)
(763, 162.97041153907776, -953171.4, -39483.0)
(764, 163.32153487205505, -953171.4, -39483.0)
(765, 163.65960216522217, -953171.4, -39483.0)
(766, 164.0031898021698, -953171.4, -39483.0)
(767, 164.3599247932434, -953171.4, -39483.0)
(768, 164.69768357276917, -953171.4, -39483.0)
(769, 165.0633885860443, -953171.4, -39483.0)
(770, 165.41756319999695, -953171.4, -39483.0)
(771, 165.7510907649994, -953171.4, -39483.0)
(772, 166.0764138698578, -953171.4, -39483.0)
(773, 166.39274144172668, -953171.4, -39483.0)
(774, 166.7184603214264, -953171.4, -39483.0)
(775, 167.07025051116943, -953171.4, -39483.0)
(776, 167.3943727016449, -953171.4, -39483.0)
(777, 167.71959447860718, -953171.4, -39483.0)
(778, 168.05507349967957, -953171.4, -39483.0)
(779, 168.37891602516174, -953171.4, -39483.0)
(780, 168.73205184936523, -953171.4, -39483.0)
(781, 169.06437730789185, -953171.4, -39483.0)
(782, 169.39337301254272, -953171.4, -39483.0)
(783, 169.73503756523132, -953171.4, -39483.0)
(784, 170.08475637435913, -953171.4, -39483.0)
(785, 170.42336225509644, -953171.4, -39483.0)
(786, 170.77866435050964, -953171.4, -39483.0)
(787, 171.13389945030212, -953171.4, -39483.0)
(788, 171.47628617286682, -953171.4, -39483.0)
(789, 171.8234977722168, -953171.4, -39483.0)
(790, 172.16823530197144, -953171.4, -39483.0)
(791, 172.50519371032715, -953171.4, -39483.0)
(792, 172.84815120697021, -953171.4, -39483.0)
(793, 173.20380544662476, -953171.4, -39483.0)
(794, 173.54935431480408, -953171.4, -39483.0)
(795, 173.88811898231506, -953171.4, -39483.0)
(796, 174.24123883247375, -953171.4, -39483.0)
(797, 174.57745599746704, -953171.4, -39483.0)
(798, 174.92222476005554, -953171.4, -39483.0)
(799, 175.25960516929626, -953171.4, -39483.0)
(800, 175.59520840644836, -953171.4, -39483.0)
(801, 175.94323873519897, -953171.4, -39483.0)
(802, 176.29355669021606, -953171.4, -39483.0)
(803, 176.642653465271, -953171.4, -39483.0)
(804, 176.9833471775055, -953171.4, -39483.0)
(805, 177.36098766326904, -953171.4, -39483.0)
(806, 177.71852898597717, -953171.4, -39483.0)
(807, 178.08013224601746, -953171.4, -39483.0)
(808, 178.41537499427795, -953171.4, -39483.0)
(809, 178.75176358222961, -953171.4, -39483.0)
(810, 179.1164276599884, -953171.4, -39483.0)
(811, 179.4762988090515, -953171.4, -39483.0)
(812, 179.82066202163696, -953171.4, -39483.0)
(813, 180.1609604358673, -953171.4, -39483.0)
(814, 180.49420523643494, -953171.4, -39483.0)
(815, 180.8410279750824, -953171.4, -39483.0)
(816, 181.21609663963318, -953171.4, -39483.0)
(817, 181.56397342681885, -953171.4, -39483.0)
(818, 181.90365839004517, -953171.4, -39483.0)
(819, 182.2580132484436, -953171.4, -39483.0)
(820, 182.64140725135803, -953171.4, -39483.0)
(821, 183.00354146957397, -953171.4, -39483.0)
(822, 183.37070202827454, -953171.4, -39483.0)
(823, 183.7348175048828, -953171.4, -39483.0)
(824, 184.08698868751526, -953171.4, -39483.0)
(825, 184.4379472732544, -953171.4, -39483.0)
(826, 184.81768321990967, -953171.4, -39483.0)
(827, 185.2327229976654, -953171.4, -39483.0)
(828, 185.61860585212708, -953171.4, -39483.0)
(829, 185.99343466758728, -953171.4, -39483.0)
(830, 186.36423254013062, -953171.4, -39483.0)
(831, 186.7139003276825, -953171.4, -39483.0)
(832, 187.06317830085754, -953171.4, -39483.0)
(833, 187.41995334625244, -953171.4, -39483.0)
(834, 187.76789140701294, -953171.4, -39483.0)
(835, 188.12647128105164, -953171.4, -39483.0)
(836, 188.50588011741638, -953171.4, -39483.0)
(837, 188.86065077781677, -953171.4, -39483.0)
(838, 189.22230339050293, -953171.4, -39483.0)
(839, 189.57522010803223, -953171.4, -39483.0)
(840, 189.9403109550476, -953171.4, -39483.0)
(841, 190.2857310771942, -953171.4, -39483.0)
(842, 190.65323543548584, -953171.4, -39483.0)
(843, 191.00415229797363, -953171.4, -39483.0)
(844, 191.38647294044495, -953171.4, -39483.0)
(845, 191.74570989608765, -953171.4, -39483.0)
(846, 192.11621689796448, -953171.4, -39483.0)
(847, 192.48986911773682, -953171.4, -39483.0)
(848, 192.8820343017578, -953171.4, -39483.0)
(849, 193.2960741519928, -953171.4, -39483.0)
(850, 193.67964220046997, -953171.4, -39483.0)
(851, 194.07303738594055, -953171.4, -39483.0)
(852, 194.45317721366882, -953171.4, -39483.0)
(853, 194.84508895874023, -953171.4, -39483.0)
(854, 195.29986023902893, -953171.4, -39483.0)
(855, 195.70733189582825, -953171.4, -39483.0)
(856, 196.09103083610535, -953171.4, -39483.0)
(857, 196.47038388252258, -953171.4, -39483.0)
(858, 196.85559391975403, -953171.4, -39483.0)
(859, 197.24093341827393, -953171.4, -39483.0)
(860, 197.6195411682129, -953171.4, -39483.0)
(861, 198.01232504844666, -953171.4, -39483.0)
(862, 198.3782410621643, -953171.4, -39483.0)
(863, 198.7739336490631, -953171.4, -39483.0)
(864, 199.15360760688782, -953171.4, -39483.0)
(865, 199.53275871276855, -953171.4, -39483.0)
(866, 199.90834164619446, -953171.4, -39483.0)
(867, 200.27905201911926, -953171.4, -39483.0)
(868, 200.68154859542847, -953171.4, -39483.0)
(869, 201.07959508895874, -953171.4, -39483.0)
(870, 201.45299100875854, -953171.4, -39483.0)
(871, 201.84291052818298, -953171.4, -39483.0)
(872, 202.23137402534485, -953171.4, -39483.0)
(873, 202.6404163837433, -953171.4, -39483.0)
(874, 203.04411363601685, -953171.4, -39483.0)
(875, 203.46715259552002, -953171.4, -39483.0)
(876, 203.86833381652832, -953171.4, -39483.0)
(877, 204.26315259933472, -953171.4, -39483.0)
(878, 204.68754625320435, -953171.4, -39483.0)
(879, 205.07130193710327, -953171.4, -39483.0)
(880, 205.50342226028442, -953171.4, -39483.0)
(881, 205.9136621952057, -911805.8706896551, -39483.0)
(882, 206.40217471122742, -911805.8706896551, -39483.0)
(883, 206.81424736976624, -911805.8706896551, -39483.0)
(884, 207.28348231315613, -911805.8706896551, -39483.0)
(885, 207.76024198532104, -911805.8706896551, -39483.0)
(886, 208.22690320014954, -911805.8706896551, -39483.0)
(887, 208.68922305107117, -911805.8706896551, -39483.0)
(888, 209.11043000221252, -911805.8706896551, -39483.0)
(889, 209.55756998062134, -911805.8706896551, -39483.0)
(890, 209.99306344985962, -911805.8706896551, -39483.0)
(891, 210.43620038032532, -911805.8706896551, -39483.0)
(892, 210.81136322021484, -911805.8706896551, -39483.0)
(893, 211.21753644943237, -911805.8706896551, -39483.0)
(894, 211.58908033370972, -911805.8706896551, -39483.0)
(895, 211.99224615097046, -911805.8706896551, -39483.0)
(896, 212.5045690536499, -911805.8706896551, -39483.0)
(897, 212.91278982162476, -911805.8706896551, -39483.0)
(898, 213.31821084022522, -911805.8706896551, -39483.0)
(899, 213.72922921180725, -911805.8706896551, -39483.0)
(900, 214.10799145698547, -911805.8706896551, -39483.0)
(901, 214.49314785003662, -911805.8706896551, -39483.0)
(902, 214.88872408866882, -911805.8706896551, -39483.0)
(903, 215.29685497283936, -911805.8706896551, -39483.0)
(904, 215.68213987350464, -911805.8706896551, -39483.0)
(905, 216.0855507850647, -911805.8706896551, -39483.0)
(906, 216.46568751335144, -911805.8706896551, -39483.0)
(907, 216.86309909820557, -911805.8706896551, -39483.0)
(908, 217.34488677978516, -911805.8706896551, -39483.0)
(909, 217.84905195236206, -909715.3188405801, -39483.0)
(910, 218.37329387664795, -909715.3188405801, -39483.0)
(911, 218.8368263244629, -909715.3188405801, -39483.0)
(912, 219.2830924987793, -909715.3188405801, -39483.0)
(913, 219.73329329490662, -909715.3188405801, -39483.0)
(914, 220.25470447540283, -909715.3188405801, -39483.0)
(915, 220.70672917366028, -909715.3188405801, -39483.0)
(916, 221.2042498588562, -909715.3188405801, -39483.0)
(917, 221.74717473983765, -909715.3188405801, -39483.0)
(918, 222.32343220710754, -909715.3188405801, -39483.0)
(919, 222.79293012619019, -909715.3188405801, -39483.0)
(920, 223.23644638061523, -909715.3188405801, -39483.0)
(921, 223.63803124427795, -909715.3188405801, -39483.0)
(922, 224.147362947464, -909715.3188405801, -39483.0)
(923, 224.56055974960327, -909715.3188405801, -39483.0)
(924, 224.98402404785156, -909715.3188405801, -39483.0)
(925, 225.38708686828613, -909715.3188405801, -39483.0)
(926, 225.78744053840637, -909715.3188405801, -39483.0)
(927, 226.18320059776306, -909715.3188405801, -39483.0)
(928, 226.59914183616638, -909715.3188405801, -39483.0)
(929, 227.01523351669312, -909715.3188405801, -39483.0)
(930, 227.41427302360535, -909715.3188405801, -39483.0)
(931, 227.83248209953308, -909715.3188405801, -39483.0)
(932, 228.24886345863342, -909715.3188405801, -39483.0)
(933, 228.655366897583, -909715.3188405801, -39483.0)
(934, 229.0571994781494, -909715.3188405801, -39483.0)
(935, 229.49120569229126, -909715.3188405801, -39483.0)
(936, 229.94633197784424, -909715.3188405801, -39483.0)
(937, 230.3554835319519, -909715.3188405801, -39483.0)
(938, 230.77041125297546, -909715.3188405801, -39483.0)
(939, 231.20299911499023, -896816.25, -39483.0)
(940, 231.6297676563263, -896816.25, -39483.0)
(941, 232.0352864265442, -896816.25, -39483.0)
(942, 232.49159169197083, -896816.25, -39483.0)
(943, 232.9339680671692, -896816.25, -39483.0)
(944, 233.33761191368103, -896816.25, -39483.0)
(945, 233.74325895309448, -896816.25, -39483.0)
(946, 234.1498463153839, -896816.25, -39483.0)
(947, 234.55985069274902, -896816.25, -39483.0)
(948, 234.96881794929504, -896816.25, -39483.0)
(949, 235.3943645954132, -896816.25, -39483.0)
(950, 235.81933903694153, -896816.25, -39483.0)
(951, 236.27482342720032, -896816.25, -39483.0)
(952, 236.68193101882935, -896816.25, -39483.0)
(953, 237.09511518478394, -896816.25, -39483.0)
(954, 237.5116412639618, -896816.25, -39483.0)
(955, 237.93071055412292, -896816.25, -39483.0)
(956, 238.35324692726135, -896816.25, -39483.0)
(957, 238.77863883972168, -896816.25, -39483.0)
(958, 239.21770310401917, -896816.25, -39483.0)
(959, 239.69095945358276, -896816.25, -39483.0)
(960, 240.11051726341248, -896816.25, -39483.0)
(961, 240.51984119415283, -896816.25, -39483.0)
(962, 240.9168782234192, -896816.25, -39483.0)
(963, 241.34436750411987, -896816.25, -39483.0)
(964, 241.79376554489136, -896816.25, -39483.0)
(965, 242.21993589401245, -896816.25, -39483.0)
(966, 242.6536762714386, -896816.25, -39483.0)
(967, 243.09765577316284, -896816.25, -39483.0)
(968, 243.50395488739014, -896816.25, -39483.0)
(969, 243.92680168151855, -896816.25, -39483.0)
(970, 244.36811637878418, -896816.25, -39483.0)
(971, 244.7928352355957, -896816.25, -39483.0)
(972, 245.2179193496704, -896816.25, -39483.0)
(973, 245.63764667510986, -896816.25, -39483.0)
(974, 246.05702090263367, -896816.25, -39483.0)
(975, 246.4699456691742, -896816.25, -39483.0)
(976, 246.8811550140381, -896816.25, -39483.0)
(977, 247.30421662330627, -896816.25, -39483.0)
(978, 247.7617471218109, -896816.25, -39483.0)
(979, 248.31482100486755, -896816.25, -39483.0)
(980, 248.7349932193756, -896816.25, -39483.0)
(981, 249.2025010585785, -896816.25, -39483.0)
(982, 249.626118183136, -896816.25, -39483.0)
(983, 250.04822969436646, -896816.25, -39483.0)
(984, 250.46978330612183, -896816.25, -39483.0)
(985, 250.88269305229187, -896816.25, -39483.0)
(986, 251.31440043449402, -896816.25, -39483.0)
(987, 251.7357313632965, -896816.25, -39483.0)
(988, 252.1367700099945, -896816.25, -39483.0)
(989, 252.56498408317566, -896816.25, -39483.0)
(990, 252.99335074424744, -896816.25, -39483.0)
(991, 253.43506455421448, -896816.25, -39483.0)
(992, 253.84574222564697, -896816.25, -39483.0)
(993, 254.25913786888123, -896816.25, -39483.0)
(994, 254.68836569786072, -896816.25, -39483.0)
(995, 255.13122820854187, -896816.25, -39483.0)
(996, 255.610333442688, -896816.25, -39483.0)
(997, 256.02183771133423, -896816.25, -39483.0)
(998, 256.4505922794342, -896816.25, -39483.0)
(999, 256.86999130249023, -896816.25, -39483.0)
(1000, 257.3051345348358, -896816.25, -39483.0)
