(1, 0.2087266445159912, -2850539.0, -59540.0)
(2, 0.40053248405456543, -2850539.0, -59540.0)
(3, 0.593799352645874, -2850539.0, -59540.0)
(4, 0.7851183414459229, -2850539.0, -59540.0)
(5, 0.9758620262145996, -2850539.0, -59540.0)
(6, 1.1661245822906494, -2850539.0, -59540.0)
(7, 1.357830286026001, -2850539.0, -59540.0)
(8, 1.5499343872070312, -2850539.0, -59540.0)
(9, 1.7430152893066406, -2850539.0, -59540.0)
(10, 1.9363455772399902, -2850539.0, -59540.0)
(11, 2.1301636695861816, -2850539.0, -59540.0)
(12, 2.3241751194000244, -2850539.0, -59540.0)
(13, 2.5199079513549805, -2850539.0, -59540.0)
(14, 2.715029239654541, -2850539.0, -59540.0)
(15, 2.91059947013855, -2850539.0, -59540.0)
(16, 3.1072301864624023, -2850539.0, -59540.0)
(17, 3.303281545639038, -2850539.0, -59540.0)
(18, 3.5000956058502197, -2850539.0, -59540.0)
(19, 3.6983554363250732, -2850539.0, -59540.0)
(20, 3.896714687347412, -2850539.0, -59540.0)
(21, 4.099034309387207, -2850539.0, -59540.0)
(22, 4.301035165786743, -2850539.0, -59540.0)
(23, 4.504181146621704, -2850539.0, -59540.0)
(24, 4.707922697067261, -2850539.0, -59540.0)
(25, 4.910981178283691, -2850539.0, -59540.0)
(26, 5.113168716430664, -2850539.0, -59540.0)
(27, 5.316245794296265, -2850539.0, -59540.0)
(28, 5.519570589065552, -2850539.0, -59540.0)
(29, 5.723161458969116, -2850539.0, -59540.0)
(30, 5.9293341636657715, -2850539.0, -59540.0)
(31, 6.135196208953857, -2850539.0, -59540.0)
(32, 6.340864658355713, -2850539.0, -59540.0)
(33, 6.547048091888428, -2850539.0, -59540.0)
(34, 6.754350423812866, -2850539.0, -59540.0)
(35, 6.961689710617065, -2850539.0, -59540.0)
(36, 7.189933776855469, -2850539.0, -59540.0)
(37, 7.402912378311157, -2850539.0, -59540.0)
(38, 7.613265752792358, -2850539.0, -59540.0)
(39, 7.822964668273926, -2850539.0, -59540.0)
(40, 8.033263921737671, -2850539.0, -59540.0)
(41, 8.245696067810059, -2850539.0, -59540.0)
(42, 8.458669662475586, -2850539.0, -59540.0)
(43, 8.672196865081787, -2850539.0, -59540.0)
(44, 8.885393142700195, -2850539.0, -59540.0)
(45, 9.100362062454224, -2850539.0, -59540.0)
(46, 9.314563035964966, -2850539.0, -59540.0)
(47, 9.53296160697937, -2850539.0, -59540.0)
(48, 9.74782133102417, -2850539.0, -59540.0)
(49, 9.963685989379883, -2850539.0, -59540.0)
(50, 10.18110704421997, -2850539.0, -59540.0)
(51, 10.399044036865234, -2850539.0, -59540.0)
(52, 10.618962049484253, -2850539.0, -59540.0)
(53, 10.839586019515991, -2850539.0, -59540.0)
(54, 11.060063123703003, -2850539.0, -59540.0)
(55, 11.28177523612976, -2850539.0, -59540.0)
(56, 11.503950119018555, -2850539.0, -59540.0)
(57, 11.725994348526001, -2850539.0, -59540.0)
(58, 11.948627233505249, -2850539.0, -59540.0)
(59, 12.172026634216309, -2850539.0, -59540.0)
(60, 12.396982431411743, -2850539.0, -59540.0)
(61, 12.622260808944702, -2850539.0, -59540.0)
(62, 12.847906827926636, -2850539.0, -59540.0)
(63, 13.074830770492554, -2850539.0, -59540.0)
(64, 13.3020761013031, -2850539.0, -59540.0)
(65, 13.529813051223755, -2850539.0, -59540.0)
(66, 13.757872343063354, -2850539.0, -59540.0)
(67, 13.98671841621399, -2850539.0, -59540.0)
(68, 14.216507911682129, -2850539.0, -59540.0)
(69, 14.448590993881226, -2850539.0, -59540.0)
(70, 14.679442644119263, -2850539.0, -59540.0)
(71, 14.910574913024902, -2782231.103448276, -59540.0)
(72, 15.140710592269897, -2782231.103448276, -59540.0)
(73, 15.369974613189697, -2782231.103448276, -59540.0)
(74, 15.600927114486694, -2782231.103448276, -59540.0)
(75, 15.832058429718018, -2782231.103448276, -59540.0)
(76, 16.06228756904602, -2782231.103448276, -59540.0)
(77, 16.292083024978638, -2782231.103448276, -59540.0)
(78, 16.523750066757202, -2782231.103448276, -59540.0)
(79, 16.758593797683716, -2782231.103448276, -59540.0)
(80, 16.994158267974854, -2782231.103448276, -59540.0)
(81, 17.230736255645752, -2782231.103448276, -59540.0)
(82, 17.466081857681274, -2782231.103448276, -59540.0)
(83, 17.70183515548706, -2782231.103448276, -59540.0)
(84, 17.938770532608032, -2782231.103448276, -59540.0)
(85, 18.175843715667725, -2782231.103448276, -59540.0)
(86, 18.412901401519775, -2782231.103448276, -59540.0)
(87, 18.65194082260132, -2757509.32, -59540.0)
(88, 18.896265745162964, -2757509.32, -59540.0)
(89, 19.13954997062683, -2757509.32, -59540.0)
(90, 19.381981134414673, -2757509.32, -59540.0)
(91, 19.625025272369385, -2757509.32, -59540.0)
(92, 19.86747407913208, -2757509.32, -59540.0)
(93, 20.11185097694397, -2757509.32, -59540.0)
(94, 20.355773210525513, -2757509.32, -59540.0)
(95, 20.60074472427368, -2757509.32, -59540.0)
(96, 20.848318099975586, -2757509.32, -59540.0)
(97, 21.096248388290405, -2757509.32, -59540.0)
(98, 21.372098207473755, -2757509.32, -59540.0)
(99, 21.622058629989624, -2757509.32, -59540.0)
(100, 21.870946168899536, -2757509.32, -59540.0)
(101, 22.12149143218994, -2757509.32, -59540.0)
(102, 22.374608278274536, -2757509.32, -59540.0)
(103, 22.630601406097412, -2757509.32, -59540.0)
(104, 22.882837295532227, -2757509.32, -59540.0)
(105, 23.13587188720703, -2757509.32, -59540.0)
(106, 23.390562295913696, -2757509.32, -59540.0)
(107, 23.645390033721924, -2757509.32, -59540.0)
(108, 23.900792598724365, -2757509.32, -59540.0)
(109, 24.155911445617676, -2757509.32, -59540.0)
(110, 24.41285753250122, -2757509.32, -59540.0)
(111, 24.670831203460693, -2757509.32, -59540.0)
(112, 24.929044485092163, -2757509.32, -59540.0)
(113, 25.188183069229126, -2757509.32, -59540.0)
(114, 25.446734189987183, -2757509.32, -59540.0)
(115, 25.706958532333374, -2757509.32, -59540.0)
(116, 25.969380855560303, -2757509.32, -59540.0)
(117, 26.229572534561157, -2698521.206896552, -59540.0)
(118, 26.49027180671692, -2698521.206896552, -59540.0)
(119, 26.74988055229187, -2698521.206896552, -59540.0)
(120, 27.008914470672607, -2698521.206896552, -59540.0)
(121, 27.266271352767944, -2698521.206896552, -59540.0)
(122, 27.526948928833008, -2698521.206896552, -59540.0)
(123, 27.789926528930664, -2698521.206896552, -59540.0)
(124, 28.05544924736023, -2698521.206896552, -59540.0)
(125, 28.314332008361816, -2698521.206896552, -59540.0)
(126, 28.575101137161255, -2698521.206896552, -59540.0)
(127, 28.836815118789673, -2698521.206896552, -59540.0)
(128, 29.101052284240723, -2698521.206896552, -59540.0)
(129, 29.36445164680481, -2698521.206896552, -59540.0)
(130, 29.629694938659668, -2698521.206896552, -59540.0)
(131, 29.89923644065857, -2628782.4137931033, -59540.0)
(132, 30.171552896499634, -2628782.4137931033, -59540.0)
(133, 30.44278049468994, -2628782.4137931033, -59540.0)
(134, 30.713772296905518, -2628782.4137931033, -59540.0)
(135, 30.984946250915527, -2628782.4137931033, -59540.0)
(136, 31.252431631088257, -2628782.4137931033, -59540.0)
(137, 31.522247791290283, -2628782.4137931033, -59540.0)
(138, 31.796190977096558, -2628782.4137931033, -59540.0)
(139, 32.06976270675659, -2628782.4137931033, -59540.0)
(140, 32.34537148475647, -2628782.4137931033, -59540.0)
(141, 32.619141817092896, -2628782.4137931033, -59540.0)
(142, 32.89486598968506, -2628782.4137931033, -59540.0)
(143, 33.16692614555359, -2628782.4137931033, -59540.0)
(144, 33.4367618560791, -2628782.4137931033, -59540.0)
(145, 33.71837401390076, -2628782.4137931033, -59540.0)
(146, 33.99813985824585, -2628782.4137931033, -59540.0)
(147, 34.277923345565796, -2628782.4137931033, -59540.0)
(148, 34.55363726615906, -2628782.4137931033, -59540.0)
(149, 34.827462673187256, -2628782.4137931033, -59540.0)
(150, 35.10454225540161, -2628782.4137931033, -59540.0)
(151, 35.38008785247803, -2628782.4137931033, -59540.0)
(152, 35.65426564216614, -2628782.4137931033, -59540.0)
(153, 35.931917667388916, -2628782.4137931033, -59540.0)
(154, 36.21020150184631, -2628782.4137931033, -59540.0)
(155, 36.48969650268555, -2628782.4137931033, -59540.0)
(156, 36.770981788635254, -2628782.4137931033, -59540.0)
(157, 37.05080699920654, -2628782.4137931033, -59540.0)
(158, 37.334006786346436, -2628782.4137931033, -59540.0)
(159, 37.63977909088135, -2628782.4137931033, -59540.0)
(160, 37.92255091667175, -2628782.4137931033, -59540.0)
(161, 38.206215143203735, -2628782.4137931033, -59540.0)
(162, 38.48861622810364, -2628782.4137931033, -59540.0)
(163, 38.77241516113281, -2628782.4137931033, -59540.0)
(164, 39.0649528503418, -2628782.4137931033, -59540.0)
(165, 39.36815285682678, -2628782.4137931033, -59540.0)
(166, 39.659632444381714, -2628782.4137931033, -59540.0)
(167, 39.94854760169983, -2566076.8620689656, -59540.0)
(168, 40.24995446205139, -2566076.8620689656, -59540.0)
(169, 40.5500910282135, -2566076.8620689656, -59540.0)
(170, 40.84599423408508, -2566076.8620689656, -59540.0)
(171, 41.135512828826904, -2566076.8620689656, -59540.0)
(172, 41.42578077316284, -2566076.8620689656, -59540.0)
(173, 41.714574575424194, -2566076.8620689656, -59540.0)
(174, 42.00406312942505, -2566076.8620689656, -59540.0)
(175, 42.28942656517029, -2566076.8620689656, -59540.0)
(176, 42.57621717453003, -2566076.8620689656, -59540.0)
(177, 42.86523199081421, -2566076.8620689656, -59540.0)
(178, 43.17204451560974, -2566076.8620689656, -59540.0)
(179, 43.46386003494263, -2566076.8620689656, -59540.0)
(180, 43.752787590026855, -2566076.8620689656, -59540.0)
(181, 44.047388315200806, -2535315.9545454546, -59540.0)
(182, 44.34168481826782, -2535315.9545454546, -59540.0)
(183, 44.63894867897034, -2535315.9545454546, -59540.0)
(184, 44.93647861480713, -2535315.9545454546, -59540.0)
(185, 45.230441093444824, -2535315.9545454546, -59540.0)
(186, 45.5244927406311, -2518263.05, -59540.0)
(187, 45.83621025085449, -2518263.05, -59540.0)
(188, 46.15251016616821, -2518263.05, -59540.0)
(189, 46.47153306007385, -2518263.05, -59540.0)
(190, 46.7831711769104, -2518263.05, -59540.0)
(191, 47.103004932403564, -2518263.05, -59540.0)
(192, 47.4072003364563, -2518263.05, -59540.0)
(193, 47.72775673866272, -2518263.05, -59540.0)
(194, 48.05529236793518, -2454467.0000000005, -59540.0)
(195, 48.380188941955566, -2454467.0000000005, -59540.0)
(196, 48.690690755844116, -2454467.0000000005, -59540.0)
(197, 49.00039601325989, -2454467.0000000005, -59540.0)
(198, 49.31109094619751, -2454467.0000000005, -59540.0)
(199, 49.624117612838745, -2454467.0000000005, -59540.0)
(200, 49.93939542770386, -2454467.0000000005, -59540.0)
(201, 50.25484108924866, -2454467.0000000005, -59540.0)
(202, 50.58201313018799, -2454467.0000000005, -59540.0)
(203, 50.89931535720825, -2454467.0000000005, -59540.0)
(204, 51.21790361404419, -2454467.0000000005, -59540.0)
(205, 51.54433727264404, -2420285.6379310344, -59540.0)
(206, 51.86914658546448, -2420285.6379310344, -59540.0)
(207, 52.18663215637207, -2420285.6379310344, -59540.0)
(208, 52.502963066101074, -2420285.6379310344, -59540.0)
(209, 52.83250856399536, -2420285.6379310344, -59540.0)
(210, 53.167123794555664, -2420285.6379310344, -59540.0)
(211, 53.49585843086243, -2420285.6379310344, -59540.0)
(212, 53.82303500175476, -2420285.6379310344, -59540.0)
(213, 54.14280343055725, -2420285.6379310344, -59540.0)
(214, 54.45758104324341, -2420285.6379310344, -59540.0)
(215, 54.76880478858948, -2420285.6379310344, -59540.0)
(216, 55.09965777397156, -2420285.6379310344, -59540.0)
(217, 55.427011013031006, -2420285.6379310344, -59540.0)
(218, 55.758137226104736, -2420285.6379310344, -59540.0)
(219, 56.07590174674988, -2420285.6379310344, -59540.0)
(220, 56.39540719985962, -2420285.6379310344, -59540.0)
(221, 56.71839261054993, -2420285.6379310344, -59540.0)
(222, 57.036592960357666, -2420285.6379310344, -59540.0)
(223, 57.357897996902466, -2420285.6379310344, -59540.0)
(224, 57.67684817314148, -2420285.6379310344, -59540.0)
(225, 58.024301052093506, -2420285.6379310344, -59540.0)
(226, 58.35463857650757, -2369527.172413793, -59540.0)
(227, 58.69763660430908, -2369527.172413793, -59540.0)
(228, 59.03409457206726, -2369527.172413793, -59540.0)
(229, 59.3621244430542, -2369527.172413793, -59540.0)
(230, 59.68566942214966, -2369527.172413793, -59540.0)
(231, 60.00733017921448, -2369527.172413793, -59540.0)
(232, 60.36750841140747, -2369527.172413793, -59540.0)
(233, 60.71337628364563, -2369527.172413793, -59540.0)
(234, 61.03504300117493, -2369527.172413793, -59540.0)
(235, 61.360296964645386, -2369527.172413793, -59540.0)
(236, 61.68973183631897, -2369527.172413793, -59540.0)
(237, 62.02399492263794, -2343649.1818181816, -59540.0)
(238, 62.35527992248535, -2343649.1818181816, -59540.0)
(239, 62.69147610664368, -2343649.1818181816, -59540.0)
(240, 63.01981997489929, -2343649.1818181816, -59540.0)
(241, 63.352683544158936, -2343649.1818181816, -59540.0)
(242, 63.68592071533203, -2343649.1818181816, -59540.0)
(243, 64.0202283859253, -2343649.1818181816, -59540.0)
(244, 64.3552896976471, -2262725.896551724, -59540.0)
(245, 64.69087672233582, -2262725.896551724, -59540.0)
(246, 65.02505922317505, -2262725.896551724, -59540.0)
(247, 65.35301995277405, -2262725.896551724, -59540.0)
(248, 65.68460512161255, -2262725.896551724, -59540.0)
(249, 66.01326417922974, -2262725.896551724, -59540.0)
(250, 66.34240818023682, -2262725.896551724, -59540.0)
(251, 66.67357158660889, -2262725.896551724, -59540.0)
(252, 67.0101249217987, -2262725.896551724, -59540.0)
(253, 67.34488010406494, -2262725.896551724, -59540.0)
(254, 67.67829036712646, -2262725.896551724, -59540.0)
(255, 68.00825715065002, -2262725.896551724, -59540.0)
(256, 68.34294056892395, -2262725.896551724, -59540.0)
(257, 68.67987585067749, -2245156.1904761903, -59540.0)
(258, 69.02569317817688, -2244022.1818181816, -59540.0)
(259, 69.3703887462616, -2244022.1818181816, -59540.0)
(260, 69.71715235710144, -2244022.1818181816, -59540.0)
(261, 70.05890703201294, -2244022.1818181816, -59540.0)
(262, 70.40526676177979, -2244022.1818181816, -59540.0)
(263, 70.7466299533844, -2244022.1818181816, -59540.0)
(264, 71.08764743804932, -2244022.1818181816, -59540.0)
(265, 71.4351122379303, -2244022.1818181816, -59540.0)
(266, 71.79142308235168, -2244022.1818181816, -59540.0)
(267, 72.13802528381348, -2244022.1818181816, -59540.0)
(268, 72.48150944709778, -2244022.1818181816, -59540.0)
(269, 72.83006834983826, -2244022.1818181816, -59540.0)
(270, 73.17849922180176, -2244022.1818181816, -59540.0)
(271, 73.52980399131775, -2244022.1818181816, -59540.0)
(272, 73.88346576690674, -2244022.1818181816, -59540.0)
(273, 74.23580718040466, -2244022.1818181816, -59540.0)
(274, 74.58924078941345, -2244022.1818181816, -59540.0)
(275, 74.94227981567383, -2244022.1818181816, -59540.0)
(276, 75.29516935348511, -2244022.1818181816, -59540.0)
(277, 75.65942859649658, -2244022.1818181816, -59540.0)
(278, 76.01509404182434, -2244022.1818181816, -59540.0)
(279, 76.3697817325592, -2244022.1818181816, -59540.0)
(280, 76.72255229949951, -2244022.1818181816, -59540.0)
(281, 77.08100962638855, -2244022.1818181816, -59540.0)
(282, 77.43710947036743, -2244022.1818181816, -59540.0)
(283, 77.79320549964905, -2244022.1818181816, -59540.0)
(284, 78.15352749824524, -2244022.1818181816, -59540.0)
(285, 78.51710724830627, -2172310.9655172415, -59540.0)
(286, 78.87706279754639, -2172310.9655172415, -59540.0)
(287, 79.23417377471924, -2172310.9655172415, -59540.0)
(288, 79.59247064590454, -2172310.9655172415, -59540.0)
(289, 79.94929504394531, -2172310.9655172415, -59540.0)
(290, 80.30812883377075, -2172310.9655172415, -59540.0)
(291, 80.6710741519928, -2140509.4482758623, -59540.0)
(292, 81.04570174217224, -2140509.4482758623, -59540.0)
(293, 81.41108083724976, -2140509.4482758623, -59540.0)
(294, 81.77392601966858, -2140509.4482758623, -59540.0)
(295, 82.13498377799988, -2140509.4482758623, -59540.0)
(296, 82.50192642211914, -2140509.4482758623, -59540.0)
(297, 82.8749418258667, -2140509.4482758623, -59540.0)
(298, 83.24235534667969, -2140509.4482758623, -59540.0)
(299, 83.61035966873169, -2118251.7586206896, -59540.0)
(300, 83.98075246810913, -2118251.7586206896, -59540.0)
(301, 84.34755373001099, -2118251.7586206896, -59540.0)
(302, 84.7092752456665, -2118251.7586206896, -59540.0)
(303, 85.07426118850708, -2118251.7586206896, -59540.0)
(304, 85.43627071380615, -2118251.7586206896, -59540.0)
(305, 85.79622483253479, -2118251.7586206896, -59540.0)
(306, 86.16224336624146, -2118251.7586206896, -59540.0)
(307, 86.5311508178711, -2118251.7586206896, -59540.0)
(308, 86.90341758728027, -2118251.7586206896, -59540.0)
(309, 87.27619409561157, -2118251.7586206896, -59540.0)
(310, 87.64354991912842, -2118251.7586206896, -59540.0)
(311, 88.01136827468872, -2118251.7586206896, -59540.0)
(312, 88.38061833381653, -2118251.7586206896, -59540.0)
(313, 88.75359725952148, -2118251.7586206896, -59540.0)
(314, 89.12912726402283, -2118251.7586206896, -59540.0)
(315, 89.51543188095093, -2118251.7586206896, -59540.0)
(316, 89.8976240158081, -2118251.7586206896, -59540.0)
(317, 90.27612328529358, -2118251.7586206896, -59540.0)
(318, 90.65820217132568, -2118251.7586206896, -59540.0)
(319, 91.0328426361084, -2118251.7586206896, -59540.0)
(320, 91.41177606582642, -2118251.7586206896, -59540.0)
(321, 91.79202198982239, -2118251.7586206896, -59540.0)
(322, 92.16638994216919, -2118251.7586206896, -59540.0)
(323, 92.54680633544922, -2118251.7586206896, -59540.0)
(324, 92.93057656288147, -2118251.7586206896, -59540.0)
(325, 93.31407809257507, -2118251.7586206896, -59540.0)
(326, 93.69887447357178, -2061684.6956521738, -59540.0)
(327, 94.16879057884216, -2061684.6956521738, -59540.0)
(328, 94.57403373718262, -2061684.6956521738, -59540.0)
(329, 94.99015760421753, -2061684.6956521738, -59540.0)
(330, 95.40559816360474, -2061684.6956521738, -59540.0)
(331, 95.82923197746277, -2037391.7241379311, -59540.0)
(332, 96.25370764732361, -2037391.7241379311, -59540.0)
(333, 96.63799118995667, -2037391.7241379311, -59540.0)
(334, 97.03361415863037, -2037391.7241379311, -59540.0)
(335, 97.41785430908203, -2037391.7241379311, -59540.0)
(336, 97.80710816383362, -2037391.7241379311, -59540.0)
(337, 98.20278549194336, -2037391.7241379311, -59540.0)
(338, 98.59769535064697, -2037391.7241379311, -59540.0)
(339, 98.98462653160095, -2037391.7241379311, -59540.0)
(340, 99.37672400474548, -2030507.4736842106, -59540.0)
(341, 99.78572273254395, -2030507.4736842106, -59540.0)
(342, 100.18471789360046, -2030507.4736842106, -59540.0)
(343, 100.57810688018799, -2030507.4736842106, -59540.0)
(344, 100.96838784217834, -2030507.4736842106, -59540.0)
(345, 101.35719537734985, -2030507.4736842106, -59540.0)
(346, 101.75627088546753, -2030507.4736842106, -59540.0)
(347, 102.16496729850769, -2030507.4736842106, -59540.0)
(348, 102.55744862556458, -2030507.4736842106, -59540.0)
(349, 102.95741939544678, -2030507.4736842106, -59540.0)
(350, 103.36795783042908, -2030507.4736842106, -59540.0)
(351, 103.77725338935852, -2030507.4736842106, -59540.0)
(352, 104.18541669845581, -2030507.4736842106, -59540.0)
(353, 104.60606241226196, -1991427.0, -59540.0)
(354, 105.00729417800903, -1991427.0, -59540.0)
(355, 105.43274879455566, -1991427.0, -59540.0)
(356, 105.84585404396057, -1991427.0, -59540.0)
(357, 106.256915807724, -1991427.0, -59540.0)
(358, 106.66531825065613, -1991427.0, -59540.0)
(359, 107.0777473449707, -1991427.0, -59540.0)
(360, 107.49531245231628, -1991427.0, -59540.0)
(361, 107.91549491882324, -1927055.4827586208, -59540.0)
(362, 108.3339204788208, -1927055.4827586208, -59540.0)
(363, 108.74926900863647, -1927055.4827586208, -59540.0)
(364, 109.15465307235718, -1927055.4827586208, -59540.0)
(365, 109.56512689590454, -1927055.4827586208, -59540.0)
(366, 109.98850607872009, -1927055.4827586208, -59540.0)
(367, 110.41037058830261, -1927055.4827586208, -59540.0)
(368, 110.83258962631226, -1927055.4827586208, -59540.0)
(369, 111.26103973388672, -1927055.4827586208, -59540.0)
(370, 111.69994163513184, -1927055.4827586208, -59540.0)
(371, 112.12572908401489, -1927055.4827586208, -59540.0)
(372, 112.55395269393921, -1927055.4827586208, -59540.0)
(373, 112.98268580436707, -1927055.4827586208, -59540.0)
(374, 113.43141198158264, -1927055.4827586208, -59540.0)
(375, 113.85975122451782, -1927055.4827586208, -59540.0)
(376, 114.28472709655762, -1927055.4827586208, -59540.0)
(377, 114.70751070976257, -1927055.4827586208, -59540.0)
(378, 115.14299702644348, -1927055.4827586208, -59540.0)
(379, 115.56347846984863, -1927055.4827586208, -59540.0)
(380, 115.99626088142395, -1927055.4827586208, -59540.0)
(381, 116.44392824172974, -1927055.4827586208, -59540.0)
(382, 116.88161826133728, -1927055.4827586208, -59540.0)
(383, 117.3097038269043, -1927055.4827586208, -59540.0)
(384, 117.74193525314331, -1927055.4827586208, -59540.0)
(385, 118.17418503761292, -1927055.4827586208, -59540.0)
(386, 118.61783599853516, -1927055.4827586208, -59540.0)
(387, 119.0638976097107, -1927055.4827586208, -59540.0)
(388, 119.52771544456482, -1927055.4827586208, -59540.0)
(389, 119.96768021583557, -1927055.4827586208, -59540.0)
(390, 120.40560698509216, -1927055.4827586208, -59540.0)
(391, 120.84575891494751, -1927055.4827586208, -59540.0)
(392, 121.28690719604492, -1927055.4827586208, -59540.0)
(393, 121.72017979621887, -1927055.4827586208, -59540.0)
(394, 122.16204190254211, -1927055.4827586208, -59540.0)
(395, 122.59741067886353, -1927055.4827586208, -59540.0)
(396, 123.04964423179626, -1927055.4827586208, -59540.0)
(397, 123.49788761138916, -1927055.4827586208, -59540.0)
(398, 123.94715070724487, -1927055.4827586208, -59540.0)
(399, 124.40981435775757, -1927055.4827586208, -59540.0)
(400, 124.8548526763916, -1927055.4827586208, -59540.0)
(401, 125.31580257415771, -1927055.4827586208, -59540.0)
(402, 125.771963596344, -1848223.0689655172, -59540.0)
(403, 126.22165131568909, -1848223.0689655172, -59540.0)
(404, 126.66508460044861, -1848223.0689655172, -59540.0)
(405, 127.1075165271759, -1848223.0689655172, -59540.0)
(406, 127.54457902908325, -1848223.0689655172, -59540.0)
(407, 127.99116778373718, -1848223.0689655172, -59540.0)
(408, 128.4377040863037, -1848223.0689655172, -59540.0)
(409, 128.88452816009521, -1848223.0689655172, -59540.0)
(410, 129.3358769416809, -1848223.0689655172, -59540.0)
(411, 129.79157614707947, -1848223.0689655172, -59540.0)
(412, 130.23955512046814, -1848223.0689655172, -59540.0)
(413, 130.69239687919617, -1848223.0689655172, -59540.0)
(414, 131.13920974731445, -1848223.0689655172, -59540.0)
(415, 131.60527777671814, -1848223.0689655172, -59540.0)
(416, 132.06448459625244, -1848223.0689655172, -59540.0)
(417, 132.5283694267273, -1848223.0689655172, -59540.0)
(418, 132.97755813598633, -1848223.0689655172, -59540.0)
(419, 133.44242238998413, -1848223.0689655172, -59540.0)
(420, 133.90145826339722, -1790268.9655172413, -59540.0)
(421, 134.38645839691162, -1790268.9655172413, -59540.0)
(422, 134.86155772209167, -1790268.9655172413, -59540.0)
(423, 135.33477973937988, -1790268.9655172413, -59540.0)
(424, 135.79159688949585, -1790268.9655172413, -59540.0)
(425, 136.2594394683838, -1790268.9655172413, -59540.0)
(426, 136.72659468650818, -1790268.9655172413, -59540.0)
(427, 137.19829177856445, -1790268.9655172413, -59540.0)
(428, 137.66871666908264, -1790268.9655172413, -59540.0)
(429, 138.1369469165802, -1790268.9655172413, -59540.0)
(430, 138.6139190196991, -1790268.9655172413, -59540.0)
(431, 139.08605861663818, -1790268.9655172413, -59540.0)
(432, 139.56042456626892, -1790268.9655172413, -59540.0)
(433, 140.03749799728394, -1790268.9655172413, -59540.0)
(434, 140.51614236831665, -1790268.9655172413, -59540.0)
(435, 141.006582736969, -1790268.9655172413, -59540.0)
(436, 141.50029683113098, -1790268.9655172413, -59540.0)
(437, 141.99159693717957, -1790268.9655172413, -59540.0)
(438, 142.47455310821533, -1790268.9655172413, -59540.0)
(439, 142.95604705810547, -1790268.9655172413, -59540.0)
(440, 143.42325639724731, -1790268.9655172413, -59540.0)
(441, 143.90035486221313, -1790268.9655172413, -59540.0)
(442, 144.38458132743835, -1790268.9655172413, -59540.0)
(443, 144.8708791732788, -1790268.9655172413, -59540.0)
(444, 145.40996265411377, -1790268.9655172413, -59540.0)
(445, 145.90558671951294, -1790268.9655172413, -59540.0)
(446, 146.3934166431427, -1790268.9655172413, -59540.0)
(447, 146.89398384094238, -1790268.9655172413, -59540.0)
(448, 147.38219952583313, -1790268.9655172413, -59540.0)
(449, 147.88994717597961, -1790268.9655172413, -59540.0)
(450, 148.39383935928345, -1790268.9655172413, -59540.0)
(451, 148.88648462295532, -1790268.9655172413, -59540.0)
(452, 149.37686276435852, -1790268.9655172413, -59540.0)
(453, 149.86659407615662, -1790268.9655172413, -59540.0)
(454, 150.34716248512268, -1790268.9655172413, -59540.0)
(455, 150.8435685634613, -1790268.9655172413, -59540.0)
(456, 151.3482482433319, -1790268.9655172413, -59540.0)
(457, 151.84007143974304, -1790268.9655172413, -59540.0)
(458, 152.3460385799408, -1790268.9655172413, -59540.0)
(459, 152.83258605003357, -1790268.9655172413, -59540.0)
(460, 153.33895921707153, -1790268.9655172413, -59540.0)
(461, 153.8710949420929, -1790268.9655172413, -59540.0)
(462, 154.39440774917603, -1790268.9655172413, -59540.0)
(463, 154.90432024002075, -1790268.9655172413, -59540.0)
(464, 155.4107382297516, -1790268.9655172413, -59540.0)
(465, 155.92606401443481, -1790268.9655172413, -59540.0)
(466, 156.43254971504211, -1790268.9655172413, -59540.0)
(467, 156.95035648345947, -1790268.9655172413, -59540.0)
(468, 157.46965742111206, -1790268.9655172413, -59540.0)
(469, 157.98625206947327, -1790268.9655172413, -59540.0)
(470, 158.50186777114868, -1790268.9655172413, -59540.0)
(471, 159.0278880596161, -1790268.9655172413, -59540.0)
(472, 159.5388162136078, -1790268.9655172413, -59540.0)
(473, 160.05698084831238, -1790268.9655172413, -59540.0)
(474, 160.57358956336975, -1790268.9655172413, -59540.0)
(475, 161.09138560295105, -1790268.9655172413, -59540.0)
(476, 161.61960315704346, -1790268.9655172413, -59540.0)
(477, 162.1409842967987, -1790268.9655172413, -59540.0)
(478, 162.67933988571167, -1790268.9655172413, -59540.0)
(479, 163.19245171546936, -1790268.9655172413, -59540.0)
(480, 163.70932745933533, -1790268.9655172413, -59540.0)
(481, 164.2309582233429, -1760945.68, -59540.0)
(482, 164.78029370307922, -1760945.68, -59540.0)
(483, 165.3598165512085, -1760945.68, -59540.0)
(484, 165.9400565624237, -1760945.68, -59540.0)
(485, 166.53704166412354, -1760945.68, -59540.0)
(486, 167.1282229423523, -1760945.68, -59540.0)
(487, 167.7138912677765, -1760945.68, -59540.0)
(488, 168.30315351486206, -1760945.68, -59540.0)
(489, 168.8626708984375, -1760945.68, -59540.0)
(490, 169.47385001182556, -1760945.68, -59540.0)
(491, 170.04335713386536, -1760945.68, -59540.0)
(492, 170.60181760787964, -1760945.68, -59540.0)
(493, 171.16295194625854, -1760945.68, -59540.0)
(494, 171.7243800163269, -1760945.68, -59540.0)
(495, 172.28218603134155, -1760945.68, -59540.0)
(496, 172.86693668365479, -1760945.68, -59540.0)
(497, 173.4424774646759, -1760945.68, -59540.0)
(498, 174.00730848312378, -1760945.68, -59540.0)
(499, 174.5706639289856, -1760945.68, -59540.0)
(500, 175.1427550315857, -1760945.68, -59540.0)
(501, 175.7190592288971, -1760945.68, -59540.0)
(502, 176.29508900642395, -1760945.68, -59540.0)
(503, 176.87861323356628, -1760945.68, -59540.0)
(504, 177.4547619819641, -1760945.68, -59540.0)
(505, 178.096586227417, -1760945.68, -59540.0)
(506, 178.67843770980835, -1760945.68, -59540.0)
(507, 179.24958324432373, -1760945.68, -59540.0)
(508, 179.8116638660431, -1760945.68, -59540.0)
(509, 180.39331603050232, -1760945.68, -59540.0)
(510, 181.05011892318726, -1760945.68, -59540.0)
(511, 181.64114785194397, -1760945.68, -59540.0)
(512, 182.24537205696106, -1760945.68, -59540.0)
(513, 182.82969093322754, -1760945.68, -59540.0)
(514, 183.39819836616516, -1760945.68, -59540.0)
(515, 183.95057940483093, -1760945.68, -59540.0)
(516, 184.51421976089478, -1760945.68, -59540.0)
(517, 185.09858298301697, -1760945.68, -59540.0)
(518, 185.7417619228363, -1760945.68, -59540.0)
(519, 186.34407448768616, -1760945.68, -59540.0)
(520, 186.91321206092834, -1760945.68, -59540.0)
(521, 187.4947910308838, -1760945.68, -59540.0)
(522, 188.07856845855713, -1760945.68, -59540.0)
(523, 188.6647469997406, -1760945.68, -59540.0)
(524, 189.3497486114502, -1760945.68, -59540.0)
(525, 189.96589875221252, -1760945.68, -59540.0)
(526, 190.5812132358551, -1760945.68, -59540.0)
(527, 191.1643602848053, -1760945.68, -59540.0)
(528, 191.74951267242432, -1760945.68, -59540.0)
(529, 192.3544843196869, -1760945.68, -59540.0)
(530, 192.96103596687317, -1760945.68, -59540.0)
(531, 193.56331157684326, -1760945.68, -59540.0)
(532, 194.14298796653748, -1760945.68, -59540.0)
(533, 194.73000502586365, -1760945.68, -59540.0)
(534, 195.37182641029358, -1760945.68, -59540.0)
(535, 196.0090353488922, -1760945.68, -59540.0)
(536, 196.66406178474426, -1760945.68, -59540.0)
(537, 197.28999519348145, -1760945.68, -59540.0)
(538, 197.94067072868347, -1740251.9166666667, -59540.0)
(539, 198.66063499450684, -1740251.9166666667, -59540.0)
(540, 199.28369140625, -1740251.9166666667, -59540.0)
(541, 199.86132311820984, -1740251.9166666667, -59540.0)
(542, 200.43920135498047, -1740251.9166666667, -59540.0)
(543, 201.03742504119873, -1740251.9166666667, -59540.0)
(544, 201.61695551872253, -1740251.9166666667, -59540.0)
(545, 202.19523930549622, -1740251.9166666667, -59540.0)
(546, 202.84226417541504, -1740251.9166666667, -59540.0)
(547, 203.4726288318634, -1740251.9166666667, -59540.0)
(548, 204.14886474609375, -1740251.9166666667, -59540.0)
(549, 204.7924361228943, -1740251.9166666667, -59540.0)
(550, 205.42808604240417, -1740251.9166666667, -59540.0)
(551, 206.13204884529114, -1740251.9166666667, -59540.0)
(552, 206.75320506095886, -1740251.9166666667, -59540.0)
(553, 207.3779559135437, -1740251.9166666667, -59540.0)
(554, 207.98969531059265, -1740251.9166666667, -59540.0)
(555, 208.59024667739868, -1740251.9166666667, -59540.0)
(556, 209.18638372421265, -1740251.9166666667, -59540.0)
(557, 209.77404475212097, -1740251.9166666667, -59540.0)
(558, 210.36998438835144, -1740251.9166666667, -59540.0)
(559, 210.97091460227966, -1740251.9166666667, -59540.0)
(560, 211.5870237350464, -1740251.9166666667, -59540.0)
(561, 212.20038223266602, -1740251.9166666667, -59540.0)
(562, 212.8101189136505, -1740251.9166666667, -59540.0)
(563, 213.42195510864258, -1740251.9166666667, -59540.0)
(564, 214.0388240814209, -1740251.9166666667, -59540.0)
(565, 214.65929102897644, -1740251.9166666667, -59540.0)
(566, 215.30106711387634, -1740251.9166666667, -59540.0)
(567, 215.908921957016, -1740251.9166666667, -59540.0)
(568, 216.54473638534546, -1740251.9166666667, -59540.0)
(569, 217.16514611244202, -1740251.9166666667, -59540.0)
(570, 217.7990744113922, -1740251.9166666667, -59540.0)
(571, 218.44045424461365, -1740251.9166666667, -59540.0)
(572, 219.0702793598175, -1740251.9166666667, -59540.0)
(573, 219.71216893196106, -1740251.9166666667, -59540.0)
(574, 220.34396624565125, -1595348.6296296297, -59540.0)
(575, 221.0149872303009, -1595348.6296296297, -59540.0)
(576, 221.6412010192871, -1595348.6296296297, -59540.0)
(577, 222.2622902393341, -1595348.6296296297, -59540.0)
(578, 222.91020727157593, -1595348.6296296297, -59540.0)
(579, 223.5540542602539, -1595348.6296296297, -59540.0)
(580, 224.21308374404907, -1595348.6296296297, -59540.0)
(581, 224.87151765823364, -1595348.6296296297, -59540.0)
(582, 225.52907943725586, -1595348.6296296297, -59540.0)
(583, 226.18014883995056, -1595348.6296296297, -59540.0)
(584, 226.83895611763, -1595348.6296296297, -59540.0)
(585, 227.49806094169617, -1595348.6296296297, -59540.0)
(586, 228.1606948375702, -1595348.6296296297, -59540.0)
(587, 228.84865307807922, -1595348.6296296297, -59540.0)
(588, 229.61216163635254, -1595348.6296296297, -59540.0)
(589, 230.28757691383362, -1595348.6296296297, -59540.0)
(590, 230.95553159713745, -1595348.6296296297, -59540.0)
(591, 231.64092087745667, -1595348.6296296297, -59540.0)
(592, 232.32258224487305, -1595348.6296296297, -59540.0)
(593, 233.00923871994019, -1595348.6296296297, -59540.0)
(594, 233.71615052223206, -1595348.6296296297, -59540.0)
(595, 234.42050433158875, -1595348.6296296297, -59540.0)
(596, 235.10952615737915, -1595348.6296296297, -59540.0)
(597, 235.79898047447205, -1595348.6296296297, -59540.0)
(598, 236.48326873779297, -1595348.6296296297, -59540.0)
(599, 237.17228746414185, -1595348.6296296297, -59540.0)
(600, 237.8630452156067, -1595348.6296296297, -59540.0)
(601, 238.59234881401062, -1595348.6296296297, -59540.0)
(602, 239.2880356311798, -1595348.6296296297, -59540.0)
(603, 239.97595620155334, -1595348.6296296297, -59540.0)
(604, 240.66734433174133, -1595348.6296296297, -59540.0)
(605, 241.34676671028137, -1595348.6296296297, -59540.0)
(606, 242.03495907783508, -1595348.6296296297, -59540.0)
(607, 242.7178020477295, -1595348.6296296297, -59540.0)
(608, 243.39580726623535, -1595348.6296296297, -59540.0)
(609, 244.09327244758606, -1595348.6296296297, -59540.0)
(610, 244.78725051879883, -1595348.6296296297, -59540.0)
(611, 245.51525163650513, -1595348.6296296297, -59540.0)
(612, 246.20878791809082, -1595348.6296296297, -59540.0)
(613, 246.92624354362488, -1595348.6296296297, -59540.0)
(614, 247.6202781200409, -1595348.6296296297, -59540.0)
(615, 248.32592868804932, -1595348.6296296297, -59540.0)
(616, 249.0298945903778, -1595348.6296296297, -59540.0)
(617, 249.74303269386292, -1595348.6296296297, -59540.0)
(618, 250.46600794792175, -1595348.6296296297, -59540.0)
(619, 251.2003631591797, -1595348.6296296297, -59540.0)
(620, 251.9160327911377, -1595348.6296296297, -59540.0)
(621, 252.64971899986267, -1595348.6296296297, -59540.0)
(622, 253.36649370193481, -1595348.6296296297, -59540.0)
(623, 254.09656715393066, -1504189.148148148, -59540.0)
(624, 254.79877877235413, -1504189.148148148, -59540.0)
(625, 255.5254635810852, -1504189.148148148, -59540.0)
(626, 256.21909976005554, -1504189.148148148, -59540.0)
(627, 256.94057273864746, -1504189.148148148, -59540.0)
(628, 257.64587116241455, -1504189.148148148, -59540.0)
(629, 258.3696081638336, -1504189.148148148, -59540.0)
(630, 259.0981936454773, -1504189.148148148, -59540.0)
(631, 259.8287992477417, -1504189.148148148, -59540.0)
(632, 260.54276943206787, -1504189.148148148, -59540.0)
(633, 261.27001571655273, -1504189.148148148, -59540.0)
(634, 261.9740900993347, -1504189.148148148, -59540.0)
(635, 262.70797896385193, -1504189.148148148, -59540.0)
(636, 263.42768955230713, -1504189.148148148, -59540.0)
(637, 264.123407125473, -1504189.148148148, -59540.0)
(638, 264.8099961280823, -1504189.148148148, -59540.0)
(639, 265.5024724006653, -1504189.148148148, -59540.0)
(640, 266.1955065727234, -1504189.148148148, -59540.0)
(641, 266.8903102874756, -1504189.148148148, -59540.0)
(642, 267.591703414917, -1504189.148148148, -59540.0)
(643, 268.2992932796478, -1504189.148148148, -59540.0)
(644, 269.00455474853516, -1504189.148148148, -59540.0)
(645, 269.70249676704407, -1504189.148148148, -59540.0)
(646, 270.4634063243866, -1472400.7037037038, -59540.0)
(647, 271.2350826263428, -1472400.7037037038, -59540.0)
(648, 272.04085302352905, -1472400.7037037038, -59540.0)
(649, 272.8441524505615, -1472400.7037037038, -59540.0)
(650, 273.61673879623413, -1472400.7037037038, -59540.0)
(651, 274.36304998397827, -1472400.7037037038, -59540.0)
(652, 275.0978591442108, -1472400.7037037038, -59540.0)
(653, 275.87456583976746, -1472400.7037037038, -59540.0)
(654, 276.6199116706848, -1472400.7037037038, -59540.0)
(655, 277.3812885284424, -1472400.7037037038, -59540.0)
(656, 278.0849406719208, -1472400.7037037038, -59540.0)
(657, 278.7744073867798, -1472400.7037037038, -59540.0)
(658, 279.4699079990387, -1472400.7037037038, -59540.0)
(659, 280.1828844547272, -1472400.7037037038, -59540.0)
(660, 280.92042875289917, -1472400.7037037038, -59540.0)
(661, 281.66454219818115, -1472400.7037037038, -59540.0)
(662, 282.39976716041565, -1472400.7037037038, -59540.0)
(663, 283.12105321884155, -1472400.7037037038, -59540.0)
(664, 283.8406994342804, -1472400.7037037038, -59540.0)
(665, 284.57886815071106, -1472400.7037037038, -59540.0)
(666, 285.3167145252228, -1472400.7037037038, -59540.0)
(667, 286.06837153434753, -1472400.7037037038, -59540.0)
(668, 286.8204417228699, -1469907.0, -59540.0)
(669, 287.6297538280487, -1469907.0, -59540.0)
(670, 288.3725645542145, -1469907.0, -59540.0)
(671, 289.07907223701477, -1469907.0, -59540.0)
(672, 289.804940700531, -1469907.0, -59540.0)
(673, 290.5232915878296, -1469907.0, -59540.0)
(674, 291.2257869243622, -1469907.0, -59540.0)
(675, 291.9341764450073, -1469907.0, -59540.0)
(676, 292.67831802368164, -1469907.0, -59540.0)
(677, 293.4083957672119, -1469907.0, -59540.0)
(678, 294.14092445373535, -1469907.0, -59540.0)
(679, 294.874582529068, -1469907.0, -59540.0)
(680, 295.63552927970886, -1469907.0, -59540.0)
(681, 296.3610837459564, -1469907.0, -59540.0)
(682, 297.09801983833313, -1469907.0, -59540.0)
(683, 297.848247051239, -1469907.0, -59540.0)
(684, 298.6031000614166, -1469907.0, -59540.0)
(685, 299.33005714416504, -1469907.0, -59540.0)
(686, 300.0533494949341, -1469907.0, -59540.0)
(687, 300.7842655181885, -1469907.0, -59540.0)
(688, 301.514440536499, -1469907.0, -59540.0)
(689, 302.249315738678, -1469907.0, -59540.0)
(690, 302.99675035476685, -1469907.0, -59540.0)
(691, 303.75627875328064, -1469907.0, -59540.0)
(692, 304.4941437244415, -1469907.0, -59540.0)
(693, 305.2473599910736, -1469907.0, -59540.0)
(694, 306.004355430603, -1469907.0, -59540.0)
(695, 306.75268602371216, -1469907.0, -59540.0)
(696, 307.46951150894165, -1469907.0, -59540.0)
(697, 308.24098563194275, -1469907.0, -59540.0)
(698, 309.0548663139343, -1469907.0, -59540.0)
(699, 309.85961627960205, -1469907.0, -59540.0)
(700, 310.6543266773224, -1469907.0, -59540.0)
(701, 311.4792242050171, -1469907.0, -59540.0)
(702, 312.2727301120758, -1469907.0, -59540.0)
(703, 313.0878691673279, -1469907.0, -59540.0)
(704, 313.9652998447418, -1469907.0, -59540.0)
(705, 314.7217011451721, -1469907.0, -59540.0)
(706, 315.55924940109253, -1469907.0, -59540.0)
(707, 316.3426284790039, -1469907.0, -59540.0)
(708, 317.1474578380585, -1469907.0, -59540.0)
(709, 317.8920261859894, -1469907.0, -59540.0)
(710, 318.64395546913147, -1469907.0, -59540.0)
(711, 319.37418150901794, -1469907.0, -59540.0)
(712, 320.08693408966064, -1469907.0, -59540.0)
(713, 320.82581400871277, -1469907.0, -59540.0)
(714, 321.54486298561096, -1469907.0, -59540.0)
(715, 322.283301115036, -1469907.0, -59540.0)
(716, 323.0211856365204, -1469907.0, -59540.0)
(717, 323.7828538417816, -1469907.0, -59540.0)
(718, 324.49575424194336, -1469907.0, -59540.0)
(719, 325.2453954219818, -1469907.0, -59540.0)
(720, 326.0054907798767, -1469907.0, -59540.0)
(721, 326.72515845298767, -1469907.0, -59540.0)
(722, 327.47509384155273, -1469907.0, -59540.0)
(723, 328.24112915992737, -1469907.0, -59540.0)
(724, 329.0480341911316, -1469907.0, -59540.0)
(725, 329.7966799736023, -1469907.0, -59540.0)
(726, 330.6162211894989, -1469907.0, -59540.0)
(727, 331.4050796031952, -1469907.0, -59540.0)
(728, 332.18820238113403, -1469907.0, -59540.0)
(729, 332.92765760421753, -1469907.0, -59540.0)
(730, 333.6879301071167, -1469907.0, -59540.0)
(731, 334.4065680503845, -1469907.0, -59540.0)
(732, 335.1683840751648, -1469907.0, -59540.0)
(733, 335.9081838130951, -1469907.0, -59540.0)
(734, 336.7001600265503, -1469907.0, -59540.0)
(735, 337.46396803855896, -1469907.0, -59540.0)
(736, 338.22790360450745, -1469907.0, -59540.0)
(737, 338.9777019023895, -1469907.0, -59540.0)
(738, 339.74879360198975, -1469907.0, -59540.0)
(739, 340.53900027275085, -1469907.0, -59540.0)
(740, 341.3093159198761, -1469907.0, -59540.0)
(741, 342.0590522289276, -1469907.0, -59540.0)
(742, 342.82050919532776, -1469907.0, -59540.0)
(743, 343.5550844669342, -1469907.0, -59540.0)
(744, 344.3432447910309, -1469907.0, -59540.0)
(745, 345.10227513313293, -1469907.0, -59540.0)
(746, 345.8948335647583, -1469907.0, -59540.0)
(747, 346.66493105888367, -1469907.0, -59540.0)
(748, 347.4615626335144, -1469907.0, -59540.0)
(749, 348.24789929389954, -1469907.0, -59540.0)
(750, 349.01572489738464, -1469907.0, -59540.0)
(751, 349.7865355014801, -1469907.0, -59540.0)
(752, 350.557998418808, -1469907.0, -59540.0)
(753, 351.34177470207214, -1469907.0, -59540.0)
(754, 352.1299879550934, -1469907.0, -59540.0)
(755, 352.89411306381226, -1469907.0, -59540.0)
(756, 353.74586606025696, -1469907.0, -59540.0)
(757, 354.5650417804718, -1469907.0, -59540.0)
(758, 355.3085012435913, -1469907.0, -59540.0)
(759, 356.0738332271576, -1469907.0, -59540.0)
(760, 356.8779799938202, -1469907.0, -59540.0)
(761, 357.66695404052734, -1469907.0, -59540.0)
(762, 358.45090889930725, -1469907.0, -59540.0)
(763, 359.23820543289185, -1469907.0, -59540.0)
(764, 360.01935386657715, -1469907.0, -59540.0)
(765, 360.8093113899231, -1469907.0, -59540.0)
(766, 361.61648321151733, -1469907.0, -59540.0)
(767, 362.409841299057, -1469907.0, -59540.0)
(768, 363.1997811794281, -1469907.0, -59540.0)
(769, 364.0306746959686, -1427572.0, -59540.0)
(770, 364.83356523513794, -1289039.3703703703, -59540.0)
(771, 365.6401870250702, -1289039.3703703703, -59540.0)
(772, 366.5060532093048, -1289039.3703703703, -59540.0)
(773, 367.3214786052704, -1289039.3703703703, -59540.0)
(774, 368.1231746673584, -1289039.3703703703, -59540.0)
(775, 368.9307231903076, -1289039.3703703703, -59540.0)
(776, 369.7254288196564, -1289039.3703703703, -59540.0)
(777, 370.5361566543579, -1289039.3703703703, -59540.0)
(778, 371.35379123687744, -1289039.3703703703, -59540.0)
(779, 372.1857535839081, -1289039.3703703703, -59540.0)
(780, 372.9824194908142, -1289039.3703703703, -59540.0)
(781, 373.7917399406433, -1289039.3703703703, -59540.0)
(782, 374.59701228141785, -1289039.3703703703, -59540.0)
(783, 375.4113779067993, -1289039.3703703703, -59540.0)
(784, 376.2780792713165, -1289039.3703703703, -59540.0)
(785, 377.1314516067505, -1289039.3703703703, -59540.0)
(786, 377.9518527984619, -1289039.3703703703, -59540.0)
(787, 378.75590085983276, -1289039.3703703703, -59540.0)
(788, 379.58254766464233, -1289039.3703703703, -59540.0)
(789, 380.4014127254486, -1289039.3703703703, -59540.0)
(790, 381.2119126319885, -1289039.3703703703, -59540.0)
(791, 382.00519323349, -1289039.3703703703, -59540.0)
(792, 382.8323392868042, -1289039.3703703703, -59540.0)
(793, 383.670446395874, -1289039.3703703703, -59540.0)
(794, 384.5356857776642, -1289039.3703703703, -59540.0)
(795, 385.36302614212036, -1289039.3703703703, -59540.0)
(796, 386.20066595077515, -1289039.3703703703, -59540.0)
(797, 387.0331118106842, -1289039.3703703703, -59540.0)
(798, 387.87428069114685, -1289039.3703703703, -59540.0)
(799, 388.7414252758026, -1289039.3703703703, -59540.0)
(800, 389.5910382270813, -1289039.3703703703, -59540.0)
(801, 390.4033555984497, -1289039.3703703703, -59540.0)
(802, 391.23887515068054, -1289039.3703703703, -59540.0)
(803, 392.03629755973816, -1289039.3703703703, -59540.0)
(804, 392.8418622016907, -1289039.3703703703, -59540.0)
(805, 393.6382098197937, -1289039.3703703703, -59540.0)
(806, 394.4608631134033, -1289039.3703703703, -59540.0)
(807, 395.26996874809265, -1289039.3703703703, -59540.0)
(808, 396.12740421295166, -1289039.3703703703, -59540.0)
(809, 396.9558000564575, -1289039.3703703703, -59540.0)
(810, 397.8112268447876, -1289039.3703703703, -59540.0)
(811, 398.7119896411896, -1289039.3703703703, -59540.0)
(812, 399.5441184043884, -1289039.3703703703, -59540.0)
(813, 400.3797631263733, -1289039.3703703703, -59540.0)
(814, 401.2098469734192, -1289039.3703703703, -59540.0)
(815, 402.0478992462158, -1289039.3703703703, -59540.0)
(816, 402.87932872772217, -1289039.3703703703, -59540.0)
(817, 403.70606303215027, -1289039.3703703703, -59540.0)
(818, 404.5462284088135, -1289039.3703703703, -59540.0)
(819, 405.4664041996002, -1289039.3703703703, -59540.0)
(820, 406.2992148399353, -1289039.3703703703, -59540.0)
(821, 407.1379201412201, -1289039.3703703703, -59540.0)
(822, 407.9528546333313, -1289039.3703703703, -59540.0)
(823, 408.77881836891174, -1289039.3703703703, -59540.0)
(824, 409.58091926574707, -1289039.3703703703, -59540.0)
(825, 410.4044380187988, -1289039.3703703703, -59540.0)
(826, 411.21765518188477, -1289039.3703703703, -59540.0)
(827, 412.0317213535309, -1289039.3703703703, -59540.0)
(828, 412.8731482028961, -1289039.3703703703, -59540.0)
(829, 413.75022196769714, -1289039.3703703703, -59540.0)
(830, 414.6155045032501, -1289039.3703703703, -59540.0)
(831, 415.46570444107056, -1289039.3703703703, -59540.0)
(832, 416.33235812187195, -1289039.3703703703, -59540.0)
(833, 417.1772270202637, -1289039.3703703703, -59540.0)
(834, 418.04170203208923, -1289039.3703703703, -59540.0)
(835, 418.890433549881, -1289039.3703703703, -59540.0)
(836, 419.7314908504486, -1289039.3703703703, -59540.0)
(837, 420.5914852619171, -1289039.3703703703, -59540.0)
(838, 421.4675896167755, -1289039.3703703703, -59540.0)
(839, 422.307665348053, -1289039.3703703703, -59540.0)
(840, 423.22601199150085, -1235163.8148148153, -59540.0)
(841, 424.2070038318634, -1235163.8148148153, -59540.0)
(842, 425.1580607891083, -1235163.8148148153, -59540.0)
(843, 426.06800603866577, -1235163.8148148153, -59540.0)
(844, 426.95494866371155, -1235163.8148148153, -59540.0)
(845, 427.8134365081787, -1235163.8148148153, -59540.0)
(846, 428.6381869316101, -1235163.8148148153, -59540.0)
(847, 429.5075330734253, -1235163.8148148153, -59540.0)
(848, 430.3885269165039, -1235163.8148148153, -59540.0)
(849, 431.28657269477844, -1164775.0, -59540.0)
(850, 432.1318919658661, -1164775.0, -59540.0)
(851, 432.986540555954, -1164775.0, -59540.0)
(852, 433.83044695854187, -1164775.0, -59540.0)
(853, 434.7318992614746, -1164775.0, -59540.0)
(854, 435.61273765563965, -1164775.0, -59540.0)
(855, 436.49189138412476, -1164775.0, -59540.0)
(856, 437.3693046569824, -1164775.0, -59540.0)
(857, 438.23836398124695, -1164775.0, -59540.0)
(858, 439.10342741012573, -1164775.0, -59540.0)
(859, 439.9821105003357, -1164775.0, -59540.0)
(860, 440.8574616909027, -1164775.0, -59540.0)
(861, 441.747038602829, -1164775.0, -59540.0)
(862, 442.63407850265503, -1096408.4444444445, -59540.0)
(863, 443.545361995697, -1096408.4444444445, -59540.0)
(864, 444.4521689414978, -1096408.4444444445, -59540.0)
(865, 445.3420226573944, -1096408.4444444445, -59540.0)
(866, 446.217764377594, -1096408.4444444445, -59540.0)
(867, 447.1035716533661, -1096408.4444444445, -59540.0)
(868, 447.97595381736755, -1096408.4444444445, -59540.0)
(869, 448.87676334381104, -1096408.4444444445, -59540.0)
(870, 449.77466773986816, -1096408.4444444445, -59540.0)
(871, 450.640305519104, -1096408.4444444445, -59540.0)
(872, 451.5188510417938, -1096408.4444444445, -59540.0)
(873, 452.44425082206726, -1096408.4444444445, -59540.0)
(874, 453.35109639167786, -1096408.4444444445, -59540.0)
(875, 454.23465728759766, -1096408.4444444445, -59540.0)
(876, 455.1447525024414, -1096408.4444444445, -59540.0)
(877, 456.0339922904968, -1096408.4444444445, -59540.0)
(878, 456.91949939727783, -1096408.4444444445, -59540.0)
(879, 457.81424021720886, -1096408.4444444445, -59540.0)
(880, 458.7119572162628, -1096408.4444444445, -59540.0)
(881, 459.6399757862091, -1096408.4444444445, -59540.0)
(882, 460.54789686203003, -1096408.4444444445, -59540.0)
(883, 461.45262145996094, -1096408.4444444445, -59540.0)
(884, 462.37041544914246, -1096408.4444444445, -59540.0)
(885, 463.28990292549133, -1096408.4444444445, -59540.0)
(886, 464.16627383232117, -1096408.4444444445, -59540.0)
(887, 465.0525803565979, -1096408.4444444445, -59540.0)
(888, 465.95978355407715, -1096408.4444444445, -59540.0)
(889, 466.8663229942322, -1096408.4444444445, -59540.0)
(890, 467.80073952674866, -1096408.4444444445, -59540.0)
(891, 468.6698293685913, -1096408.4444444445, -59540.0)
(892, 469.6186571121216, -1096408.4444444445, -59540.0)
(893, 470.5209186077118, -1096408.4444444445, -59540.0)
(894, 471.4460575580597, -1096408.4444444445, -59540.0)
(895, 472.37119793891907, -1096408.4444444445, -59540.0)
(896, 473.2847306728363, -1096408.4444444445, -59540.0)
(897, 474.20591259002686, -1096408.4444444445, -59540.0)
(898, 475.12366771698, -1096408.4444444445, -59540.0)
(899, 476.04974818229675, -1096408.4444444445, -59540.0)
(900, 476.9638001918793, -1096408.4444444445, -59540.0)
(901, 477.8617718219757, -1096408.4444444445, -59540.0)
(902, 478.75778555870056, -1096408.4444444445, -59540.0)
(903, 479.69226837158203, -1096408.4444444445, -59540.0)
(904, 480.6113314628601, -1096408.4444444445, -59540.0)
(905, 481.56178164482117, -1096408.4444444445, -59540.0)
(906, 482.483763217926, -1096408.4444444445, -59540.0)
(907, 483.431449174881, -1096408.4444444445, -59540.0)
(908, 484.3410646915436, -1096408.4444444445, -59540.0)
(909, 485.2585747241974, -1096408.4444444445, -59540.0)
(910, 486.1518967151642, -1096408.4444444445, -59540.0)
(911, 487.0532033443451, -1096408.4444444445, -59540.0)
(912, 487.9872090816498, -1096408.4444444445, -59540.0)
(913, 488.91286063194275, -1096408.4444444445, -59540.0)
(914, 489.79630756378174, -1096408.4444444445, -59540.0)
(915, 490.70579290390015, -1096408.4444444445, -59540.0)
(916, 491.609751701355, -1096408.4444444445, -59540.0)
(917, 492.53396224975586, -1096408.4444444445, -59540.0)
(918, 493.533278465271, -1096408.4444444445, -59540.0)
(919, 494.4971253871918, -1096408.4444444445, -59540.0)
(920, 495.465430021286, -1096408.4444444445, -59540.0)
(921, 496.41011333465576, -1096408.4444444445, -59540.0)
(922, 497.34807300567627, -1096408.4444444445, -59540.0)
(923, 498.27479219436646, -1096408.4444444445, -59540.0)
(924, 499.22510957717896, -1096408.4444444445, -59540.0)
(925, 500.1345932483673, -1096408.4444444445, -59540.0)
(926, 501.0847079753876, -1096408.4444444445, -59540.0)
(927, 502.04715967178345, -1096408.4444444445, -59540.0)
(928, 502.9721665382385, -1096408.4444444445, -59540.0)
(929, 503.92688369750977, -1096408.4444444445, -59540.0)
(930, 504.88573002815247, -1039534.6666666666, -59540.0)
(931, 505.88628697395325, -1039534.6666666666, -59540.0)
(932, 506.84765672683716, -1039534.6666666666, -59540.0)
(933, 507.7631437778473, -1039534.6666666666, -59540.0)
(934, 508.679710149765, -1039534.6666666666, -59540.0)
(935, 509.5968451499939, -1039534.6666666666, -59540.0)
(936, 510.5366303920746, -1039534.6666666666, -59540.0)
(937, 511.4898591041565, -1039534.6666666666, -59540.0)
(938, 512.4571731090546, -1039534.6666666666, -59540.0)
(939, 513.4019603729248, -1039534.6666666666, -59540.0)
(940, 514.3326654434204, -1039534.6666666666, -59540.0)
(941, 515.2605409622192, -1039534.6666666666, -59540.0)
(942, 516.2167570590973, -1039534.6666666666, -59540.0)
(943, 517.1607382297516, -1039534.6666666666, -59540.0)
(944, 518.1932563781738, -1039534.6666666666, -59540.0)
(945, 519.164158821106, -1039534.6666666666, -59540.0)
(946, 520.0961675643921, -1039534.6666666666, -59540.0)
(947, 521.0453600883484, -1039534.6666666666, -59540.0)
(948, 522.0143857002258, -1039534.6666666666, -59540.0)
(949, 523.027596950531, -1039534.6666666666, -59540.0)
(950, 523.9833438396454, -1039534.6666666666, -59540.0)
(951, 524.9324893951416, -1039534.6666666666, -59540.0)
(952, 525.897207736969, -1039534.6666666666, -59540.0)
(953, 526.8679206371307, -1039534.6666666666, -59540.0)
(954, 527.821047782898, -1039534.6666666666, -59540.0)
(955, 528.7932417392731, -1039534.6666666666, -59540.0)
(956, 529.7785074710846, -1039534.6666666666, -59540.0)
(957, 530.7924802303314, -1039534.6666666666, -59540.0)
(958, 531.7627670764923, -1039534.6666666666, -59540.0)
(959, 532.7570645809174, -1039534.6666666666, -59540.0)
(960, 533.7471585273743, -1039534.6666666666, -59540.0)
(961, 534.7346427440643, -1039534.6666666666, -59540.0)
(962, 535.8212990760803, -1039534.6666666666, -59540.0)
(963, 536.8435471057892, -1039534.6666666666, -59540.0)
(964, 537.8539607524872, -1039534.6666666666, -59540.0)
(965, 538.836748123169, -1039534.6666666666, -59540.0)
(966, 539.8095998764038, -1039534.6666666666, -59540.0)
(967, 540.7665739059448, -1039534.6666666666, -59540.0)
(968, 541.7398850917816, -1039534.6666666666, -59540.0)
(969, 542.7530400753021, -1039534.6666666666, -59540.0)
(970, 543.7600572109222, -1039534.6666666666, -59540.0)
(971, 544.7780895233154, -1039534.6666666666, -59540.0)
(972, 545.727986574173, -1039534.6666666666, -59540.0)
(973, 546.7523138523102, -1039534.6666666666, -59540.0)
(974, 547.962343454361, -1039534.6666666666, -59540.0)
(975, 549.1622881889343, -1039534.6666666666, -59540.0)
(976, 550.2266712188721, -1039534.6666666666, -59540.0)
(977, 551.402459859848, -1039534.6666666666, -59540.0)
(978, 552.4341158866882, -1039534.6666666666, -59540.0)
(979, 553.4985957145691, -1039534.6666666666, -59540.0)
(980, 554.7425227165222, -1039534.6666666666, -59540.0)
(981, 555.8052971363068, -1039534.6666666666, -59540.0)
(982, 556.8898553848267, -1039534.6666666666, -59540.0)
(983, 557.9841711521149, -1039534.6666666666, -59540.0)
(984, 559.1603875160217, -1039534.6666666666, -59540.0)
(985, 560.3804907798767, -1039534.6666666666, -59540.0)
(986, 561.4691879749298, -1039534.6666666666, -59540.0)
(987, 562.5633594989777, -1039534.6666666666, -59540.0)
(988, 563.6711349487305, -1039534.6666666666, -59540.0)
(989, 564.7984330654144, -1039534.6666666666, -59540.0)
(990, 565.9117341041565, -1039534.6666666666, -59540.0)
(991, 567.015293598175, -1039534.6666666666, -59540.0)
(992, 568.0618448257446, -1039534.6666666666, -59540.0)
(993, 569.167640209198, -1039534.6666666666, -59540.0)
(994, 570.134759426117, -1039534.6666666666, -59540.0)
(995, 571.2196202278137, -1039534.6666666666, -59540.0)
(996, 572.2106297016144, -1039534.6666666666, -59540.0)
(997, 573.2406482696533, -1039534.6666666666, -59540.0)
(998, 574.2273871898651, -1039534.6666666666, -59540.0)
(999, 575.2100586891174, -1039534.6666666666, -59540.0)
(1000, 576.3189845085144, -1039534.6666666666, -59540.0)
