(1, 0.007612466812133789, -85624.0, -11502.0)
(2, 0.014680624008178711, -85624.0, -11502.0)
(3, 0.021851539611816406, -85624.0, -11502.0)
(4, 0.028966903686523438, -85624.0, -11502.0)
(5, 0.0360569953918457, -85624.0, -11502.0)
(6, 0.043227434158325195, -85624.0, -11502.0)
(7, 0.05020642280578613, -85624.0, -11502.0)
(8, 0.057367801666259766, -85624.0, -11502.0)
(9, 0.06433248519897461, -85624.0, -11502.0)
(10, 0.07126021385192871, -85624.0, -11502.0)
(11, 0.07818388938903809, -85624.0, -11502.0)
(12, 0.08529043197631836, -85624.0, -11502.0)
(13, 0.09246492385864258, -85624.0, -11502.0)
(14, 0.09939217567443848, -85624.0, -11502.0)
(15, 0.10631656646728516, -85624.0, -11502.0)
(16, 0.11369442939758301, -85624.0, -11502.0)
(17, 0.1207573413848877, -85624.0, -11502.0)
(18, 0.12812161445617676, -85624.0, -11502.0)
(19, 0.1355879306793213, -85624.0, -11502.0)
(20, 0.14297747611999512, -85624.0, -11502.0)
(21, 0.15029644966125488, -85624.0, -11502.0)
(22, 0.15753650665283203, -85624.0, -11502.0)
(23, 0.1651287078857422, -72172.08333333334, -11502.0)
(24, 0.17312049865722656, -72172.08333333334, -11502.0)
(25, 0.18056654930114746, -72172.08333333334, -11502.0)
(26, 0.1878068447113037, -72172.08333333334, -11502.0)
(27, 0.19533658027648926, -72172.08333333334, -11502.0)
(28, 0.2024400234222412, -72172.08333333334, -11502.0)
(29, 0.20989084243774414, -72172.08333333334, -11502.0)
(30, 0.21695661544799805, -72172.08333333334, -11502.0)
(31, 0.22421932220458984, -72172.08333333334, -11502.0)
(32, 0.23172569274902344, -72172.08333333334, -11502.0)
(33, 0.2389378547668457, -72172.08333333334, -11502.0)
(34, 0.24684500694274902, -72172.08333333334, -11502.0)
(35, 0.25398755073547363, -72172.08333333334, -11502.0)
(36, 0.2614481449127197, -72172.08333333334, -11502.0)
(37, 0.2686314582824707, -72172.08333333334, -11502.0)
(38, 0.27622485160827637, -72172.08333333334, -11502.0)
(39, 0.28356003761291504, -72172.08333333334, -11502.0)
(40, 0.29070615768432617, -72172.08333333334, -11502.0)
(41, 0.2978370189666748, -72172.08333333334, -11502.0)
(42, 0.305692195892334, -72172.08333333334, -11502.0)
(43, 0.3133206367492676, -72172.08333333334, -11502.0)
(44, 0.32144951820373535, -72172.08333333334, -11502.0)
(45, 0.3290679454803467, -72172.08333333334, -11502.0)
(46, 0.33635401725769043, -72172.08333333334, -11502.0)
(47, 0.34412670135498047, -72172.08333333334, -11502.0)
(48, 0.35183000564575195, -72172.08333333334, -11502.0)
(49, 0.35911059379577637, -72172.08333333334, -11502.0)
(50, 0.36689090728759766, -72172.08333333334, -11502.0)
(51, 0.37468600273132324, -72172.08333333334, -11502.0)
(52, 0.4004526138305664, -72172.08333333334, -11502.0)
(53, 0.4084324836730957, -72172.08333333334, -11502.0)
(54, 0.4161863327026367, -72172.08333333334, -11502.0)
(55, 0.4240715503692627, -72172.08333333334, -11502.0)
(56, 0.43232226371765137, -72172.08333333334, -11502.0)
(57, 0.440021276473999, -72172.08333333334, -11502.0)
(58, 0.44782590866088867, -72172.08333333334, -11502.0)
(59, 0.4554474353790283, -72172.08333333334, -11502.0)
(60, 0.463214635848999, -72172.08333333334, -11502.0)
(61, 0.47067928314208984, -72172.08333333334, -11502.0)
(62, 0.47819972038269043, -72172.08333333334, -11502.0)
(63, 0.4857451915740967, -72172.08333333334, -11502.0)
(64, 0.4930722713470459, -72172.08333333334, -11502.0)
(65, 0.5006723403930664, -72172.08333333334, -11502.0)
(66, 0.5086872577667236, -72172.08333333334, -11502.0)
(67, 0.5168383121490479, -72172.08333333334, -11502.0)
(68, 0.5250685214996338, -72172.08333333334, -11502.0)
(69, 0.5334274768829346, -72172.08333333334, -11502.0)
(70, 0.5415933132171631, -72172.08333333334, -11502.0)
(71, 0.5500924587249756, -72172.08333333334, -11502.0)
(72, 0.5576467514038086, -72172.08333333334, -11502.0)
(73, 0.5655789375305176, -72172.08333333334, -11502.0)
(74, 0.5732433795928955, -72172.08333333334, -11502.0)
(75, 0.5808653831481934, -72172.08333333334, -11502.0)
(76, 0.5890395641326904, -72172.08333333334, -11502.0)
(77, 0.5965359210968018, -72172.08333333334, -11502.0)
(78, 0.6044020652770996, -72172.08333333334, -11502.0)
(79, 0.6127359867095947, -72172.08333333334, -11502.0)
(80, 0.6207613945007324, -72172.08333333334, -11502.0)
(81, 0.6299130916595459, -72172.08333333334, -11502.0)
(82, 0.6390020847320557, -72172.08333333334, -11502.0)
(83, 0.6468625068664551, -72172.08333333334, -11502.0)
(84, 0.6556947231292725, -72172.08333333334, -11502.0)
(85, 0.6640799045562744, -72172.08333333334, -11502.0)
(86, 0.6720242500305176, -72172.08333333334, -11502.0)
(87, 0.6800246238708496, -72172.08333333334, -11502.0)
(88, 0.6881415843963623, -72172.08333333334, -11502.0)
(89, 0.6959681510925293, -72172.08333333334, -11502.0)
(90, 0.7037785053253174, -72172.08333333334, -11502.0)
(91, 0.7123572826385498, -72172.08333333334, -11502.0)
(92, 0.7197048664093018, -72172.08333333334, -11502.0)
(93, 0.7283401489257812, -72172.08333333334, -11502.0)
(94, 0.7371666431427002, -72172.08333333334, -11502.0)
(95, 0.746309757232666, -72172.08333333334, -11502.0)
(96, 0.7551326751708984, -72172.08333333334, -11502.0)
(97, 0.7633168697357178, -72172.08333333334, -11502.0)
(98, 0.7713541984558105, -72172.08333333334, -11502.0)
(99, 0.7802374362945557, -72172.08333333334, -11502.0)
(100, 0.7881317138671875, -72172.08333333334, -11502.0)
(101, 0.7972471714019775, -72172.08333333334, -11502.0)
(102, 0.8063220977783203, -72172.08333333334, -11502.0)
(103, 0.8151078224182129, -72172.08333333334, -11502.0)
(104, 0.8239462375640869, -72172.08333333334, -11502.0)
(105, 0.8328859806060791, -72172.08333333334, -11502.0)
(106, 0.8416540622711182, -72172.08333333334, -11502.0)
(107, 0.850714921951294, -72172.08333333334, -11502.0)
(108, 0.8603522777557373, -72172.08333333334, -11502.0)
(109, 0.8699259757995605, -72172.08333333334, -11502.0)
(110, 0.878258466720581, -72172.08333333334, -11502.0)
(111, 0.8865623474121094, -72172.08333333334, -11502.0)
(112, 0.89566969871521, -72172.08333333334, -11502.0)
(113, 0.904921293258667, -72172.08333333334, -11502.0)
(114, 0.9130351543426514, -72172.08333333334, -11502.0)
(115, 0.921393871307373, -72172.08333333334, -11502.0)
(116, 0.9296915531158447, -72172.08333333334, -11502.0)
(117, 0.9376366138458252, -72172.08333333334, -11502.0)
(118, 0.94610595703125, -72172.08333333334, -11502.0)
(119, 0.9542520046234131, -72172.08333333334, -11502.0)
(120, 0.9627194404602051, -72172.08333333334, -11502.0)
(121, 0.9707534313201904, -72172.08333333334, -11502.0)
(122, 0.979896068572998, -72172.08333333334, -11502.0)
(123, 0.9890656471252441, -72172.08333333334, -11502.0)
(124, 0.9982867240905762, -72172.08333333334, -11502.0)
(125, 1.007465124130249, -72172.08333333334, -11502.0)
(126, 1.0172195434570312, -72172.08333333334, -11502.0)
(127, 1.0271553993225098, -72172.08333333334, -11502.0)
(128, 1.0354828834533691, -72172.08333333334, -11502.0)
(129, 1.045790672302246, -72172.08333333334, -11502.0)
(130, 1.0552785396575928, -56499.398148148146, -11502.0)
(131, 1.0659980773925781, -56499.398148148146, -11502.0)
(132, 1.0762484073638916, -56499.398148148146, -11502.0)
(133, 1.0880811214447021, -56499.398148148146, -11502.0)
(134, 1.0981504917144775, -56499.398148148146, -11502.0)
(135, 1.1099586486816406, -56499.398148148146, -11502.0)
(136, 1.120105504989624, -56499.398148148146, -11502.0)
(137, 1.1303539276123047, -56499.398148148146, -11502.0)
(138, 1.1420705318450928, -56499.398148148146, -11502.0)
(139, 1.1532092094421387, -56499.398148148146, -11502.0)
(140, 1.1654884815216064, -56499.398148148146, -11502.0)
(141, 1.1815636157989502, -46201.609792284886, -11502.0)
(142, 1.1927180290222168, -46201.609792284886, -11502.0)
(143, 1.2070386409759521, -38018.861551528884, -11502.0)
(144, 1.2170710563659668, -38018.861551528884, -11502.0)
(145, 1.2322185039520264, -38018.861551528884, -11502.0)
(146, 1.240213394165039, -38018.861551528884, -11502.0)
(147, 1.2469708919525146, -38018.861551528884, -11502.0)
(148, 1.253631591796875, -38018.861551528884, -11502.0)
(149, 1.2604193687438965, -38018.861551528884, -11502.0)
(150, 1.2675645351409912, -38018.861551528884, -11502.0)
(151, 1.2740561962127686, -38018.861551528884, -11502.0)
(152, 1.2808730602264404, -38018.861551528884, -11502.0)
(153, 1.2882325649261475, -38018.861551528884, -11502.0)
(154, 1.2953059673309326, -38018.861551528884, -11502.0)
(155, 1.302760124206543, -35297.57142857143, -11502.0)
(156, 1.309997797012329, -35297.57142857143, -11502.0)
(157, 1.3170404434204102, -35297.57142857143, -11502.0)
(158, 1.3237714767456055, -35297.57142857143, -11502.0)
(159, 1.330582618713379, -35297.57142857143, -11502.0)
(160, 1.337519645690918, -35297.57142857143, -11502.0)
(161, 1.3448214530944824, -35297.57142857143, -11502.0)
(162, 1.3518083095550537, -35297.57142857143, -11502.0)
(163, 1.358701467514038, -35297.57142857143, -11502.0)
(164, 1.365915060043335, -35297.57142857143, -11502.0)
(165, 1.373180627822876, -35297.57142857143, -11502.0)
(166, 1.3802919387817383, -35297.57142857143, -11502.0)
(167, 1.3876118659973145, -35297.57142857143, -11502.0)
(168, 1.3955023288726807, -35297.57142857143, -11502.0)
(169, 1.4026618003845215, -35297.57142857143, -11502.0)
(170, 1.4102418422698975, -35297.57142857143, -11502.0)
(171, 1.4185154438018799, -35297.57142857143, -11502.0)
(172, 1.426584005355835, -35297.57142857143, -11502.0)
(173, 1.4345591068267822, -35297.57142857143, -11502.0)
(174, 1.4432129859924316, -35297.57142857143, -11502.0)
(175, 1.4511685371398926, -35297.57142857143, -11502.0)
(176, 1.4602851867675781, -35297.57142857143, -11502.0)
(177, 1.4690167903900146, -34090.66478873239, -11502.0)
(178, 1.4828248023986816, -34090.66478873239, -11502.0)
(179, 1.500845193862915, -34090.66478873239, -11502.0)
(180, 1.52115797996521, -33412.855390985824, -11502.0)
(181, 1.5387120246887207, -33412.855390985824, -11502.0)
(182, 1.5604898929595947, -32712.138470657974, -11502.0)
(183, 1.5800838470458984, -31402.24214723331, -11502.0)
(184, 1.5987720489501953, -29991.04654478154, -11502.0)
(185, 1.6163294315338135, -28015.10765322324, -11502.0)
(186, 1.636854648590088, -28015.10765322324, -11502.0)
(187, 1.6607069969177246, -19754.077881619934, -19596.180685358257)
(188, 1.6726808547973633, -19657.69160748224, -19604.56541962589)
(189, 1.6833195686340332, -19629.3607613937, -19608.23443158151)
(190, 1.694084644317627, -19628.749328558642, -19610.37123246793)
(191, 1.7044596672058105, -19625.036095848172, -19611.138055368825)
(192, 1.7150061130523682, -19615.84019561445, -19612.05726455276)
(193, 1.7252192497253418, -19615.84019561445, -19612.37371240662)
(194, 1.7352659702301025, -19614.040364853267, -19612.694287321934)
(195, 1.7453601360321045, -19613.0929065564, -19612.789209119153)
(196, 1.75465726852417, -19612.78920911916, -19612.78920911915)
(197, 1.7635588645935059, -19612.78920911916, -19612.789209119142)
