(1, 0.04954195022583008, -479335.0, -22463.0)
(2, 0.09579205513000488, -479335.0, -22463.0)
(3, 0.14208102226257324, -479335.0, -22463.0)
(4, 0.1884596347808838, -479335.0, -22463.0)
(5, 0.23483562469482422, -479335.0, -22463.0)
(6, 0.2810544967651367, -479335.0, -22463.0)
(7, 0.3275120258331299, -479335.0, -22463.0)
(8, 0.37380409240722656, -479335.0, -22463.0)
(9, 0.4200558662414551, -479335.0, -22463.0)
(10, 0.4661068916320801, -479335.0, -22463.0)
(11, 0.5126199722290039, -479335.0, -22463.0)
(12, 0.5603201389312744, -479335.0, -22463.0)
(13, 0.6073675155639648, -479335.0, -22463.0)
(14, 0.6542084217071533, -479335.0, -22463.0)
(15, 0.7012898921966553, -479335.0, -22463.0)
(16, 0.7617948055267334, -479335.0, -22463.0)
(17, 0.8082931041717529, -479335.0, -22463.0)
(18, 0.8554389476776123, -479335.0, -22463.0)
(19, 0.9022316932678223, -479335.0, -22463.0)
(20, 0.9493551254272461, -471303.55555555556, -22463.0)
(21, 0.9985613822937012, -471303.55555555556, -22463.0)
(22, 1.0462090969085693, -471303.55555555556, -22463.0)
(23, 1.093782901763916, -471303.55555555556, -22463.0)
(24, 1.1414122581481934, -471303.55555555556, -22463.0)
(25, 1.1883368492126465, -471303.55555555556, -22463.0)
(26, 1.2340538501739502, -471303.55555555556, -22463.0)
(27, 1.279670000076294, -437312.77777777775, -22463.0)
(28, 1.3252663612365723, -437312.77777777775, -22463.0)
(29, 1.3693461418151855, -437312.77777777775, -22463.0)
(30, 1.4128456115722656, -437312.77777777775, -22463.0)
(31, 1.4585134983062744, -437312.77777777775, -22463.0)
(32, 1.5040147304534912, -437312.77777777775, -22463.0)
(33, 1.549361228942871, -437312.77777777775, -22463.0)
(34, 1.593102216720581, -437312.77777777775, -22463.0)
(35, 1.6368706226348877, -437312.77777777775, -22463.0)
(36, 1.680368185043335, -437312.77777777775, -22463.0)
(37, 1.727865219116211, -407724.31111111114, -22463.0)
(38, 1.7720718383789062, -407724.31111111114, -22463.0)
(39, 1.8185553550720215, -407724.31111111114, -22463.0)
(40, 1.8647308349609375, -407724.31111111114, -22463.0)
(41, 1.9094233512878418, -407724.31111111114, -22463.0)
(42, 1.9536395072937012, -407724.31111111114, -22463.0)
(43, 1.9979338645935059, -407724.31111111114, -22463.0)
(44, 2.0421457290649414, -407724.31111111114, -22463.0)
(45, 2.0862250328063965, -407724.31111111114, -22463.0)
(46, 2.132371425628662, -407724.31111111114, -22463.0)
(47, 2.177114963531494, -407724.31111111114, -22463.0)
(48, 2.2215371131896973, -407724.31111111114, -22463.0)
(49, 2.265328884124756, -407724.31111111114, -22463.0)
(50, 2.309662103652954, -407724.31111111114, -22463.0)
(51, 2.3541324138641357, -407724.31111111114, -22463.0)
(52, 2.4002885818481445, -407724.31111111114, -22463.0)
(53, 2.445645809173584, -407724.31111111114, -22463.0)
(54, 2.490276575088501, -407724.31111111114, -22463.0)
(55, 2.535130500793457, -407724.31111111114, -22463.0)
(56, 2.5796449184417725, -407724.31111111114, -22463.0)
(57, 2.6241114139556885, -407724.31111111114, -22463.0)
(58, 2.6701161861419678, -407724.31111111114, -22463.0)
(59, 2.715794324874878, -407724.31111111114, -22463.0)
(60, 2.761214017868042, -407724.31111111114, -22463.0)
(61, 2.8062591552734375, -407724.31111111114, -22463.0)
(62, 2.8513004779815674, -407724.31111111114, -22463.0)
(63, 2.8950726985931396, -364037.44444444444, -22463.0)
(64, 2.9388980865478516, -364037.44444444444, -22463.0)
(65, 2.9825000762939453, -364037.44444444444, -22463.0)
(66, 3.0261566638946533, -364037.44444444444, -22463.0)
(67, 3.069580554962158, -364037.44444444444, -22463.0)
(68, 3.1135995388031006, -364037.44444444444, -22463.0)
(69, 3.1570961475372314, -364037.44444444444, -22463.0)
(70, 3.200275182723999, -364037.44444444444, -22463.0)
(71, 3.2464394569396973, -364037.44444444444, -22463.0)
(72, 3.292637825012207, -364037.44444444444, -22463.0)
(73, 3.339672803878784, -364037.44444444444, -22463.0)
(74, 3.3854897022247314, -364037.44444444444, -22463.0)
(75, 3.430316925048828, -364037.44444444444, -22463.0)
(76, 3.4742836952209473, -364037.44444444444, -22463.0)
(77, 3.5190842151641846, -364037.44444444444, -22463.0)
(78, 3.5625534057617188, -364037.44444444444, -22463.0)
(79, 3.6066300868988037, -364037.44444444444, -22463.0)
(80, 3.650991201400757, -364037.44444444444, -22463.0)
(81, 3.6966195106506348, -364037.44444444444, -22463.0)
(82, 3.741621494293213, -364037.44444444444, -22463.0)
(83, 3.78644061088562, -364037.44444444444, -22463.0)
(84, 3.8313562870025635, -364037.44444444444, -22463.0)
(85, 3.876573324203491, -364037.44444444444, -22463.0)
(86, 3.921314001083374, -364037.44444444444, -22463.0)
(87, 3.9661684036254883, -364037.44444444444, -22463.0)
(88, 4.010871171951294, -364037.44444444444, -22463.0)
(89, 4.056915760040283, -364037.44444444444, -22463.0)
(90, 4.102421283721924, -364037.44444444444, -22463.0)
(91, 4.1478800773620605, -364037.44444444444, -22463.0)
(92, 4.192354202270508, -364037.44444444444, -22463.0)
(93, 4.236956596374512, -364037.44444444444, -22463.0)
(94, 4.282504081726074, -364037.44444444444, -22463.0)
(95, 4.328050851821899, -364037.44444444444, -22463.0)
(96, 4.373485088348389, -364037.44444444444, -22463.0)
(97, 4.417673587799072, -330155.3333333333, -22463.0)
(98, 4.461328744888306, -314340.3333333333, -22463.0)
(99, 4.50544548034668, -314340.3333333333, -22463.0)
(100, 4.5500404834747314, -314340.3333333333, -22463.0)
(101, 4.593905925750732, -314340.3333333333, -22463.0)
(102, 4.638420104980469, -314340.3333333333, -22463.0)
(103, 4.682588577270508, -314340.3333333333, -22463.0)
(104, 4.7262396812438965, -314340.3333333333, -22463.0)
(105, 4.770076513290405, -314340.3333333333, -22463.0)
(106, 4.814704418182373, -314340.3333333333, -22463.0)
(107, 4.856578350067139, -288535.35294117645, -22463.0)
(108, 4.898965120315552, -288535.35294117645, -22463.0)
(109, 4.941179990768433, -288535.35294117645, -22463.0)
(110, 4.983757019042969, -288535.35294117645, -22463.0)
(111, 5.026267051696777, -288535.35294117645, -22463.0)
(112, 5.069199800491333, -288535.35294117645, -22463.0)
(113, 5.110740900039673, -288535.35294117645, -22463.0)
(114, 5.153210401535034, -288535.35294117645, -22463.0)
(115, 5.195655107498169, -288535.35294117645, -22463.0)
(116, 5.237351894378662, -288535.35294117645, -22463.0)
(117, 5.2798192501068115, -288535.35294117645, -22463.0)
(118, 5.323022842407227, -288535.35294117645, -22463.0)
(119, 5.366461992263794, -288535.35294117645, -22463.0)
(120, 5.409848213195801, -288535.35294117645, -22463.0)
(121, 5.452868461608887, -288535.35294117645, -22463.0)
(122, 5.496009349822998, -288535.35294117645, -22463.0)
(123, 5.539047718048096, -288535.35294117645, -22463.0)
(124, 5.581284284591675, -288535.35294117645, -22463.0)
(125, 5.624463319778442, -288535.35294117645, -22463.0)
(126, 5.667381763458252, -288535.35294117645, -22463.0)
(127, 5.709915399551392, -252886.35294117648, -22463.0)
(128, 5.754300117492676, -252886.35294117648, -22463.0)
(129, 5.79771876335144, -252886.35294117648, -22463.0)
(130, 5.841050863265991, -252886.35294117648, -22463.0)
(131, 5.883829593658447, -252886.35294117648, -22463.0)
(132, 5.926405191421509, -252886.35294117648, -22463.0)
(133, 5.96874737739563, -252886.35294117648, -22463.0)
(134, 6.011048793792725, -252886.35294117648, -22463.0)
(135, 6.055219411849976, -239244.6923076923, -22463.0)
(136, 6.0981810092926025, -239244.6923076923, -22463.0)
(137, 6.142632246017456, -239244.6923076923, -22463.0)
(138, 6.186644077301025, -239244.6923076923, -22463.0)
(139, 6.230906963348389, -239244.6923076923, -22463.0)
(140, 6.274211406707764, -239244.6923076923, -22463.0)
(141, 6.317474365234375, -239244.6923076923, -22463.0)
(142, 6.362564563751221, -239244.6923076923, -22463.0)
(143, 6.405018329620361, -219426.64705882352, -22463.0)
(144, 6.447505235671997, -219426.64705882352, -22463.0)
(145, 6.489001274108887, -219426.64705882352, -22463.0)
(146, 6.5315351486206055, -219426.64705882352, -22463.0)
(147, 6.572970867156982, -219426.64705882352, -22463.0)
(148, 6.614794015884399, -219426.64705882352, -22463.0)
(149, 6.656334400177002, -219426.64705882352, -22463.0)
(150, 6.698044776916504, -219426.64705882352, -22463.0)
(151, 6.74146580696106, -219426.64705882352, -22463.0)
(152, 6.784876346588135, -219426.64705882352, -22463.0)
(153, 6.8275861740112305, -219426.64705882352, -22463.0)
(154, 6.870776176452637, -219426.64705882352, -22463.0)
(155, 6.913910627365112, -219426.64705882352, -22463.0)
(156, 6.9563963413238525, -219426.64705882352, -22463.0)
(157, 6.99813175201416, -219426.64705882352, -22463.0)
(158, 7.042539596557617, -219426.64705882352, -22463.0)
(159, 7.084988594055176, -219426.64705882352, -22463.0)
(160, 7.128208875656128, -200145.61538461538, -22463.0)
(161, 7.174018859863281, -200145.61538461538, -22463.0)
(162, 7.217200517654419, -200145.61538461538, -22463.0)
(163, 7.261538982391357, -200145.61538461538, -22463.0)
(164, 7.305455923080444, -200145.61538461538, -22463.0)
(165, 7.3492982387542725, -200145.61538461538, -22463.0)
(166, 7.392472982406616, -200145.61538461538, -22463.0)
(167, 7.4381701946258545, -200145.61538461538, -22463.0)
(168, 7.4815404415130615, -200145.61538461538, -22463.0)
(169, 7.526687145233154, -200145.61538461538, -22463.0)
(170, 7.570705413818359, -200145.61538461538, -22463.0)
(171, 7.618384838104248, -200145.61538461538, -22463.0)
(172, 7.664473533630371, -200145.61538461538, -22463.0)
(173, 7.70997166633606, -200145.61538461538, -22463.0)
(174, 7.755336284637451, -200145.61538461538, -22463.0)
(175, 7.8020219802856445, -188091.11764705883, -22463.0)
(176, 7.852318286895752, -188091.11764705883, -22463.0)
(177, 7.898903131484985, -188091.11764705883, -22463.0)
(178, 7.9465014934539795, -188091.11764705883, -22463.0)
(179, 7.989672422409058, -187980.18181818182, -22463.0)
(180, 8.032522678375244, -187980.18181818182, -22463.0)
(181, 8.075660705566406, -187980.18181818182, -22463.0)
(182, 8.117740392684937, -187980.18181818182, -22463.0)
(183, 8.159307956695557, -187980.18181818182, -22463.0)
(184, 8.201343059539795, -187980.18181818182, -22463.0)
(185, 8.242428541183472, -187980.18181818182, -22463.0)
(186, 8.285717487335205, -187980.18181818182, -22463.0)
(187, 8.32821011543274, -160996.25, -22463.0)
(188, 8.374078512191772, -160996.25, -22463.0)
(189, 8.419478178024292, -160996.25, -22463.0)
(190, 8.461956977844238, -160996.25, -22463.0)
(191, 8.505950212478638, -160996.25, -22463.0)
(192, 8.550359725952148, -160996.25, -22463.0)
(193, 8.593238353729248, -160996.25, -22463.0)
(194, 8.637348651885986, -160996.25, -22463.0)
(195, 8.68533706665039, -160996.25, -22463.0)
(196, 8.731545686721802, -160996.25, -22463.0)
(197, 8.775797605514526, -160996.25, -22463.0)
(198, 8.82003927230835, -160996.25, -22463.0)
(199, 8.863435506820679, -160996.25, -22463.0)
(200, 8.908338785171509, -160996.25, -22463.0)
(201, 8.950374603271484, -136331.375, -22463.0)
(202, 8.993059396743774, -136331.375, -22463.0)
(203, 9.035508632659912, -136331.375, -22463.0)
(204, 9.076144456863403, -136331.375, -22463.0)
(205, 9.116578102111816, -136331.375, -22463.0)
(206, 9.157051801681519, -136331.375, -22463.0)
(207, 9.197998523712158, -120618.66666666666, -22463.0)
(208, 9.24231767654419, -120618.66666666666, -22463.0)
(209, 9.286094427108765, -120618.66666666666, -22463.0)
(210, 9.327953815460205, -120618.66666666666, -22463.0)
(211, 9.368704319000244, -120618.66666666666, -22463.0)
(212, 9.409913539886475, -120618.66666666666, -22463.0)
(213, 9.450437068939209, -120618.66666666666, -22463.0)
(214, 9.492813110351562, -120618.66666666666, -22463.0)
(215, 9.536681175231934, -106062.84615384616, -22463.0)
(216, 9.580414056777954, -106062.84615384616, -22463.0)
(217, 9.623482465744019, -106062.84615384616, -22463.0)
(218, 9.666276216506958, -106062.84615384616, -22463.0)
(219, 9.708879947662354, -106062.84615384616, -22463.0)
(220, 9.75206732749939, -96428.5, -22463.0)
(221, 9.799869537353516, -96428.5, -22463.0)
(222, 9.846869945526123, -96428.5, -22463.0)
(223, 9.90165090560913, -96428.5, -22463.0)
(224, 9.954296350479126, -79478.5, -22463.0)
(225, 10.003109693527222, -79478.5, -22463.0)
(226, 10.047693967819214, -79478.5, -22463.0)
(227, 10.092821836471558, -79478.5, -22463.0)
(228, 10.13763689994812, -79478.5, -22463.0)
(229, 10.176183938980103, -79478.5, -22463.0)
(230, 10.215121030807495, -56458.00000000001, -22463.0)
(231, 10.257105112075806, -56458.00000000001, -22463.0)
(232, 10.30002760887146, -56458.00000000001, -22463.0)
(233, 10.350244283676147, -56458.00000000001, -22463.0)
(234, 10.399305582046509, -56458.00000000001, -22463.0)
(235, 10.44559383392334, -56458.00000000001, -22463.0)
(236, 10.50044584274292, -56458.00000000001, -22463.0)
(237, 10.547853469848633, -52680.77777777778, -22463.0)
(238, 10.592509031295776, -52680.777777777774, -22463.0)
(239, 10.642686128616333, -52680.777777777774, -22463.0)
(240, 10.681313276290894, -52680.777777777774, -22463.0)
(241, 10.726261854171753, -52680.777777777774, -22463.0)
(242, 10.776688814163208, -52680.777777777774, -22463.0)
(243, 10.871216058731079, -52680.777777777774, -22463.0)
(244, 10.953600883483887, -52680.777777777774, -22463.0)
(245, 11.072372198104858, -52680.777777777774, -22463.0)
(246, 11.15927267074585, -52680.777777777774, -22463.0)
(247, 11.395429372787476, -52680.777777777774, -22463.0)
(248, 11.63565468788147, -52680.777777777774, -22463.0)
(249, 11.842299461364746, -52680.777777777774, -22463.0)
(250, 12.265361785888672, -52680.777777777774, -22463.0)
(251, 12.511337995529175, -43129.22222222225, -40066.31597222222)
(252, 12.623113870620728, -40630.747935249434, -40197.40204823258)
(253, 12.722047090530396, -40300.85523399015, -40243.31705665026)
(254, 12.796728134155273, -40245.300218768716, -40245.300218768694)
(255, 12.85875940322876, -40245.30021876871, -40245.30021876871)
