(1, 0.017673492431640625, -176470.0, -10199.0)
(2, 0.03371715545654297, -176470.0, -10199.0)
(3, 0.0504908561706543, -176470.0, -10199.0)
(4, 0.06685495376586914, -176470.0, -10199.0)
(5, 0.08312416076660156, -176470.0, -10199.0)
(6, 0.09935832023620605, -176470.0, -10199.0)
(7, 0.1152341365814209, -176470.0, -10199.0)
(8, 0.13082337379455566, -176470.0, -10199.0)
(9, 0.14658093452453613, -176470.0, -10199.0)
(10, 0.16228461265563965, -176470.0, -10199.0)
(11, 0.17770099639892578, -164394.11111111112, -10199.0)
(12, 0.19272470474243164, -164394.11111111112, -10199.0)
(13, 0.20762157440185547, -164394.11111111112, -10199.0)
(14, 0.2226879596710205, -164394.11111111112, -10199.0)
(15, 0.2377636432647705, -164394.11111111112, -10199.0)
(16, 0.2523472309112549, -145241.55555555556, -10199.0)
(17, 0.2667877674102783, -145241.55555555556, -10199.0)
(18, 0.2811708450317383, -145241.55555555556, -10199.0)
(19, 0.2957453727722168, -145241.55555555556, -10199.0)
(20, 0.310274600982666, -145241.55555555556, -10199.0)
(21, 0.3242976665496826, -132990.44444444444, -10199.0)
(22, 0.3381953239440918, -132990.44444444444, -10199.0)
(23, 0.35187602043151855, -132990.44444444444, -10199.0)
(24, 0.36570167541503906, -132990.44444444444, -10199.0)
(25, 0.37964653968811035, -132990.44444444444, -10199.0)
(26, 0.3935670852661133, -132990.44444444444, -10199.0)
(27, 0.4074079990386963, -132990.44444444444, -10199.0)
(28, 0.42093777656555176, -114292.44444444444, -10199.0)
(29, 0.4343409538269043, -114292.44444444444, -10199.0)
(30, 0.4473867416381836, -114292.44444444444, -10199.0)
(31, 0.46080565452575684, -107527.88888888889, -10199.0)
(32, 0.47427797317504883, -102001.0, -10199.0)
(33, 0.48762941360473633, -102001.0, -10199.0)
(34, 0.5010147094726562, -102001.0, -10199.0)
(35, 0.5139956474304199, -102001.0, -10199.0)
(36, 0.5267677307128906, -102001.0, -10199.0)
(37, 0.5397047996520996, -80522.11111111111, -10199.0)
(38, 0.5527873039245605, -80522.11111111111, -10199.0)
(39, 0.5662269592285156, -74898.0, -10199.0)
(40, 0.5795423984527588, -71173.11111111111, -10199.0)
(41, 0.5931134223937988, -66235.11111111111, -10199.0)
(42, 0.6071469783782959, -60410.77777777778, -10199.0)
(43, 0.6215047836303711, -60410.77777777778, -10199.0)
(44, 0.6402606964111328, -60410.77777777778, -10199.0)
(45, 0.6574544906616211, -48378.0, -10199.0)
(46, 0.6787924766540527, -31360.777777777777, -10199.0)
(47, 0.7018547058105469, -21979.0, -20290.0)
(48, 0.721132755279541, -20290.0, -20290.0)
(49, 0.7399160861968994, -20290.0, -20290.0)
