(1, 0.007589578628540039, -73988.0, -12279.0)
(2, 0.01474142074584961, -73988.0, -12279.0)
(3, 0.021882057189941406, -71951.55555555556, -12279.0)
(4, 0.029237747192382812, -71951.55555555556, -12279.0)
(5, 0.03641080856323242, -71951.55555555556, -12279.0)
(6, 0.04344987869262695, -71951.55555555556, -12279.0)
(7, 0.0505061149597168, -71951.55555555556, -12279.0)
(8, 0.0576779842376709, -71951.55555555556, -12279.0)
(9, 0.06456565856933594, -71951.55555555556, -12279.0)
(10, 0.07199740409851074, -71951.55555555556, -12279.0)
(11, 0.07942509651184082, -71951.55555555556, -12279.0)
(12, 0.08681011199951172, -71951.55555555556, -12279.0)
(13, 0.09398698806762695, -71951.55555555556, -12279.0)
(14, 0.10119366645812988, -71951.55555555556, -12279.0)
(15, 0.10852766036987305, -71951.55555555556, -12279.0)
(16, 0.11569809913635254, -71951.55555555556, -12279.0)
(17, 0.12317657470703125, -71951.55555555556, -12279.0)
(18, 0.13028883934020996, -71951.55555555556, -12279.0)
(19, 0.1374518871307373, -71951.55555555556, -12279.0)
(20, 0.14473867416381836, -71951.55555555556, -12279.0)
(21, 0.15206336975097656, -71951.55555555556, -12279.0)
(22, 0.15918874740600586, -71951.55555555556, -12279.0)
(23, 0.16648650169372559, -71951.55555555556, -12279.0)
(24, 0.17406511306762695, -71951.55555555556, -12279.0)
(25, 0.18123412132263184, -71951.55555555556, -12279.0)
(26, 0.188798189163208, -71951.55555555556, -12279.0)
(27, 0.19632887840270996, -71951.55555555556, -12279.0)
(28, 0.20366311073303223, -71951.55555555556, -12279.0)
(29, 0.2109997272491455, -71951.55555555556, -12279.0)
(30, 0.2184123992919922, -71951.55555555556, -12279.0)
(31, 0.22585177421569824, -71951.55555555556, -12279.0)
(32, 0.2330951690673828, -71951.55555555556, -12279.0)
(33, 0.24034476280212402, -71951.55555555556, -12279.0)
(34, 0.24782276153564453, -71951.55555555556, -12279.0)
(35, 0.25516819953918457, -71951.55555555556, -12279.0)
(36, 0.2626683712005615, -71951.55555555556, -12279.0)
(37, 0.26996350288391113, -71951.55555555556, -12279.0)
(38, 0.2772946357727051, -71951.55555555556, -12279.0)
(39, 0.28530311584472656, -71951.55555555556, -12279.0)
(40, 0.2928459644317627, -71951.55555555556, -12279.0)
(41, 0.30028414726257324, -71951.55555555556, -12279.0)
(42, 0.3079066276550293, -71951.55555555556, -12279.0)
(43, 0.3154454231262207, -71951.55555555556, -12279.0)
(44, 0.3227996826171875, -71951.55555555556, -12279.0)
(45, 0.3302936553955078, -71951.55555555556, -12279.0)
(46, 0.33802318572998047, -71951.55555555556, -12279.0)
(47, 0.345550537109375, -71951.55555555556, -12279.0)
(48, 0.35344815254211426, -71951.55555555556, -12279.0)
(49, 0.3610713481903076, -71951.55555555556, -12279.0)
(50, 0.368976354598999, -71951.55555555556, -12279.0)
(51, 0.37699341773986816, -71951.55555555556, -12279.0)
(52, 0.38530421257019043, -71951.55555555556, -12279.0)
(53, 0.3929567337036133, -71951.55555555556, -12279.0)
(54, 0.4011232852935791, -71951.55555555556, -12279.0)
(55, 0.4088706970214844, -71951.55555555556, -12279.0)
(56, 0.41669392585754395, -71951.55555555556, -12279.0)
(57, 0.42426013946533203, -71951.55555555556, -12279.0)
(58, 0.43291234970092773, -54806.359375, -12279.0)
(59, 0.44093942642211914, -54806.359375, -12279.0)
(60, 0.4492828845977783, -54806.359375, -12279.0)
(61, 0.4571819305419922, -54806.359375, -12279.0)
(62, 0.4656682014465332, -54806.359375, -12279.0)
(63, 0.4737370014190674, -54806.359375, -12279.0)
(64, 0.4819655418395996, -54806.359375, -12279.0)
(65, 0.48993539810180664, -54806.359375, -12279.0)
(66, 0.49755215644836426, -54806.359375, -12279.0)
(67, 0.5055758953094482, -54806.359375, -12279.0)
(68, 0.5136022567749023, -54806.359375, -12279.0)
(69, 0.5212581157684326, -54806.359375, -12279.0)
(70, 0.5297584533691406, -54806.359375, -12279.0)
(71, 0.5382709503173828, -54806.359375, -12279.0)
(72, 0.5471618175506592, -54806.359375, -12279.0)
(73, 0.5570728778839111, -54806.359375, -12279.0)
(74, 0.5662784576416016, -54806.359375, -12279.0)
(75, 0.5756533145904541, -54806.359375, -12279.0)
(76, 0.5847430229187012, -54806.359375, -12279.0)
(77, 0.5946578979492188, -54806.359375, -12279.0)
(78, 0.604224443435669, -54806.359375, -12279.0)
(79, 0.6123106479644775, -54806.359375, -12279.0)
(80, 0.6208219528198242, -54806.359375, -12279.0)
(81, 0.6305079460144043, -54806.359375, -12279.0)
(82, 0.6387169361114502, -54806.359375, -12279.0)
(83, 0.6478407382965088, -54806.359375, -12279.0)
(84, 0.6567533016204834, -54806.359375, -12279.0)
(85, 0.6660304069519043, -54806.359375, -12279.0)
(86, 0.6748933792114258, -54806.359375, -12279.0)
(87, 0.6832175254821777, -54806.359375, -12279.0)
(88, 0.6931447982788086, -54806.359375, -12279.0)
(89, 0.7028293609619141, -54806.359375, -12279.0)
(90, 0.7137703895568848, -54806.359375, -12279.0)
(91, 0.7247405052185059, -50583.7652631579, -12279.0)
(92, 0.7339012622833252, -50583.7652631579, -12279.0)
(93, 0.7444963455200195, -50583.7652631579, -12279.0)
(94, 0.7529702186584473, -50583.7652631579, -12279.0)
(95, 0.763146162033081, -50583.7652631579, -12279.0)
(96, 0.7737791538238525, -50583.7652631579, -12279.0)
(97, 0.7844588756561279, -50583.7652631579, -12279.0)
(98, 0.7942204475402832, -50583.7652631579, -12279.0)
(99, 0.803961992263794, -50583.7652631579, -12279.0)
(100, 0.8163316249847412, -50583.7652631579, -12279.0)
(101, 0.826918363571167, -50583.7652631579, -12279.0)
(102, 0.8378045558929443, -50583.7652631579, -12279.0)
(103, 0.8467874526977539, -50583.7652631579, -12279.0)
(104, 0.8590600490570068, -50583.7652631579, -12279.0)
(105, 0.86979079246521, -50583.7652631579, -12279.0)
(106, 0.8808941841125488, -50583.7652631579, -12279.0)
(107, 0.8941876888275146, -50583.7652631579, -12279.0)
(108, 0.9074053764343262, -49166.753488372095, -12279.0)
(109, 0.919776201248169, -49166.753488372095, -12279.0)
(110, 0.932626485824585, -49166.753488372095, -12279.0)
(111, 0.9428384304046631, -49166.753488372095, -12279.0)
(112, 0.9569127559661865, -49166.753488372095, -12279.0)
(113, 0.9733214378356934, -45360.69565217392, -12279.0)
(114, 0.9914629459381104, -37757.2839506173, -12279.0)
(115, 1.0051980018615723, -37757.2839506173, -12279.0)
(116, 1.0211513042449951, -33658.84385964913, -12279.0)
(117, 1.0362496376037598, -32687.195900081457, -12279.0)
(118, 1.0502028465270996, -30519.30935898114, -12279.0)
(119, 1.065356731414795, -21339.773965691213, -21238.48032290616)
(120, 1.074641466140747, -21299.52084805654, -21242.68975265018)
(121, 1.0840537548065186, -21262.181818181823, -21244.36363636363)
(122, 1.09371018409729, -21253.621052631577, -21249.376842105263)
(123, 1.10231351852417, -21250.069431051088, -21249.42140790743)
(124, 1.1109027862548828, -21249.42238267148, -21249.42238267148)
(125, 1.119173288345337, -21249.42238267148, -21249.422382671484)
