(1, 0.04677438735961914, -195575.0, -13866.0)
(2, 0.0890805721282959, -195575.0, -13866.0)
(3, 0.13163137435913086, -187920.8275862069, -13866.0)
(4, 0.17385101318359375, -187657.0357142857, -13866.0)
(5, 0.21610784530639648, -187657.0357142857, -13866.0)
(6, 0.25839972496032715, -187657.0357142857, -13866.0)
(7, 0.29947948455810547, -187657.0357142857, -13866.0)
(8, 0.3423783779144287, -181594.92857142858, -13866.0)
(9, 0.3863379955291748, -154228.57142857142, -13866.0)
(10, 0.42969465255737305, -154228.57142857142, -13866.0)
(11, 0.471848726272583, -141024.04, -13866.0)
(12, 0.5149154663085938, -141024.04, -13866.0)
(13, 0.5558176040649414, -116383.44444444444, -13866.0)
(14, 0.5967178344726562, -116383.44444444444, -13866.0)
(15, 0.6371915340423584, -107715.45454545454, -13866.0)
(16, 0.6778309345245361, -106226.0, -13866.0)
(17, 0.7185778617858887, -77970.46153846153, -13866.0)
(18, 0.7590394020080566, -77970.46153846153, -13866.0)
(19, 0.7994778156280518, -68576.88, -13866.0)
(20, 0.8400723934173584, -58832.96, -13866.0)
(21, 0.881030797958374, -58832.96, -13866.0)
(22, 0.9214277267456055, -58832.96, -13866.0)
(23, 0.9620764255523682, -46734.16, -13866.0)
(24, 1.0031883716583252, -36673.36842105263, -13866.0)
(25, 1.0440707206726074, -30291.529411764706, -13866.0)
(26, 1.0848042964935303, -25876.947368421053, -13866.0)
(27, 1.1261310577392578, -24487.53846153846, -13866.0)
(28, 1.1672732830047607, -19817.0, -13866.0)
(29, 1.2077968120574951, -17728.222222222223, -13866.0)
(30, 1.2486515045166016, -17728.222222222223, -13866.0)
(31, 1.2896466255187988, -16394.88888888889, -13866.0)
(32, 1.3304383754730225, -16394.88888888889, -13866.0)
(33, 1.3714115619659424, -16394.88888888889, -13866.0)
(34, 1.4124293327331543, -16394.88888888889, -13866.0)
(35, 1.4537208080291748, -16142.0, -13866.0)
(36, 1.495054006576538, -16142.0, -13866.0)
(37, 1.5366296768188477, -16142.0, -13866.0)
(38, 1.57779860496521, -16142.0, -13866.0)
(39, 1.6190295219421387, -16142.0, -13866.0)
(40, 1.6605026721954346, -16142.0, -13866.0)
(41, 1.7022905349731445, -16142.0, -13866.0)
(42, 1.74379563331604, -16142.0, -13866.0)
(43, 1.7853124141693115, -16142.0, -13866.0)
(44, 1.827296257019043, -16142.0, -13866.0)
(45, 1.8698530197143555, -16142.0, -13866.0)
(46, 1.9123528003692627, -16142.0, -13866.0)
(47, 1.9549226760864258, -16142.0, -13866.0)
(48, 1.997457504272461, -16068.0, -13866.0)
(49, 2.0468595027923584, -16068.0, -13866.0)
(50, 2.0937132835388184, -16068.0, -13866.0)
(51, 2.1367130279541016, -16068.0, -13866.0)
(52, 2.1799066066741943, -16068.0, -13866.0)
(53, 2.2224152088165283, -16068.0, -13866.0)
(54, 2.2650551795959473, -16068.0, -13866.0)
(55, 2.3081088066101074, -16068.0, -13866.0)
(56, 2.351266384124756, -16068.0, -13866.0)
(57, 2.394412040710449, -16068.0, -13866.0)
(58, 2.4376542568206787, -16068.0, -13866.0)
(59, 2.4810147285461426, -16068.0, -13866.0)
(60, 2.5246407985687256, -16068.0, -13866.0)
(61, 2.568248987197876, -14825.666666666666, -13866.0)
(62, 2.6183764934539795, -14451.0, -14451.0)
(63, 2.660482168197632, -14451.0, -14451.0)
