(1, 0.13428711891174316, -1072299.0, -75705.0)
(2, 0.257152795791626, -1072299.0, -75705.0)
(3, 0.38318514823913574, -1072299.0, -75705.0)
(4, 0.5097494125366211, -1072299.0, -75705.0)
(5, 0.6299271583557129, -1072299.0, -75705.0)
(6, 0.7477283477783203, -1072299.0, -75705.0)
(7, 0.8676550388336182, -1072299.0, -75705.0)
(8, 0.9875683784484863, -1072299.0, -75705.0)
(9, 1.1055247783660889, -1072299.0, -75705.0)
(10, 1.2250678539276123, -1072299.0, -75705.0)
(11, 1.3478007316589355, -1072299.0, -75705.0)
(12, 1.4697902202606201, -1072299.0, -75705.0)
(13, 1.5891313552856445, -1072299.0, -75705.0)
(14, 1.7093031406402588, -1072299.0, -75705.0)
(15, 1.828674077987671, -1072299.0, -75705.0)
(16, 1.9480857849121094, -1072299.0, -75705.0)
(17, 2.0679028034210205, -1072299.0, -75705.0)
(18, 2.192073345184326, -1072299.0, -75705.0)
(19, 2.3149826526641846, -1072299.0, -75705.0)
(20, 2.438678741455078, -1072299.0, -75705.0)
(21, 2.5612916946411133, -1072299.0, -75705.0)
(22, 2.683506965637207, -1072299.0, -75705.0)
(23, 2.8038299083709717, -1072299.0, -75705.0)
(24, 2.9241623878479004, -1072299.0, -75705.0)
(25, 3.044029712677002, -1072299.0, -75705.0)
(26, 3.164097785949707, -1072299.0, -75705.0)
(27, 3.289332389831543, -1072299.0, -75705.0)
(28, 3.410104751586914, -1072299.0, -75705.0)
(29, 3.5323894023895264, -1072299.0, -75705.0)
(30, 3.6521339416503906, -1072299.0, -75705.0)
(31, 3.7737183570861816, -1072299.0, -75705.0)
(32, 3.893777370452881, -1072299.0, -75705.0)
(33, 4.01728081703186, -1072299.0, -75705.0)
(34, 4.140620231628418, -1072299.0, -75705.0)
(35, 4.263587951660156, -1072299.0, -75705.0)
(36, 4.3926310539245605, -1072299.0, -75705.0)
(37, 4.5270915031433105, -1072299.0, -75705.0)
(38, 4.661771059036255, -1072299.0, -75705.0)
(39, 4.7942681312561035, -1072299.0, -75705.0)
(40, 4.933225393295288, -1072299.0, -75705.0)
(41, 5.062928915023804, -1072299.0, -75705.0)
(42, 5.195444583892822, -1072299.0, -75705.0)
(43, 5.33188009262085, -1072299.0, -75705.0)
(44, 5.462099075317383, -1072299.0, -75705.0)
(45, 5.59208607673645, -1072299.0, -75705.0)
(46, 5.725049257278442, -1072299.0, -75705.0)
(47, 5.854551553726196, -1072299.0, -75705.0)
(48, 5.986839532852173, -1072299.0, -75705.0)
(49, 6.119296312332153, -1072299.0, -75705.0)
(50, 6.253265619277954, -1072299.0, -75705.0)
(51, 6.386436939239502, -1072299.0, -75705.0)
(52, 6.516314506530762, -1072299.0, -75705.0)
(53, 6.6533074378967285, -1072299.0, -75705.0)
(54, 6.7810304164886475, -1072299.0, -75705.0)
(55, 6.911970853805542, -1072299.0, -75705.0)
(56, 7.043931722640991, -1072299.0, -75705.0)
(57, 7.176583290100098, -1072299.0, -75705.0)
(58, 7.311924934387207, -1072299.0, -75705.0)
(59, 7.448201417922974, -1072299.0, -75705.0)
(60, 7.58270263671875, -1072299.0, -75705.0)
(61, 7.719813108444214, -1072299.0, -75705.0)
(62, 7.853515386581421, -1072299.0, -75705.0)
(63, 7.98480486869812, -1072299.0, -75705.0)
(64, 8.121840238571167, -1072299.0, -75705.0)
(65, 8.254542589187622, -1072299.0, -75705.0)
(66, 8.39463496208191, -1072299.0, -75705.0)
(67, 8.531981468200684, -1072299.0, -75705.0)
(68, 8.671810150146484, -1072299.0, -75705.0)
(69, 8.806414604187012, -1072299.0, -75705.0)
(70, 8.947125911712646, -1072299.0, -75705.0)
(71, 9.085405588150024, -1072299.0, -75705.0)
(72, 9.222408294677734, -1072299.0, -75705.0)
(73, 9.363796710968018, -1072299.0, -75705.0)
(74, 9.504491090774536, -1072299.0, -75705.0)
(75, 9.642202138900757, -1072299.0, -75705.0)
(76, 9.782045602798462, -1072299.0, -75705.0)
(77, 9.92520809173584, -1072299.0, -75705.0)
(78, 10.06375002861023, -1072299.0, -75705.0)
(79, 10.20784878730774, -1072299.0, -75705.0)
(80, 10.343175172805786, -1072299.0, -75705.0)
(81, 10.485831260681152, -1072299.0, -75705.0)
(82, 10.630048036575317, -1072299.0, -75705.0)
(83, 10.773619890213013, -1072299.0, -75705.0)
(84, 10.913924932479858, -1072299.0, -75705.0)
(85, 11.053321361541748, -1072299.0, -75705.0)
(86, 11.190714597702026, -1072299.0, -75705.0)
(87, 11.344328880310059, -1072299.0, -75705.0)
(88, 11.486942291259766, -1072299.0, -75705.0)
(89, 11.632814645767212, -1072299.0, -75705.0)
(90, 11.772618770599365, -1072299.0, -75705.0)
(91, 11.91635775566101, -1072299.0, -75705.0)
(92, 12.078178405761719, -1072299.0, -75705.0)
(93, 12.232995986938477, -1072299.0, -75705.0)
(94, 12.374948501586914, -1072299.0, -75705.0)
(95, 12.52052354812622, -1072299.0, -75705.0)
(96, 12.670040130615234, -1072299.0, -75705.0)
(97, 12.821872472763062, -1072299.0, -75705.0)
(98, 12.971553564071655, -1072299.0, -75705.0)
(99, 13.129459619522095, -1072299.0, -75705.0)
(100, 13.27505373954773, -1072299.0, -75705.0)
(101, 13.4449303150177, -1072299.0, -75705.0)
(102, 13.596872568130493, -1072299.0, -75705.0)
(103, 13.747118711471558, -1072299.0, -75705.0)
(104, 13.897374153137207, -1072299.0, -75705.0)
(105, 14.033790349960327, -1072299.0, -75705.0)
(106, 14.18222975730896, -1072299.0, -75705.0)
(107, 14.323412895202637, -1072299.0, -75705.0)
(108, 14.474090814590454, -1072299.0, -75705.0)
(109, 14.617639541625977, -1072299.0, -75705.0)
(110, 14.77584195137024, -1072299.0, -75705.0)
(111, 14.91981315612793, -1072299.0, -75705.0)
(112, 15.053476333618164, -1072299.0, -75705.0)
(113, 15.193346977233887, -1072299.0, -75705.0)
(114, 15.338312864303589, -1072299.0, -75705.0)
(115, 15.481858730316162, -1072299.0, -75705.0)
(116, 15.631795406341553, -1072299.0, -75705.0)
(117, 15.776050090789795, -1072299.0, -75705.0)
(118, 15.922447443008423, -1072299.0, -75705.0)
(119, 16.073988437652588, -1072299.0, -75705.0)
(120, 16.224782466888428, -1072299.0, -75705.0)
(121, 16.409481525421143, -1072299.0, -75705.0)
(122, 16.590821027755737, -1072299.0, -75705.0)
(123, 16.773380517959595, -1072299.0, -75705.0)
(124, 16.95099949836731, -1072299.0, -75705.0)
(125, 17.12950038909912, -1072299.0, -75705.0)
(126, 17.318024158477783, -1072299.0, -75705.0)
(127, 17.506823539733887, -1072299.0, -75705.0)
(128, 17.697718620300293, -1072299.0, -75705.0)
(129, 17.882065057754517, -1072299.0, -75705.0)
(130, 18.06602692604065, -1072299.0, -75705.0)
(131, 18.25020170211792, -1072299.0, -75705.0)
(132, 18.43575644493103, -1072299.0, -75705.0)
(133, 18.61436891555786, -1072299.0, -75705.0)
(134, 18.807403564453125, -1072299.0, -75705.0)
(135, 18.996134042739868, -1072299.0, -75705.0)
(136, 19.180747032165527, -1072299.0, -75705.0)
(137, 19.359668493270874, -1072299.0, -75705.0)
(138, 19.543362379074097, -1072299.0, -75705.0)
(139, 19.73240041732788, -1072299.0, -75705.0)
(140, 19.923013925552368, -1072299.0, -75705.0)
(141, 20.108633995056152, -1072299.0, -75705.0)
(142, 20.30284357070923, -1072299.0, -75705.0)
(143, 20.49303650856018, -1072299.0, -75705.0)
(144, 20.682448863983154, -1072299.0, -75705.0)
(145, 20.86733865737915, -1072299.0, -75705.0)
(146, 21.05767512321472, -1072299.0, -75705.0)
(147, 21.251972913742065, -1072299.0, -75705.0)
(148, 21.450512886047363, -1072299.0, -75705.0)
(149, 21.650631189346313, -1072299.0, -75705.0)
(150, 21.843034267425537, -1072299.0, -75705.0)
(151, 22.051241636276245, -1072299.0, -75705.0)
(152, 22.24819779396057, -1072299.0, -75705.0)
(153, 22.431499481201172, -1072299.0, -75705.0)
(154, 22.623098373413086, -1072299.0, -75705.0)
(155, 22.795544385910034, -1072299.0, -75705.0)
(156, 23.003700971603394, -1072299.0, -75705.0)
(157, 23.181149005889893, -1072299.0, -75705.0)
(158, 23.37536931037903, -1072299.0, -75705.0)
(159, 23.560057163238525, -1072299.0, -75705.0)
(160, 23.729047775268555, -1072299.0, -75705.0)
(161, 23.90958285331726, -1072299.0, -75705.0)
(162, 24.08960509300232, -1072299.0, -75705.0)
(163, 24.28078603744507, -1072299.0, -75705.0)
(164, 24.461965560913086, -1072299.0, -75705.0)
(165, 24.634608268737793, -1072299.0, -75705.0)
(166, 24.802223682403564, -1072299.0, -75705.0)
(167, 24.992369413375854, -1072299.0, -75705.0)
(168, 25.182032108306885, -1072299.0, -75705.0)
(169, 25.366307973861694, -1072299.0, -75705.0)
(170, 25.618016481399536, -1072299.0, -75705.0)
(171, 25.79363489151001, -1072299.0, -75705.0)
(172, 25.98334574699402, -1072299.0, -75705.0)
(173, 26.17501950263977, -1072299.0, -75705.0)
(174, 26.362051248550415, -1072299.0, -75705.0)
(175, 26.55529808998108, -1072299.0, -75705.0)
(176, 26.75163245201111, -1072299.0, -75705.0)
(177, 26.952453136444092, -1072299.0, -75705.0)
(178, 27.14444899559021, -1072299.0, -75705.0)
(179, 27.340994834899902, -1072299.0, -75705.0)
(180, 27.566654443740845, -1072299.0, -75705.0)
(181, 27.74008846282959, -1072299.0, -75705.0)
(182, 27.928179502487183, -1072299.0, -75705.0)
(183, 28.107646703720093, -1072299.0, -75705.0)
(184, 28.27992582321167, -1072299.0, -75705.0)
(185, 28.467984676361084, -1072299.0, -75705.0)
(186, 28.65053915977478, -1072299.0, -75705.0)
(187, 28.93427610397339, -1072299.0, -75705.0)
(188, 29.123732566833496, -1072299.0, -75705.0)
(189, 29.374467849731445, -1072299.0, -75705.0)
(190, 29.556957960128784, -1072299.0, -75705.0)
(191, 29.738672256469727, -1072299.0, -75705.0)
(192, 29.920747995376587, -1072299.0, -75705.0)
(193, 30.110406637191772, -1072299.0, -75705.0)
(194, 30.2897527217865, -1072299.0, -75705.0)
(195, 30.464250326156616, -1072299.0, -75705.0)
(196, 30.654744863510132, -1072299.0, -75705.0)
(197, 30.84459376335144, -1072299.0, -75705.0)
(198, 31.048730611801147, -1072299.0, -75705.0)
(199, 31.26011633872986, -1072299.0, -75705.0)
(200, 31.50147795677185, -1072299.0, -75705.0)
(201, 31.69393801689148, -1072299.0, -75705.0)
(202, 31.906229972839355, -1072299.0, -75705.0)
(203, 32.12551498413086, -1072299.0, -75705.0)
(204, 32.34173345565796, -1072299.0, -75705.0)
(205, 32.560752630233765, -1072299.0, -75705.0)
(206, 32.842737674713135, -1072299.0, -75705.0)
(207, 33.04356646537781, -1072299.0, -75705.0)
(208, 33.26458978652954, -1072299.0, -75705.0)
(209, 33.549206256866455, -1052055.8613318545, -75705.0)
(210, 33.74975395202637, -1052055.8613318545, -75705.0)
(211, 33.953333616256714, -1052055.8613318545, -75705.0)
(212, 34.15440559387207, -1052055.8613318545, -75705.0)
(213, 34.39896321296692, -1052055.8613318545, -75705.0)
(214, 34.68472170829773, -1052055.8613318545, -75705.0)
(215, 34.935688495635986, -1039042.7195403648, -75705.0)
(216, 35.21107625961304, -1039042.7195403648, -75705.0)
(217, 35.45324087142944, -1039042.7195403648, -75705.0)
(218, 35.67192888259888, -1039042.7195403648, -75705.0)
(219, 35.9029541015625, -1039042.7195403648, -75705.0)
(220, 36.11772394180298, -1039042.7195403648, -75705.0)
(221, 36.29737973213196, -1039042.7195403648, -75705.0)
(222, 36.49868631362915, -1039042.7195403648, -75705.0)
(223, 36.75632619857788, -1039042.7195403648, -75705.0)
(224, 37.0404326915741, -1039042.7195403648, -75705.0)
(225, 37.26791214942932, -1039042.7195403648, -75705.0)
(226, 37.53608679771423, -1039042.7195403648, -75705.0)
(227, 37.804381132125854, -1039042.7195403648, -75705.0)
(228, 38.06847929954529, -1039042.7195403648, -75705.0)
(229, 38.31161046028137, -1039042.7195403648, -75705.0)
(230, 38.59492802619934, -1039042.7195403648, -75705.0)
(231, 38.86297035217285, -1039042.7195403648, -75705.0)
(232, 39.07968473434448, -1039042.7195403648, -75705.0)
(233, 39.325942277908325, -1039042.7195403648, -75705.0)
(234, 39.56814408302307, -1039042.7195403648, -75705.0)
(235, 39.860820055007935, -1039042.7195403648, -75705.0)
(236, 40.149606704711914, -1039042.7195403648, -75705.0)
(237, 40.46758317947388, -1039042.7195403648, -75705.0)
(238, 40.75802969932556, -1039042.7195403648, -75705.0)
(239, 41.04902720451355, -1039042.7195403648, -75705.0)
(240, 41.33958148956299, -1039042.7195403648, -75705.0)
(241, 41.62291955947876, -1039042.7195403648, -75705.0)
(242, 41.87187719345093, -1039042.7195403648, -75705.0)
(243, 42.12220788002014, -1039042.7195403648, -75705.0)
(244, 42.288559913635254, -1039042.7195403648, -75705.0)
(245, 42.499781370162964, -1039042.7195403648, -75705.0)
(246, 42.774677753448486, -1039042.7195403648, -75705.0)
(247, 43.05263924598694, -1039042.7195403648, -75705.0)
(248, 43.29372048377991, -1039042.7195403648, -75705.0)
(249, 43.56384587287903, -1039042.7195403648, -75705.0)
(250, 43.836740016937256, -1039042.7195403648, -75705.0)
(251, 44.117881774902344, -1039042.7195403648, -75705.0)
(252, 44.409273862838745, -1039042.7195403648, -75705.0)
(253, 44.71168804168701, -1039042.7195403648, -75705.0)
(254, 44.93868899345398, -1039042.7195403648, -75705.0)
(255, 45.19413733482361, -1039042.7195403648, -75705.0)
(256, 45.4835090637207, -1039042.7195403648, -75705.0)
(257, 45.79655599594116, -1039042.7195403648, -75705.0)
(258, 46.09944009780884, -1039042.7195403648, -75705.0)
(259, 46.39745378494263, -1039042.7195403648, -75705.0)
(260, 46.644439697265625, -1039042.7195403648, -75705.0)
(261, 46.94448924064636, -1039042.7195403648, -75705.0)
(262, 47.23487877845764, -1039042.7195403648, -75705.0)
(263, 47.56415772438049, -1039042.7195403648, -75705.0)
(264, 47.87656617164612, -1039042.7195403648, -75705.0)
(265, 48.13991117477417, -1039042.7195403648, -75705.0)
(266, 48.45502996444702, -1039042.7195403648, -75705.0)
(267, 48.668901681900024, -1039042.7195403648, -75705.0)
(268, 48.83243703842163, -1039042.7195403648, -75705.0)
(269, 49.001628398895264, -1039042.7195403648, -75705.0)
(270, 49.19363617897034, -1039042.7195403648, -75705.0)
(271, 49.43771147727966, -1039042.7195403648, -75705.0)
(272, 49.67504000663757, -1039042.7195403648, -75705.0)
(273, 49.84936881065369, -1039042.7195403648, -75705.0)
(274, 50.018399238586426, -1039042.7195403648, -75705.0)
(275, 50.170793533325195, -1039042.7195403648, -75705.0)
(276, 50.42123818397522, -1039042.7195403648, -75705.0)
(277, 50.59800386428833, -1039042.7195403648, -75705.0)
(278, 50.77528476715088, -1039042.7195403648, -75705.0)
(279, 51.083476066589355, -1039042.7195403648, -75705.0)
(280, 51.276506423950195, -1039042.7195403648, -75705.0)
(281, 51.46916127204895, -1039042.7195403648, -75705.0)
(282, 51.72464919090271, -1039042.7195403648, -75705.0)
(283, 51.96730136871338, -1039042.7195403648, -75705.0)
(284, 52.15481615066528, -1039042.7195403648, -75705.0)
(285, 52.327218532562256, -1039042.7195403648, -75705.0)
(286, 52.592124223709106, -1039042.7195403648, -75705.0)
(287, 52.835434675216675, -1039042.7195403648, -75705.0)
(288, 53.124171018600464, -1039042.7195403648, -75705.0)
(289, 53.419469118118286, -1039042.7195403648, -75705.0)
(290, 53.6767475605011, -1039042.7195403648, -75705.0)
(291, 53.88252401351929, -1039042.7195403648, -75705.0)
(292, 54.133824586868286, -1039042.7195403648, -75705.0)
(293, 54.40321230888367, -1039042.7195403648, -75705.0)
(294, 54.696796894073486, -1039042.7195403648, -75705.0)
(295, 54.90164017677307, -1039042.7195403648, -75705.0)
(296, 55.095372915267944, -1039042.7195403648, -75705.0)
(297, 55.29931712150574, -1039042.7195403648, -75705.0)
(298, 55.58057117462158, -1039042.7195403648, -75705.0)
(299, 55.76118445396423, -1039042.7195403648, -75705.0)
(300, 56.04832339286804, -1039042.7195403648, -75705.0)
(301, 56.25326991081238, -1039042.7195403648, -75705.0)
(302, 56.44724631309509, -1039042.7195403648, -75705.0)
(303, 56.748878479003906, -1039042.7195403648, -75705.0)
(304, 57.00521397590637, -1039042.7195403648, -75705.0)
(305, 57.301475048065186, -1039042.7195403648, -75705.0)
(306, 57.53213858604431, -1039042.7195403648, -75705.0)
(307, 57.845653772354126, -1039042.7195403648, -75705.0)
(308, 58.08444142341614, -1039042.7195403648, -75705.0)
(309, 58.360164642333984, -1039042.7195403648, -75705.0)
(310, 58.651209592819214, -1039042.7195403648, -75705.0)
(311, 58.921788930892944, -1039042.7195403648, -75705.0)
(312, 59.173033714294434, -1039042.7195403648, -75705.0)
(313, 59.47532081604004, -1039042.7195403648, -75705.0)
(314, 59.73225927352905, -1039042.7195403648, -75705.0)
(315, 59.993629932403564, -1039042.7195403648, -75705.0)
(316, 60.295825481414795, -1039042.7195403648, -75705.0)
(317, 60.61770296096802, -1039042.7195403648, -75705.0)
(318, 60.93805480003357, -1039042.7195403648, -75705.0)
(319, 61.2207305431366, -1039042.7195403648, -75705.0)
(320, 61.48971915245056, -1039042.7195403648, -75705.0)
(321, 61.77304458618164, -1039042.7195403648, -75705.0)
(322, 61.98968434333801, -1039042.7195403648, -75705.0)
(323, 62.2885320186615, -1039042.7195403648, -75705.0)
(324, 62.615028619766235, -1039042.7195403648, -75705.0)
(325, 62.915221214294434, -1039042.7195403648, -75705.0)
(326, 63.197014808654785, -1039042.7195403648, -75705.0)
(327, 63.48001050949097, -1039042.7195403648, -75705.0)
(328, 63.76674199104309, -1039042.7195403648, -75705.0)
(329, 64.06052875518799, -1039042.7195403648, -75705.0)
(330, 64.3991470336914, -1039042.7195403648, -75705.0)
(331, 64.694819688797, -1039042.7195403648, -75705.0)
(332, 65.00652241706848, -1039042.7195403648, -75705.0)
(333, 65.3323323726654, -1039042.7195403648, -75705.0)
(334, 65.68026852607727, -1039042.7195403648, -75705.0)
(335, 65.95987868309021, -1039042.7195403648, -75705.0)
(336, 66.25814247131348, -1039042.7195403648, -75705.0)
(337, 66.6479880809784, -1039042.7195403648, -75705.0)
(338, 66.99403285980225, -1039042.7195403648, -75705.0)
(339, 67.42644214630127, -1025993.672642829, -75705.0)
(340, 67.72736382484436, -1002583.3647153099, -75705.0)
(341, 68.02782320976257, -1002583.3647153099, -75705.0)
(342, 68.29429388046265, -1002583.3647153099, -75705.0)
(343, 68.5661792755127, -1002583.3647153099, -75705.0)
(344, 68.8394775390625, -1002583.3647153099, -75705.0)
(345, 69.12633800506592, -1002583.3647153099, -75705.0)
(346, 69.40113663673401, -1002583.3647153099, -75705.0)
(347, 69.69582915306091, -1002583.3647153099, -75705.0)
(348, 70.01288270950317, -1002583.3647153099, -75705.0)
(349, 70.30015254020691, -1002583.3647153099, -75705.0)
(350, 70.60766363143921, -1002583.3647153099, -75705.0)
(351, 70.85875868797302, -1002583.3647153099, -75705.0)
(352, 71.1046712398529, -1002583.3647153099, -75705.0)
(353, 71.38088726997375, -1002583.3647153099, -75705.0)
(354, 71.67112612724304, -1002583.3647153099, -75705.0)
(355, 71.86879825592041, -1002583.3647153099, -75705.0)
(356, 72.1629319190979, -1002583.3647153099, -75705.0)
(357, 72.3955180644989, -1002583.3647153099, -75705.0)
(358, 72.69888424873352, -1002583.3647153099, -75705.0)
(359, 72.97278237342834, -1002583.3647153099, -75705.0)
(360, 73.1980516910553, -1002583.3647153099, -75705.0)
(361, 73.5033130645752, -1002583.3647153099, -75705.0)
(362, 73.79472994804382, -1002583.3647153099, -75705.0)
(363, 74.06038618087769, -1002583.3647153099, -75705.0)
(364, 74.30533194541931, -1002583.3647153099, -75705.0)
(365, 74.5537977218628, -1002583.3647153099, -75705.0)
(366, 74.8308653831482, -1002583.3647153099, -75705.0)
(367, 75.0816638469696, -1002583.3647153099, -75705.0)
(368, 75.37444257736206, -1002583.3647153099, -75705.0)
(369, 75.63276314735413, -1002583.3647153099, -75705.0)
(370, 75.88770461082458, -1002583.3647153099, -75705.0)
(371, 76.14640998840332, -1002583.3647153099, -75705.0)
(372, 76.44782853126526, -1002583.3647153099, -75705.0)
(373, 76.71730756759644, -1002583.3647153099, -75705.0)
(374, 77.06583213806152, -1002583.3647153099, -75705.0)
(375, 77.33578610420227, -1002583.3647153099, -75705.0)
(376, 77.63894510269165, -1002583.3647153099, -75705.0)
(377, 77.97311639785767, -1002583.3647153099, -75705.0)
(378, 78.31080889701843, -1002583.3647153099, -75705.0)
(379, 78.62012815475464, -1002583.3647153099, -75705.0)
(380, 78.96017599105835, -1002583.3647153099, -75705.0)
(381, 79.30234980583191, -1002583.3647153099, -75705.0)
(382, 79.65842318534851, -1002583.3647153099, -75705.0)
(383, 79.99376034736633, -1002583.3647153099, -75705.0)
(384, 80.36417698860168, -1002583.3647153099, -75705.0)
(385, 80.63269519805908, -1002583.3647153099, -75705.0)
(386, 80.9327301979065, -1002583.3647153099, -75705.0)
(387, 81.21902298927307, -1002583.3647153099, -75705.0)
(388, 81.5275559425354, -1002583.3647153099, -75705.0)
(389, 81.85299587249756, -1002583.3647153099, -75705.0)
(390, 82.16814708709717, -1002583.3647153099, -75705.0)
(391, 82.47745752334595, -1002583.3647153099, -75705.0)
(392, 82.78955912590027, -1002583.3647153099, -75705.0)
(393, 83.08347344398499, -1002583.3647153099, -75705.0)
(394, 83.36720442771912, -1002583.3647153099, -75705.0)
(395, 83.7247257232666, -1002583.3647153099, -75705.0)
(396, 84.02838397026062, -1002583.3647153099, -75705.0)
(397, 84.33565878868103, -1002583.3647153099, -75705.0)
(398, 84.62627077102661, -1002583.3647153099, -75705.0)
(399, 85.00580024719238, -1002583.3647153099, -75705.0)
(400, 85.37858366966248, -1002583.3647153099, -75705.0)
(401, 85.79503870010376, -1002583.3647153099, -75705.0)
(402, 86.14244174957275, -1002583.3647153099, -75705.0)
(403, 86.5340404510498, -1002583.3647153099, -75705.0)
(404, 86.89921927452087, -1002583.3647153099, -75705.0)
(405, 87.29780697822571, -1002583.3647153099, -75705.0)
(406, 87.68091249465942, -1002583.3647153099, -75705.0)
(407, 88.11474466323853, -1002583.3647153099, -75705.0)
(408, 88.38784456253052, -1002583.3647153099, -75705.0)
(409, 88.65141773223877, -1002583.3647153099, -75705.0)
(410, 88.96655082702637, -1002583.3647153099, -75705.0)
(411, 89.30564737319946, -1002583.3647153099, -75705.0)
(412, 89.56872868537903, -1002583.3647153099, -75705.0)
(413, 89.83121371269226, -1002583.3647153099, -75705.0)
(414, 90.18138098716736, -1002583.3647153099, -75705.0)
(415, 90.452645778656, -1002583.3647153099, -75705.0)
(416, 90.83695387840271, -1002583.3647153099, -75705.0)
(417, 91.11417365074158, -1002583.3647153099, -75705.0)
(418, 91.39072513580322, -1002583.3647153099, -75705.0)
(419, 91.74659252166748, -1002583.3647153099, -75705.0)
(420, 92.0098009109497, -1002583.3647153099, -75705.0)
(421, 92.38606429100037, -1002583.3647153099, -75705.0)
(422, 92.73984742164612, -1002583.3647153099, -75705.0)
(423, 93.11495280265808, -1002583.3647153099, -75705.0)
(424, 93.51420903205872, -1002583.3647153099, -75705.0)
(425, 93.87208366394043, -1002583.3647153099, -75705.0)
(426, 94.19126772880554, -1002583.3647153099, -75705.0)
(427, 94.62115788459778, -1002583.3647153099, -75705.0)
(428, 95.02522373199463, -1002583.3647153099, -75705.0)
(429, 95.46662926673889, -1002583.3647153099, -75705.0)
(430, 95.87510228157043, -1002583.3647153099, -75705.0)
(431, 96.23194646835327, -1002583.3647153099, -75705.0)
(432, 96.61030626296997, -1002583.3647153099, -75705.0)
(433, 97.0351083278656, -1002583.3647153099, -75705.0)
(434, 97.40729880332947, -1002583.3647153099, -75705.0)
(435, 97.7191710472107, -1002583.3647153099, -75705.0)
(436, 98.07653427124023, -1002583.3647153099, -75705.0)
(437, 98.44423723220825, -1002583.3647153099, -75705.0)
(438, 98.76190137863159, -1002583.3647153099, -75705.0)
(439, 99.18696522712708, -1002583.3647153099, -75705.0)
(440, 99.56455039978027, -1002583.3647153099, -75705.0)
(441, 99.98811936378479, -1002583.3647153099, -75705.0)
(442, 100.35153484344482, -1002583.3647153099, -75705.0)
(443, 100.72472286224365, -1002583.3647153099, -75705.0)
(444, 101.13380002975464, -1002583.3647153099, -75705.0)
(445, 101.55965209007263, -1002583.3647153099, -75705.0)
(446, 101.96799850463867, -1002583.3647153099, -75705.0)
(447, 102.3244321346283, -1002583.3647153099, -75705.0)
(448, 102.58745169639587, -1002583.3647153099, -75705.0)
(449, 102.87844753265381, -1002583.3647153099, -75705.0)
(450, 103.26418471336365, -1002583.3647153099, -75705.0)
(451, 103.58298015594482, -1002583.3647153099, -75705.0)
(452, 103.97896575927734, -1002583.3647153099, -75705.0)
(453, 104.30777192115784, -1002583.3647153099, -75705.0)
(454, 104.52239036560059, -1002583.3647153099, -75705.0)
(455, 104.90370726585388, -1002583.3647153099, -75705.0)
(456, 105.27222323417664, -1002583.3647153099, -75705.0)
(457, 105.62606644630432, -1002583.3647153099, -75705.0)
(458, 105.91862988471985, -1002583.3647153099, -75705.0)
(459, 106.28598046302795, -1002583.3647153099, -75705.0)
(460, 106.67457103729248, -1002583.3647153099, -75705.0)
(461, 107.04571557044983, -1002583.3647153099, -75705.0)
(462, 107.40576195716858, -1002583.3647153099, -75705.0)
(463, 107.77385663986206, -1002583.3647153099, -75705.0)
(464, 108.13897347450256, -1002583.3647153099, -75705.0)
(465, 108.39683747291565, -1002583.3647153099, -75705.0)
(466, 108.73688626289368, -1002583.3647153099, -75705.0)
(467, 109.17722392082214, -1002583.3647153099, -75705.0)
(468, 109.49816942214966, -1002583.3647153099, -75705.0)
(469, 109.86166524887085, -1002583.3647153099, -75705.0)
(470, 110.14861512184143, -1002583.3647153099, -75705.0)
(471, 110.44308137893677, -1002583.3647153099, -75705.0)
(472, 110.71918177604675, -1002583.3647153099, -75705.0)
(473, 111.08050680160522, -1002583.3647153099, -75705.0)
(474, 111.38792014122009, -1002583.3647153099, -75705.0)
(475, 111.77882671356201, -1002583.3647153099, -75705.0)
(476, 112.12921690940857, -1002583.3647153099, -75705.0)
(477, 112.50836777687073, -1002583.3647153099, -75705.0)
(478, 112.8962984085083, -1002583.3647153099, -75705.0)
(479, 113.294362783432, -1002583.3647153099, -75705.0)
(480, 113.67810010910034, -1002583.3647153099, -75705.0)
(481, 114.06058955192566, -1002583.3647153099, -75705.0)
(482, 114.44059228897095, -1002583.3647153099, -75705.0)
(483, 114.87020778656006, -1002583.3647153099, -75705.0)
(484, 115.24841284751892, -1002583.3647153099, -75705.0)
(485, 115.68657279014587, -1002583.3647153099, -75705.0)
(486, 116.08766174316406, -1002583.3647153099, -75705.0)
(487, 116.49184513092041, -1002583.3647153099, -75705.0)
(488, 116.91205739974976, -1002583.3647153099, -75705.0)
(489, 117.3497724533081, -1002583.3647153099, -75705.0)
(490, 117.77648448944092, -1002583.3647153099, -75705.0)
(491, 118.22702097892761, -1002583.3647153099, -75705.0)
(492, 118.71708059310913, -1002583.3647153099, -75705.0)
(493, 119.15274024009705, -1002583.3647153099, -75705.0)
(494, 119.63288950920105, -1002583.3647153099, -75705.0)
(495, 120.0543441772461, -1002583.3647153099, -75705.0)
(496, 120.46443319320679, -1002583.3647153099, -75705.0)
(497, 120.84542798995972, -1002583.3647153099, -75705.0)
(498, 121.29263949394226, -1002583.3647153099, -75705.0)
(499, 121.73320865631104, -1002583.3647153099, -75705.0)
(500, 122.14337396621704, -1002583.3647153099, -75705.0)
(501, 122.67016792297363, -1002583.3647153099, -75705.0)
(502, 123.0466639995575, -1002583.3647153099, -75705.0)
(503, 123.2516713142395, -1002583.3647153099, -75705.0)
(504, 123.57282447814941, -1002583.3647153099, -75705.0)
(505, 123.93764066696167, -1002583.3647153099, -75705.0)
(506, 124.25220561027527, -1002583.3647153099, -75705.0)
(507, 124.67319893836975, -1002583.3647153099, -75705.0)
(508, 124.96740508079529, -1002583.3647153099, -75705.0)
(509, 125.37010264396667, -1002583.3647153099, -75705.0)
(510, 125.69057083129883, -1002583.3647153099, -75705.0)
(511, 126.08957600593567, -1002583.3647153099, -75705.0)
(512, 126.40126442909241, -1002583.3647153099, -75705.0)
(513, 126.77840757369995, -1002583.3647153099, -75705.0)
(514, 127.1473479270935, -1002583.3647153099, -75705.0)
(515, 127.44312405586243, -1002583.3647153099, -75705.0)
(516, 127.72417449951172, -1002583.3647153099, -75705.0)
(517, 128.0070059299469, -1002583.3647153099, -75705.0)
(518, 128.3795039653778, -1002583.3647153099, -75705.0)
(519, 128.62743616104126, -1002583.3647153099, -75705.0)
(520, 129.02692198753357, -1002583.3647153099, -75705.0)
(521, 129.43121457099915, -1002583.3647153099, -75705.0)
(522, 129.80281352996826, -1002583.3647153099, -75705.0)
(523, 130.2291865348816, -1002583.3647153099, -75705.0)
(524, 130.6581130027771, -1002583.3647153099, -75705.0)
(525, 131.06630301475525, -1002583.3647153099, -75705.0)
(526, 131.44866919517517, -1002583.3647153099, -75705.0)
(527, 131.83121180534363, -1002583.3647153099, -75705.0)
(528, 132.2168745994568, -1002583.3647153099, -75705.0)
(529, 132.6223201751709, -1002583.3647153099, -75705.0)
(530, 133.01616430282593, -1002583.3647153099, -75705.0)
(531, 133.42848229408264, -1002583.3647153099, -75705.0)
(532, 133.7283980846405, -1002583.3647153099, -75705.0)
(533, 134.1149845123291, -1002583.3647153099, -75705.0)
(534, 134.565016746521, -1002583.3647153099, -75705.0)
(535, 134.96784138679504, -1002583.3647153099, -75705.0)
(536, 135.29675340652466, -1002583.3647153099, -75705.0)
(537, 135.701966047287, -1002583.3647153099, -75705.0)
(538, 136.11713337898254, -1002583.3647153099, -75705.0)
(539, 136.52943658828735, -1002583.3647153099, -75705.0)
(540, 136.9585475921631, -1002583.3647153099, -75705.0)
(541, 137.3781716823578, -1002583.3647153099, -75705.0)
(542, 137.83407545089722, -1002583.3647153099, -75705.0)
(543, 138.30972838401794, -1002583.3647153099, -75705.0)
(544, 138.7460823059082, -1002583.3647153099, -75705.0)
(545, 139.18341422080994, -1002583.3647153099, -75705.0)
(546, 139.64588046073914, -1002583.3647153099, -75705.0)
(547, 140.10500073432922, -1002583.3647153099, -75705.0)
(548, 140.548175573349, -1002583.3647153099, -75705.0)
(549, 140.96991181373596, -1002583.3647153099, -75705.0)
(550, 141.4691207408905, -1002583.3647153099, -75705.0)
(551, 141.9217231273651, -1002583.3647153099, -75705.0)
(552, 142.3884792327881, -1002583.3647153099, -75705.0)
(553, 142.92706823349, -1002583.3647153099, -75705.0)
(554, 143.2897026538849, -1002583.3647153099, -75705.0)
(555, 143.6834373474121, -1002583.3647153099, -75705.0)
(556, 144.07599878311157, -1002583.3647153099, -75705.0)
(557, 144.6193971633911, -1002583.3647153099, -75705.0)
(558, 144.93280005455017, -1002583.3647153099, -75705.0)
(559, 145.4138023853302, -1002583.3647153099, -75705.0)
(560, 145.74618816375732, -1002583.3647153099, -75705.0)
(561, 146.0806179046631, -1002583.3647153099, -75705.0)
(562, 146.41243624687195, -1002583.3647153099, -75705.0)
(563, 146.74211716651917, -1002583.3647153099, -75705.0)
(564, 147.19303464889526, -1002583.3647153099, -75705.0)
(565, 147.62657260894775, -1002583.3647153099, -75705.0)
(566, 148.0581455230713, -1002583.3647153099, -75705.0)
(567, 148.44901633262634, -1002583.3647153099, -75705.0)
(568, 149.0081877708435, -1002583.3647153099, -75705.0)
(569, 149.46726036071777, -1002583.3647153099, -75705.0)
(570, 149.99177479743958, -1002583.3647153099, -75705.0)
(571, 150.46054577827454, -1002583.3647153099, -75705.0)
(572, 150.84033226966858, -1002583.3647153099, -75705.0)
(573, 151.3486292362213, -1002583.3647153099, -75705.0)
(574, 151.80216908454895, -1002583.3647153099, -75705.0)
(575, 152.30107164382935, -1002583.3647153099, -75705.0)
(576, 152.79736709594727, -1002583.3647153099, -75705.0)
(577, 153.34131026268005, -1002583.3647153099, -75705.0)
(578, 153.82342863082886, -1002583.3647153099, -75705.0)
(579, 154.22038984298706, -1002583.3647153099, -75705.0)
(580, 154.55831813812256, -1002583.3647153099, -75705.0)
(581, 154.86409902572632, -1002583.3647153099, -75705.0)
(582, 155.21806406974792, -1002583.3647153099, -75705.0)
(583, 155.51076817512512, -1002583.3647153099, -75705.0)
(584, 155.85231351852417, -1002583.3647153099, -75705.0)
(585, 156.16387581825256, -1002583.3647153099, -75705.0)
(586, 156.506000995636, -1002583.3647153099, -75705.0)
(587, 156.87772703170776, -1002583.3647153099, -75705.0)
(588, 157.19751620292664, -1002583.3647153099, -75705.0)
(589, 157.56749558448792, -1002583.3647153099, -75705.0)
(590, 157.92149448394775, -1002583.3647153099, -75705.0)
(591, 158.23527121543884, -1002583.3647153099, -75705.0)
(592, 158.56420040130615, -1002583.3647153099, -75705.0)
(593, 158.88464736938477, -1002583.3647153099, -75705.0)
(594, 159.20196628570557, -1002583.3647153099, -75705.0)
(595, 159.5488419532776, -1002583.3647153099, -75705.0)
(596, 159.90363597869873, -1002583.3647153099, -75705.0)
(597, 160.23679375648499, -1002583.3647153099, -75705.0)
(598, 160.60435605049133, -1002583.3647153099, -75705.0)
(599, 160.94406962394714, -1002583.3647153099, -75705.0)
(600, 161.3042540550232, -1002583.3647153099, -75705.0)
(601, 161.65740156173706, -1002583.3647153099, -75705.0)
(602, 162.04921913146973, -1002583.3647153099, -75705.0)
(603, 162.38060855865479, -1002583.3647153099, -75705.0)
(604, 162.7191185951233, -1002583.3647153099, -75705.0)
(605, 163.06138277053833, -1002583.3647153099, -75705.0)
(606, 163.41588306427002, -1002583.3647153099, -75705.0)
(607, 163.73919010162354, -1002583.3647153099, -75705.0)
(608, 164.10068202018738, -1002583.3647153099, -75705.0)
(609, 164.4697277545929, -1002583.3647153099, -75705.0)
(610, 164.8169605731964, -1002583.3647153099, -75705.0)
(611, 165.07839965820312, -1002583.3647153099, -75705.0)
(612, 165.43534755706787, -1002583.3647153099, -75705.0)
(613, 165.78776717185974, -1002583.3647153099, -75705.0)
(614, 166.16781997680664, -1002583.3647153099, -75705.0)
(615, 166.54946899414062, -1002583.3647153099, -75705.0)
(616, 166.9184238910675, -1002583.3647153099, -75705.0)
(617, 167.4389259815216, -1002583.3647153099, -75705.0)
(618, 167.8856761455536, -1002583.3647153099, -75705.0)
(619, 168.18086504936218, -1002583.3647153099, -75705.0)
(620, 168.61486649513245, -1002583.3647153099, -75705.0)
(621, 168.99909496307373, -1002583.3647153099, -75705.0)
(622, 169.42134928703308, -1002583.3647153099, -75705.0)
(623, 169.84249186515808, -1002583.3647153099, -75705.0)
(624, 170.2443392276764, -1002583.3647153099, -75705.0)
(625, 170.52879786491394, -1002583.3647153099, -75705.0)
(626, 170.9389386177063, -1002583.3647153099, -75705.0)
(627, 171.36084961891174, -1002583.3647153099, -75705.0)
(628, 171.8094072341919, -1002583.3647153099, -75705.0)
(629, 172.09165906906128, -1002583.3647153099, -75705.0)
(630, 172.36596727371216, -1002583.3647153099, -75705.0)
(631, 172.8201961517334, -1002583.3647153099, -75705.0)
(632, 173.24474501609802, -1002583.3647153099, -75705.0)
(633, 173.5362310409546, -1002583.3647153099, -75705.0)
(634, 173.81328105926514, -1002583.3647153099, -75705.0)
(635, 174.08069252967834, -1002583.3647153099, -75705.0)
(636, 174.5201768875122, -1002583.3647153099, -75705.0)
(637, 174.80907773971558, -1002583.3647153099, -75705.0)
(638, 175.09446954727173, -1002583.3647153099, -75705.0)
(639, 175.52885103225708, -1002583.3647153099, -75705.0)
(640, 175.82067966461182, -1002583.3647153099, -75705.0)
(641, 176.1756649017334, -1002583.3647153099, -75705.0)
(642, 176.65545558929443, -1002583.3647153099, -75705.0)
(643, 177.07731461524963, -1002583.3647153099, -75705.0)
(644, 177.51221561431885, -1002583.3647153099, -75705.0)
(645, 177.85811114311218, -1002583.3647153099, -75705.0)
(646, 178.30707144737244, -1002583.3647153099, -75705.0)
(647, 178.7760157585144, -1002583.3647153099, -75705.0)
(648, 179.23182725906372, -1002583.3647153099, -75705.0)
(649, 179.66613245010376, -1002583.3647153099, -75705.0)
(650, 180.14437675476074, -1002583.3647153099, -75705.0)
(651, 180.63546347618103, -1002583.3647153099, -75705.0)
(652, 181.1353440284729, -1002583.3647153099, -75705.0)
(653, 181.6320538520813, -1002583.3647153099, -75705.0)
(654, 182.19670224189758, -1002583.3647153099, -75705.0)
(655, 182.7673463821411, -1002583.3647153099, -75705.0)
(656, 183.10599398612976, -1002583.3647153099, -75705.0)
(657, 183.42680668830872, -1002583.3647153099, -75705.0)
(658, 183.74704766273499, -1002583.3647153099, -75705.0)
(659, 184.19547176361084, -1002583.3647153099, -75705.0)
(660, 184.6263451576233, -1002583.3647153099, -75705.0)
(661, 185.03547024726868, -1002583.3647153099, -75705.0)
(662, 185.44994807243347, -1002583.3647153099, -75705.0)
(663, 185.8667426109314, -1002583.3647153099, -75705.0)
(664, 186.28023982048035, -1002583.3647153099, -75705.0)
(665, 186.70434308052063, -1002583.3647153099, -75705.0)
(666, 187.13484501838684, -1002583.3647153099, -75705.0)
(667, 187.55561351776123, -1002583.3647153099, -75705.0)
(668, 187.97562646865845, -1002583.3647153099, -75705.0)
(669, 188.43533492088318, -1002583.3647153099, -75705.0)
(670, 188.89398860931396, -1002583.3647153099, -75705.0)
(671, 189.32981944084167, -1002583.3647153099, -75705.0)
(672, 189.79122805595398, -1002583.3647153099, -75705.0)
(673, 190.2107765674591, -1002583.3647153099, -75705.0)
(674, 190.65483283996582, -1002583.3647153099, -75705.0)
(675, 191.10438179969788, -1002583.3647153099, -75705.0)
(676, 191.5997667312622, -1002583.3647153099, -75705.0)
(677, 192.05801367759705, -1002583.3647153099, -75705.0)
(678, 192.53128099441528, -1002583.3647153099, -75705.0)
(679, 192.97583079338074, -1002583.3647153099, -75705.0)
(680, 193.39576601982117, -1002583.3647153099, -75705.0)
(681, 193.84324026107788, -1002583.3647153099, -75705.0)
(682, 194.29918456077576, -1002583.3647153099, -75705.0)
(683, 194.7106192111969, -1002583.3647153099, -75705.0)
(684, 195.11656188964844, -1002583.3647153099, -75705.0)
(685, 195.534921169281, -1002583.3647153099, -75705.0)
(686, 195.9385166168213, -1002583.3647153099, -75705.0)
(687, 196.36262440681458, -1002583.3647153099, -75705.0)
(688, 196.86721420288086, -1002583.3647153099, -75705.0)
(689, 197.40811944007874, -1002583.3647153099, -75705.0)
(690, 197.86779761314392, -1002583.3647153099, -75705.0)
(691, 198.38173127174377, -1002583.3647153099, -75705.0)
(692, 198.88673758506775, -1002583.3647153099, -75705.0)
(693, 199.35275673866272, -1002583.3647153099, -75705.0)
(694, 199.91426253318787, -1002583.3647153099, -75705.0)
(695, 200.39526462554932, -1002583.3647153099, -75705.0)
(696, 200.86674523353577, -1002583.3647153099, -75705.0)
(697, 201.33570051193237, -1002583.3647153099, -75705.0)
(698, 201.80454969406128, -1002583.3647153099, -75705.0)
(699, 202.28115701675415, -1002583.3647153099, -75705.0)
(700, 202.8350269794464, -1002583.3647153099, -75705.0)
(701, 203.42522549629211, -1002583.3647153099, -75705.0)
(702, 203.79880452156067, -1002583.3647153099, -75705.0)
(703, 204.34706568717957, -1002583.3647153099, -75705.0)
(704, 204.89076328277588, -1002583.3647153099, -75705.0)
(705, 205.42047142982483, -1002583.3647153099, -75705.0)
(706, 205.95779609680176, -1002583.3647153099, -75705.0)
(707, 206.49291348457336, -1002583.3647153099, -75705.0)
(708, 207.01549577713013, -1002583.3647153099, -75705.0)
(709, 207.56474661827087, -1002583.3647153099, -75705.0)
(710, 208.13106966018677, -1002583.3647153099, -75705.0)
(711, 208.74413871765137, -1002583.3647153099, -75705.0)
(712, 209.23156332969666, -1002583.3647153099, -75705.0)
(713, 209.80514359474182, -1002583.3647153099, -75705.0)
(714, 210.3967022895813, -1002583.3647153099, -75705.0)
(715, 210.98676991462708, -1002583.3647153099, -75705.0)
(716, 211.55004787445068, -1002583.3647153099, -75705.0)
(717, 212.01785373687744, -1002583.3647153099, -75705.0)
(718, 212.44593691825867, -1002583.3647153099, -75705.0)
(719, 212.95981764793396, -1002583.3647153099, -75705.0)
(720, 213.4470715522766, -1002583.3647153099, -75705.0)
(721, 213.94103598594666, -1002583.3647153099, -75705.0)
(722, 214.40790033340454, -1002583.3647153099, -75705.0)
(723, 214.86618328094482, -1002583.3647153099, -75705.0)
(724, 215.3583698272705, -1002583.3647153099, -75705.0)
(725, 215.78624176979065, -1002583.3647153099, -75705.0)
(726, 216.23145365715027, -1002583.3647153099, -75705.0)
(727, 216.64703607559204, -1002583.3647153099, -75705.0)
(728, 217.10782384872437, -1002583.3647153099, -75705.0)
(729, 217.57594227790833, -1002583.3647153099, -75705.0)
(730, 218.0219647884369, -1002583.3647153099, -75705.0)
(731, 218.40963506698608, -1002583.3647153099, -75705.0)
(732, 218.81497192382812, -1002583.3647153099, -75705.0)
(733, 219.2455267906189, -1002583.3647153099, -75705.0)
(734, 219.67118334770203, -1002583.3647153099, -75705.0)
(735, 220.12968063354492, -1002583.3647153099, -75705.0)
(736, 220.57085275650024, -1002583.3647153099, -75705.0)
(737, 221.0016167163849, -1002583.3647153099, -75705.0)
(738, 221.45001482963562, -1002583.3647153099, -75705.0)
(739, 221.89600253105164, -1002583.3647153099, -75705.0)
(740, 222.3255443572998, -1002583.3647153099, -75705.0)
(741, 222.76134824752808, -1002583.3647153099, -75705.0)
(742, 223.1623318195343, -1002583.3647153099, -75705.0)
(743, 223.59645891189575, -1002583.3647153099, -75705.0)
(744, 224.07298636436462, -1002583.3647153099, -75705.0)
(745, 224.4603464603424, -1002583.3647153099, -75705.0)
(746, 224.91780924797058, -1002583.3647153099, -75705.0)
(747, 225.33448266983032, -1002583.3647153099, -75705.0)
(748, 225.83515071868896, -1002583.3647153099, -75705.0)
(749, 226.30068373680115, -1002583.3647153099, -75705.0)
(750, 226.75956630706787, -1002583.3647153099, -75705.0)
(751, 227.2281894683838, -1002583.3647153099, -75705.0)
(752, 227.6975338459015, -1002583.3647153099, -75705.0)
(753, 228.1137354373932, -1002583.3647153099, -75705.0)
(754, 228.51897430419922, -1002583.3647153099, -75705.0)
(755, 228.9382405281067, -1002583.3647153099, -75705.0)
(756, 229.3667869567871, -1002583.3647153099, -75705.0)
(757, 229.81322145462036, -1002583.3647153099, -75705.0)
(758, 230.41521549224854, -1002583.3647153099, -75705.0)
(759, 230.9236524105072, -1002583.3647153099, -75705.0)
(760, 231.5555818080902, -1002583.3647153099, -75705.0)
(761, 232.2491958141327, -1002583.3647153099, -75705.0)
(762, 232.70299816131592, -1002583.3647153099, -75705.0)
(763, 233.30480313301086, -1002583.3647153099, -75705.0)
(764, 233.72254395484924, -1002583.3647153099, -75705.0)
(765, 234.0746943950653, -1002583.3647153099, -75705.0)
(766, 234.5697090625763, -1002583.3647153099, -75705.0)
(767, 235.15914106369019, -1002583.3647153099, -75705.0)
(768, 235.59896969795227, -1002583.3647153099, -75705.0)
(769, 236.10711073875427, -1002583.3647153099, -75705.0)
(770, 236.63709259033203, -1002583.3647153099, -75705.0)
(771, 237.10691118240356, -1002583.3647153099, -75705.0)
(772, 237.7018666267395, -1002583.3647153099, -75705.0)
(773, 238.31205105781555, -1002583.3647153099, -75705.0)
(774, 238.80969429016113, -1002583.3647153099, -75705.0)
(775, 239.33343386650085, -1002583.3647153099, -75705.0)
(776, 239.92905855178833, -1002583.3647153099, -75705.0)
(777, 240.51099586486816, -1002583.3647153099, -75705.0)
(778, 241.09589672088623, -1002583.3647153099, -75705.0)
(779, 241.63642501831055, -1002583.3647153099, -75705.0)
(780, 241.96567630767822, -1002583.3647153099, -75705.0)
(781, 242.586816072464, -1002583.3647153099, -75705.0)
(782, 243.08694767951965, -1002583.3647153099, -75705.0)
(783, 243.53014636039734, -1002583.3647153099, -75705.0)
(784, 243.99881601333618, -1002583.3647153099, -75705.0)
(785, 244.43614530563354, -1002583.3647153099, -75705.0)
(786, 244.8774733543396, -1002583.3647153099, -75705.0)
(787, 245.28877329826355, -1002583.3647153099, -75705.0)
(788, 245.6062717437744, -1002583.3647153099, -75705.0)
(789, 246.06650161743164, -1002583.3647153099, -75705.0)
(790, 246.5440890789032, -1002583.3647153099, -75705.0)
(791, 246.98015522956848, -1002583.3647153099, -75705.0)
(792, 247.4110827445984, -1002583.3647153099, -75705.0)
(793, 247.85993885993958, -1002583.3647153099, -75705.0)
(794, 248.31148481369019, -1002583.3647153099, -75705.0)
(795, 248.74130487442017, -1002583.3647153099, -75705.0)
(796, 249.21003603935242, -1002583.3647153099, -75705.0)
(797, 249.67441487312317, -1002583.3647153099, -75705.0)
(798, 250.06213188171387, -1002583.3647153099, -75705.0)
(799, 250.3840413093567, -1002583.3647153099, -75705.0)
(800, 250.82296419143677, -1002583.3647153099, -75705.0)
(801, 251.15070033073425, -1002583.3647153099, -75705.0)
(802, 251.52502036094666, -1002583.3647153099, -75705.0)
(803, 251.92754364013672, -1002583.3647153099, -75705.0)
(804, 252.34134912490845, -1002583.3647153099, -75705.0)
(805, 252.7768189907074, -1002583.3647153099, -75705.0)
(806, 253.22859477996826, -1002583.3647153099, -75705.0)
(807, 253.67433428764343, -1002583.3647153099, -75705.0)
(808, 254.08581924438477, -1002583.3647153099, -75705.0)
(809, 254.53035879135132, -1002583.3647153099, -75705.0)
(810, 254.93191123008728, -1002583.3647153099, -75705.0)
(811, 255.3966612815857, -1002583.3647153099, -75705.0)
(812, 255.87461042404175, -1002583.3647153099, -75705.0)
(813, 256.34485697746277, -1002583.3647153099, -75705.0)
(814, 256.8060736656189, -1002583.3647153099, -75705.0)
(815, 257.20983719825745, -1002583.3647153099, -75705.0)
(816, 257.63272047042847, -1002583.3647153099, -75705.0)
(817, 258.1193194389343, -1002583.3647153099, -75705.0)
(818, 258.57564544677734, -1002583.3647153099, -75705.0)
(819, 259.06664085388184, -1002583.3647153099, -75705.0)
(820, 259.4985296726227, -1002583.3647153099, -75705.0)
(821, 259.9428753852844, -1002583.3647153099, -75705.0)
(822, 260.43047976493835, -1002583.3647153099, -75705.0)
(823, 260.9293489456177, -1002583.3647153099, -75705.0)
(824, 261.40398502349854, -1002583.3647153099, -75705.0)
(825, 262.18601155281067, -1002583.3647153099, -75705.0)
(826, 262.7968339920044, -1002583.3647153099, -75705.0)
(827, 263.4698135852814, -1002583.3647153099, -75705.0)
(828, 263.99930357933044, -1002583.3647153099, -75705.0)
(829, 264.561265707016, -1002583.3647153099, -75705.0)
(830, 265.15164017677307, -1002583.3647153099, -75705.0)
(831, 265.6332941055298, -1002583.3647153099, -75705.0)
(832, 265.95509099960327, -1002583.3647153099, -75705.0)
(833, 266.26565647125244, -1002583.3647153099, -75705.0)
(834, 266.58686804771423, -1002583.3647153099, -75705.0)
(835, 266.9316852092743, -1002583.3647153099, -75705.0)
(836, 267.35560870170593, -1002583.3647153099, -75705.0)
(837, 267.76534056663513, -1002583.3647153099, -75705.0)
(838, 268.1782920360565, -1002583.3647153099, -75705.0)
(839, 268.50237369537354, -1002583.3647153099, -75705.0)
(840, 268.92124581336975, -1002583.3647153099, -75705.0)
(841, 269.33134412765503, -1002583.3647153099, -75705.0)
(842, 269.7810261249542, -1002583.3647153099, -75705.0)
(843, 270.2085053920746, -1002583.3647153099, -75705.0)
(844, 270.62832975387573, -1002583.3647153099, -75705.0)
(845, 271.0878381729126, -1002583.3647153099, -75705.0)
(846, 271.5363800525665, -1002583.3647153099, -75705.0)
(847, 271.95452404022217, -1002583.3647153099, -75705.0)
(848, 272.4125027656555, -1002583.3647153099, -75705.0)
(849, 272.8970630168915, -1002583.3647153099, -75705.0)
(850, 273.36311864852905, -1002583.3647153099, -75705.0)
(851, 273.8084590435028, -1002583.3647153099, -75705.0)
(852, 274.27375292778015, -1002583.3647153099, -75705.0)
(853, 274.72866582870483, -1002583.3647153099, -75705.0)
(854, 275.1667232513428, -1002583.3647153099, -75705.0)
(855, 275.6080780029297, -1002583.3647153099, -75705.0)
(856, 276.046719789505, -1002583.3647153099, -75705.0)
(857, 276.47539734840393, -1002583.3647153099, -75705.0)
(858, 276.9527359008789, -1002583.3647153099, -75705.0)
(859, 277.4173617362976, -1002583.3647153099, -75705.0)
(860, 277.9101474285126, -1002583.3647153099, -75705.0)
(861, 278.41201853752136, -1002583.3647153099, -75705.0)
(862, 278.93939566612244, -1002583.3647153099, -75705.0)
(863, 279.43511414527893, -1002583.3647153099, -75705.0)
(864, 279.9348120689392, -1002583.3647153099, -75705.0)
(865, 280.4070374965668, -1002583.3647153099, -75705.0)
(866, 280.9069128036499, -1002583.3647153099, -75705.0)
(867, 281.40033173561096, -1002583.3647153099, -75705.0)
(868, 281.83780670166016, -1002583.3647153099, -75705.0)
(869, 282.3196647167206, -1002583.3647153099, -75705.0)
(870, 282.76689982414246, -1002583.3647153099, -75705.0)
(871, 283.30457282066345, -1002583.3647153099, -75705.0)
(872, 283.78468441963196, -1002583.3647153099, -75705.0)
(873, 284.28996205329895, -1002583.3647153099, -75705.0)
(874, 284.782612323761, -1002583.3647153099, -75705.0)
(875, 285.2968647480011, -1002583.3647153099, -75705.0)
(876, 285.7870488166809, -1002583.3647153099, -75705.0)
(877, 286.2982475757599, -1002583.3647153099, -75705.0)
(878, 286.7786977291107, -1002583.3647153099, -75705.0)
(879, 287.25798439979553, -1002583.3647153099, -75705.0)
(880, 287.8912732601166, -1002583.3647153099, -75705.0)
(881, 288.4271147251129, -1002583.3647153099, -75705.0)
(882, 288.9035882949829, -1002583.3647153099, -75705.0)
(883, 289.21372056007385, -1002583.3647153099, -75705.0)
(884, 289.496634721756, -1002583.3647153099, -75705.0)
(885, 289.78730368614197, -1002583.3647153099, -75705.0)
(886, 290.0668935775757, -1002583.3647153099, -75705.0)
(887, 290.3170099258423, -1002583.3647153099, -75705.0)
(888, 290.6063983440399, -1002583.3647153099, -75705.0)
(889, 290.864629983902, -1002583.3647153099, -75705.0)
(890, 291.106885433197, -1002583.3647153099, -75705.0)
(891, 291.3549602031708, -1002583.3647153099, -75705.0)
(892, 291.6117739677429, -1002583.3647153099, -75705.0)
(893, 291.85797119140625, -1002583.3647153099, -75705.0)
(894, 292.0948054790497, -1002583.3647153099, -75705.0)
(895, 292.34245562553406, -1002583.3647153099, -75705.0)
(896, 292.5816841125488, -1002583.3647153099, -75705.0)
(897, 292.8516743183136, -1002583.3647153099, -75705.0)
(898, 293.0891180038452, -1002583.3647153099, -75705.0)
(899, 293.3535659313202, -1002583.3647153099, -75705.0)
(900, 293.5981831550598, -1002583.3647153099, -75705.0)
(901, 293.8796648979187, -1002583.3647153099, -75705.0)
(902, 294.1356043815613, -1002583.3647153099, -75705.0)
(903, 294.40669679641724, -1002583.3647153099, -75705.0)
(904, 294.67928981781006, -1002583.3647153099, -75705.0)
(905, 294.95864033699036, -1002583.3647153099, -75705.0)
(906, 295.2567620277405, -1002583.3647153099, -75705.0)
(907, 295.5226604938507, -1002583.3647153099, -75705.0)
(908, 295.82587146759033, -1002583.3647153099, -75705.0)
(909, 296.08872509002686, -1002583.3647153099, -75705.0)
(910, 296.32618856430054, -1002583.3647153099, -75705.0)
(911, 296.5834753513336, -1002583.3647153099, -75705.0)
(912, 296.84264636039734, -1002583.3647153099, -75705.0)
(913, 297.0819573402405, -1002583.3647153099, -75705.0)
(914, 297.3296868801117, -1002583.3647153099, -75705.0)
(915, 297.58227944374084, -1002583.3647153099, -75705.0)
(916, 297.8473358154297, -1002583.3647153099, -75705.0)
(917, 298.10732221603394, -1002583.3647153099, -75705.0)
(918, 298.3776023387909, -1002583.3647153099, -75705.0)
(919, 298.6593499183655, -1002583.3647153099, -75705.0)
(920, 298.9347813129425, -1002583.3647153099, -75705.0)
(921, 299.20108008384705, -1002583.3647153099, -75705.0)
(922, 299.4415912628174, -1002583.3647153099, -75705.0)
(923, 299.71544766426086, -1002583.3647153099, -75705.0)
(924, 299.9867424964905, -1002583.3647153099, -75705.0)
(925, 300.2435746192932, -1002583.3647153099, -75705.0)
(926, 300.5130081176758, -1002583.3647153099, -75705.0)
(927, 300.7909736633301, -1002583.3647153099, -75705.0)
(928, 301.0770163536072, -1002583.3647153099, -75705.0)
(929, 301.37272334098816, -1002583.3647153099, -75705.0)
(930, 301.6595277786255, -1002583.3647153099, -75705.0)
(931, 301.97964310646057, -1002583.3647153099, -75705.0)
(932, 302.2802240848541, -1002583.3647153099, -75705.0)
(933, 302.5994746685028, -1002583.3647153099, -75705.0)
(934, 302.8611364364624, -1002583.3647153099, -75705.0)
(935, 303.1392390727997, -1002583.3647153099, -75705.0)
(936, 303.43279695510864, -1002583.3647153099, -75705.0)
(937, 303.73361349105835, -1002583.3647153099, -75705.0)
(938, 304.0301513671875, -1002583.3647153099, -75705.0)
(939, 304.33613181114197, -1002583.3647153099, -75705.0)
(940, 304.6647605895996, -1002583.3647153099, -75705.0)
(941, 304.9690537452698, -1002583.3647153099, -75705.0)
(942, 305.2651035785675, -1002583.3647153099, -75705.0)
(943, 305.58497858047485, -1002583.3647153099, -75705.0)
(944, 305.9402289390564, -1002583.3647153099, -75705.0)
(945, 306.30962324142456, -1002583.3647153099, -75705.0)
(946, 306.68453788757324, -1002583.3647153099, -75705.0)
(947, 307.16263484954834, -1002583.3647153099, -75705.0)
(948, 307.5547194480896, -1002583.3647153099, -75705.0)
(949, 308.0871021747589, -1002583.3647153099, -75705.0)
(950, 308.4630467891693, -1002583.3647153099, -75705.0)
(951, 308.83184719085693, -1002583.3647153099, -75705.0)
(952, 309.3736970424652, -1002583.3647153099, -75705.0)
(953, 309.85426664352417, -1002583.3647153099, -75705.0)
(954, 310.23717188835144, -1002583.3647153099, -75705.0)
(955, 310.7363588809967, -1002583.3647153099, -75705.0)
(956, 311.2336437702179, -1002583.3647153099, -75705.0)
(957, 311.70351672172546, -1002583.3647153099, -75705.0)
(958, 312.0483899116516, -1002583.3647153099, -75705.0)
(959, 312.5160071849823, -1002583.3647153099, -75705.0)
(960, 312.99011874198914, -1002583.3647153099, -75705.0)
(961, 313.4836676120758, -1002583.3647153099, -75705.0)
(962, 313.9667248725891, -1002583.3647153099, -75705.0)
(963, 314.46619057655334, -1002583.3647153099, -75705.0)
(964, 314.97447061538696, -1002583.3647153099, -75705.0)
(965, 315.47153329849243, -1002583.3647153099, -75705.0)
(966, 315.9250166416168, -1002583.3647153099, -75705.0)
(967, 316.42741894721985, -1002583.3647153099, -75705.0)
(968, 316.9593827724457, -1002583.3647153099, -75705.0)
(969, 317.474604845047, -1002583.3647153099, -75705.0)
(970, 317.9936385154724, -1002583.3647153099, -75705.0)
(971, 318.50705337524414, -1002583.3647153099, -75705.0)
(972, 318.96789741516113, -1002583.3647153099, -75705.0)
(973, 319.3494305610657, -1002583.3647153099, -75705.0)
(974, 319.8127565383911, -1002583.3647153099, -75705.0)
(975, 320.2987244129181, -1002583.3647153099, -75705.0)
(976, 320.7750401496887, -1002583.3647153099, -75705.0)
(977, 321.25412940979004, -1002583.3647153099, -75705.0)
(978, 321.7324161529541, -1002583.3647153099, -75705.0)
(979, 322.20107889175415, -1002583.3647153099, -75705.0)
(980, 322.5883550643921, -1002583.3647153099, -75705.0)
(981, 322.8254408836365, -1002583.3647153099, -75705.0)
(982, 323.3138356208801, -1002583.3647153099, -75705.0)
(983, 323.7838752269745, -1002583.3647153099, -75705.0)
(984, 324.2688126564026, -1002583.3647153099, -75705.0)
(985, 324.74246883392334, -1002583.3647153099, -75705.0)
(986, 325.20941853523254, -1002583.3647153099, -75705.0)
(987, 325.71368503570557, -1002583.3647153099, -75705.0)
(988, 326.1992747783661, -1002583.3647153099, -75705.0)
(989, 326.6820180416107, -1002583.3647153099, -75705.0)
(990, 327.19375586509705, -1002583.3647153099, -75705.0)
(991, 327.7068283557892, -1002583.3647153099, -75705.0)
(992, 328.0985391139984, -1002583.3647153099, -75705.0)
(993, 328.48804926872253, -1002583.3647153099, -75705.0)
(994, 328.7650876045227, -1002583.3647153099, -75705.0)
(995, 329.01096177101135, -1002583.3647153099, -75705.0)
(996, 329.25304555892944, -1002583.3647153099, -75705.0)
(997, 329.50078988075256, -1002583.3647153099, -75705.0)
(998, 329.7538728713989, -1002583.3647153099, -75705.0)
(999, 329.9996635913849, -1002583.3647153099, -75705.0)
(1000, 330.25043869018555, -1002583.3647153099, -75705.0)
