(1, 0.0346064567565918, -359090.0, -22843.0)
(2, 0.07094049453735352, -173422.76311340282, -22843.0)
(3, 0.11162948608398438, -106789.4192757765, -22843.0)
(4, 0.16076040267944336, -79121.3322227714, -22843.0)
(5, 0.2149055004119873, -58858.88038101669, -22843.0)
(6, 0.27687597274780273, -49412.146035906175, -22843.0)
(7, 0.3392043113708496, -49412.146035906175, -22843.0)
(8, 0.4138519763946533, -45792.23571808364, -37937.77544613819)
(9, 0.49657106399536133, -41711.507322836354, -38008.93400861785)
(10, 0.6008644104003906, -39969.76801241026, -38049.57272558829)
(11, 0.7095596790313721, -39221.28268507319, -38131.883047333584)
(12, 0.8308718204498291, -38610.64184430126, -38160.22278092911)
(13, 0.9528598785400391, -38470.85887291758, -38178.85265570432)
(14, 1.0874454975128174, -38344.971314232884, -38186.27362652272)
(15, 1.2300000190734863, -38281.5323043445, -38193.10222419884)
(16, 1.3727083206176758, -38253.9565724478, -38195.44805122071)
(17, 1.5269842147827148, -38216.99462388728, -38197.511779265464)
(18, 1.6915311813354492, -38203.97533595547, -38198.1235115598)
(19, 1.8435490131378174, -38202.10738372969, -38198.123511559796)
(20, 1.9950954914093018, -38199.6925676177, -38198.411383530874)
(21, 2.1507856845855713, -38198.80054232552, -38198.418245772526)
(22, 2.3069896697998047, -38198.53293473853, -38198.41824577253)
(23, 2.473118305206299, -38198.45265246204, -38198.418245772526)
(24, 2.6437301635742188, -38198.42856777946, -38198.418245772526)
