(1, 0.20599579811096191, -2925168.0, -62924.0)
(2, 0.39513349533081055, -2925168.0, -62924.0)
(3, 0.5838484764099121, -2925168.0, -62924.0)
(4, 0.7711582183837891, -2925168.0, -62924.0)
(5, 0.95778489112854, -2925168.0, -62924.0)
(6, 1.1447341442108154, -2925168.0, -62924.0)
(7, 1.3330702781677246, -2925168.0, -62924.0)
(8, 1.5235857963562012, -2925168.0, -62924.0)
(9, 1.7132985591888428, -2925168.0, -62924.0)
(10, 1.9041364192962646, -2925168.0, -62924.0)
(11, 2.0976223945617676, -2925168.0, -62924.0)
(12, 2.2908835411071777, -2925168.0, -62924.0)
(13, 2.481955051422119, -2925168.0, -62924.0)
(14, 2.6738193035125732, -2925168.0, -62924.0)
(15, 2.8663876056671143, -2925168.0, -62924.0)
(16, 3.059692859649658, -2925168.0, -62924.0)
(17, 3.2532901763916016, -2925168.0, -62924.0)
(18, 3.447059392929077, -2925168.0, -62924.0)
(19, 3.642629384994507, -2925168.0, -62924.0)
(20, 3.837677240371704, -2925168.0, -62924.0)
(21, 4.032946586608887, -2925168.0, -62924.0)
(22, 4.233316659927368, -2925168.0, -62924.0)
(23, 4.43155312538147, -2925168.0, -62924.0)
(24, 4.629835844039917, -2925168.0, -62924.0)
(25, 4.827905893325806, -2925168.0, -62924.0)
(26, 5.026561260223389, -2925168.0, -62924.0)
(27, 5.225935459136963, -2925168.0, -62924.0)
(28, 5.424996852874756, -2925168.0, -62924.0)
(29, 5.625750541687012, -2925168.0, -62924.0)
(30, 5.827058553695679, -2925168.0, -62924.0)
(31, 6.027437686920166, -2925168.0, -62924.0)
(32, 6.228727579116821, -2925168.0, -62924.0)
(33, 6.430744647979736, -2925168.0, -62924.0)
(34, 6.633519411087036, -2925168.0, -62924.0)
(35, 6.838176727294922, -2925168.0, -62924.0)
(36, 7.042403936386108, -2925168.0, -62924.0)
(37, 7.247974634170532, -2925168.0, -62924.0)
(38, 7.453591823577881, -2925168.0, -62924.0)
(39, 7.661142587661743, -2925168.0, -62924.0)
(40, 7.867103576660156, -2925168.0, -62924.0)
(41, 8.073734760284424, -2925168.0, -62924.0)
(42, 8.291574001312256, -2925168.0, -62924.0)
(43, 8.507671117782593, -2925168.0, -62924.0)
(44, 8.717514514923096, -2925168.0, -62924.0)
(45, 8.926996946334839, -2925168.0, -62924.0)
(46, 9.138493061065674, -2925168.0, -62924.0)
(47, 9.351941585540771, -2925168.0, -62924.0)
(48, 9.564856767654419, -2925168.0, -62924.0)
(49, 9.77840256690979, -2925168.0, -62924.0)
(50, 9.994435548782349, -2925168.0, -62924.0)
(51, 10.20911192893982, -2925168.0, -62924.0)
(52, 10.42709732055664, -2925168.0, -62924.0)
(53, 10.64404582977295, -2925168.0, -62924.0)
(54, 10.860355854034424, -2925168.0, -62924.0)
(55, 11.078377723693848, -2925168.0, -62924.0)
(56, 11.296705961227417, -2925168.0, -62924.0)
(57, 11.515760898590088, -2925168.0, -62924.0)
(58, 11.735610008239746, -2925168.0, -62924.0)
(59, 11.957406520843506, -2925168.0, -62924.0)
(60, 12.180897951126099, -2925168.0, -62924.0)
(61, 12.404388666152954, -2925168.0, -62924.0)
(62, 12.627692222595215, -2925168.0, -62924.0)
(63, 12.852609634399414, -2925168.0, -62924.0)
(64, 13.075619459152222, -2925168.0, -62924.0)
(65, 13.299536943435669, -2925168.0, -62924.0)
(66, 13.52315640449524, -2925168.0, -62924.0)
(67, 13.748764514923096, -2925168.0, -62924.0)
(68, 13.976997137069702, -2925168.0, -62924.0)
(69, 14.20495891571045, -2925168.0, -62924.0)
(70, 14.433048248291016, -2925168.0, -62924.0)
(71, 14.663563013076782, -2925168.0, -62924.0)
(72, 14.893035411834717, -2925168.0, -62924.0)
(73, 15.125667095184326, -2925168.0, -62924.0)
(74, 15.357764482498169, -2925168.0, -62924.0)
(75, 15.590383052825928, -2864094.0344827585, -62924.0)
(76, 15.821308135986328, -2864094.0344827585, -62924.0)
(77, 16.051534175872803, -2864094.0344827585, -62924.0)
(78, 16.283287286758423, -2864094.0344827585, -62924.0)
(79, 16.51670217514038, -2864094.0344827585, -62924.0)
(80, 16.748814821243286, -2864094.0344827585, -62924.0)
(81, 16.98006319999695, -2864094.0344827585, -62924.0)
(82, 17.213022232055664, -2864094.0344827585, -62924.0)
(83, 17.447303295135498, -2864094.0344827585, -62924.0)
(84, 17.682785749435425, -2830689.206896552, -62924.0)
(85, 17.91684341430664, -2830689.206896552, -62924.0)
(86, 18.150115728378296, -2830689.206896552, -62924.0)
(87, 18.381766080856323, -2830689.206896552, -62924.0)
(88, 18.616572856903076, -2830689.206896552, -62924.0)
(89, 18.850616693496704, -2830689.206896552, -62924.0)
(90, 19.088169813156128, -2830689.206896552, -62924.0)
(91, 19.32438635826111, -2830689.206896552, -62924.0)
(92, 19.56123423576355, -2830689.206896552, -62924.0)
(93, 19.798081636428833, -2830689.206896552, -62924.0)
(94, 20.035856246948242, -2830689.206896552, -62924.0)
(95, 20.274290800094604, -2830689.206896552, -62924.0)
(96, 20.514588117599487, -2830689.206896552, -62924.0)
(97, 20.75412940979004, -2830689.206896552, -62924.0)
(98, 20.993990421295166, -2830689.206896552, -62924.0)
(99, 21.235630750656128, -2830689.206896552, -62924.0)
(100, 21.47643542289734, -2830689.206896552, -62924.0)
(101, 21.71751832962036, -2830689.206896552, -62924.0)
(102, 21.962873458862305, -2830689.206896552, -62924.0)
(103, 22.20860457420349, -2830689.206896552, -62924.0)
(104, 22.452790021896362, -2830689.206896552, -62924.0)
(105, 22.699116468429565, -2830689.206896552, -62924.0)
(106, 22.944859981536865, -2830689.206896552, -62924.0)
(107, 23.193320751190186, -2830689.206896552, -62924.0)
(108, 23.44426703453064, -2830689.206896552, -62924.0)
(109, 23.692933559417725, -2830689.206896552, -62924.0)
(110, 23.94148087501526, -2830689.206896552, -62924.0)
(111, 24.191296815872192, -2830689.206896552, -62924.0)
(112, 24.442978143692017, -2830689.206896552, -62924.0)
(113, 24.69473886489868, -2830689.206896552, -62924.0)
(114, 24.94809341430664, -2830689.206896552, -62924.0)
(115, 25.20097827911377, -2830689.206896552, -62924.0)
(116, 25.454227924346924, -2830689.206896552, -62924.0)
(117, 25.708402633666992, -2830689.206896552, -62924.0)
(118, 25.963260889053345, -2830689.206896552, -62924.0)
(119, 26.2204430103302, -2830689.206896552, -62924.0)
(120, 26.480154275894165, -2772959.8620689656, -62924.0)
(121, 26.743270874023438, -2772959.8620689656, -62924.0)
(122, 27.00777554512024, -2772959.8620689656, -62924.0)
(123, 27.267810106277466, -2772959.8620689656, -62924.0)
(124, 27.526830434799194, -2772959.8620689656, -62924.0)
(125, 27.78614115715027, -2772959.8620689656, -62924.0)
(126, 28.04988670349121, -2772959.8620689656, -62924.0)
(127, 28.3188157081604, -2772959.8620689656, -62924.0)
(128, 28.58400249481201, -2772959.8620689656, -62924.0)
(129, 28.846018075942993, -2772959.8620689656, -62924.0)
(130, 29.109733819961548, -2772959.8620689656, -62924.0)
(131, 29.378283739089966, -2772959.8620689656, -62924.0)
(132, 29.648549556732178, -2772959.8620689656, -62924.0)
(133, 29.921048402786255, -2772959.8620689656, -62924.0)
(134, 30.188994646072388, -2772959.8620689656, -62924.0)
(135, 30.458236694335938, -2772959.8620689656, -62924.0)
(136, 30.740172624588013, -2772959.8620689656, -62924.0)
(137, 31.013973236083984, -2772959.8620689656, -62924.0)
(138, 31.28484606742859, -2772959.8620689656, -62924.0)
(139, 31.555168867111206, -2772959.8620689656, -62924.0)
(140, 31.82487201690674, -2772959.8620689656, -62924.0)
(141, 32.10111093521118, -2772959.8620689656, -62924.0)
(142, 32.37137961387634, -2772959.8620689656, -62924.0)
(143, 32.64109182357788, -2772959.8620689656, -62924.0)
(144, 32.90870022773743, -2772959.8620689656, -62924.0)
(145, 33.178443908691406, -2772959.8620689656, -62924.0)
(146, 33.44964241981506, -2772959.8620689656, -62924.0)
(147, 33.72322750091553, -2772959.8620689656, -62924.0)
(148, 33.995402097702026, -2772959.8620689656, -62924.0)
(149, 34.26658582687378, -2772959.8620689656, -62924.0)
(150, 34.53757882118225, -2645698.5517241377, -62924.0)
(151, 34.81026268005371, -2645698.5517241377, -62924.0)
(152, 35.08091592788696, -2645698.5517241377, -62924.0)
(153, 35.35251021385193, -2645698.5517241377, -62924.0)
(154, 35.623952865600586, -2645698.5517241377, -62924.0)
(155, 35.89409804344177, -2645698.5517241377, -62924.0)
(156, 36.16773509979248, -2645698.5517241377, -62924.0)
(157, 36.441054821014404, -2645698.5517241377, -62924.0)
(158, 36.71561908721924, -2645698.5517241377, -62924.0)
(159, 36.98876333236694, -2645698.5517241377, -62924.0)
(160, 37.264564037323, -2645698.5517241377, -62924.0)
(161, 37.540374755859375, -2645698.5517241377, -62924.0)
(162, 37.81646394729614, -2645698.5517241377, -62924.0)
(163, 38.09861516952515, -2645698.5517241377, -62924.0)
(164, 38.377002239227295, -2645698.5517241377, -62924.0)
(165, 38.656861543655396, -2645698.5517241377, -62924.0)
(166, 38.93705916404724, -2645698.5517241377, -62924.0)
(167, 39.21914458274841, -2645698.5517241377, -62924.0)
(168, 39.50092101097107, -2645698.5517241377, -62924.0)
(169, 39.78370451927185, -2645698.5517241377, -62924.0)
(170, 40.06868577003479, -2645698.5517241377, -62924.0)
(171, 40.353862285614014, -2645698.5517241377, -62924.0)
(172, 40.640016078948975, -2645698.5517241377, -62924.0)
(173, 40.9219651222229, -2645698.5517241377, -62924.0)
(174, 41.21405291557312, -2645698.5517241377, -62924.0)
(175, 41.507803201675415, -2645698.5517241377, -62924.0)
(176, 41.796751260757446, -2645698.5517241377, -62924.0)
(177, 42.08496451377869, -2645698.5517241377, -62924.0)
(178, 42.37564396858215, -2645698.5517241377, -62924.0)
(179, 42.665449380874634, -2645698.5517241377, -62924.0)
(180, 42.95518922805786, -2645698.5517241377, -62924.0)
(181, 43.24988102912903, -2645698.5517241377, -62924.0)
(182, 43.54419779777527, -2645698.5517241377, -62924.0)
(183, 43.84119439125061, -2645698.5517241377, -62924.0)
(184, 44.13614368438721, -2645698.5517241377, -62924.0)
(185, 44.429107427597046, -2645698.5517241377, -62924.0)
(186, 44.723849058151245, -2645698.5517241377, -62924.0)
(187, 45.020755767822266, -2645698.5517241377, -62924.0)
(188, 45.31927251815796, -2645698.5517241377, -62924.0)
(189, 45.617103815078735, -2645698.5517241377, -62924.0)
(190, 45.92185568809509, -2645698.5517241377, -62924.0)
(191, 46.22342324256897, -2645698.5517241377, -62924.0)
(192, 46.52580523490906, -2645698.5517241377, -62924.0)
(193, 46.82478904724121, -2645698.5517241377, -62924.0)
(194, 47.12873029708862, -2645698.5517241377, -62924.0)
(195, 47.436769008636475, -2645698.5517241377, -62924.0)
(196, 47.73906397819519, -2645698.5517241377, -62924.0)
(197, 48.03967523574829, -2645698.5517241377, -62924.0)
(198, 48.34735703468323, -2645698.5517241377, -62924.0)
(199, 48.651726484298706, -2645698.5517241377, -62924.0)
(200, 48.955652475357056, -2645698.5517241377, -62924.0)
(201, 49.25644540786743, -2645698.5517241377, -62924.0)
(202, 49.56180238723755, -2645698.5517241377, -62924.0)
(203, 49.874024629592896, -2645698.5517241377, -62924.0)
(204, 50.18392729759216, -2645698.5517241377, -62924.0)
(205, 50.49207067489624, -2645698.5517241377, -62924.0)
(206, 50.80704188346863, -2645698.5517241377, -62924.0)
(207, 51.12015652656555, -2645698.5517241377, -62924.0)
(208, 51.441752195358276, -2645698.5517241377, -62924.0)
(209, 51.76041293144226, -2645698.5517241377, -62924.0)
(210, 52.077319622039795, -2645698.5517241377, -62924.0)
(211, 52.38662552833557, -2645698.5517241377, -62924.0)
(212, 52.69413185119629, -2645698.5517241377, -62924.0)
(213, 53.00352907180786, -2645698.5517241377, -62924.0)
(214, 53.3153874874115, -2645698.5517241377, -62924.0)
(215, 53.631030797958374, -2645698.5517241377, -62924.0)
(216, 53.945990562438965, -2645698.5517241377, -62924.0)
(217, 54.263938903808594, -2645698.5517241377, -62924.0)
(218, 54.57752704620361, -2645698.5517241377, -62924.0)
(219, 54.894142627716064, -2645698.5517241377, -62924.0)
(220, 55.21159219741821, -2645698.5517241377, -62924.0)
(221, 55.52917194366455, -2645698.5517241377, -62924.0)
(222, 55.85383605957031, -2645698.5517241377, -62924.0)
(223, 56.178518295288086, -2645698.5517241377, -62924.0)
(224, 56.50621843338013, -2645698.5517241377, -62924.0)
(225, 56.83359098434448, -2645698.5517241377, -62924.0)
(226, 57.158000469207764, -2645698.5517241377, -62924.0)
(227, 57.48264217376709, -2645698.5517241377, -62924.0)
(228, 57.81050753593445, -2645698.5517241377, -62924.0)
(229, 58.140653133392334, -2645698.5517241377, -62924.0)
(230, 58.506715059280396, -2645698.5517241377, -62924.0)
(231, 58.838417530059814, -2645698.5517241377, -62924.0)
(232, 59.168591022491455, -2645698.5517241377, -62924.0)
(233, 59.49763083457947, -2645698.5517241377, -62924.0)
(234, 59.830801248550415, -2645698.5517241377, -62924.0)
(235, 60.170137882232666, -2645698.5517241377, -62924.0)
(236, 60.50366449356079, -2645698.5517241377, -62924.0)
(237, 60.83646106719971, -2645698.5517241377, -62924.0)
(238, 61.17474722862244, -2645698.5517241377, -62924.0)
(239, 61.50640916824341, -2645698.5517241377, -62924.0)
(240, 61.84401988983154, -2645698.5517241377, -62924.0)
(241, 62.17534375190735, -2645698.5517241377, -62924.0)
(242, 62.50975704193115, -2645698.5517241377, -62924.0)
(243, 62.84422540664673, -2528541.896551724, -62924.0)
(244, 63.17584013938904, -2528541.896551724, -62924.0)
(245, 63.5085232257843, -2528541.896551724, -62924.0)
(246, 63.8420205116272, -2528541.896551724, -62924.0)
(247, 64.17398190498352, -2528541.896551724, -62924.0)
(248, 64.508535861969, -2528541.896551724, -62924.0)
(249, 64.84662532806396, -2528541.896551724, -62924.0)
(250, 65.19143986701965, -2528541.896551724, -62924.0)
(251, 65.52803349494934, -2528541.896551724, -62924.0)
(252, 65.86526370048523, -2528541.896551724, -62924.0)
(253, 66.20569729804993, -2528541.896551724, -62924.0)
(254, 66.54045677185059, -2528541.896551724, -62924.0)
(255, 66.88024115562439, -2528541.896551724, -62924.0)
(256, 67.22527146339417, -2528541.896551724, -62924.0)
(257, 67.57124829292297, -2528541.896551724, -62924.0)
(258, 67.92170238494873, -2486605.5862068967, -62924.0)
(259, 68.2818193435669, -2486605.5862068967, -62924.0)
(260, 68.63599467277527, -2486605.5862068967, -62924.0)
(261, 68.98699879646301, -2486605.5862068967, -62924.0)
(262, 69.34739851951599, -2486605.5862068967, -62924.0)
(263, 69.69700717926025, -2486605.5862068967, -62924.0)
(264, 70.04448962211609, -2486605.5862068967, -62924.0)
(265, 70.3892650604248, -2486605.5862068967, -62924.0)
(266, 70.7464964389801, -2486605.5862068967, -62924.0)
(267, 71.12624406814575, -2486605.5862068967, -62924.0)
(268, 71.4781289100647, -2486605.5862068967, -62924.0)
(269, 71.84364724159241, -2486605.5862068967, -62924.0)
(270, 72.19845128059387, -2486605.5862068967, -62924.0)
(271, 72.55591344833374, -2486605.5862068967, -62924.0)
(272, 72.90785479545593, -2486605.5862068967, -62924.0)
(273, 73.25807905197144, -2486605.5862068967, -62924.0)
(274, 73.60585856437683, -2486605.5862068967, -62924.0)
(275, 73.96188545227051, -2486605.5862068967, -62924.0)
(276, 74.31489610671997, -2486605.5862068967, -62924.0)
(277, 74.68353867530823, -2486605.5862068967, -62924.0)
(278, 75.0408284664154, -2486605.5862068967, -62924.0)
(279, 75.40689587593079, -2486605.5862068967, -62924.0)
(280, 75.77042508125305, -2486605.5862068967, -62924.0)
(281, 76.12482190132141, -2486605.5862068967, -62924.0)
(282, 76.4844560623169, -2486605.5862068967, -62924.0)
(283, 76.83985376358032, -2486605.5862068967, -62924.0)
(284, 77.20921587944031, -2486605.5862068967, -62924.0)
(285, 77.56561231613159, -2486605.5862068967, -62924.0)
(286, 77.92195224761963, -2486605.5862068967, -62924.0)
(287, 78.2821831703186, -2486605.5862068967, -62924.0)
(288, 78.63965201377869, -2486605.5862068967, -62924.0)
(289, 78.99864387512207, -2486605.5862068967, -62924.0)
(290, 79.36278104782104, -2486605.5862068967, -62924.0)
(291, 79.72743892669678, -2486605.5862068967, -62924.0)
(292, 80.09767460823059, -2486605.5862068967, -62924.0)
(293, 80.47698903083801, -2486605.5862068967, -62924.0)
(294, 80.84463429450989, -2486605.5862068967, -62924.0)
(295, 81.22005796432495, -2486605.5862068967, -62924.0)
(296, 81.58900117874146, -2486605.5862068967, -62924.0)
(297, 81.95782279968262, -2486605.5862068967, -62924.0)
(298, 82.3379180431366, -2486605.5862068967, -62924.0)
(299, 82.70820665359497, -2486605.5862068967, -62924.0)
(300, 83.08228516578674, -2486605.5862068967, -62924.0)
(301, 83.45517015457153, -2486605.5862068967, -62924.0)
(302, 83.83245158195496, -2486605.5862068967, -62924.0)
(303, 84.21276116371155, -2486605.5862068967, -62924.0)
(304, 84.59615087509155, -2486605.5862068967, -62924.0)
(305, 84.98302245140076, -2486605.5862068967, -62924.0)
(306, 85.38926029205322, -2486605.5862068967, -62924.0)
(307, 85.78897619247437, -2486605.5862068967, -62924.0)
(308, 86.18398594856262, -2486605.5862068967, -62924.0)
(309, 86.56489253044128, -2486605.5862068967, -62924.0)
(310, 86.94942736625671, -2486605.5862068967, -62924.0)
(311, 87.33202147483826, -2486605.5862068967, -62924.0)
(312, 87.71072101593018, -2486605.5862068967, -62924.0)
(313, 88.09776616096497, -2486605.5862068967, -62924.0)
(314, 88.4830675125122, -2486605.5862068967, -62924.0)
(315, 88.86989855766296, -2368560.4137931033, -62924.0)
(316, 89.25855112075806, -2368560.4137931033, -62924.0)
(317, 89.64241456985474, -2368560.4137931033, -62924.0)
(318, 90.02477717399597, -2338606.827586207, -62924.0)
(319, 90.46530413627625, -2332813.1153846155, -62924.0)
(320, 90.85473489761353, -2332813.1153846155, -62924.0)
(321, 91.24336051940918, -2332813.1153846155, -62924.0)
(322, 91.62444877624512, -2332813.1153846155, -62924.0)
(323, 92.0081639289856, -2332813.1153846155, -62924.0)
(324, 92.39631795883179, -2332813.1153846155, -62924.0)
(325, 92.78771305084229, -2332813.1153846155, -62924.0)
(326, 93.18059039115906, -2332813.1153846155, -62924.0)
(327, 93.5695333480835, -2332813.1153846155, -62924.0)
(328, 93.96531391143799, -2332813.1153846155, -62924.0)
(329, 94.34995746612549, -2332813.1153846155, -62924.0)
(330, 94.74639749526978, -2332813.1153846155, -62924.0)
(331, 95.14833188056946, -2332813.1153846155, -62924.0)
(332, 95.54587912559509, -2332813.1153846155, -62924.0)
(333, 95.94343447685242, -2332813.1153846155, -62924.0)
(334, 96.33363914489746, -2332813.1153846155, -62924.0)
(335, 96.73573207855225, -2332813.1153846155, -62924.0)
(336, 97.14216089248657, -2332813.1153846155, -62924.0)
(337, 97.54344058036804, -2332813.1153846155, -62924.0)
(338, 97.942950963974, -2332813.1153846155, -62924.0)
(339, 98.34574913978577, -2332813.1153846155, -62924.0)
(340, 98.75292611122131, -2332813.1153846155, -62924.0)
(341, 99.15960574150085, -2332813.1153846155, -62924.0)
(342, 99.57312750816345, -2332813.1153846155, -62924.0)
(343, 99.97998118400574, -2332813.1153846155, -62924.0)
(344, 100.39849472045898, -2332813.1153846155, -62924.0)
(345, 100.81670117378235, -2332813.1153846155, -62924.0)
(346, 101.24431347846985, -2332813.1153846155, -62924.0)
(347, 101.68710589408875, -2332813.1153846155, -62924.0)
(348, 102.11458587646484, -2332813.1153846155, -62924.0)
(349, 102.5375907421112, -2332813.1153846155, -62924.0)
(350, 102.94992160797119, -2332813.1153846155, -62924.0)
(351, 103.36932921409607, -2332813.1153846155, -62924.0)
(352, 103.80990862846375, -2332813.1153846155, -62924.0)
(353, 104.23624324798584, -2332813.1153846155, -62924.0)
(354, 104.65548801422119, -2332813.1153846155, -62924.0)
(355, 105.07159781455994, -2332813.1153846155, -62924.0)
(356, 105.49683094024658, -2332813.1153846155, -62924.0)
(357, 105.93381023406982, -2332813.1153846155, -62924.0)
(358, 106.35900211334229, -2332813.1153846155, -62924.0)
(359, 106.7864761352539, -2332813.1153846155, -62924.0)
(360, 107.21364450454712, -2332813.1153846155, -62924.0)
(361, 107.6419608592987, -2332813.1153846155, -62924.0)
(362, 108.07358121871948, -2332813.1153846155, -62924.0)
(363, 108.51769542694092, -2332813.1153846155, -62924.0)
(364, 108.95941066741943, -2332813.1153846155, -62924.0)
(365, 109.39851379394531, -2332813.1153846155, -62924.0)
(366, 109.84095907211304, -2332813.1153846155, -62924.0)
(367, 110.27789402008057, -2332813.1153846155, -62924.0)
(368, 110.71358227729797, -2332813.1153846155, -62924.0)
(369, 111.14957404136658, -2332813.1153846155, -62924.0)
(370, 111.59176087379456, -2332813.1153846155, -62924.0)
(371, 112.0270426273346, -2332813.1153846155, -62924.0)
(372, 112.46190524101257, -2332813.1153846155, -62924.0)
(373, 112.91855216026306, -2332813.1153846155, -62924.0)
(374, 113.34999489784241, -2332813.1153846155, -62924.0)
(375, 113.8174262046814, -2332813.1153846155, -62924.0)
(376, 114.29486584663391, -2332813.1153846155, -62924.0)
(377, 114.75137376785278, -2332813.1153846155, -62924.0)
(378, 115.22878050804138, -2332813.1153846155, -62924.0)
(379, 115.66749358177185, -2332813.1153846155, -62924.0)
(380, 116.13956665992737, -2332813.1153846155, -62924.0)
(381, 116.61285591125488, -2332813.1153846155, -62924.0)
(382, 117.09850358963013, -2332813.1153846155, -62924.0)
(383, 117.55867266654968, -2332813.1153846155, -62924.0)
(384, 118.04403901100159, -2332813.1153846155, -62924.0)
(385, 118.53693628311157, -2332813.1153846155, -62924.0)
(386, 119.01619362831116, -2332813.1153846155, -62924.0)
(387, 119.50632452964783, -2332813.1153846155, -62924.0)
(388, 119.96193265914917, -2332813.1153846155, -62924.0)
(389, 120.41797232627869, -2236869.5172413792, -62924.0)
(390, 120.88503575325012, -2236869.5172413792, -62924.0)
(391, 121.33990550041199, -2236869.5172413792, -62924.0)
(392, 121.80370831489563, -2236869.5172413792, -62924.0)
(393, 122.26413488388062, -2236869.5172413792, -62924.0)
(394, 122.71873831748962, -2236869.5172413792, -62924.0)
(395, 123.18321704864502, -2236869.5172413792, -62924.0)
(396, 123.63173246383667, -2236869.5172413792, -62924.0)
(397, 124.0843596458435, -2236869.5172413792, -62924.0)
(398, 124.54135012626648, -2236869.5172413792, -62924.0)
(399, 125.00872611999512, -2236869.5172413792, -62924.0)
(400, 125.47352075576782, -2236869.5172413792, -62924.0)
(401, 125.93332982063293, -2236869.5172413792, -62924.0)
(402, 126.39146995544434, -2236869.5172413792, -62924.0)
(403, 126.86385345458984, -2236869.5172413792, -62924.0)
(404, 127.32674837112427, -2236869.5172413792, -62924.0)
(405, 127.79131960868835, -2236869.5172413792, -62924.0)
(406, 128.24861073493958, -2236869.5172413792, -62924.0)
(407, 128.71997737884521, -2236869.5172413792, -62924.0)
(408, 129.20607590675354, -2236869.5172413792, -62924.0)
(409, 129.69980454444885, -2236869.5172413792, -62924.0)
(410, 130.17704057693481, -2236869.5172413792, -62924.0)
(411, 130.64769077301025, -2236869.5172413792, -62924.0)
(412, 131.1327736377716, -2236869.5172413792, -62924.0)
(413, 131.60207843780518, -2236869.5172413792, -62924.0)
(414, 132.0822720527649, -2236869.5172413792, -62924.0)
(415, 132.56611728668213, -2236869.5172413792, -62924.0)
(416, 133.0606129169464, -2236869.5172413792, -62924.0)
(417, 133.54519963264465, -2236869.5172413792, -62924.0)
(418, 134.08757400512695, -2236869.5172413792, -62924.0)
(419, 134.6119327545166, -2236869.5172413792, -62924.0)
(420, 135.1250343322754, -2236869.5172413792, -62924.0)
(421, 135.61047434806824, -2236869.5172413792, -62924.0)
(422, 136.10743236541748, -2236869.5172413792, -62924.0)
(423, 136.58712577819824, -2236869.5172413792, -62924.0)
(424, 137.08158802986145, -2236869.5172413792, -62924.0)
(425, 137.57275009155273, -2236869.5172413792, -62924.0)
(426, 138.09841227531433, -2236869.5172413792, -62924.0)
(427, 138.58759450912476, -2236869.5172413792, -62924.0)
(428, 139.13631105422974, -2236869.5172413792, -62924.0)
(429, 139.64776730537415, -2236869.5172413792, -62924.0)
(430, 140.14429926872253, -2236869.5172413792, -62924.0)
(431, 140.6952178478241, -2236869.5172413792, -62924.0)
(432, 141.1960597038269, -2236869.5172413792, -62924.0)
(433, 141.6844174861908, -2236869.5172413792, -62924.0)
(434, 142.16627430915833, -2236869.5172413792, -62924.0)
(435, 142.66018271446228, -2236869.5172413792, -62924.0)
(436, 143.1634087562561, -2236869.5172413792, -62924.0)
(437, 143.65304970741272, -2236869.5172413792, -62924.0)
(438, 144.1596121788025, -2236869.5172413792, -62924.0)
(439, 144.64217019081116, -2236869.5172413792, -62924.0)
(440, 145.1235671043396, -2236869.5172413792, -62924.0)
(441, 145.61377573013306, -2236869.5172413792, -62924.0)
(442, 146.10618996620178, -2236869.5172413792, -62924.0)
(443, 146.60263061523438, -2236869.5172413792, -62924.0)
(444, 147.09013414382935, -2236869.5172413792, -62924.0)
(445, 147.58322668075562, -2236869.5172413792, -62924.0)
(446, 148.07268834114075, -2236869.5172413792, -62924.0)
(447, 148.5598464012146, -2236869.5172413792, -62924.0)
(448, 149.0619602203369, -2236869.5172413792, -62924.0)
(449, 149.56613421440125, -2236869.5172413792, -62924.0)
(450, 150.09282755851746, -2198596.3103448274, -62924.0)
(451, 150.6145327091217, -2181603.5862068967, -62924.0)
(452, 151.1825933456421, -2181603.5862068967, -62924.0)
(453, 151.69847130775452, -2181603.5862068967, -62924.0)
(454, 152.22223496437073, -2181603.5862068967, -62924.0)
(455, 152.77841472625732, -2181603.5862068967, -62924.0)
(456, 153.35655689239502, -2181603.5862068967, -62924.0)
(457, 153.93000435829163, -2181603.5862068967, -62924.0)
(458, 154.48344373703003, -2181603.5862068967, -62924.0)
(459, 155.02544784545898, -2181603.5862068967, -62924.0)
(460, 155.53951859474182, -2181603.5862068967, -62924.0)
(461, 156.11925339698792, -2181603.5862068967, -62924.0)
(462, 156.6603877544403, -2181603.5862068967, -62924.0)
(463, 157.23933672904968, -2181603.5862068967, -62924.0)
(464, 157.75537037849426, -2181603.5862068967, -62924.0)
(465, 158.3259711265564, -2181603.5862068967, -62924.0)
(466, 158.93025827407837, -2181603.5862068967, -62924.0)
(467, 159.5199098587036, -2181603.5862068967, -62924.0)
(468, 160.10012102127075, -2181603.5862068967, -62924.0)
(469, 160.74868750572205, -2181603.5862068967, -62924.0)
(470, 161.31757402420044, -2087491.7241379311, -62924.0)
(471, 161.92666673660278, -2087491.7241379311, -62924.0)
(472, 162.47903299331665, -2087491.7241379311, -62924.0)
(473, 163.02602410316467, -2087491.7241379311, -62924.0)
(474, 163.57112455368042, -2087491.7241379311, -62924.0)
(475, 164.10310125350952, -2087491.7241379311, -62924.0)
(476, 164.67513918876648, -2087491.7241379311, -62924.0)
(477, 165.23622870445251, -2087491.7241379311, -62924.0)
(478, 165.82115769386292, -2087491.7241379311, -62924.0)
(479, 166.3755078315735, -2087491.7241379311, -62924.0)
(480, 166.95254516601562, -2087491.7241379311, -62924.0)
(481, 167.50179862976074, -2087491.7241379311, -62924.0)
(482, 168.1060392856598, -2087491.7241379311, -62924.0)
(483, 168.63935351371765, -2087491.7241379311, -62924.0)
(484, 169.16961812973022, -2087491.7241379311, -62924.0)
(485, 169.71678924560547, -2087491.7241379311, -62924.0)
(486, 170.26346731185913, -2087491.7241379311, -62924.0)
(487, 170.84359216690063, -2087491.7241379311, -62924.0)
(488, 171.37495589256287, -2087491.7241379311, -62924.0)
(489, 171.95093822479248, -2087491.7241379311, -62924.0)
(490, 172.48612332344055, -2087491.7241379311, -62924.0)
(491, 173.0416932106018, -2087491.7241379311, -62924.0)
(492, 173.5727822780609, -2087491.7241379311, -62924.0)
(493, 174.12494444847107, -2087491.7241379311, -62924.0)
(494, 174.6668186187744, -2087491.7241379311, -62924.0)
(495, 175.20988869667053, -2087491.7241379311, -62924.0)
(496, 175.74635648727417, -2087491.7241379311, -62924.0)
(497, 176.28913855552673, -2087491.7241379311, -62924.0)
(498, 176.82872319221497, -2087491.7241379311, -62924.0)
(499, 177.36309576034546, -2087491.7241379311, -62924.0)
(500, 177.90440440177917, -2087491.7241379311, -62924.0)
(501, 178.43360900878906, -2087491.7241379311, -62924.0)
(502, 178.97556972503662, -2087491.7241379311, -62924.0)
(503, 179.5381736755371, -2087491.7241379311, -62924.0)
(504, 180.13945698738098, -2087491.7241379311, -62924.0)
(505, 180.68070268630981, -2087491.7241379311, -62924.0)
(506, 181.23108887672424, -2087491.7241379311, -62924.0)
(507, 181.77935934066772, -2087491.7241379311, -62924.0)
(508, 182.33723068237305, -2018978.4347826086, -62924.0)
(509, 182.91898369789124, -2018978.4347826086, -62924.0)
(510, 183.4857301712036, -2018978.4347826086, -62924.0)
(511, 184.04288792610168, -2018978.4347826086, -62924.0)
(512, 184.60535383224487, -2018978.4347826086, -62924.0)
(513, 185.16920709609985, -2018978.4347826086, -62924.0)
(514, 185.73222756385803, -2018978.4347826086, -62924.0)
(515, 186.3142693042755, -2018978.4347826086, -62924.0)
(516, 186.88735938072205, -2018978.4347826086, -62924.0)
(517, 187.44105100631714, -2018978.4347826086, -62924.0)
(518, 187.99820852279663, -2018978.4347826086, -62924.0)
(519, 188.57380414009094, -2018978.4347826086, -62924.0)
(520, 189.13865613937378, -2018978.4347826086, -62924.0)
(521, 189.71584582328796, -2018978.4347826086, -62924.0)
(522, 190.28705739974976, -2018978.4347826086, -62924.0)
(523, 190.8517804145813, -2018978.4347826086, -62924.0)
(524, 191.49450850486755, -2018978.4347826086, -62924.0)
(525, 192.1165909767151, -2018978.4347826086, -62924.0)
(526, 192.73567128181458, -2018978.4347826086, -62924.0)
(527, 193.34558844566345, -2018978.4347826086, -62924.0)
(528, 193.97432136535645, -2018978.4347826086, -62924.0)
(529, 194.59548258781433, -2018978.4347826086, -62924.0)
(530, 195.1730601787567, -2018978.4347826086, -62924.0)
(531, 195.75997829437256, -2018978.4347826086, -62924.0)
(532, 196.399099111557, -2018978.4347826086, -62924.0)
(533, 197.0470802783966, -2018978.4347826086, -62924.0)
(534, 197.68324828147888, -2018978.4347826086, -62924.0)
(535, 198.3210620880127, -2018978.4347826086, -62924.0)
(536, 198.9590084552765, -2018978.4347826086, -62924.0)
(537, 199.58561897277832, -2018978.4347826086, -62924.0)
(538, 200.23804688453674, -2018978.4347826086, -62924.0)
(539, 200.87641835212708, -2018978.4347826086, -62924.0)
(540, 201.49719405174255, -2018978.4347826086, -62924.0)
(541, 202.12659311294556, -2018978.4347826086, -62924.0)
(542, 202.77550721168518, -2018978.4347826086, -62924.0)
(543, 203.42004108428955, -2018978.4347826086, -62924.0)
(544, 204.07236194610596, -2018978.4347826086, -62924.0)
(545, 204.70308756828308, -2018978.4347826086, -62924.0)
(546, 205.34202075004578, -2018978.4347826086, -62924.0)
(547, 205.9832305908203, -2018978.4347826086, -62924.0)
(548, 206.63430285453796, -2018978.4347826086, -62924.0)
(549, 207.25865483283997, -2018978.4347826086, -62924.0)
(550, 207.89300680160522, -2018978.4347826086, -62924.0)
(551, 208.54815554618835, -2018978.4347826086, -62924.0)
(552, 209.19867634773254, -2018978.4347826086, -62924.0)
(553, 209.84311199188232, -2018978.4347826086, -62924.0)
(554, 210.50216031074524, -2018978.4347826086, -62924.0)
(555, 211.16834163665771, -2018978.4347826086, -62924.0)
(556, 211.8206377029419, -2018978.4347826086, -62924.0)
(557, 212.4513223171234, -2018978.4347826086, -62924.0)
(558, 213.09642958641052, -2018978.4347826086, -62924.0)
(559, 213.75156116485596, -2018978.4347826086, -62924.0)
(560, 214.40738558769226, -2018978.4347826086, -62924.0)
(561, 215.05985307693481, -2018978.4347826086, -62924.0)
(562, 215.7254695892334, -2018978.4347826086, -62924.0)
(563, 216.35434651374817, -2018978.4347826086, -62924.0)
(564, 216.96335434913635, -2018978.4347826086, -62924.0)
(565, 217.574481010437, -2018978.4347826086, -62924.0)
(566, 218.18485617637634, -2018978.4347826086, -62924.0)
(567, 218.80796790122986, -2018978.4347826086, -62924.0)
(568, 219.40970516204834, -2018978.4347826086, -62924.0)
(569, 220.04262161254883, -2018978.4347826086, -62924.0)
(570, 220.73953938484192, -2018978.4347826086, -62924.0)
(571, 221.36598372459412, -2018978.4347826086, -62924.0)
(572, 221.99479722976685, -2018978.4347826086, -62924.0)
(573, 222.63260984420776, -2018978.4347826086, -62924.0)
(574, 223.2609670162201, -1965745.3103448276, -62924.0)
(575, 223.88593316078186, -1965745.3103448276, -62924.0)
(576, 224.5109212398529, -1965745.3103448276, -62924.0)
(577, 225.11534357070923, -1965745.3103448276, -62924.0)
(578, 225.76283621788025, -1965745.3103448276, -62924.0)
(579, 226.3857705593109, -1965745.3103448276, -62924.0)
(580, 226.99646496772766, -1965745.3103448276, -62924.0)
(581, 227.6157989501953, -1965745.3103448276, -62924.0)
(582, 228.24345993995667, -1965745.3103448276, -62924.0)
(583, 228.86236357688904, -1965745.3103448276, -62924.0)
(584, 229.48286628723145, -1965745.3103448276, -62924.0)
(585, 230.11926460266113, -1965745.3103448276, -62924.0)
(586, 230.75060391426086, -1965745.3103448276, -62924.0)
(587, 231.37002229690552, -1965745.3103448276, -62924.0)
(588, 232.0374321937561, -1965745.3103448276, -62924.0)
(589, 232.6613416671753, -1965745.3103448276, -62924.0)
(590, 233.33487105369568, -1965745.3103448276, -62924.0)
(591, 233.96905207633972, -1965745.3103448276, -62924.0)
(592, 234.62560749053955, -1965745.3103448276, -62924.0)
(593, 235.2744104862213, -1965745.3103448276, -62924.0)
(594, 235.95245218276978, -1965745.3103448276, -62924.0)
(595, 236.63363814353943, -1965745.3103448276, -62924.0)
(596, 237.311674118042, -1943597.35, -62924.0)
(597, 237.99156093597412, -1943597.35, -62924.0)
(598, 238.66558504104614, -1943597.35, -62924.0)
(599, 239.35169553756714, -1943597.35, -62924.0)
(600, 240.00176405906677, -1943597.35, -62924.0)
(601, 240.66820788383484, -1943597.35, -62924.0)
(602, 241.32359528541565, -1943597.35, -62924.0)
(603, 241.98420095443726, -1943597.35, -62924.0)
(604, 242.6661410331726, -1943597.35, -62924.0)
(605, 243.34065175056458, -1943597.35, -62924.0)
(606, 244.02452659606934, -1943597.35, -62924.0)
(607, 244.69767546653748, -1943597.35, -62924.0)
(608, 245.3708839416504, -1943597.35, -62924.0)
(609, 246.03690028190613, -1943597.35, -62924.0)
(610, 246.7031843662262, -1943597.35, -62924.0)
(611, 247.39622807502747, -1943597.35, -62924.0)
(612, 248.09087014198303, -1943597.35, -62924.0)
(613, 248.76256346702576, -1943597.35, -62924.0)
(614, 249.46523141860962, -1943597.35, -62924.0)
(615, 250.16732501983643, -1943597.35, -62924.0)
(616, 250.8805160522461, -1943597.35, -62924.0)
(617, 251.56574296951294, -1943597.35, -62924.0)
(618, 252.2436785697937, -1943597.35, -62924.0)
(619, 252.91805362701416, -1943597.35, -62924.0)
(620, 253.58765482902527, -1943597.35, -62924.0)
(621, 254.26211786270142, -1943597.35, -62924.0)
(622, 254.9772984981537, -1943597.35, -62924.0)
(623, 255.69934701919556, -1943597.35, -62924.0)
(624, 256.4156575202942, -1943597.35, -62924.0)
(625, 257.12579131126404, -1943597.35, -62924.0)
(626, 257.82372212409973, -1943597.35, -62924.0)
(627, 258.51724886894226, -1943597.35, -62924.0)
(628, 259.22390818595886, -1943597.35, -62924.0)
(629, 259.9378020763397, -1943597.35, -62924.0)
(630, 260.6521346569061, -1943597.35, -62924.0)
(631, 261.3804187774658, -1943597.35, -62924.0)
(632, 262.12034702301025, -1943597.35, -62924.0)
(633, 262.8452670574188, -1943597.35, -62924.0)
(634, 263.5512719154358, -1943597.35, -62924.0)
(635, 264.2810342311859, -1943597.35, -62924.0)
(636, 265.00631380081177, -1943597.35, -62924.0)
(637, 265.75191378593445, -1943597.35, -62924.0)
(638, 266.50682044029236, -1943597.35, -62924.0)
(639, 267.2478914260864, -1943597.35, -62924.0)
(640, 267.99144530296326, -1943597.35, -62924.0)
(641, 268.7357461452484, -1943597.35, -62924.0)
(642, 269.47992849349976, -1943597.35, -62924.0)
(643, 270.2141959667206, -1943597.35, -62924.0)
(644, 270.9528124332428, -1943597.35, -62924.0)
(645, 271.7219445705414, -1943597.35, -62924.0)
(646, 272.4984018802643, -1943597.35, -62924.0)
(647, 273.24294090270996, -1943597.35, -62924.0)
(648, 273.9834408760071, -1943597.35, -62924.0)
(649, 274.71936655044556, -1943597.35, -62924.0)
(650, 275.4650158882141, -1943597.35, -62924.0)
(651, 276.20477294921875, -1943597.35, -62924.0)
(652, 276.94482135772705, -1943597.35, -62924.0)
(653, 277.6786422729492, -1943597.35, -62924.0)
(654, 278.41209268569946, -1943597.35, -62924.0)
(655, 279.16730642318726, -1943597.35, -62924.0)
(656, 279.91017174720764, -1943597.35, -62924.0)
(657, 280.65035939216614, -1943597.35, -62924.0)
(658, 281.3988354206085, -1943597.35, -62924.0)
(659, 282.1502778530121, -1943597.35, -62924.0)
(660, 282.8941984176636, -1943597.35, -62924.0)
(661, 283.6538972854614, -1943597.35, -62924.0)
(662, 284.40304255485535, -1943597.35, -62924.0)
(663, 285.14660263061523, -1943597.35, -62924.0)
(664, 285.90783190727234, -1943597.35, -62924.0)
(665, 286.6742014884949, -1943597.35, -62924.0)
(666, 287.4313418865204, -1855944.8275862068, -62924.0)
(667, 288.18087363243103, -1855944.8275862068, -62924.0)
(668, 288.9318690299988, -1855944.8275862068, -62924.0)
(669, 289.67477083206177, -1855944.8275862068, -62924.0)
(670, 290.42654371261597, -1855944.8275862068, -62924.0)
(671, 291.18538331985474, -1855944.8275862068, -62924.0)
(672, 291.92772579193115, -1855944.8275862068, -62924.0)
(673, 292.6722526550293, -1855944.8275862068, -62924.0)
(674, 293.42781376838684, -1855944.8275862068, -62924.0)
(675, 294.19838404655457, -1855944.8275862068, -62924.0)
(676, 294.9405951499939, -1855944.8275862068, -62924.0)
(677, 295.69774198532104, -1855944.8275862068, -62924.0)
(678, 296.45918226242065, -1855944.8275862068, -62924.0)
(679, 297.24605321884155, -1855944.8275862068, -62924.0)
(680, 298.0201897621155, -1855944.8275862068, -62924.0)
(681, 298.8027415275574, -1855944.8275862068, -62924.0)
(682, 299.5793266296387, -1855944.8275862068, -62924.0)
(683, 300.3740680217743, -1855944.8275862068, -62924.0)
(684, 301.1566002368927, -1855944.8275862068, -62924.0)
(685, 301.95099210739136, -1855944.8275862068, -62924.0)
(686, 302.7235655784607, -1855944.8275862068, -62924.0)
(687, 303.4744288921356, -1855944.8275862068, -62924.0)
(688, 304.21157908439636, -1855944.8275862068, -62924.0)
(689, 304.97419452667236, -1855944.8275862068, -62924.0)
(690, 305.72470688819885, -1855944.8275862068, -62924.0)
(691, 306.473904132843, -1855944.8275862068, -62924.0)
(692, 307.2316243648529, -1855944.8275862068, -62924.0)
(693, 308.0000422000885, -1855944.8275862068, -62924.0)
(694, 308.76222920417786, -1855944.8275862068, -62924.0)
(695, 309.5276553630829, -1855944.8275862068, -62924.0)
(696, 310.30781531333923, -1855944.8275862068, -62924.0)
(697, 311.09121775627136, -1855944.8275862068, -62924.0)
(698, 311.8890497684479, -1855944.8275862068, -62924.0)
(699, 312.68881154060364, -1855944.8275862068, -62924.0)
(700, 313.45830965042114, -1855944.8275862068, -62924.0)
(701, 314.2361123561859, -1855944.8275862068, -62924.0)
(702, 315.0185544490814, -1818211.0344827587, -62924.0)
(703, 315.80539536476135, -1818211.0344827587, -62924.0)
(704, 316.58915066719055, -1818211.0344827587, -62924.0)
(705, 317.3664040565491, -1818211.0344827587, -62924.0)
(706, 318.137175321579, -1818211.0344827587, -62924.0)
(707, 318.90856194496155, -1818211.0344827587, -62924.0)
(708, 319.681517124176, -1818211.0344827587, -62924.0)
(709, 320.5240774154663, -1818211.0344827587, -62924.0)
(710, 321.3583023548126, -1818211.0344827587, -62924.0)
(711, 322.2294497489929, -1818211.0344827587, -62924.0)
(712, 323.02993869781494, -1818211.0344827587, -62924.0)
(713, 323.8303301334381, -1818211.0344827587, -62924.0)
(714, 324.61751770973206, -1818211.0344827587, -62924.0)
(715, 325.4169759750366, -1818211.0344827587, -62924.0)
(716, 326.22287821769714, -1818211.0344827587, -62924.0)
(717, 327.0152168273926, -1818211.0344827587, -62924.0)
(718, 327.81992292404175, -1818211.0344827587, -62924.0)
(719, 328.60801815986633, -1818211.0344827587, -62924.0)
(720, 329.4471299648285, -1818211.0344827587, -62924.0)
(721, 330.28218150138855, -1818211.0344827587, -62924.0)
(722, 331.11929631233215, -1818211.0344827587, -62924.0)
(723, 332.11823296546936, -1818211.0344827587, -62924.0)
(724, 332.98206067085266, -1818211.0344827587, -62924.0)
(725, 333.84502959251404, -1751408.7586206896, -62924.0)
(726, 334.82031655311584, -1751408.7586206896, -62924.0)
(727, 335.6378130912781, -1751408.7586206896, -62924.0)
(728, 336.4736886024475, -1751408.7586206896, -62924.0)
(729, 337.32168459892273, -1751408.7586206896, -62924.0)
(730, 338.1658444404602, -1751408.7586206896, -62924.0)
(731, 339.0034213066101, -1751408.7586206896, -62924.0)
(732, 339.84193992614746, -1751408.7586206896, -62924.0)
(733, 340.67603063583374, -1751408.7586206896, -62924.0)
(734, 341.5133078098297, -1751408.7586206896, -62924.0)
(735, 342.3671154975891, -1751408.7586206896, -62924.0)
(736, 343.2060875892639, -1751408.7586206896, -62924.0)
(737, 344.0632679462433, -1751408.7586206896, -62924.0)
(738, 344.939905166626, -1751408.7586206896, -62924.0)
(739, 345.79125022888184, -1751408.7586206896, -62924.0)
(740, 346.65597200393677, -1751408.7586206896, -62924.0)
(741, 347.5111665725708, -1751408.7586206896, -62924.0)
(742, 348.4414596557617, -1751408.7586206896, -62924.0)
(743, 349.3443434238434, -1707771.688, -62924.0)
(744, 350.39734411239624, -1707771.688, -62924.0)
(745, 351.3399567604065, -1707771.688, -62924.0)
(746, 352.25409150123596, -1707771.688, -62924.0)
(747, 353.1901080608368, -1707771.688, -62924.0)
(748, 354.2539756298065, -1707771.688, -62924.0)
(749, 355.18523263931274, -1707771.688, -62924.0)
(750, 356.1742424964905, -1707771.688, -62924.0)
(751, 357.08160495758057, -1707771.688, -62924.0)
(752, 358.01164865493774, -1707771.688, -62924.0)
(753, 358.9183192253113, -1707771.688, -62924.0)
(754, 359.87666940689087, -1707771.688, -62924.0)
(755, 360.803573846817, -1707771.688, -62924.0)
(756, 361.78615641593933, -1707771.688, -62924.0)
(757, 362.69756984710693, -1707771.688, -62924.0)
(758, 363.6164767742157, -1707771.688, -62924.0)
(759, 364.49975848197937, -1707771.688, -62924.0)
(760, 365.40372252464294, -1707771.688, -62924.0)
(761, 366.2880516052246, -1707771.688, -62924.0)
(762, 367.18014788627625, -1707771.688, -62924.0)
(763, 368.05924582481384, -1707771.688, -62924.0)
(764, 368.95597672462463, -1707771.688, -62924.0)
(765, 369.8701844215393, -1707771.688, -62924.0)
(766, 370.7752494812012, -1707771.688, -62924.0)
(767, 371.6517217159271, -1707771.688, -62924.0)
(768, 372.55377078056335, -1707771.688, -62924.0)
(769, 373.4601740837097, -1707771.688, -62924.0)
(770, 374.36188864707947, -1707771.688, -62924.0)
(771, 375.2841136455536, -1707771.688, -62924.0)
(772, 376.17502427101135, -1707771.688, -62924.0)
(773, 377.0589382648468, -1707771.688, -62924.0)
(774, 377.9370400905609, -1707771.688, -62924.0)
(775, 378.85540318489075, -1707771.688, -62924.0)
(776, 379.7635223865509, -1707771.688, -62924.0)
(777, 380.7400908470154, -1707771.688, -62924.0)
(778, 381.62579584121704, -1707771.688, -62924.0)
(779, 382.5165710449219, -1707771.688, -62924.0)
(780, 383.42643547058105, -1707771.688, -62924.0)
(781, 384.3552906513214, -1707771.688, -62924.0)
(782, 385.2692520618439, -1707771.688, -62924.0)
(783, 386.1479573249817, -1707771.688, -62924.0)
(784, 387.03627014160156, -1707771.688, -62924.0)
(785, 387.9511320590973, -1707771.688, -62924.0)
(786, 388.850261926651, -1707771.688, -62924.0)
(787, 389.7355284690857, -1707771.688, -62924.0)
(788, 390.6319103240967, -1707771.688, -62924.0)
(789, 391.5449402332306, -1707771.688, -62924.0)
(790, 392.4750792980194, -1707771.688, -62924.0)
(791, 393.38115310668945, -1707771.688, -62924.0)
(792, 394.27958607673645, -1707771.688, -62924.0)
(793, 395.18552684783936, -1707771.688, -62924.0)
(794, 396.2538261413574, -1707771.688, -62924.0)
(795, 397.16977190971375, -1707771.688, -62924.0)
(796, 398.07518196105957, -1707771.688, -62924.0)
(797, 399.06667923927307, -1707771.688, -62924.0)
(798, 400.0453658103943, -1707771.688, -62924.0)
(799, 400.930340051651, -1707771.688, -62924.0)
(800, 401.80416345596313, -1707771.688, -62924.0)
(801, 402.6760413646698, -1707771.688, -62924.0)
(802, 403.60658264160156, -1707771.688, -62924.0)
(803, 404.4865128993988, -1628038.5862068965, -62924.0)
(804, 405.4349694252014, -1628038.5862068965, -62924.0)
(805, 406.3686020374298, -1628038.5862068965, -62924.0)
(806, 407.27885723114014, -1628038.5862068965, -62924.0)
(807, 408.14583134651184, -1628038.5862068965, -62924.0)
(808, 409.0687916278839, -1628038.5862068965, -62924.0)
(809, 409.94409584999084, -1628038.5862068965, -62924.0)
(810, 410.88157391548157, -1628038.5862068965, -62924.0)
(811, 411.7757475376129, -1628038.5862068965, -62924.0)
(812, 412.7264711856842, -1628038.5862068965, -62924.0)
(813, 413.63637113571167, -1628038.5862068965, -62924.0)
(814, 414.57099533081055, -1628038.5862068965, -62924.0)
(815, 415.46809673309326, -1628038.5862068965, -62924.0)
(816, 416.379106760025, -1628038.5862068965, -62924.0)
(817, 417.26507568359375, -1628038.5862068965, -62924.0)
(818, 418.23311853408813, -1628038.5862068965, -62924.0)
(819, 419.1452143192291, -1628038.5862068965, -62924.0)
(820, 420.08793902397156, -1628038.5862068965, -62924.0)
(821, 420.9803133010864, -1628038.5862068965, -62924.0)
(822, 421.9466609954834, -1628038.5862068965, -62924.0)
(823, 422.9170846939087, -1628038.5862068965, -62924.0)
(824, 423.87540316581726, -1628038.5862068965, -62924.0)
(825, 424.76283168792725, -1628038.5862068965, -62924.0)
(826, 425.6950545310974, -1628038.5862068965, -62924.0)
(827, 426.630695104599, -1628038.5862068965, -62924.0)
(828, 427.61332082748413, -1628038.5862068965, -62924.0)
(829, 428.57750701904297, -1628038.5862068965, -62924.0)
(830, 429.5389838218689, -1628038.5862068965, -62924.0)
(831, 430.5606892108917, -1628038.5862068965, -62924.0)
(832, 431.56071186065674, -1628038.5862068965, -62924.0)
(833, 432.48533272743225, -1628038.5862068965, -62924.0)
(834, 433.41393089294434, -1628038.5862068965, -62924.0)
(835, 434.3567569255829, -1628038.5862068965, -62924.0)
(836, 435.297345161438, -1628038.5862068965, -62924.0)
(837, 436.2227592468262, -1628038.5862068965, -62924.0)
(838, 437.10126543045044, -1628038.5862068965, -62924.0)
(839, 437.9758496284485, -1628038.5862068965, -62924.0)
(840, 438.8832564353943, -1628038.5862068965, -62924.0)
(841, 439.8099365234375, -1628038.5862068965, -62924.0)
(842, 440.72148966789246, -1628038.5862068965, -62924.0)
(843, 441.611935377121, -1628038.5862068965, -62924.0)
(844, 442.5368609428406, -1628038.5862068965, -62924.0)
(845, 443.45325565338135, -1628038.5862068965, -62924.0)
(846, 444.40617871284485, -1628038.5862068965, -62924.0)
(847, 445.3757801055908, -1495697.103448276, -62924.0)
(848, 446.3267180919647, -1482097.103448276, -62924.0)
(849, 447.2545726299286, -1482097.103448276, -62924.0)
(850, 448.1450181007385, -1482097.103448276, -62924.0)
(851, 449.028311252594, -1482097.103448276, -62924.0)
(852, 449.89474868774414, -1482097.103448276, -62924.0)
(853, 450.80583357810974, -1482097.103448276, -62924.0)
(854, 451.707266330719, -1482097.103448276, -62924.0)
(855, 452.63571524620056, -1482097.103448276, -62924.0)
(856, 453.5653898715973, -1482097.103448276, -62924.0)
(857, 454.46615052223206, -1482097.103448276, -62924.0)
(858, 455.3655438423157, -1482097.103448276, -62924.0)
(859, 456.2489547729492, -1482097.103448276, -62924.0)
(860, 457.16527366638184, -1482097.103448276, -62924.0)
(861, 458.0681953430176, -1482097.103448276, -62924.0)
(862, 458.97269439697266, -1482097.103448276, -62924.0)
(863, 459.8560280799866, -1482097.103448276, -62924.0)
(864, 460.82716131210327, -1482097.103448276, -62924.0)
(865, 461.71721291542053, -1482097.103448276, -62924.0)
(866, 462.5959589481354, -1482097.103448276, -62924.0)
(867, 463.4861390590668, -1482097.103448276, -62924.0)
(868, 464.37841391563416, -1482097.103448276, -62924.0)
(869, 465.26847219467163, -1482097.103448276, -62924.0)
(870, 466.17387294769287, -1482097.103448276, -62924.0)
(871, 467.09254789352417, -1482097.103448276, -62924.0)
(872, 467.9884190559387, -1482097.103448276, -62924.0)
(873, 468.8871648311615, -1482097.103448276, -62924.0)
(874, 469.810346364975, -1482097.103448276, -62924.0)
(875, 470.78910398483276, -1482097.103448276, -62924.0)
(876, 471.74024987220764, -1482097.103448276, -62924.0)
(877, 472.6481568813324, -1482097.103448276, -62924.0)
(878, 473.5705211162567, -1482097.103448276, -62924.0)
(879, 474.4833493232727, -1482097.103448276, -62924.0)
(880, 475.4695394039154, -1482097.103448276, -62924.0)
(881, 476.41790890693665, -1482097.103448276, -62924.0)
(882, 477.37507677078247, -1482097.103448276, -62924.0)
(883, 478.29459404945374, -1482097.103448276, -62924.0)
(884, 479.23170924186707, -1482097.103448276, -62924.0)
(885, 480.14729285240173, -1482097.103448276, -62924.0)
(886, 481.0524437427521, -1482097.103448276, -62924.0)
(887, 481.9682493209839, -1482097.103448276, -62924.0)
(888, 482.94551849365234, -1482097.103448276, -62924.0)
(889, 483.87557435035706, -1482097.103448276, -62924.0)
(890, 484.81112241744995, -1482097.103448276, -62924.0)
(891, 485.7268080711365, -1482097.103448276, -62924.0)
(892, 486.65577363967896, -1482097.103448276, -62924.0)
(893, 487.6079297065735, -1482097.103448276, -62924.0)
(894, 488.5420196056366, -1400182.7931034483, -62924.0)
(895, 489.49182415008545, -1400182.7931034483, -62924.0)
(896, 490.423033952713, -1400182.7931034483, -62924.0)
(897, 491.35944843292236, -1400182.7931034483, -62924.0)
(898, 492.2877633571625, -1400182.7931034483, -62924.0)
(899, 493.2317898273468, -1400182.7931034483, -62924.0)
(900, 494.16300201416016, -1400182.7931034483, -62924.0)
(901, 495.08038568496704, -1400182.7931034483, -62924.0)
(902, 496.0132796764374, -1400182.7931034483, -62924.0)
(903, 496.97434186935425, -1400182.7931034483, -62924.0)
(904, 497.9533791542053, -1400182.7931034483, -62924.0)
(905, 498.9287939071655, -1400182.7931034483, -62924.0)
(906, 499.8544158935547, -1400182.7931034483, -62924.0)
(907, 500.7976105213165, -1400182.7931034483, -62924.0)
(908, 501.7513062953949, -1400182.7931034483, -62924.0)
(909, 502.7477548122406, -1400182.7931034483, -62924.0)
(910, 503.7389895915985, -1400182.7931034483, -62924.0)
(911, 504.74479818344116, -1400182.7931034483, -62924.0)
(912, 505.7208049297333, -1400182.7931034483, -62924.0)
(913, 506.6805021762848, -1400182.7931034483, -62924.0)
(914, 507.6558680534363, -1400182.7931034483, -62924.0)
(915, 508.6434254646301, -1400182.7931034483, -62924.0)
(916, 509.6263563632965, -1400182.7931034483, -62924.0)
(917, 510.59354877471924, -1400182.7931034483, -62924.0)
(918, 511.56815814971924, -1400182.7931034483, -62924.0)
(919, 512.538547039032, -1400182.7931034483, -62924.0)
(920, 513.5337138175964, -1369162.4074074074, -62924.0)
(921, 514.5767982006073, -1369162.4074074074, -62924.0)
(922, 515.5980656147003, -1369162.4074074074, -62924.0)
(923, 516.6048934459686, -1369162.4074074074, -62924.0)
(924, 517.5825505256653, -1369162.4074074074, -62924.0)
(925, 518.6193828582764, -1369162.4074074074, -62924.0)
(926, 519.6450083255768, -1369162.4074074074, -62924.0)
(927, 520.6105561256409, -1369162.4074074074, -62924.0)
(928, 521.5854775905609, -1369162.4074074074, -62924.0)
(929, 522.5477147102356, -1369162.4074074074, -62924.0)
(930, 523.5528869628906, -1369162.4074074074, -62924.0)
(931, 524.5602505207062, -1369162.4074074074, -62924.0)
(932, 525.5441269874573, -1369162.4074074074, -62924.0)
(933, 526.4978981018066, -1369162.4074074074, -62924.0)
(934, 527.4815135002136, -1369162.4074074074, -62924.0)
(935, 528.520673751831, -1369162.4074074074, -62924.0)
(936, 529.5144801139832, -1369162.4074074074, -62924.0)
(937, 530.5374596118927, -1369162.4074074074, -62924.0)
(938, 531.5316662788391, -1369162.4074074074, -62924.0)
(939, 532.552371263504, -1369162.4074074074, -62924.0)
(940, 533.5358808040619, -1369162.4074074074, -62924.0)
(941, 534.4915158748627, -1369162.4074074074, -62924.0)
(942, 535.4791793823242, -1369162.4074074074, -62924.0)
(943, 536.4528067111969, -1369162.4074074074, -62924.0)
(944, 537.5067417621613, -1369162.4074074074, -62924.0)
(945, 538.5265412330627, -1369162.4074074074, -62924.0)
(946, 539.500953912735, -1369162.4074074074, -62924.0)
(947, 540.5133011341095, -1369162.4074074074, -62924.0)
(948, 541.4915137290955, -1369162.4074074074, -62924.0)
(949, 542.5516517162323, -1369162.4074074074, -62924.0)
(950, 543.5939207077026, -1369162.4074074074, -62924.0)
(951, 544.5737340450287, -1369162.4074074074, -62924.0)
(952, 545.6246304512024, -1369162.4074074074, -62924.0)
(953, 546.6644649505615, -1369162.4074074074, -62924.0)
(954, 547.681158542633, -1369162.4074074074, -62924.0)
(955, 548.6853129863739, -1369162.4074074074, -62924.0)
(956, 549.6712143421173, -1369162.4074074074, -62924.0)
(957, 550.6721086502075, -1369162.4074074074, -62924.0)
(958, 551.6450567245483, -1369162.4074074074, -62924.0)
(959, 552.6552197933197, -1369162.4074074074, -62924.0)
(960, 553.6871249675751, -1369162.4074074074, -62924.0)
(961, 554.7148160934448, -1369162.4074074074, -62924.0)
(962, 555.7673513889313, -1369162.4074074074, -62924.0)
(963, 556.8291189670563, -1369162.4074074074, -62924.0)
(964, 557.8252902030945, -1369162.4074074074, -62924.0)
(965, 558.8397889137268, -1369162.4074074074, -62924.0)
(966, 559.8263745307922, -1369162.4074074074, -62924.0)
(967, 560.8433632850647, -1369162.4074074074, -62924.0)
(968, 561.8963303565979, -1369162.4074074074, -62924.0)
(969, 562.9684326648712, -1369162.4074074074, -62924.0)
(970, 564.1464807987213, -1369162.4074074074, -62924.0)
(971, 565.1997969150543, -1369162.4074074074, -62924.0)
(972, 566.2671711444855, -1369162.4074074074, -62924.0)
(973, 567.2780599594116, -1369162.4074074074, -62924.0)
(974, 568.2864460945129, -1369162.4074074074, -62924.0)
(975, 569.3445565700531, -1369162.4074074074, -62924.0)
(976, 570.3883242607117, -1369162.4074074074, -62924.0)
(977, 571.5484802722931, -1369162.4074074074, -62924.0)
(978, 572.5929734706879, -1369162.4074074074, -62924.0)
(979, 573.6279530525208, -1369162.4074074074, -62924.0)
(980, 574.6180055141449, -1369162.4074074074, -62924.0)
(981, 575.6606431007385, -1369162.4074074074, -62924.0)
(982, 576.722650051117, -1369162.4074074074, -62924.0)
(983, 577.7737045288086, -1369162.4074074074, -62924.0)
(984, 578.8485116958618, -1369162.4074074074, -62924.0)
(985, 579.9534115791321, -1369162.4074074074, -62924.0)
(986, 581.03280377388, -1369162.4074074074, -62924.0)
(987, 582.093391418457, -1369162.4074074074, -62924.0)
(988, 583.1273555755615, -1369162.4074074074, -62924.0)
(989, 584.2006244659424, -1369162.4074074074, -62924.0)
(990, 585.2577421665192, -1369162.4074074074, -62924.0)
(991, 586.284871339798, -1369162.4074074074, -62924.0)
(992, 587.3184795379639, -1369162.4074074074, -62924.0)
(993, 588.3320591449738, -1369162.4074074074, -62924.0)
(994, 589.3925151824951, -1369162.4074074074, -62924.0)
(995, 590.4761972427368, -1369162.4074074074, -62924.0)
(996, 591.5551171302795, -1369162.4074074074, -62924.0)
(997, 592.6473014354706, -1369162.4074074074, -62924.0)
(998, 593.8349180221558, -1369162.4074074074, -62924.0)
(999, 594.911878824234, -1369162.4074074074, -62924.0)
(1000, 596.0567147731781, -1369162.4074074074, -62924.0)
