(1, 0.06350111961364746, -268171.0, -14442.0)
(2, 0.12021398544311523, -268171.0, -14442.0)
(3, 0.178361177444458, -263706.22222222225, -14442.0)
(4, 0.23532319068908691, -261850.0, -14442.0)
(5, 0.2921726703643799, -242522.91666666666, -14442.0)
(6, 0.3521764278411865, -242522.91666666666, -14442.0)
(7, 0.4100167751312256, -242522.91666666666, -14442.0)
(8, 0.4675486087799072, -232507.125, -14442.0)
(9, 0.5252561569213867, -221752.85714285713, -14442.0)
(10, 0.582998514175415, -198381.8125, -14442.0)
(11, 0.6400091648101807, -191686.66666666666, -14442.0)
(12, 0.6980035305023193, -179928.70833333334, -14442.0)
(13, 0.7562391757965088, -171678.04166666666, -14442.0)
(14, 0.8150691986083984, -166937.54166666666, -14442.0)
(15, 0.8744375705718994, -151949.04166666666, -14442.0)
(16, 0.934027910232544, -148899.625, -14442.0)
(17, 0.9940516948699951, -140147.5, -14442.0)
(18, 1.0548043251037598, -133122.29166666666, -14442.0)
(19, 1.1162714958190918, -128435.45833333333, -14442.0)
(20, 1.1778724193572998, -124888.45833333334, -14442.0)
(21, 1.2404000759124756, -105159.45833333334, -14442.0)
(22, 1.3029594421386719, -92799.04166666666, -14442.0)
(23, 1.36683988571167, -80555.29166666666, -14442.0)
(24, 1.4310739040374756, -67175.54166666667, -14442.0)
(25, 1.495387077331543, -59677.45833333333, -14442.0)
(26, 1.5605239868164062, -48624.875, -14442.0)
(27, 1.626478672027588, -36430.29166666667, -14442.0)
(28, 1.6940438747406006, -30327.5, -14442.0)
(29, 1.7789511680603027, -18283.0, -17910.0)
(30, 1.8484339714050293, -18283.0, -18283.0)
