(1, 0.2891545295715332, -3427475.0, -58744.0)
(2, 0.6569621562957764, -1394448.3516552052, -58744.0)
(3, 0.9772937297821045, -647192.113499878, -58744.0)
(4, 1.386648178100586, -335700.5012183239, -58744.0)
(5, 2.238377809524536, -210096.10547360792, -58744.0)
(6, 3.1801772117614746, -167420.01666425652, -58744.0)
(7, 4.194242715835571, -167420.01666425652, -58744.0)
(8, 6.1718103885650635, -142330.17083257646, -125811.9117326388)
(9, 6.989933729171753, -132573.9594013921, -126085.08504234868)
(10, 7.953002214431763, -128955.72370450788, -126169.14212807413)
(11, 8.888145446777344, -127171.11712951178, -126205.19526029316)
(12, 9.868133783340454, -126683.37915024905, -126251.1336837406)
(13, 10.882837295532227, -126441.74078268938, -126262.66925333417)
(14, 11.9210045337677, -126359.4517221851, -126280.88314777304)
(15, 12.956403493881226, -126333.72785157466, -126285.89751437798)
(16, 13.946372509002686, -126308.29418809363, -126292.80641082358)
(17, 14.95201826095581, -126300.1070535504, -126293.1087819521)
(18, 15.987430572509766, -126297.2428020121, -126293.3254241995)
(19, 16.980040073394775, -126294.66810760804, -126293.56466714223)
(20, 17.96067452430725, -126294.66810760804, -126293.56822761589)
(21, 19.015212774276733, -126293.96067522523, -126293.6574899142)
(22, 20.022446393966675, -126293.74844551194, -126293.65748991408)
(23, 21.123114585876465, -126293.68477659339, -126293.65748991414)
