(1, 0.03269696235656738, -224503.0, -28593.0)
(2, 0.0642545223236084, -209114.5172413793, -28593.0)
(3, 0.11105632781982422, -207332.9375, -28593.0)
(4, 0.14304900169372559, -193957.88461538462, -28593.0)
(5, 0.17530179023742676, -174553.2931034483, -28593.0)
(6, 0.20738005638122559, -174553.2931034483, -28593.0)
(7, 0.2389075756072998, -174553.2931034483, -28593.0)
(8, 0.2710587978363037, -152529.3620689655, -28593.0)
(9, 0.3030855655670166, -152529.3620689655, -28593.0)
(10, 0.33530592918395996, -152529.3620689655, -28593.0)
(11, 0.3675081729888916, -152529.3620689655, -28593.0)
(12, 0.3985257148742676, -152529.3620689655, -28593.0)
(13, 0.42989373207092285, -152529.3620689655, -28593.0)
(14, 0.46134448051452637, -152529.3620689655, -28593.0)
(15, 0.49271202087402344, -152529.3620689655, -28593.0)
(16, 0.5241000652313232, -152529.3620689655, -28593.0)
(17, 0.5554602146148682, -152529.3620689655, -28593.0)
(18, 0.5869054794311523, -152529.3620689655, -28593.0)
(19, 0.6178653240203857, -152529.3620689655, -28593.0)
(20, 0.6485788822174072, -152529.3620689655, -28593.0)
(21, 0.6794524192810059, -152529.3620689655, -28593.0)
(22, 0.7109580039978027, -152529.3620689655, -28593.0)
(23, 0.7407457828521729, -152529.3620689655, -28593.0)
(24, 0.771404504776001, -152529.3620689655, -28593.0)
(25, 0.8050220012664795, -114192.19576719578, -28593.0)
(26, 0.8369574546813965, -114192.19576719578, -28593.0)
(27, 0.8698809146881104, -114192.19576719578, -28593.0)
(28, 0.9023914337158203, -114192.19576719578, -28593.0)
(29, 0.9364500045776367, -114192.19576719578, -28593.0)
(30, 0.9692192077636719, -114192.19576719578, -28593.0)
(31, 1.0028791427612305, -114192.19576719578, -28593.0)
(32, 1.038550853729248, -113218.26041666669, -28593.0)
(33, 1.0751721858978271, -113218.26041666669, -28593.0)
(34, 1.1127605438232422, -113218.26041666669, -28593.0)
(35, 1.147613525390625, -113218.26041666669, -28593.0)
(36, 1.1845464706420898, -107685.72602739725, -28593.0)
(37, 1.2204105854034424, -107685.72602739725, -28593.0)
(38, 1.26059889793396, -103362.94841269843, -28593.0)
(39, 1.3000831604003906, -103362.94841269843, -28593.0)
(40, 1.339951753616333, -103362.94841269843, -28593.0)
(41, 1.376389741897583, -103362.94841269843, -28593.0)
(42, 1.4167747497558594, -103362.94841269843, -28593.0)
(43, 1.458857774734497, -103362.94841269843, -28593.0)
(44, 1.4954490661621094, -103362.94841269843, -28593.0)
(45, 1.5351355075836182, -103362.94841269843, -28593.0)
(46, 1.5722639560699463, -103362.94841269843, -28593.0)
(47, 1.609724760055542, -103362.94841269843, -28593.0)
(48, 1.6471035480499268, -103362.94841269843, -28593.0)
(49, 1.6862802505493164, -103362.94841269843, -28593.0)
(50, 1.7246496677398682, -103362.94841269843, -28593.0)
(51, 1.7642226219177246, -103362.94841269843, -28593.0)
(52, 1.80924391746521, -103362.94841269843, -28593.0)
(53, 1.8508532047271729, -103362.94841269843, -28593.0)
(54, 1.8955905437469482, -103362.94841269843, -28593.0)
(55, 1.9366481304168701, -95373.17928471901, -28593.0)
(56, 1.978480577468872, -95373.17928471901, -28593.0)
(57, 2.017232656478882, -95373.17928471901, -28593.0)
(58, 2.0587642192840576, -95373.17928471901, -28593.0)
(59, 2.0978176593780518, -95373.17928471901, -28593.0)
(60, 2.136701822280884, -95373.17928471901, -28593.0)
(61, 2.169356107711792, -95373.17928471901, -28593.0)
(62, 2.205404758453369, -95373.17928471901, -28593.0)
(63, 2.243440866470337, -95373.17928471901, -28593.0)
(64, 2.2847907543182373, -95373.17928471901, -28593.0)
(65, 2.332047939300537, -95373.17928471901, -28593.0)
(66, 2.3856959342956543, -95373.17928471901, -28593.0)
(67, 2.4347031116485596, -95373.17928471901, -28593.0)
(68, 2.4841392040252686, -95373.17928471901, -28593.0)
(69, 2.524055004119873, -95373.17928471901, -28593.0)
(70, 2.565885066986084, -95373.17928471901, -28593.0)
(71, 2.6104183197021484, -92886.72727272726, -28593.0)
(72, 2.657759428024292, -89396.71428571425, -28593.0)
(73, 2.7126030921936035, -79215.48571428569, -28593.0)
(74, 2.770812511444092, -79215.48571428569, -28593.0)
(75, 2.805310010910034, -79215.48571428569, -28593.0)
(76, 2.8510799407958984, -77158.74522292988, -28593.0)
(77, 2.902433395385742, -76632.34177416787, -28593.0)
(78, 2.970078706741333, -74183.22885572139, -28593.0)
(79, 3.041933059692383, -73407.39694656493, -28593.0)
(80, 3.112551212310791, -72032.36632052073, -28593.0)
(81, 3.1935031414031982, -70022.37612075084, -28593.0)
(82, 3.2706000804901123, -69143.62912308941, -28593.0)
(83, 3.3492672443389893, -68583.17350084874, -28593.0)
(84, 3.4281561374664307, -68583.17350084874, -28593.0)
(85, 3.513606548309326, -65952.35137595196, -28593.0)
(86, 3.5970845222473145, -65310.64340576004, -28593.0)
(87, 3.6776504516601562, -63596.85869295978, -28593.0)
(88, 3.7681117057800293, -61103.98584477324, -28593.0)
(89, 3.859058141708374, -59176.776018211516, -28593.0)
(90, 3.949678659439087, -57815.04242788936, -28593.0)
(91, 4.030005216598511, -55972.199981186386, -28593.0)
(92, 4.11246657371521, -54529.65575228444, -28593.0)
(93, 4.199887990951538, -53326.149070185966, -28593.0)
(94, 4.283390045166016, -52059.042803386656, -28593.0)
(95, 4.352306365966797, -51058.00000000004, -28593.0)
(96, 4.4408183097839355, -39747.05745454546, -39737.77163636364)
(97, 4.482059717178345, -39739.6919486581, -39738.646441073535)
(98, 4.519978046417236, -39738.97158322058, -39738.646820027054)
(99, 4.560274362564087, -39738.691689008054, -39738.69168900804)
(100, 4.59858512878418, -39738.691689008054, -39738.69168900803)
