(1, 0.07799530029296875, -690691.0, -52962.0)
(2, 0.1593010425567627, -309844.78147441417, -52962.0)
(3, 0.2466893196105957, -224088.1125137415, -52962.0)
(4, 0.3381826877593994, -203978.9557437096, -52962.0)
(5, 0.438002347946167, -180991.9432575641, -52962.0)
(6, 0.5484523773193359, -162972.47604300416, -52962.0)
(7, 0.65846848487854, -151125.03789561745, -52962.0)
(8, 0.7686927318572998, -144197.35324871918, -52962.0)
(9, 0.891495943069458, -138006.37406128104, -52962.0)
(10, 1.0205590724945068, -135221.13740922476, -52962.0)
(11, 1.1646595001220703, -129778.45307850197, -52962.0)
(12, 1.3082058429718018, -123534.71082357614, -52962.0)
(13, 1.4705517292022705, -119586.35719773799, -52962.0)
(14, 1.6401426792144775, -119586.35719773799, -52962.0)
(15, 1.7998554706573486, -119586.35719773799, -52962.0)
(16, 2.022634744644165, -119021.5121406049, -81417.84720189622)
(17, 2.278625011444092, -108030.11683083695, -81467.51613986088)
(18, 2.5390045642852783, -105537.4478765883, -81493.55980230875)
(19, 2.8333024978637695, -100430.45096187602, -81528.02353019081)
(20, 3.147257089614868, -96045.46295524576, -81542.33103623945)
(21, 3.5021228790283203, -93761.93527259557, -81561.3285879767)
(22, 3.8772873878479004, -90854.1315115723, -81574.61534498712)
(23, 4.293504476547241, -88018.3516127442, -81579.68439147006)
(24, 4.756616830825806, -84782.50273525555, -81580.76935196784)
(25, 5.317522287368774, -83232.87288400214, -81590.49604453397)
(26, 5.895986795425415, -82752.95317905278, -81602.5884677609)
(27, 6.587576389312744, -82275.64558081684, -81618.26815761764)
(28, 7.298385143280029, -82161.04268624399, -81623.10688119865)
(29, 7.97753381729126, -82013.07971070836, -81628.79349271345)
(30, 8.698455333709717, -81990.2175960625, -81632.99756471852)
(31, 9.516178607940674, -81889.1220902817, -81636.97545074674)
(32, 10.462191820144653, -81870.4361273423, -81640.676348459)
(33, 11.369508028030396, -81807.90430279545, -81646.5523264317)
(34, 12.502374172210693, -81740.89775806587, -81647.2760315297)
(35, 13.722097396850586, -81727.61687095278, -81648.4258988396)
(36, 15.032154083251953, -81678.18650667214, -81649.3202838449)
(37, 16.141324758529663, -81658.19401652846, -81649.62580645159)
(38, 17.28631591796875, -81652.1962694744, -81649.62580645159)
(39, 18.310839414596558, -81650.3969453584, -81649.62580645154)
(40, 19.355738401412964, -81649.8571481238, -81649.6258064516)
(41, 20.479815244674683, -81649.69520895294, -81649.62580645163)
(42, 21.605613231658936, -81649.64662720198, -81649.6258064516)
