(1, 0.047226667404174805, -440080.0, -29809.0)
(2, 0.09112548828125, -430161.53571428574, -29809.0)
(3, 0.1361541748046875, -430161.53571428574, -29809.0)
(4, 0.18042445182800293, -430161.53571428574, -29809.0)
(5, 0.22526264190673828, -430161.53571428574, -29809.0)
(6, 0.2697899341583252, -430161.53571428574, -29809.0)
(7, 0.31474804878234863, -430161.53571428574, -29809.0)
(8, 0.35965561866760254, -430161.53571428574, -29809.0)
(9, 0.40421295166015625, -430161.53571428574, -29809.0)
(10, 0.44936490058898926, -430161.53571428574, -29809.0)
(11, 0.4948923587799072, -430161.53571428574, -29809.0)
(12, 0.5402343273162842, -430161.53571428574, -29809.0)
(13, 0.5852634906768799, -430161.53571428574, -29809.0)
(14, 0.6303176879882812, -430161.53571428574, -29809.0)
(15, 0.6752719879150391, -430161.53571428574, -29809.0)
(16, 0.7195212841033936, -430161.53571428574, -29809.0)
(17, 0.764063835144043, -430161.53571428574, -29809.0)
(18, 0.8081986904144287, -430161.53571428574, -29809.0)
(19, 0.8514993190765381, -430161.53571428574, -29809.0)
(20, 0.8965811729431152, -430161.53571428574, -29809.0)
(21, 0.941415548324585, -430161.53571428574, -29809.0)
(22, 0.9851233959197998, -430161.53571428574, -29809.0)
(23, 1.028459072113037, -430161.53571428574, -29809.0)
(24, 1.0747227668762207, -430161.53571428574, -29809.0)
(25, 1.120194435119629, -430161.53571428574, -29809.0)
(26, 1.1650397777557373, -430161.53571428574, -29809.0)
(27, 1.2104370594024658, -430161.53571428574, -29809.0)
(28, 1.2563138008117676, -430161.53571428574, -29809.0)
(29, 1.3013763427734375, -430161.53571428574, -29809.0)
(30, 1.346142053604126, -430161.53571428574, -29809.0)
(31, 1.3903672695159912, -430161.53571428574, -29809.0)
(32, 1.4383561611175537, -430161.53571428574, -29809.0)
(33, 1.4834239482879639, -430161.53571428574, -29809.0)
(34, 1.5287611484527588, -430161.53571428574, -29809.0)
(35, 1.5742278099060059, -430161.53571428574, -29809.0)
(36, 1.6198172569274902, -430161.53571428574, -29809.0)
(37, 1.6660792827606201, -430161.53571428574, -29809.0)
(38, 1.7116143703460693, -430161.53571428574, -29809.0)
(39, 1.758075475692749, -430161.53571428574, -29809.0)
(40, 1.8042588233947754, -430161.53571428574, -29809.0)
(41, 1.8511204719543457, -430161.53571428574, -29809.0)
(42, 1.8969078063964844, -430161.53571428574, -29809.0)
(43, 1.943126916885376, -430161.53571428574, -29809.0)
(44, 1.9888710975646973, -430161.53571428574, -29809.0)
(45, 2.034233808517456, -430161.53571428574, -29809.0)
(46, 2.079435348510742, -430161.53571428574, -29809.0)
(47, 2.1267173290252686, -430161.53571428574, -29809.0)
(48, 2.171994209289551, -430161.53571428574, -29809.0)
(49, 2.2195334434509277, -430161.53571428574, -29809.0)
(50, 2.2663040161132812, -430161.53571428574, -29809.0)
(51, 2.3121817111968994, -430161.53571428574, -29809.0)
(52, 2.3581435680389404, -430161.53571428574, -29809.0)
(53, 2.404254674911499, -430161.53571428574, -29809.0)
(54, 2.4508044719696045, -430161.53571428574, -29809.0)
(55, 2.496283769607544, -430161.53571428574, -29809.0)
(56, 2.541490077972412, -417841.2608695652, -29809.0)
(57, 2.5910816192626953, -375716.3928571429, -29809.0)
(58, 2.6391372680664062, -375716.3928571429, -29809.0)
(59, 2.685438394546509, -375716.3928571429, -29809.0)
(60, 2.733213424682617, -375716.3928571429, -29809.0)
(61, 2.7817866802215576, -375716.3928571429, -29809.0)
(62, 2.828852415084839, -375716.3928571429, -29809.0)
(63, 2.87654972076416, -375716.3928571429, -29809.0)
(64, 2.924901008605957, -375716.3928571429, -29809.0)
(65, 2.973895788192749, -375716.3928571429, -29809.0)
(66, 3.022284507751465, -375716.3928571429, -29809.0)
(67, 3.0693857669830322, -375716.3928571429, -29809.0)
(68, 3.1167235374450684, -375716.3928571429, -29809.0)
(69, 3.1636712551116943, -375716.3928571429, -29809.0)
(70, 3.2106385231018066, -375716.3928571429, -29809.0)
(71, 3.2595272064208984, -375716.3928571429, -29809.0)
(72, 3.3093631267547607, -375716.3928571429, -29809.0)
(73, 3.3584649562835693, -375716.3928571429, -29809.0)
(74, 3.407243013381958, -375716.3928571429, -29809.0)
(75, 3.456995725631714, -375716.3928571429, -29809.0)
(76, 3.5065054893493652, -375716.3928571429, -29809.0)
(77, 3.5555520057678223, -375716.3928571429, -29809.0)
(78, 3.6046581268310547, -375716.3928571429, -29809.0)
(79, 3.653534173965454, -375716.3928571429, -29809.0)
(80, 3.702268600463867, -375716.3928571429, -29809.0)
(81, 3.75146222114563, -375716.3928571429, -29809.0)
(82, 3.800884246826172, -375716.3928571429, -29809.0)
(83, 3.848740577697754, -375716.3928571429, -29809.0)
(84, 3.8962533473968506, -375716.3928571429, -29809.0)
(85, 3.952505588531494, -375716.3928571429, -29809.0)
(86, 4.002378940582275, -375716.3928571429, -29809.0)
(87, 4.05151891708374, -375716.3928571429, -29809.0)
(88, 4.099776268005371, -375716.3928571429, -29809.0)
(89, 4.14809775352478, -375716.3928571429, -29809.0)
(90, 4.196827173233032, -375716.3928571429, -29809.0)
(91, 4.247899532318115, -375716.3928571429, -29809.0)
(92, 4.294293403625488, -350848.5714285714, -29809.0)
(93, 4.342106819152832, -350848.5714285714, -29809.0)
(94, 4.388275384902954, -350838.92592592596, -29809.0)
(95, 4.435332298278809, -350838.92592592596, -29809.0)
(96, 4.481122016906738, -350838.92592592596, -29809.0)
(97, 4.527740478515625, -350838.92592592596, -29809.0)
(98, 4.5776450634002686, -350838.92592592596, -29809.0)
(99, 4.638481855392456, -350838.92592592596, -29809.0)
(100, 4.692488193511963, -350838.92592592596, -29809.0)
(101, 4.744497776031494, -350838.92592592596, -29809.0)
(102, 4.793696880340576, -350838.92592592596, -29809.0)
(103, 4.843282461166382, -350838.92592592596, -29809.0)
(104, 4.8939595222473145, -350838.92592592596, -29809.0)
(105, 4.96132755279541, -350838.92592592596, -29809.0)
(106, 5.015235424041748, -350838.92592592596, -29809.0)
(107, 5.067128419876099, -350838.92592592596, -29809.0)
(108, 5.120493173599243, -350838.92592592596, -29809.0)
(109, 5.1748082637786865, -350838.92592592596, -29809.0)
(110, 5.225332498550415, -350838.92592592596, -29809.0)
(111, 5.2717444896698, -350838.92592592596, -29809.0)
(112, 5.3185765743255615, -350838.92592592596, -29809.0)
(113, 5.364845514297485, -350838.92592592596, -29809.0)
(114, 5.410648345947266, -350838.92592592596, -29809.0)
(115, 5.457257032394409, -350838.92592592596, -29809.0)
(116, 5.504732131958008, -350838.92592592596, -29809.0)
(117, 5.551967620849609, -350838.92592592596, -29809.0)
(118, 5.597808361053467, -350838.92592592596, -29809.0)
(119, 5.644928216934204, -350838.92592592596, -29809.0)
(120, 5.694132566452026, -350838.92592592596, -29809.0)
(121, 5.741380453109741, -350838.92592592596, -29809.0)
(122, 5.788489580154419, -350838.92592592596, -29809.0)
(123, 5.836627960205078, -350838.92592592596, -29809.0)
(124, 5.8828277587890625, -350838.92592592596, -29809.0)
(125, 5.932264804840088, -350838.92592592596, -29809.0)
(126, 5.9804089069366455, -350838.92592592596, -29809.0)
(127, 6.026207208633423, -350838.92592592596, -29809.0)
(128, 6.075211048126221, -350838.92592592596, -29809.0)
(129, 6.123921155929565, -350838.92592592596, -29809.0)
(130, 6.173116207122803, -350838.92592592596, -29809.0)
(131, 6.2236247062683105, -350838.92592592596, -29809.0)
(132, 6.273942232131958, -350838.92592592596, -29809.0)
(133, 6.321574449539185, -350838.92592592596, -29809.0)
(134, 6.370901107788086, -350838.92592592596, -29809.0)
(135, 6.418356418609619, -350838.92592592596, -29809.0)
(136, 6.467244386672974, -350838.92592592596, -29809.0)
(137, 6.514381647109985, -350838.92592592596, -29809.0)
(138, 6.563580751419067, -350838.92592592596, -29809.0)
(139, 6.610724210739136, -350838.92592592596, -29809.0)
(140, 6.658674716949463, -350838.92592592596, -29809.0)
(141, 6.70475959777832, -350838.92592592596, -29809.0)
(142, 6.753232479095459, -350838.92592592596, -29809.0)
(143, 6.805701971054077, -329854.5, -29809.0)
(144, 6.858500719070435, -329854.5, -29809.0)
(145, 6.9079673290252686, -329854.5, -29809.0)
(146, 6.959383249282837, -329854.5, -29809.0)
(147, 7.009319067001343, -329854.5, -29809.0)
(148, 7.059211015701294, -329854.5, -29809.0)
(149, 7.10733962059021, -329854.5, -29809.0)
(150, 7.156221151351929, -329854.5, -29809.0)
(151, 7.208207130432129, -329854.5, -29809.0)
(152, 7.2599194049835205, -329854.5, -29809.0)
(153, 7.313266277313232, -329854.5, -29809.0)
(154, 7.363003730773926, -329854.5, -29809.0)
(155, 7.412921905517578, -329854.5, -29809.0)
(156, 7.463432550430298, -329854.5, -29809.0)
(157, 7.513427495956421, -329854.5, -29809.0)
(158, 7.5658650398254395, -329854.5, -29809.0)
(159, 7.61691689491272, -329854.5, -29809.0)
(160, 7.667364120483398, -329854.5, -29809.0)
(161, 7.718392372131348, -329854.5, -29809.0)
(162, 7.766772270202637, -329854.5, -29809.0)
(163, 7.82054328918457, -329854.5, -29809.0)
(164, 7.875572919845581, -329854.5, -29809.0)
(165, 7.92919921875, -329854.5, -29809.0)
(166, 7.98470664024353, -329854.5, -29809.0)
(167, 8.037251710891724, -329854.5, -29809.0)
(168, 8.091120719909668, -329854.5, -29809.0)
(169, 8.148688793182373, -329854.5, -29809.0)
(170, 8.202291488647461, -329854.5, -29809.0)
(171, 8.255876541137695, -329854.5, -29809.0)
(172, 8.306185483932495, -329854.5, -29809.0)
(173, 8.358742475509644, -329854.5, -29809.0)
(174, 8.410396814346313, -329854.5, -29809.0)
(175, 8.464166402816772, -329854.5, -29809.0)
(176, 8.51499080657959, -329854.5, -29809.0)
(177, 8.567700624465942, -329854.5, -29809.0)
(178, 8.6192626953125, -329854.5, -29809.0)
(179, 8.671376705169678, -329854.5, -29809.0)
(180, 8.730190753936768, -329854.5, -29809.0)
(181, 8.786922454833984, -329854.5, -29809.0)
(182, 8.840846300125122, -329854.5, -29809.0)
(183, 8.894197463989258, -329854.5, -29809.0)
(184, 8.952033042907715, -329854.5, -29809.0)
(185, 9.005464792251587, -329854.5, -29809.0)
(186, 9.059181213378906, -329854.5, -29809.0)
(187, 9.115272283554077, -329854.5, -29809.0)
(188, 9.169039249420166, -329854.5, -29809.0)
(189, 9.225633144378662, -329854.5, -29809.0)
(190, 9.279719829559326, -329854.5, -29809.0)
(191, 9.334777355194092, -329854.5, -29809.0)
(192, 9.389776229858398, -329854.5, -29809.0)
(193, 9.446931600570679, -329854.5, -29809.0)
(194, 9.501460313796997, -329854.5, -29809.0)
(195, 9.555249691009521, -329854.5, -29809.0)
(196, 9.611709117889404, -329854.5, -29809.0)
(197, 9.663218021392822, -329854.5, -29809.0)
(198, 9.724739074707031, -329854.5, -29809.0)
(199, 9.786670446395874, -329854.5, -29809.0)
(200, 9.844258546829224, -329854.5, -29809.0)
(201, 9.901163578033447, -329854.5, -29809.0)
(202, 9.95787262916565, -329854.5, -29809.0)
(203, 10.021909475326538, -329854.5, -29809.0)
(204, 10.080050706863403, -329854.5, -29809.0)
(205, 10.135122299194336, -329854.5, -29809.0)
(206, 10.190616130828857, -329854.5, -29809.0)
(207, 10.246732473373413, -329854.5, -29809.0)
(208, 10.30476975440979, -329854.5, -29809.0)
(209, 10.370763540267944, -329854.5, -29809.0)
(210, 10.432157754898071, -329854.5, -29809.0)
(211, 10.491043329238892, -329854.5, -29809.0)
(212, 10.548008680343628, -329854.5, -29809.0)
(213, 10.608227491378784, -329854.5, -29809.0)
(214, 10.664680242538452, -329854.5, -29809.0)
(215, 10.721339464187622, -329854.5, -29809.0)
(216, 10.778175592422485, -302979.4705882353, -29809.0)
(217, 10.839888095855713, -264244.98214285716, -29809.0)
(218, 10.90141749382019, -264244.98214285716, -29809.0)
(219, 10.970410585403442, -264244.98214285716, -29809.0)
(220, 11.034349203109741, -264244.98214285716, -29809.0)
(221, 11.099456071853638, -264244.98214285716, -29809.0)
(222, 11.169174671173096, -264244.98214285716, -29809.0)
(223, 11.236504554748535, -264244.98214285716, -29809.0)
(224, 11.298894882202148, -264244.98214285716, -29809.0)
(225, 11.358011484146118, -264244.98214285716, -29809.0)
(226, 11.426929235458374, -264244.98214285716, -29809.0)
(227, 11.51394271850586, -264244.98214285716, -29809.0)
(228, 11.5848069190979, -264244.98214285716, -29809.0)
(229, 11.64973258972168, -264244.98214285716, -29809.0)
(230, 11.712626218795776, -234786.26086956522, -29809.0)
(231, 11.786609888076782, -234786.26086956522, -29809.0)
(232, 11.848429441452026, -234786.26086956522, -29809.0)
(233, 11.914788961410522, -234786.26086956522, -29809.0)
(234, 12.003317832946777, -234786.26086956522, -29809.0)
(235, 12.090312480926514, -234786.26086956522, -29809.0)
(236, 12.15748381614685, -234786.26086956522, -29809.0)
(237, 12.23192572593689, -234786.26086956522, -29809.0)
(238, 12.293252944946289, -206654.1666666667, -29809.0)
(239, 12.352720975875854, -206654.1666666667, -29809.0)
(240, 12.409894704818726, -206654.1666666667, -29809.0)
(241, 12.465841054916382, -206654.1666666667, -29809.0)
(242, 12.522971391677856, -206654.1666666667, -29809.0)
(243, 12.576900482177734, -206654.1666666667, -29809.0)
(244, 12.633872270584106, -206654.1666666667, -29809.0)
(245, 12.687767505645752, -206654.1666666667, -29809.0)
(246, 12.744997262954712, -206654.1666666667, -29809.0)
(247, 12.80130672454834, -206654.1666666667, -29809.0)
(248, 12.855234384536743, -206654.1666666667, -29809.0)
(249, 12.913108110427856, -206654.1666666667, -29809.0)
(250, 12.969277381896973, -206654.1666666667, -29809.0)
(251, 13.025897979736328, -206654.1666666667, -29809.0)
(252, 13.084867000579834, -206654.1666666667, -29809.0)
(253, 13.150628089904785, -206654.1666666667, -29809.0)
(254, 13.210862159729004, -206654.1666666667, -29809.0)
(255, 13.270692348480225, -206654.1666666667, -29809.0)
(256, 13.328208923339844, -206654.1666666667, -29809.0)
(257, 13.384715795516968, -206654.1666666667, -29809.0)
(258, 13.447537660598755, -206654.1666666667, -29809.0)
(259, 13.51000714302063, -206654.1666666667, -29809.0)
(260, 13.567203998565674, -206654.1666666667, -29809.0)
(261, 13.625669956207275, -206654.1666666667, -29809.0)
(262, 13.681656837463379, -206654.1666666667, -29809.0)
(263, 13.742008447647095, -206654.1666666667, -29809.0)
(264, 13.800071477890015, -206654.1666666667, -29809.0)
(265, 13.8601233959198, -206654.1666666667, -29809.0)
(266, 13.919370889663696, -206654.1666666667, -29809.0)
(267, 13.979594230651855, -206654.1666666667, -29809.0)
(268, 14.05010724067688, -206654.1666666667, -29809.0)
(269, 14.113054037094116, -206654.1666666667, -29809.0)
(270, 14.170773983001709, -206654.1666666667, -29809.0)
(271, 14.23020625114441, -206654.1666666667, -29809.0)
(272, 14.311599969863892, -206654.1666666667, -29809.0)
(273, 14.380094528198242, -196624.5705128205, -29809.0)
(274, 14.447534084320068, -196624.5705128205, -29809.0)
(275, 14.509148836135864, -196624.5705128205, -29809.0)
(276, 14.56669569015503, -196624.5705128205, -29809.0)
(277, 14.62754774093628, -196624.5705128205, -29809.0)
(278, 14.686552286148071, -196624.5705128205, -29809.0)
(279, 14.748579740524292, -196624.5705128205, -29809.0)
(280, 14.809410333633423, -196624.5705128205, -29809.0)
(281, 14.869562149047852, -196624.5705128205, -29809.0)
(282, 14.929624557495117, -196624.5705128205, -29809.0)
(283, 14.988218784332275, -196624.5705128205, -29809.0)
(284, 15.04688572883606, -196624.5705128205, -29809.0)
(285, 15.107749700546265, -196624.5705128205, -29809.0)
(286, 15.163766860961914, -196624.5705128205, -29809.0)
(287, 15.222413301467896, -196624.5705128205, -29809.0)
(288, 15.286351203918457, -196624.5705128205, -29809.0)
(289, 15.347902297973633, -196624.5705128205, -29809.0)
(290, 15.409658670425415, -196624.5705128205, -29809.0)
(291, 15.468405723571777, -196624.5705128205, -29809.0)
(292, 15.529265642166138, -196624.5705128205, -29809.0)
(293, 15.587752342224121, -196624.5705128205, -29809.0)
(294, 15.648370027542114, -196624.5705128205, -29809.0)
(295, 15.711146354675293, -196624.5705128205, -29809.0)
(296, 15.775538921356201, -196624.5705128205, -29809.0)
(297, 15.83705449104309, -196624.5705128205, -29809.0)
(298, 15.90169382095337, -196624.5705128205, -29809.0)
(299, 15.967405080795288, -196624.5705128205, -29809.0)
(300, 16.026735305786133, -196624.5705128205, -29809.0)
(301, 16.08503532409668, -196624.5705128205, -29809.0)
(302, 16.147325038909912, -196624.5705128205, -29809.0)
(303, 16.20764660835266, -196624.5705128205, -29809.0)
(304, 16.269909858703613, -196624.5705128205, -29809.0)
(305, 16.343762159347534, -196624.5705128205, -29809.0)
(306, 16.410921812057495, -196624.5705128205, -29809.0)
(307, 16.471762895584106, -196624.5705128205, -29809.0)
(308, 16.53627324104309, -196624.5705128205, -29809.0)
(309, 16.60225796699524, -196624.5705128205, -29809.0)
(310, 16.66580057144165, -196624.5705128205, -29809.0)
(311, 16.73330783843994, -196624.5705128205, -29809.0)
(312, 16.80095148086548, -196624.5705128205, -29809.0)
(313, 16.866443634033203, -196624.5705128205, -29809.0)
(314, 16.93075656890869, -196624.5705128205, -29809.0)
(315, 16.996630907058716, -196624.5705128205, -29809.0)
(316, 17.05671453475952, -196624.5705128205, -29809.0)
(317, 17.12007975578308, -196624.5705128205, -29809.0)
(318, 17.18480348587036, -196624.5705128205, -29809.0)
(319, 17.251949071884155, -196624.5705128205, -29809.0)
(320, 17.32726764678955, -196624.5705128205, -29809.0)
(321, 17.404102087020874, -196624.5705128205, -29809.0)
(322, 17.47434163093567, -196624.5705128205, -29809.0)
(323, 17.5423002243042, -196624.5705128205, -29809.0)
(324, 17.60823917388916, -196624.5705128205, -29809.0)
(325, 17.673758029937744, -196624.5705128205, -29809.0)
(326, 17.739473819732666, -196624.5705128205, -29809.0)
(327, 17.82277202606201, -196624.5705128205, -29809.0)
(328, 17.889797687530518, -196624.5705128205, -29809.0)
(329, 17.95696783065796, -196624.5705128205, -29809.0)
(330, 18.02691888809204, -196624.5705128205, -29809.0)
(331, 18.095096111297607, -196624.5705128205, -29809.0)
(332, 18.166970014572144, -196624.5705128205, -29809.0)
(333, 18.23692512512207, -196624.5705128205, -29809.0)
(334, 18.308220624923706, -196624.5705128205, -29809.0)
(335, 18.38771104812622, -183520.37333333335, -29809.0)
(336, 18.481457948684692, -183520.37333333335, -29809.0)
(337, 18.567183256149292, -183520.37333333335, -29809.0)
(338, 18.654643535614014, -183520.37333333335, -29809.0)
(339, 18.745699405670166, -183520.37333333335, -29809.0)
(340, 18.82915210723877, -183520.37333333335, -29809.0)
(341, 18.9268856048584, -183520.37333333335, -29809.0)
(342, 19.01204514503479, -183520.37333333335, -29809.0)
(343, 19.092361450195312, -183520.37333333335, -29809.0)
(344, 19.18493676185608, -183520.37333333335, -29809.0)
(345, 19.277058839797974, -183520.37333333335, -29809.0)
(346, 19.349381685256958, -126045.4, -29809.0)
(347, 19.44076108932495, -126045.4, -29809.0)
(348, 19.521860361099243, -126045.4, -29809.0)
(349, 19.60102105140686, -126045.4, -29809.0)
(350, 19.692078590393066, -126045.4, -29809.0)
(351, 19.772363424301147, -126045.4, -29809.0)
(352, 19.842369556427002, -126045.4, -29809.0)
(353, 19.929054260253906, -126045.4, -29809.0)
(354, 20.029152154922485, -126045.4, -29809.0)
(355, 20.12171483039856, -126045.4, -29809.0)
(356, 20.202500820159912, -126045.4, -29809.0)
(357, 20.279756546020508, -126045.4, -29809.0)
(358, 20.35457491874695, -126045.4, -29809.0)
(359, 20.432411670684814, -126045.4, -29809.0)
(360, 20.52186942100525, -126045.4, -29809.0)
(361, 20.6256160736084, -126045.4, -29809.0)
(362, 20.715759754180908, -126045.4, -29809.0)
(363, 20.809998750686646, -126045.4, -29809.0)
(364, 20.8911874294281, -126045.4, -29809.0)
(365, 20.963638305664062, -126045.4, -29809.0)
(366, 21.055156707763672, -126045.4, -29809.0)
(367, 21.15873074531555, -126045.4, -29809.0)
(368, 21.246748208999634, -126045.4, -29809.0)
(369, 21.326792240142822, -126045.4, -29809.0)
(370, 21.42026376724243, -126045.4, -29809.0)
(371, 21.50653576850891, -126045.4, -29809.0)
(372, 21.60716724395752, -126045.4, -29809.0)
(373, 21.71000576019287, -126045.4, -29809.0)
(374, 21.808679819107056, -126045.4, -29809.0)
(375, 21.902875185012817, -126045.4, -29809.0)
(376, 22.0378897190094, -126045.4, -29809.0)
(377, 22.137023448944092, -126045.4, -29809.0)
(378, 22.232532262802124, -126045.4, -29809.0)
(379, 22.341059923171997, -126045.4, -29809.0)
(380, 22.448816537857056, -126045.4, -29809.0)
(381, 22.546881437301636, -126045.4, -29809.0)
(382, 22.641699075698853, -126045.4, -29809.0)
(383, 22.78765869140625, -126045.4, -29809.0)
(384, 22.919708013534546, -126045.4, -29809.0)
(385, 23.023428440093994, -126045.4, -29809.0)
(386, 23.128057718276978, -126045.4, -29809.0)
(387, 23.226441860198975, -126045.4, -29809.0)
(388, 23.31556487083435, -126045.4, -29809.0)
(389, 23.396074771881104, -126045.4, -29809.0)
(390, 23.47333526611328, -126045.4, -29809.0)
(391, 23.561655282974243, -126045.4, -29809.0)
(392, 23.71540093421936, -113498.7819548872, -29809.0)
(393, 23.794604301452637, -113498.7819548872, -29809.0)
(394, 23.877978086471558, -113498.7819548872, -29809.0)
(395, 23.961179733276367, -113498.7819548872, -29809.0)
(396, 24.061633586883545, -113498.7819548872, -29809.0)
(397, 24.16281795501709, -113498.7819548872, -29809.0)
(398, 24.245929718017578, -113498.7819548872, -29809.0)
(399, 24.314275979995728, -113498.7819548872, -29809.0)
(400, 24.470452547073364, -113498.7819548872, -29809.0)
(401, 24.630467891693115, -113498.7819548872, -29809.0)
(402, 24.7536199092865, -113498.7819548872, -29809.0)
(403, 24.860105991363525, -113498.7819548872, -29809.0)
(404, 25.013129949569702, -113498.7819548872, -29809.0)
(405, 25.118255615234375, -113498.7819548872, -29809.0)
(406, 25.22356390953064, -113498.7819548872, -29809.0)
(407, 25.329724550247192, -113498.7819548872, -29809.0)
(408, 25.41583228111267, -113498.7819548872, -29809.0)
(409, 25.50849413871765, -113498.7819548872, -29809.0)
(410, 25.615338563919067, -113498.7819548872, -29809.0)
(411, 25.721720457077026, -113498.7819548872, -29809.0)
(412, 25.829277515411377, -113498.7819548872, -29809.0)
(413, 25.92806649208069, -113498.7819548872, -29809.0)
(414, 26.03127384185791, -113498.7819548872, -29809.0)
(415, 26.18036985397339, -70716.375, -29809.0)
(416, 26.319052934646606, -67454.87142857142, -29809.0)
(417, 26.413072109222412, -63454.0, -29809.0)
(418, 26.518633365631104, -63454.0, -29809.0)
(419, 26.598259687423706, -63334.0, -29809.0)
(420, 26.66949439048767, -63334.0, -29809.0)
(421, 26.733861684799194, -63334.0, -29809.0)
(422, 26.807013750076294, -63334.0, -29809.0)
(423, 26.898619174957275, -63334.0, -29809.0)
(424, 26.974313735961914, -63334.0, -29809.0)
(425, 27.07759714126587, -63334.0, -29809.0)
(426, 27.173277378082275, -63334.0, -29809.0)
(427, 27.265976190567017, -63334.0, -29809.0)
(428, 27.374991178512573, -63334.0, -29809.0)
(429, 27.450445413589478, -63334.0, -29809.0)
(430, 28.014909744262695, -63334.0, -29809.0)
(431, 28.438835382461548, -63334.0, -29809.0)
(432, 28.96376657485962, -63334.0, -29809.0)
(433, 29.443589448928833, -63334.0, -29809.0)
(434, 29.982247829437256, -63334.0, -29809.0)
(435, 30.436542987823486, -63334.0, -29809.0)
(436, 30.970807552337646, -61618.720041025656, -29809.0)
(437, 31.603062868118286, -56642.3364628821, -29809.0)
(438, 32.01054787635803, -55227.77444444447, -29809.0)
(439, 32.499895334243774, -52692.11111111111, -29809.0)
(440, 33.082484006881714, -51688.83384703196, -29809.0)
(441, 33.48850464820862, -50326.962962962956, -29809.0)
(442, 34.03984260559082, -49651.140101506, -29809.0)
(443, 34.67934036254883, -49523.26958217509, -29809.0)
(444, 35.26797652244568, -49181.710187710196, -29809.0)
(445, 35.80768871307373, -44965.85954707178, -44928.45530016377)
(446, 35.92320537567139, -44938.413665889595, -44933.389335264714)
(447, 36.01743006706238, -44933.951331681295, -44933.57493358335)
(448, 36.10485315322876, -44933.577609994245, -44933.57760999427)
(449, 36.181089878082275, -44933.577609994245, -44933.57760999424)
