(1, 0.1470952033996582, -770284.0, -64207.0)
(2, 0.3378891944885254, -421270.5743784219, -64207.0)
(3, 0.5050098896026611, -314188.93862470466, -64207.0)
(4, 0.6451568603515625, -247606.96967760887, -64207.0)
(5, 0.7787961959838867, -196812.61632870737, -64207.0)
(6, 0.8614711761474609, -178353.70217954184, -64207.0)
(7, 0.9849960803985596, -178353.70217954184, -64207.0)
(8, 1.1635546684265137, -178353.70217954184, -114276.27777777778)
(9, 1.3663055896759033, -176627.78058246901, -114520.4375)
(10, 1.5978748798370361, -153750.05084481818, -114545.83333333331)
(11, 1.8210535049438477, -153750.05084481818, -114549.38888888889)
(12, 2.069671630859375, -146897.46475414187, -114619.7875816993)
(13, 2.3338494300842285, -146897.46475414187, -114619.78758169936)
(14, 2.605691432952881, -136460.11664478673, -114851.32430213464)
(15, 2.881683588027954, -136460.11664478673, -115105.94378304807)
(16, 3.164447546005249, -134314.78676011355, -115324.15186789811)
(17, 3.477421760559082, -130984.51674168119, -115764.53919248318)
(18, 3.8093109130859375, -130984.51674168119, -115828.82258457359)
(19, 4.172090291976929, -127721.82743219547, -116214.75822180873)
(20, 4.5137224197387695, -127721.82743219547, -116414.2237131385)
(21, 4.8775739669799805, -125079.9606178654, -116558.6959197303)
(22, 5.2401206493377686, -125079.9606178654, -116664.86904166038)
(23, 5.624121189117432, -123794.45308987022, -116731.13999686275)
(24, 6.019652843475342, -123794.45308987022, -116901.9530507144)
(25, 6.440268516540527, -121535.90793432211, -117029.20765880871)
(26, 6.869466543197632, -121535.90793432211, -117129.87006472403)
(27, 7.3110411167144775, -121535.90793432211, -117218.5521437248)
(28, 7.812851667404175, -120662.5681302305, -117439.67416810598)
(29, 8.288400411605835, -120662.5681302305, -117567.02982811356)
(30, 8.80013132095337, -120431.5592692823, -117686.56490964642)
(31, 9.330094575881958, -120431.5592692823, -117729.31440984983)
(32, 9.905932426452637, -119204.15402978621, -117914.52531224192)
(33, 10.458386659622192, -119204.15402978621, -117933.60375703065)
(34, 11.079237937927246, -119204.15402978621, -117978.13115782246)
(35, 11.817646980285645, -118806.34394782549, -118021.93577714395)
(36, 12.567445755004883, -118806.34394782549, -118039.73659731977)
(37, 13.331307411193848, -118806.34394782549, -118052.08833183248)
(38, 14.124072551727295, -118524.5943905793, -118067.5641060333)
(39, 14.873043060302734, -118524.5943905793, -118079.06460781633)
(40, 15.670135498046875, -118524.5943905793, -118120.63730040085)
(41, 16.572884798049927, -118524.5943905793, -118136.79409129858)
(42, 17.480610132217407, -118341.21597712953, -118145.09797078188)
(43, 18.41404914855957, -118341.21597712953, -118149.96664616921)
(44, 19.39736032485962, -118341.21597712953, -118166.66536532735)
(45, 20.442175149917603, -118313.79545751188, -118179.06054265819)
(46, 21.53553557395935, -118255.47622902843, -118193.96458362667)
(47, 22.67117428779602, -118255.47622902843, -118196.24720347431)
(48, 23.90803575515747, -118251.51446792441, -118201.2269543864)
(49, 25.251672983169556, -118228.77390386129, -118201.41955746296)
(50, 26.328473806381226, -118220.92442439981, -118201.68035145832)
(51, 27.311084270477295, -118207.84280637308, -118202.2363986474)
(52, 28.337472438812256, -118207.84280637308, -118202.58230834483)
(53, 29.546688079833984, -118207.84280637308, -118203.86614575051)
(54, 30.737226486206055, -118206.75614376849, -118203.94358511531)
(55, 31.881670713424683, -118204.82097107022, -118203.99161133032)
(56, 32.99847459793091, -118204.82097107022, -118203.99161133023)
(57, 34.23730802536011, -118204.82097107022, -118204.20632214192)
(58, 35.49499845504761, -118204.77705001128, -118204.27439024385)
(59, 36.9048810005188, -118204.50815742447, -118204.27439024393)
(60, 38.27110290527344, -118204.4658928093, -118204.27439024394)
(61, 39.58449721336365, -118204.33184101735, -118204.27439024385)
(62, 40.754186153411865, -118204.29162547602, -118204.27439024378)
