(1, 0.033252716064453125, -245192.0, -12965.0)
(2, 0.06306672096252441, -239614.47368421053, -12965.0)
(3, 0.09324431419372559, -239614.47368421053, -12965.0)
(4, 0.12336134910583496, -239614.47368421053, -12965.0)
(5, 0.15334224700927734, -239614.47368421053, -12965.0)
(6, 0.18286490440368652, -239614.47368421053, -12965.0)
(7, 0.21194195747375488, -211957.63157894736, -12965.0)
(8, 0.24116945266723633, -211497.63157894736, -12965.0)
(9, 0.2703213691711426, -198177.63157894736, -12965.0)
(10, 0.2996082305908203, -187357.63157894736, -12965.0)
(11, 0.3290245532989502, -178817.63157894736, -12965.0)
(12, 0.35825300216674805, -168309.5, -12965.0)
(13, 0.3873710632324219, -168309.5, -12965.0)
(14, 0.41652965545654297, -168309.5, -12965.0)
(15, 0.44553136825561523, -168309.5, -12965.0)
(16, 0.4737379550933838, -149462.86666666667, -12965.0)
(17, 0.5021100044250488, -149462.86666666667, -12965.0)
(18, 0.5304582118988037, -149462.86666666667, -12965.0)
(19, 0.558682918548584, -141312.92857142858, -12965.0)
(20, 0.586946964263916, -141312.92857142858, -12965.0)
(21, 0.6145069599151611, -128578.57142857142, -12965.0)
(22, 0.6419229507446289, -124187.46153846153, -12965.0)
(23, 0.6685879230499268, -124187.46153846153, -12965.0)
(24, 0.6953561305999756, -124187.46153846153, -12965.0)
(25, 0.7222573757171631, -115392.0, -12965.0)
(26, 0.7495534420013428, -115392.0, -12965.0)
(27, 0.776569128036499, -115392.0, -12965.0)
(28, 0.8037769794464111, -115392.0, -12965.0)
(29, 0.8297128677368164, -99742.2, -12965.0)
(30, 0.8551850318908691, -99742.2, -12965.0)
(31, 0.8801443576812744, -86091.30769230769, -12965.0)
(32, 0.9051914215087891, -84883.0, -12965.0)
(33, 0.93019700050354, -83850.8, -12965.0)
(34, 0.9555563926696777, -65604.45454545454, -12965.0)
(35, 0.9804141521453857, -59456.5, -12965.0)
(36, 1.004497766494751, -57753.0, -12965.0)
(37, 1.0279231071472168, -55667.875, -12965.0)
(38, 1.0512876510620117, -55667.875, -12965.0)
(39, 1.074143409729004, -55667.875, -12965.0)
(40, 1.0969719886779785, -50891.0, -12965.0)
(41, 1.1198368072509766, -48292.0, -12965.0)
(42, 1.1429829597473145, -48292.0, -12965.0)
(43, 1.1663787364959717, -46589.333333333336, -12965.0)
(44, 1.190868616104126, -46589.333333333336, -12965.0)
(45, 1.2177367210388184, -45415.11111111111, -12965.0)
(46, 1.243370532989502, -45415.11111111111, -12965.0)
(47, 1.26902174949646, -43818.0, -12965.0)
(48, 1.294877290725708, -42076.0, -12965.0)
(49, 1.3219101428985596, -42076.0, -12965.0)
(50, 1.3503377437591553, -41946.555555555555, -12965.0)
(51, 1.3807227611541748, -41946.555555555555, -12965.0)
(52, 1.4116036891937256, -36762.22222222222, -12965.0)
(53, 1.4446473121643066, -36762.22222222222, -12965.0)
(54, 1.478410005569458, -32990.0, -12965.0)
(55, 1.5176916122436523, -32990.0, -12965.0)
(56, 1.5535972118377686, -27261.5, -12965.0)
(57, 1.5950298309326172, -25985.180555555555, -12965.0)
(58, 1.6353940963745117, -25985.180555555555, -12965.0)
(59, 1.681955099105835, -22842.0, -22842.0)
(60, 1.7148897647857666, -22842.0, -22842.0)
