(1, 0.27046990394592285, -872150.0, -77556.0)
(2, 0.6154007911682129, -462167.0964092451, -77556.0)
(3, 0.9538962841033936, -359448.651832048, -77556.0)
(4, 1.2696774005889893, -310127.2706714278, -77556.0)
(5, 1.62143874168396, -274290.3247443148, -77556.0)
(6, 1.9523403644561768, -258008.38306593336, -77556.0)
(7, 2.294382333755493, -245013.90411518596, -77556.0)
(8, 2.645515203475952, -231528.77545660886, -77556.0)
(9, 2.986985921859741, -221222.6757372774, -77556.0)
(10, 3.3018064498901367, -216453.5804104231, -77556.0)
(11, 3.622798442840576, -212385.3487303637, -77556.0)
(12, 3.925910234451294, -206430.104240114, -77556.0)
(13, 4.255122423171997, -204028.54930139257, -77556.0)
(14, 4.567060232162476, -200428.7601188515, -77556.0)
(15, 4.875131130218506, -193694.0402502633, -77556.0)
(16, 5.199329376220703, -190359.80948246055, -77556.0)
(17, 5.534231662750244, -186912.55140928962, -77556.0)
(18, 5.8381922245025635, -186912.55140928962, -77556.0)
(19, 6.131296157836914, -186912.55140928962, -77556.0)
(20, 6.55756688117981, -186912.55140928962, -77556.0)
(21, 7.056212902069092, -179016.12264911743, -122065.49716539016)
(22, 7.6232616901397705, -167266.12942204392, -122160.24665471389)
(23, 8.219767808914185, -156716.96294115775, -122171.22885671021)
(24, 8.84659194946289, -147455.10515896927, -122185.33134975449)
(25, 9.52597427368164, -140404.12083334787, -122201.37379394469)
(26, 10.26101016998291, -133050.8084181223, -122214.62650338632)
(27, 11.06323504447937, -128674.76350413913, -122225.05260643094)
(28, 11.9092698097229, -125607.89577573925, -122254.40371622029)
(29, 12.854775190353394, -124251.22042985832, -122276.20068319103)
(30, 13.884210109710693, -123606.15028110132, -122289.31372700108)
(31, 14.911765336990356, -123348.05205130398, -122297.14573973735)
(32, 16.138710021972656, -123079.79175260222, -122306.88735044129)
(33, 17.36750054359436, -122911.66015784272, -122315.1115301463)
(34, 18.63936138153076, -122793.5469847718, -122322.15838146851)
(35, 20.004892826080322, -122667.709871099, -122325.83168809886)
(36, 21.44408869743347, -122579.25979506953, -122331.4861428742)
(37, 23.004205226898193, -122506.0387942698, -122333.82726160977)
(38, 24.697615146636963, -122466.22312708234, -122337.28819958669)
(39, 26.686472415924072, -122408.20956537996, -122339.05895287679)
(40, 28.464038610458374, -122370.37588746674, -122339.44876962322)
(41, 29.906938076019287, -122349.16517888529, -122340.07487520801)
(42, 31.26213550567627, -122342.80196631115, -122340.07487520784)
(43, 32.770387172698975, -122340.89300253887, -122340.0748752079)
(44, 34.387396574020386, -122340.32031340741, -122340.07487520794)
(45, 35.95053577423096, -122340.14850666362, -122340.07487520803)
(46, 37.66231727600098, -122340.09696464299, -122340.07487520803)
