(1, 0.0461733341217041, -226547.0, -14465.0)
(2, 0.0877218246459961, -223450.1724137931, -14465.0)
(3, 0.1299288272857666, -196420.1724137931, -14465.0)
(4, 0.17231488227844238, -193011.7857142857, -14465.0)
(5, 0.21492505073547363, -173253.38461538462, -14465.0)
(6, 0.2572028636932373, -173253.38461538462, -14465.0)
(7, 0.2992527484893799, -166697.38461538462, -14465.0)
(8, 0.3416635990142822, -148963.04166666666, -14465.0)
(9, 0.3842313289642334, -148963.04166666666, -14465.0)
(10, 0.42682981491088867, -129095.61904761905, -14465.0)
(11, 0.46892881393432617, -129095.61904761905, -14465.0)
(12, 0.5112442970275879, -116319.6, -14465.0)
(13, 0.5533285140991211, -105352.5, -14465.0)
(14, 0.5954921245574951, -94578.68421052632, -14465.0)
(15, 0.637866735458374, -86536.22222222222, -14465.0)
(16, 0.6803467273712158, -85883.35294117648, -14465.0)
(17, 0.7225220203399658, -85883.35294117648, -14465.0)
(18, 0.7650659084320068, -73114.93333333333, -14465.0)
(19, 0.8073301315307617, -73114.93333333333, -14465.0)
(20, 0.8493423461914062, -70856.26666666666, -14465.0)
(21, 0.8910794258117676, -70856.26666666666, -14465.0)
(22, 0.9314415454864502, -70078.0, -14465.0)
(23, 0.972022294998169, -64914.58333333333, -14465.0)
(24, 1.0127716064453125, -62163.11111111111, -14465.0)
(25, 1.0537660121917725, -58658.142857142855, -14465.0)
(26, 1.0946075916290283, -44747.416666666664, -14465.0)
(27, 1.1353263854980469, -40603.181818181816, -14465.0)
(28, 1.1763832569122314, -40603.181818181816, -14465.0)
(29, 1.2176198959350586, -38022.3, -14465.0)
(30, 1.258246660232544, -23491.444444444445, -14465.0)
(31, 1.300351619720459, -18228.529411764706, -14465.0)
(32, 1.3423078060150146, -18019.444444444445, -14465.0)
(33, 1.383453607559204, -18019.444444444445, -14465.0)
(34, 1.4246292114257812, -17664.0, -14465.0)
(35, 1.4661383628845215, -17664.0, -14465.0)
(36, 1.5073721408843994, -17664.0, -14465.0)
(37, 1.5485875606536865, -17664.0, -14465.0)
(38, 1.5901737213134766, -17664.0, -14465.0)
(39, 1.6314725875854492, -17664.0, -14465.0)
(40, 1.6731529235839844, -17664.0, -14465.0)
(41, 1.7144057750701904, -17664.0, -14465.0)
(42, 1.7557964324951172, -17664.0, -14465.0)
(43, 1.7971725463867188, -17664.0, -14465.0)
(44, 1.8387606143951416, -17664.0, -14465.0)
(45, 1.8821384906768799, -17538.333333333336, -14465.0)
(46, 1.925480842590332, -17538.333333333336, -14465.0)
(47, 1.9689455032348633, -17538.333333333336, -14465.0)
(48, 2.0121963024139404, -17538.333333333336, -14465.0)
(49, 2.055558443069458, -17538.333333333336, -14465.0)
(50, 2.099144458770752, -17538.333333333336, -14465.0)
(51, 2.1426470279693604, -17538.333333333336, -14465.0)
(52, 2.186530828475952, -17538.333333333336, -14465.0)
(53, 2.2497406005859375, -17538.333333333336, -14465.0)
(54, 2.2950778007507324, -17538.333333333336, -14465.0)
(55, 2.339719533920288, -17538.333333333336, -14465.0)
(56, 2.3842272758483887, -17231.0, -14465.0)
(57, 2.4320106506347656, -17231.0, -14465.0)
(58, 2.4807252883911133, -17231.0, -14465.0)
(59, 2.5299272537231445, -17231.0, -14465.0)
(60, 2.575378179550171, -17231.0, -14465.0)
(61, 2.6231508255004883, -16529.444444444445, -14465.0)
(62, 2.6683881282806396, -16529.444444444445, -14465.0)
(63, 2.719099998474121, -16302.0, -16302.0)
(64, 2.7627177238464355, -16302.0, -16302.0)
