(1, 0.07279419898986816, -577363.0, -22388.0)
(2, 0.15858054161071777, -273492.04857334844, -22388.0)
(3, 0.22895026206970215, -140308.82610217095, -22388.0)
(4, 0.3043065071105957, -86103.72335441454, -22388.0)
(5, 0.39382219314575195, -57891.98558459907, -22388.0)
(6, 0.49531984329223633, -49069.55596450257, -22388.0)
(7, 0.6188902854919434, -49069.55596450257, -22388.0)
(8, 0.782829761505127, -43333.63707060809, -40147.368421052626)
(9, 0.9452893733978271, -41490.99538436514, -40191.56691823898)
(10, 1.1385564804077148, -40608.60429136015, -40207.54057537401)
(11, 1.3151047229766846, -40329.685750208606, -40209.51852301162)
(12, 1.4990053176879883, -40245.56869116737, -40209.51852301162)
(13, 1.6803643703460693, -40221.14717289936, -40209.51852301161)
(14, 1.8658368587493896, -40213.007117977315, -40209.518523011604)
(15, 2.049690008163452, -40210.56510150079, -40209.518523011604)
(16, 2.2415499687194824, -40209.83249655484, -40209.518523011604)
(17, 2.4386918544769287, -40209.61271507486, -40209.51852301161)
(18, 2.6359851360321045, -40209.54678029331, -40209.51852301161)
(19, 2.8220596313476562, -40209.52700020488, -40209.51852301161)
