(1, 0.09610676765441895, -981464.0, -46466.0)
(2, 0.18795442581176758, -981464.0, -46466.0)
(3, 0.28688549995422363, -966056.3142857143, -46466.0)
(4, 0.3841743469238281, -966056.3142857143, -46466.0)
(5, 0.47997069358825684, -966056.3142857143, -46466.0)
(6, 0.575054407119751, -966056.3142857143, -46466.0)
(7, 0.6679213047027588, -966056.3142857143, -46466.0)
(8, 0.7610781192779541, -966056.3142857143, -46466.0)
(9, 0.8535716533660889, -966056.3142857143, -46466.0)
(10, 0.9466464519500732, -966056.3142857143, -46466.0)
(11, 1.0392131805419922, -966056.3142857143, -46466.0)
(12, 1.132404088973999, -966056.3142857143, -46466.0)
(13, 1.2246644496917725, -966056.3142857143, -46466.0)
(14, 1.317251443862915, -966056.3142857143, -46466.0)
(15, 1.4100499153137207, -966056.3142857143, -46466.0)
(16, 1.5025956630706787, -966056.3142857143, -46466.0)
(17, 1.5956523418426514, -966056.3142857143, -46466.0)
(18, 1.6901624202728271, -966056.3142857143, -46466.0)
(19, 1.7814421653747559, -966056.3142857143, -46466.0)
(20, 1.8778893947601318, -966056.3142857143, -46466.0)
(21, 1.9758164882659912, -966056.3142857143, -46466.0)
(22, 2.070488452911377, -966056.3142857143, -46466.0)
(23, 2.167893886566162, -966056.3142857143, -46466.0)
(24, 2.2642006874084473, -966056.3142857143, -46466.0)
(25, 2.3643853664398193, -966056.3142857143, -46466.0)
(26, 2.4620885848999023, -966056.3142857143, -46466.0)
(27, 2.5581517219543457, -966056.3142857143, -46466.0)
(28, 2.6552436351776123, -966056.3142857143, -46466.0)
(29, 2.7514889240264893, -966056.3142857143, -46466.0)
(30, 2.8464291095733643, -966056.3142857143, -46466.0)
(31, 2.9413139820098877, -966056.3142857143, -46466.0)
(32, 3.0363428592681885, -966056.3142857143, -46466.0)
(33, 3.1309573650360107, -966056.3142857143, -46466.0)
(34, 3.2246601581573486, -966056.3142857143, -46466.0)
(35, 3.3179125785827637, -966056.3142857143, -46466.0)
(36, 3.4170265197753906, -966056.3142857143, -46466.0)
(37, 3.51604962348938, -966056.3142857143, -46466.0)
(38, 3.610537528991699, -966056.3142857143, -46466.0)
(39, 3.7032930850982666, -966056.3142857143, -46466.0)
(40, 3.801623821258545, -966056.3142857143, -46466.0)
(41, 3.901139974594116, -966056.3142857143, -46466.0)
(42, 4.0011632442474365, -966056.3142857143, -46466.0)
(43, 4.097638368606567, -966056.3142857143, -46466.0)
(44, 4.192756414413452, -966056.3142857143, -46466.0)
(45, 4.28740382194519, -966056.3142857143, -46466.0)
(46, 4.382738828659058, -966056.3142857143, -46466.0)
(47, 4.481013298034668, -966056.3142857143, -46466.0)
(48, 4.577676773071289, -966056.3142857143, -46466.0)
(49, 4.673526048660278, -966056.3142857143, -46466.0)
(50, 4.770279884338379, -966056.3142857143, -46466.0)
(51, 4.8665711879730225, -966056.3142857143, -46466.0)
(52, 4.965582609176636, -966056.3142857143, -46466.0)
(53, 5.062172889709473, -966056.3142857143, -46466.0)
(54, 5.157758712768555, -966056.3142857143, -46466.0)
(55, 5.253205060958862, -966056.3142857143, -46466.0)
(56, 5.35260796546936, -966056.3142857143, -46466.0)
(57, 5.452384948730469, -966056.3142857143, -46466.0)
(58, 5.550492525100708, -966056.3142857143, -46466.0)
(59, 5.648344039916992, -966056.3142857143, -46466.0)
(60, 5.744876861572266, -966056.3142857143, -46466.0)
(61, 5.845240831375122, -966056.3142857143, -46466.0)
(62, 5.941844463348389, -966056.3142857143, -46466.0)
(63, 6.04345440864563, -966056.3142857143, -46466.0)
(64, 6.138284921646118, -966056.3142857143, -46466.0)
(65, 6.231163501739502, -893582.6206896552, -46466.0)
(66, 6.337884902954102, -893582.6206896552, -46466.0)
(67, 6.437474250793457, -893582.6206896552, -46466.0)
(68, 6.537376880645752, -893582.6206896552, -46466.0)
(69, 6.6371846199035645, -893582.6206896552, -46466.0)
(70, 6.7375898361206055, -893582.6206896552, -46466.0)
(71, 6.837650299072266, -893582.6206896552, -46466.0)
(72, 6.9376935958862305, -893582.6206896552, -46466.0)
(73, 7.037246942520142, -893582.6206896552, -46466.0)
(74, 7.137185573577881, -893582.6206896552, -46466.0)
(75, 7.237136363983154, -893582.6206896552, -46466.0)
(76, 7.337480068206787, -893582.6206896552, -46466.0)
(77, 7.437747240066528, -893582.6206896552, -46466.0)
(78, 7.539292097091675, -893582.6206896552, -46466.0)
(79, 7.641806364059448, -893582.6206896552, -46466.0)
(80, 7.743683338165283, -893582.6206896552, -46466.0)
(81, 7.84392237663269, -893582.6206896552, -46466.0)
(82, 7.9446165561676025, -893582.6206896552, -46466.0)
(83, 8.045466184616089, -893582.6206896552, -46466.0)
(84, 8.146352529525757, -893582.6206896552, -46466.0)
(85, 8.247456073760986, -893582.6206896552, -46466.0)
(86, 8.349854946136475, -893582.6206896552, -46466.0)
(87, 8.454563617706299, -893582.6206896552, -46466.0)
(88, 8.56020736694336, -893582.6206896552, -46466.0)
(89, 8.667692422866821, -893582.6206896552, -46466.0)
(90, 8.794079065322876, -893582.6206896552, -46466.0)
(91, 8.901790857315063, -893582.6206896552, -46466.0)
(92, 9.00519585609436, -893582.6206896552, -46466.0)
(93, 9.110689878463745, -893582.6206896552, -46466.0)
(94, 9.216421127319336, -893582.6206896552, -46466.0)
(95, 9.320658922195435, -893582.6206896552, -46466.0)
(96, 9.424074172973633, -893582.6206896552, -46466.0)
(97, 9.52805471420288, -893582.6206896552, -46466.0)
(98, 9.629474878311157, -893582.6206896552, -46466.0)
(99, 9.73465609550476, -893582.6206896552, -46466.0)
(100, 9.840914726257324, -893582.6206896552, -46466.0)
(101, 9.942824125289917, -893582.6206896552, -46466.0)
(102, 10.058484077453613, -893582.6206896552, -46466.0)
(103, 10.173324823379517, -893582.6206896552, -46466.0)
(104, 10.279878854751587, -893582.6206896552, -46466.0)
(105, 10.392774105072021, -893582.6206896552, -46466.0)
(106, 10.498342514038086, -893582.6206896552, -46466.0)
(107, 10.61306619644165, -893582.6206896552, -46466.0)
(108, 10.732876777648926, -893582.6206896552, -46466.0)
(109, 10.84605598449707, -893582.6206896552, -46466.0)
(110, 10.956871747970581, -893582.6206896552, -46466.0)
(111, 11.06734824180603, -893582.6206896552, -46466.0)
(112, 11.179853200912476, -893582.6206896552, -46466.0)
(113, 11.288188457489014, -893582.6206896552, -46466.0)
(114, 11.397622346878052, -893582.6206896552, -46466.0)
(115, 11.503024101257324, -893582.6206896552, -46466.0)
(116, 11.610871076583862, -893582.6206896552, -46466.0)
(117, 11.721669912338257, -893582.6206896552, -46466.0)
(118, 11.827710390090942, -893582.6206896552, -46466.0)
(119, 11.937711477279663, -893582.6206896552, -46466.0)
(120, 12.046914100646973, -893582.6206896552, -46466.0)
(121, 12.157097101211548, -893582.6206896552, -46466.0)
(122, 12.268328189849854, -893582.6206896552, -46466.0)
(123, 12.380598545074463, -893582.6206896552, -46466.0)
(124, 12.493712663650513, -893582.6206896552, -46466.0)
(125, 12.603031873703003, -893582.6206896552, -46466.0)
(126, 12.713882446289062, -893582.6206896552, -46466.0)
(127, 12.840221881866455, -893582.6206896552, -46466.0)
(128, 12.951452732086182, -893582.6206896552, -46466.0)
(129, 13.063952922821045, -893582.6206896552, -46466.0)
(130, 13.176943063735962, -893582.6206896552, -46466.0)
(131, 13.299057722091675, -893582.6206896552, -46466.0)
(132, 13.41201639175415, -893582.6206896552, -46466.0)
(133, 13.51822280883789, -893582.6206896552, -46466.0)
(134, 13.648145198822021, -893582.6206896552, -46466.0)
(135, 13.765140056610107, -893582.6206896552, -46466.0)
(136, 13.882164001464844, -893582.6206896552, -46466.0)
(137, 13.998757362365723, -893582.6206896552, -46466.0)
(138, 14.113910913467407, -893582.6206896552, -46466.0)
(139, 14.228271245956421, -893582.6206896552, -46466.0)
(140, 14.340863466262817, -893582.6206896552, -46466.0)
(141, 14.457631587982178, -893582.6206896552, -46466.0)
(142, 14.575191497802734, -893582.6206896552, -46466.0)
(143, 14.688058614730835, -893582.6206896552, -46466.0)
(144, 14.804860353469849, -893582.6206896552, -46466.0)
(145, 14.9178626537323, -893582.6206896552, -46466.0)
(146, 15.030178546905518, -893582.6206896552, -46466.0)
(147, 15.145122766494751, -893582.6206896552, -46466.0)
(148, 15.261145830154419, -893582.6206896552, -46466.0)
(149, 15.37885046005249, -893582.6206896552, -46466.0)
(150, 15.496102094650269, -893582.6206896552, -46466.0)
(151, 15.610661506652832, -893582.6206896552, -46466.0)
(152, 15.729029893875122, -893582.6206896552, -46466.0)
(153, 15.843684673309326, -893582.6206896552, -46466.0)
(154, 15.960468769073486, -893582.6206896552, -46466.0)
(155, 16.078084707260132, -893582.6206896552, -46466.0)
(156, 16.229161977767944, -893582.6206896552, -46466.0)
(157, 16.35750102996826, -893582.6206896552, -46466.0)
(158, 16.48393678665161, -893582.6206896552, -46466.0)
(159, 16.607900619506836, -893582.6206896552, -46466.0)
(160, 16.7289559841156, -893582.6206896552, -46466.0)
(161, 16.8524067401886, -893582.6206896552, -46466.0)
(162, 16.980417728424072, -893582.6206896552, -46466.0)
(163, 17.110105276107788, -893582.6206896552, -46466.0)
(164, 17.234527826309204, -893582.6206896552, -46466.0)
(165, 17.360392332077026, -893582.6206896552, -46466.0)
(166, 17.48026418685913, -893582.6206896552, -46466.0)
(167, 17.59933114051819, -893582.6206896552, -46466.0)
(168, 17.72703194618225, -893582.6206896552, -46466.0)
(169, 17.876513242721558, -893582.6206896552, -46466.0)
(170, 18.024233102798462, -893582.6206896552, -46466.0)
(171, 18.149780750274658, -893582.6206896552, -46466.0)
(172, 18.29651665687561, -893582.6206896552, -46466.0)
(173, 18.445314407348633, -893582.6206896552, -46466.0)
(174, 18.590873956680298, -893582.6206896552, -46466.0)
(175, 18.739460468292236, -893582.6206896552, -46466.0)
(176, 18.88935923576355, -893582.6206896552, -46466.0)
(177, 19.03718638420105, -893582.6206896552, -46466.0)
(178, 19.190685510635376, -893582.6206896552, -46466.0)
(179, 19.314600944519043, -893582.6206896552, -46466.0)
(180, 19.46874165534973, -893582.6206896552, -46466.0)
(181, 19.602742671966553, -893582.6206896552, -46466.0)
(182, 19.779687881469727, -893582.6206896552, -46466.0)
(183, 19.93495535850525, -893582.6206896552, -46466.0)
(184, 20.0954806804657, -893582.6206896552, -46466.0)
(185, 20.229678630828857, -893582.6206896552, -46466.0)
(186, 20.366992473602295, -893582.6206896552, -46466.0)
(187, 20.495487928390503, -893582.6206896552, -46466.0)
(188, 20.63395380973816, -893582.6206896552, -46466.0)
(189, 20.76561737060547, -893582.6206896552, -46466.0)
(190, 20.903435707092285, -893582.6206896552, -46466.0)
(191, 21.035184144973755, -893582.6206896552, -46466.0)
(192, 21.162818908691406, -893582.6206896552, -46466.0)
(193, 21.286529779434204, -893582.6206896552, -46466.0)
(194, 21.416285753250122, -893582.6206896552, -46466.0)
(195, 21.560792922973633, -893582.6206896552, -46466.0)
(196, 21.70486044883728, -893582.6206896552, -46466.0)
(197, 21.845146417617798, -893582.6206896552, -46466.0)
(198, 21.97359848022461, -893582.6206896552, -46466.0)
(199, 22.103864431381226, -893582.6206896552, -46466.0)
(200, 22.23129177093506, -893582.6206896552, -46466.0)
(201, 22.36212968826294, -893582.6206896552, -46466.0)
(202, 22.49440622329712, -893582.6206896552, -46466.0)
(203, 22.62445068359375, -893582.6206896552, -46466.0)
(204, 22.78463578224182, -893582.6206896552, -46466.0)
(205, 22.926841735839844, -893582.6206896552, -46466.0)
(206, 23.073375463485718, -893582.6206896552, -46466.0)
(207, 23.23773694038391, -893582.6206896552, -46466.0)
(208, 23.378796815872192, -893582.6206896552, -46466.0)
(209, 23.525044679641724, -893582.6206896552, -46466.0)
(210, 23.66190791130066, -893582.6206896552, -46466.0)
(211, 23.823597192764282, -893582.6206896552, -46466.0)
(212, 24.003178596496582, -893582.6206896552, -46466.0)
(213, 24.14968729019165, -893582.6206896552, -46466.0)
(214, 24.288758993148804, -893582.6206896552, -46466.0)
(215, 24.42698049545288, -893582.6206896552, -46466.0)
(216, 24.56044292449951, -893582.6206896552, -46466.0)
(217, 24.705997705459595, -893582.6206896552, -46466.0)
(218, 24.856207132339478, -893582.6206896552, -46466.0)
(219, 25.002475261688232, -893582.6206896552, -46466.0)
(220, 25.139837741851807, -893582.6206896552, -46466.0)
(221, 25.282553672790527, -893582.6206896552, -46466.0)
(222, 25.455068826675415, -893582.6206896552, -46466.0)
(223, 25.602229356765747, -893582.6206896552, -46466.0)
(224, 25.75667119026184, -893582.6206896552, -46466.0)
(225, 25.898433208465576, -893582.6206896552, -46466.0)
(226, 26.047224044799805, -893582.6206896552, -46466.0)
(227, 26.195993423461914, -893582.6206896552, -46466.0)
(228, 26.340664863586426, -893582.6206896552, -46466.0)
(229, 26.483448028564453, -893582.6206896552, -46466.0)
(230, 26.629565954208374, -893582.6206896552, -46466.0)
(231, 26.77879524230957, -893582.6206896552, -46466.0)
(232, 26.925295114517212, -893582.6206896552, -46466.0)
(233, 27.06919574737549, -893582.6206896552, -46466.0)
(234, 27.207275867462158, -893582.6206896552, -46466.0)
(235, 27.40134882926941, -893582.6206896552, -46466.0)
(236, 27.59116768836975, -893582.6206896552, -46466.0)
(237, 27.775476694107056, -893582.6206896552, -46466.0)
(238, 27.95274591445923, -893582.6206896552, -46466.0)
(239, 28.162903785705566, -893582.6206896552, -46466.0)
(240, 28.34896445274353, -893582.6206896552, -46466.0)
(241, 28.54188299179077, -893582.6206896552, -46466.0)
(242, 28.735846281051636, -834808.8858695652, -46466.0)
(243, 28.939473867416382, -834808.8858695652, -46466.0)
(244, 29.130199670791626, -834808.8858695652, -46466.0)
(245, 29.30745577812195, -834808.8858695652, -46466.0)
(246, 29.49909257888794, -834808.8858695652, -46466.0)
(247, 29.675029039382935, -834808.8858695652, -46466.0)
(248, 29.85560965538025, -834808.8858695652, -46466.0)
(249, 30.04369044303894, -834808.8858695652, -46466.0)
(250, 30.228257656097412, -834808.8858695652, -46466.0)
(251, 30.396265745162964, -834808.8858695652, -46466.0)
(252, 30.61254334449768, -834808.8858695652, -46466.0)
(253, 30.814806938171387, -834808.8858695652, -46466.0)
(254, 31.006239891052246, -834808.8858695652, -46466.0)
(255, 31.212703943252563, -834808.8858695652, -46466.0)
(256, 31.392794609069824, -834808.8858695652, -46466.0)
(257, 31.580058336257935, -834808.8858695652, -46466.0)
(258, 31.79892635345459, -834808.8858695652, -46466.0)
(259, 32.012455224990845, -834808.8858695652, -46466.0)
(260, 32.15147161483765, -834808.8858695652, -46466.0)
(261, 32.309563636779785, -834808.8858695652, -46466.0)
(262, 32.448631286621094, -834808.8858695652, -46466.0)
(263, 32.66883587837219, -834808.8858695652, -46466.0)
(264, 32.87096619606018, -834808.8858695652, -46466.0)
(265, 33.0644588470459, -834808.8858695652, -46466.0)
(266, 33.25688624382019, -834808.8858695652, -46466.0)
(267, 33.4169807434082, -834808.8858695652, -46466.0)
(268, 33.58955478668213, -834808.8858695652, -46466.0)
(269, 33.77816200256348, -834808.8858695652, -46466.0)
(270, 33.9386100769043, -834808.8858695652, -46466.0)
(271, 34.11408448219299, -834808.8858695652, -46466.0)
(272, 34.3200957775116, -834808.8858695652, -46466.0)
(273, 34.53098940849304, -834808.8858695652, -46466.0)
(274, 34.706053018569946, -834808.8858695652, -46466.0)
(275, 34.886550426483154, -834808.8858695652, -46466.0)
(276, 35.0915892124176, -834808.8858695652, -46466.0)
(277, 35.26415419578552, -834808.8858695652, -46466.0)
(278, 35.44027256965637, -834808.8858695652, -46466.0)
(279, 35.6511549949646, -834808.8858695652, -46466.0)
(280, 35.87525129318237, -834808.8858695652, -46466.0)
(281, 36.05174207687378, -834808.8858695652, -46466.0)
(282, 36.2729754447937, -834808.8858695652, -46466.0)
(283, 36.44188618659973, -834808.8858695652, -46466.0)
(284, 36.60444355010986, -834808.8858695652, -46466.0)
(285, 36.76816654205322, -834808.8858695652, -46466.0)
(286, 36.96791934967041, -834808.8858695652, -46466.0)
(287, 37.1904833316803, -834808.8858695652, -46466.0)
(288, 37.400415897369385, -834808.8858695652, -46466.0)
(289, 37.63204216957092, -834808.8858695652, -46466.0)
(290, 37.84744191169739, -834808.8858695652, -46466.0)
(291, 38.06660580635071, -834808.8858695652, -46466.0)
(292, 38.294917583465576, -834808.8858695652, -46466.0)
(293, 38.57058024406433, -834808.8858695652, -46466.0)
(294, 38.779746532440186, -834808.8858695652, -46466.0)
(295, 38.977492332458496, -834808.8858695652, -46466.0)
(296, 39.21358585357666, -834808.8858695652, -46466.0)
(297, 39.4329195022583, -834808.8858695652, -46466.0)
(298, 39.66565227508545, -834808.8858695652, -46466.0)
(299, 39.887303829193115, -834808.8858695652, -46466.0)
(300, 40.112566232681274, -834808.8858695652, -46466.0)
(301, 40.36830258369446, -834808.8858695652, -46466.0)
(302, 40.553874492645264, -834808.8858695652, -46466.0)
(303, 40.79133105278015, -834808.8858695652, -46466.0)
(304, 41.07465410232544, -834808.8858695652, -46466.0)
(305, 41.323296546936035, -834808.8858695652, -46466.0)
(306, 41.54838275909424, -834808.8858695652, -46466.0)
(307, 41.79878520965576, -834808.8858695652, -46466.0)
(308, 42.02269673347473, -834808.8858695652, -46466.0)
(309, 42.24460577964783, -834808.8858695652, -46466.0)
(310, 42.53162384033203, -834808.8858695652, -46466.0)
(311, 42.77183270454407, -834808.8858695652, -46466.0)
(312, 43.026630878448486, -834808.8858695652, -46466.0)
(313, 43.33688759803772, -834808.8858695652, -46466.0)
(314, 43.63054919242859, -834808.8858695652, -46466.0)
(315, 43.86524534225464, -834808.8858695652, -46466.0)
(316, 44.041279792785645, -834808.8858695652, -46466.0)
(317, 44.292317390441895, -834808.8858695652, -46466.0)
(318, 44.628077030181885, -834808.8858695652, -46466.0)
(319, 44.925257205963135, -834808.8858695652, -46466.0)
(320, 45.26680064201355, -834808.8858695652, -46466.0)
(321, 45.470436334609985, -834808.8858695652, -46466.0)
(322, 45.755427837371826, -834808.8858695652, -46466.0)
(323, 46.03007960319519, -834808.8858695652, -46466.0)
(324, 46.32887125015259, -834808.8858695652, -46466.0)
(325, 46.5506637096405, -834808.8858695652, -46466.0)
(326, 46.80637311935425, -834808.8858695652, -46466.0)
(327, 47.043543100357056, -834808.8858695652, -46466.0)
(328, 47.226333141326904, -834808.8858695652, -46466.0)
(329, 47.512489557266235, -779744.8201754383, -46466.0)
(330, 47.77562165260315, -779744.8201754383, -46466.0)
(331, 47.946187257766724, -779744.8201754383, -46466.0)
(332, 48.126354694366455, -779744.8201754383, -46466.0)
(333, 48.315799951553345, -779744.8201754383, -46466.0)
(334, 48.4846613407135, -779744.8201754383, -46466.0)
(335, 48.661338567733765, -779744.8201754383, -46466.0)
(336, 48.829490184783936, -779744.8201754383, -46466.0)
(337, 49.04557824134827, -779744.8201754383, -46466.0)
(338, 49.222877502441406, -779744.8201754383, -46466.0)
(339, 49.40806603431702, -779744.8201754383, -46466.0)
(340, 49.59886646270752, -779744.8201754383, -46466.0)
(341, 49.84521174430847, -779744.8201754383, -46466.0)
(342, 50.03996133804321, -779744.8201754383, -46466.0)
(343, 50.221747159957886, -779744.8201754383, -46466.0)
(344, 50.483296155929565, -732231.0735735737, -46466.0)
(345, 50.74447584152222, -732231.0735735737, -46466.0)
(346, 50.930206537246704, -732231.0735735737, -46466.0)
(347, 51.136022329330444, -732231.0735735737, -46466.0)
(348, 51.329972982406616, -732231.0735735737, -46466.0)
(349, 51.527135133743286, -732231.0735735737, -46466.0)
(350, 51.77744936943054, -732231.0735735737, -46466.0)
(351, 51.972790241241455, -732231.0735735737, -46466.0)
(352, 52.17000699043274, -732231.0735735737, -46466.0)
(353, 52.44422268867493, -732231.0735735737, -46466.0)
(354, 52.65730047225952, -732231.0735735737, -46466.0)
(355, 52.86843657493591, -732231.0735735737, -46466.0)
(356, 53.17404747009277, -732231.0735735737, -46466.0)
(357, 53.4628369808197, -732231.0735735737, -46466.0)
(358, 53.72596859931946, -732231.0735735737, -46466.0)
(359, 53.99826407432556, -732231.0735735737, -46466.0)
(360, 54.29652261734009, -732231.0735735737, -46466.0)
(361, 54.55962920188904, -732231.0735735737, -46466.0)
(362, 54.824199199676514, -732231.0735735737, -46466.0)
(363, 55.0770628452301, -732231.0735735737, -46466.0)
(364, 55.36601185798645, -732231.0735735737, -46466.0)
(365, 55.61894202232361, -732231.0735735737, -46466.0)
(366, 55.93287253379822, -732231.0735735737, -46466.0)
(367, 56.14794588088989, -732231.0735735737, -46466.0)
(368, 56.414578914642334, -732231.0735735737, -46466.0)
(369, 56.68264722824097, -732231.0735735737, -46466.0)
(370, 56.93706727027893, -732231.0735735737, -46466.0)
(371, 57.20930886268616, -732231.0735735737, -46466.0)
(372, 57.456942081451416, -732231.0735735737, -46466.0)
(373, 57.72236394882202, -732231.0735735737, -46466.0)
(374, 57.98114562034607, -732231.0735735737, -46466.0)
(375, 58.242101430892944, -732231.0735735737, -46466.0)
(376, 58.52880096435547, -732231.0735735737, -46466.0)
(377, 58.82492446899414, -732231.0735735737, -46466.0)
(378, 59.09802722930908, -732231.0735735737, -46466.0)
(379, 59.3868191242218, -732231.0735735737, -46466.0)
(380, 59.64768433570862, -732231.0735735737, -46466.0)
(381, 59.94718623161316, -732231.0735735737, -46466.0)
(382, 60.16759395599365, -732231.0735735737, -46466.0)
(383, 60.34067749977112, -732231.0735735737, -46466.0)
(384, 60.50339603424072, -732231.0735735737, -46466.0)
(385, 60.65183901786804, -732231.0735735737, -46466.0)
(386, 60.81343340873718, -732231.0735735737, -46466.0)
(387, 61.00654625892639, -732231.0735735737, -46466.0)
(388, 61.169137954711914, -732231.0735735737, -46466.0)
(389, 61.34586215019226, -732231.0735735737, -46466.0)
(390, 61.4939603805542, -732231.0735735737, -46466.0)
(391, 61.70056343078613, -732231.0735735737, -46466.0)
(392, 61.884382009506226, -732231.0735735737, -46466.0)
(393, 62.06029677391052, -732231.0735735737, -46466.0)
(394, 62.22878551483154, -732231.0735735737, -46466.0)
(395, 62.3889217376709, -732231.0735735737, -46466.0)
(396, 62.59192609786987, -732231.0735735737, -46466.0)
(397, 62.852041244506836, -732231.0735735737, -46466.0)
(398, 63.03783893585205, -732231.0735735737, -46466.0)
(399, 63.207937479019165, -732231.0735735737, -46466.0)
(400, 63.38278937339783, -732231.0735735737, -46466.0)
(401, 63.53649687767029, -732231.0735735737, -46466.0)
(402, 63.71096324920654, -732231.0735735737, -46466.0)
(403, 63.869338512420654, -732231.0735735737, -46466.0)
(404, 64.05189990997314, -732231.0735735737, -46466.0)
(405, 64.2462866306305, -732231.0735735737, -46466.0)
(406, 64.42377090454102, -732231.0735735737, -46466.0)
(407, 64.60425090789795, -732231.0735735737, -46466.0)
(408, 64.77692532539368, -732231.0735735737, -46466.0)
(409, 64.97358679771423, -732231.0735735737, -46466.0)
(410, 65.28253960609436, -732231.0735735737, -46466.0)
(411, 65.49397158622742, -732231.0735735737, -46466.0)
(412, 65.7576048374176, -732231.0735735737, -46466.0)
(413, 66.0354073047638, -732231.0735735737, -46466.0)
(414, 66.24350166320801, -707704.2181155016, -46466.0)
(415, 66.44615840911865, -707704.2181155016, -46466.0)
(416, 66.66647267341614, -707704.2181155016, -46466.0)
(417, 66.8527159690857, -707704.2181155016, -46466.0)
(418, 67.05801391601562, -707704.2181155016, -46466.0)
(419, 67.25497674942017, -707704.2181155016, -46466.0)
(420, 67.47214555740356, -707704.2181155016, -46466.0)
(421, 67.70118761062622, -707704.2181155016, -46466.0)
(422, 67.8971517086029, -707704.2181155016, -46466.0)
(423, 68.0892539024353, -707704.2181155016, -46466.0)
(424, 68.30997657775879, -707704.2181155016, -46466.0)
(425, 68.58213949203491, -707704.2181155016, -46466.0)
(426, 68.7681405544281, -707704.2181155016, -46466.0)
(427, 68.97699737548828, -707704.2181155016, -46466.0)
(428, 69.19936776161194, -707704.2181155016, -46466.0)
(429, 69.3600640296936, -707704.2181155016, -46466.0)
(430, 69.51964473724365, -707704.2181155016, -46466.0)
(431, 69.74652576446533, -707704.2181155016, -46466.0)
(432, 70.0383050441742, -707704.2181155016, -46466.0)
(433, 70.26778984069824, -707704.2181155016, -46466.0)
(434, 70.50174880027771, -707704.2181155016, -46466.0)
(435, 70.72697567939758, -707704.2181155016, -46466.0)
(436, 70.90417242050171, -707704.2181155016, -46466.0)
(437, 71.10364055633545, -707704.2181155016, -46466.0)
(438, 71.31856918334961, -707704.2181155016, -46466.0)
(439, 71.55006623268127, -707704.2181155016, -46466.0)
(440, 71.84319233894348, -707704.2181155016, -46466.0)
(441, 72.08100271224976, -707704.2181155016, -46466.0)
(442, 72.37259197235107, -707704.2181155016, -46466.0)
(443, 72.61781024932861, -707704.2181155016, -46466.0)
(444, 72.92269229888916, -707704.2181155016, -46466.0)
(445, 73.25270056724548, -707704.2181155016, -46466.0)
(446, 73.52890038490295, -698298.3402777778, -46466.0)
(447, 73.71856117248535, -698298.3402777778, -46466.0)
(448, 73.88315486907959, -698298.3402777778, -46466.0)
(449, 74.12706446647644, -698298.3402777778, -46466.0)
(450, 74.34607744216919, -698298.3402777778, -46466.0)
(451, 74.52742338180542, -698298.3402777778, -46466.0)
(452, 74.75977420806885, -698298.3402777778, -46466.0)
(453, 75.00510048866272, -698298.3402777778, -46466.0)
(454, 75.23621463775635, -698298.3402777778, -46466.0)
(455, 75.47956252098083, -698298.3402777778, -46466.0)
(456, 75.67582821846008, -698298.3402777778, -46466.0)
(457, 75.84664130210876, -698298.3402777778, -46466.0)
(458, 76.01339912414551, -698298.3402777778, -46466.0)
(459, 76.17568278312683, -698298.3402777778, -46466.0)
(460, 76.37502551078796, -698298.3402777778, -46466.0)
(461, 76.55436754226685, -698298.3402777778, -46466.0)
(462, 76.72456693649292, -698298.3402777778, -46466.0)
(463, 76.89597272872925, -698298.3402777778, -46466.0)
(464, 77.08254027366638, -698298.3402777778, -46466.0)
(465, 77.25531721115112, -698298.3402777778, -46466.0)
(466, 77.42837047576904, -698298.3402777778, -46466.0)
(467, 77.6048231124878, -698298.3402777778, -46466.0)
(468, 77.79291725158691, -698298.3402777778, -46466.0)
(469, 77.96598744392395, -698298.3402777778, -46466.0)
(470, 78.14678478240967, -698298.3402777778, -46466.0)
(471, 78.33709502220154, -698298.3402777778, -46466.0)
(472, 78.50480818748474, -698298.3402777778, -46466.0)
(473, 78.67875599861145, -698298.3402777778, -46466.0)
(474, 78.88787317276001, -660162.5, -46466.0)
(475, 79.08713388442993, -660162.5, -46466.0)
(476, 79.26593971252441, -660162.5, -46466.0)
(477, 79.43574047088623, -660162.5, -46466.0)
(478, 79.59124279022217, -660162.5, -46466.0)
(479, 79.7657573223114, -660162.5, -46466.0)
(480, 79.93961882591248, -660162.5, -46466.0)
(481, 80.09799718856812, -660162.5, -46466.0)
(482, 80.26595759391785, -660162.5, -46466.0)
(483, 80.4480893611908, -660162.5, -46466.0)
(484, 80.61242866516113, -660162.5, -46466.0)
(485, 80.78109955787659, -660162.5, -46466.0)
(486, 80.95261693000793, -660162.5, -46466.0)
(487, 81.1048276424408, -660162.5, -46466.0)
(488, 81.27287769317627, -660162.5, -46466.0)
(489, 81.4257915019989, -660162.5, -46466.0)
(490, 81.61311388015747, -660162.5, -46466.0)
(491, 81.77215456962585, -660162.5, -46466.0)
(492, 81.93636465072632, -660162.5, -46466.0)
(493, 82.10474514961243, -660162.5, -46466.0)
(494, 82.2788565158844, -660162.5, -46466.0)
(495, 82.48361301422119, -660162.5, -46466.0)
(496, 82.68626642227173, -660162.5, -46466.0)
(497, 82.85694646835327, -660162.5, -46466.0)
(498, 83.03916335105896, -660162.5, -46466.0)
(499, 83.21042680740356, -660162.5, -46466.0)
(500, 83.40236854553223, -660162.5, -46466.0)
(501, 83.5833671092987, -660162.5, -46466.0)
(502, 83.77207112312317, -660162.5, -46466.0)
(503, 83.95812892913818, -660162.5, -46466.0)
(504, 84.14703035354614, -660162.5, -46466.0)
(505, 84.35572671890259, -660162.5, -46466.0)
(506, 84.55930352210999, -660162.5, -46466.0)
(507, 84.75243902206421, -660162.5, -46466.0)
(508, 84.95771479606628, -660162.5, -46466.0)
(509, 85.13883137702942, -660162.5, -46466.0)
(510, 85.33148312568665, -660162.5, -46466.0)
(511, 85.54235696792603, -660162.5, -46466.0)
(512, 85.74664402008057, -660162.5, -46466.0)
(513, 85.96296310424805, -660162.5, -46466.0)
(514, 86.20074009895325, -660162.5, -46466.0)
(515, 86.40148520469666, -660162.5, -46466.0)
(516, 86.59392762184143, -660162.5, -46466.0)
(517, 86.7679443359375, -660162.5, -46466.0)
(518, 86.9367253780365, -660162.5, -46466.0)
(519, 87.12380623817444, -660162.5, -46466.0)
(520, 87.2980420589447, -660162.5, -46466.0)
(521, 87.51164102554321, -660162.5, -46466.0)
(522, 87.69845819473267, -660162.5, -46466.0)
(523, 87.89569973945618, -660162.5, -46466.0)
(524, 88.08051824569702, -660162.5, -46466.0)
(525, 88.31737184524536, -660162.5, -46466.0)
(526, 88.51295852661133, -660162.5, -46466.0)
(527, 88.73586869239807, -660162.5, -46466.0)
(528, 88.92978739738464, -660162.5, -46466.0)
(529, 89.12388873100281, -660162.5, -46466.0)
(530, 89.32682991027832, -660162.5, -46466.0)
(531, 89.53077006340027, -660162.5, -46466.0)
(532, 89.72080564498901, -660162.5, -46466.0)
(533, 89.91981244087219, -660162.5, -46466.0)
(534, 90.1064510345459, -660162.5, -46466.0)
(535, 90.34566688537598, -623588.527027027, -46466.0)
(536, 90.63695216178894, -623588.527027027, -46466.0)
(537, 90.90637969970703, -623588.527027027, -46466.0)
(538, 91.14234352111816, -623588.527027027, -46466.0)
(539, 91.42563700675964, -623588.527027027, -46466.0)
(540, 91.79051756858826, -623588.527027027, -46466.0)
(541, 92.08603429794312, -623588.527027027, -46466.0)
(542, 92.38038659095764, -623588.527027027, -46466.0)
(543, 92.62310838699341, -623588.527027027, -46466.0)
(544, 92.90013360977173, -623588.527027027, -46466.0)
(545, 93.27772355079651, -623588.527027027, -46466.0)
(546, 93.64964723587036, -623588.527027027, -46466.0)
(547, 93.9459958076477, -623588.527027027, -46466.0)
(548, 94.25845074653625, -623588.527027027, -46466.0)
(549, 94.56759285926819, -623588.527027027, -46466.0)
(550, 94.87833499908447, -623588.527027027, -46466.0)
(551, 95.2007007598877, -623588.527027027, -46466.0)
(552, 95.59011650085449, -623588.527027027, -46466.0)
(553, 95.95371174812317, -623588.527027027, -46466.0)
(554, 96.37086319923401, -623588.527027027, -46466.0)
(555, 96.75470781326294, -623588.527027027, -46466.0)
(556, 97.02949595451355, -623588.527027027, -46466.0)
(557, 97.41254043579102, -623588.527027027, -46466.0)
(558, 97.74369096755981, -623588.527027027, -46466.0)
(559, 98.04077196121216, -623588.527027027, -46466.0)
(560, 98.36034202575684, -623588.527027027, -46466.0)
(561, 98.59589147567749, -623588.527027027, -46466.0)
(562, 98.87720036506653, -623588.527027027, -46466.0)
(563, 99.17169785499573, -623588.527027027, -46466.0)
(564, 99.57391023635864, -623588.527027027, -46466.0)
(565, 100.01861071586609, -623588.527027027, -46466.0)
(566, 100.32790184020996, -623588.527027027, -46466.0)
(567, 100.59632444381714, -623588.527027027, -46466.0)
(568, 100.99207139015198, -623588.527027027, -46466.0)
(569, 101.4547803401947, -623588.527027027, -46466.0)
(570, 101.78914666175842, -623588.527027027, -46466.0)
(571, 102.19073057174683, -623588.527027027, -46466.0)
(572, 102.60247302055359, -623588.527027027, -46466.0)
(573, 103.04528641700745, -623588.527027027, -46466.0)
(574, 103.2893877029419, -623588.527027027, -46466.0)
(575, 103.47381329536438, -623588.527027027, -46466.0)
(576, 103.65803861618042, -623588.527027027, -46466.0)
(577, 103.85313487052917, -623588.527027027, -46466.0)
(578, 104.05380630493164, -623588.527027027, -46466.0)
(579, 104.28576517105103, -623588.527027027, -46466.0)
(580, 104.4807059764862, -623588.527027027, -46466.0)
(581, 104.6464786529541, -623588.527027027, -46466.0)
(582, 104.87534928321838, -623588.527027027, -46466.0)
(583, 105.0764365196228, -623588.527027027, -46466.0)
(584, 105.29903745651245, -623588.527027027, -46466.0)
(585, 105.47679877281189, -623588.527027027, -46466.0)
(586, 105.67564845085144, -623588.527027027, -46466.0)
(587, 105.89575266838074, -623588.527027027, -46466.0)
(588, 106.12429308891296, -623588.527027027, -46466.0)
(589, 106.37255072593689, -623588.527027027, -46466.0)
(590, 106.58727526664734, -623588.527027027, -46466.0)
(591, 106.82464337348938, -623588.527027027, -46466.0)
(592, 107.02862095832825, -623588.527027027, -46466.0)
(593, 107.24649953842163, -623588.527027027, -46466.0)
(594, 107.45937180519104, -623588.527027027, -46466.0)
(595, 107.73790693283081, -623588.527027027, -46466.0)
(596, 108.00336241722107, -623588.527027027, -46466.0)
(597, 108.24278402328491, -570552.2266666668, -46466.0)
(598, 108.50442004203796, -570552.2266666668, -46466.0)
(599, 108.71226644515991, -570552.2266666668, -46466.0)
(600, 108.93125796318054, -570552.2266666668, -46466.0)
(601, 109.16702437400818, -570552.2266666668, -46466.0)
(602, 109.38061261177063, -570552.2266666668, -46466.0)
(603, 109.59499979019165, -570552.2266666668, -46466.0)
(604, 109.785964012146, -570552.2266666668, -46466.0)
(605, 109.97159767150879, -570552.2266666668, -46466.0)
(606, 110.14458847045898, -570552.2266666668, -46466.0)
(607, 110.33452320098877, -570552.2266666668, -46466.0)
(608, 110.50528454780579, -570552.2266666668, -46466.0)
(609, 110.68615388870239, -570552.2266666668, -46466.0)
(610, 110.86022329330444, -570552.2266666668, -46466.0)
(611, 111.05547618865967, -570552.2266666668, -46466.0)
(612, 111.24270033836365, -570552.2266666668, -46466.0)
(613, 111.42850160598755, -570552.2266666668, -46466.0)
(614, 111.64385199546814, -570552.2266666668, -46466.0)
(615, 111.87966680526733, -570552.2266666668, -46466.0)
(616, 112.08753228187561, -570552.2266666668, -46466.0)
(617, 112.28185272216797, -570552.2266666668, -46466.0)
(618, 112.4934549331665, -570552.2266666668, -46466.0)
(619, 112.69270539283752, -570552.2266666668, -46466.0)
(620, 112.88104200363159, -570552.2266666668, -46466.0)
(621, 113.06208395957947, -570552.2266666668, -46466.0)
(622, 113.2422468662262, -570552.2266666668, -46466.0)
(623, 113.4291684627533, -570552.2266666668, -46466.0)
(624, 113.64019894599915, -570552.2266666668, -46466.0)
(625, 113.84898614883423, -570552.2266666668, -46466.0)
(626, 114.09801077842712, -570552.2266666668, -46466.0)
(627, 114.29067969322205, -570552.2266666668, -46466.0)
(628, 114.49671864509583, -570552.2266666668, -46466.0)
(629, 114.71951937675476, -570552.2266666668, -46466.0)
(630, 114.94629406929016, -570552.2266666668, -46466.0)
(631, 115.20341324806213, -570552.2266666668, -46466.0)
(632, 115.49470067024231, -570552.2266666668, -46466.0)
(633, 115.74979496002197, -570552.2266666668, -46466.0)
(634, 115.97265458106995, -570552.2266666668, -46466.0)
(635, 116.18865633010864, -570552.2266666668, -46466.0)
(636, 116.42854332923889, -570552.2266666668, -46466.0)
(637, 116.65280747413635, -570552.2266666668, -46466.0)
(638, 116.86609363555908, -570552.2266666668, -46466.0)
(639, 117.06692409515381, -570552.2266666668, -46466.0)
(640, 117.29305005073547, -570552.2266666668, -46466.0)
(641, 117.5310583114624, -570552.2266666668, -46466.0)
(642, 117.73975396156311, -570552.2266666668, -46466.0)
(643, 117.98049306869507, -570552.2266666668, -46466.0)
(644, 118.22434902191162, -570552.2266666668, -46466.0)
(645, 118.45818972587585, -570552.2266666668, -46466.0)
(646, 118.7065441608429, -570552.2266666668, -46466.0)
(647, 119.00177025794983, -570552.2266666668, -46466.0)
(648, 119.28047800064087, -570552.2266666668, -46466.0)
(649, 119.52147507667542, -570552.2266666668, -46466.0)
(650, 119.74624538421631, -570552.2266666668, -46466.0)
(651, 119.93428993225098, -570552.2266666668, -46466.0)
(652, 120.15741276741028, -570552.2266666668, -46466.0)
(653, 120.44395303726196, -570552.2266666668, -46466.0)
(654, 120.72291994094849, -570552.2266666668, -46466.0)
(655, 120.97994828224182, -570552.2266666668, -46466.0)
(656, 121.25915145874023, -570552.2266666668, -46466.0)
(657, 121.56770610809326, -570552.2266666668, -46466.0)
(658, 121.83658790588379, -570552.2266666668, -46466.0)
(659, 122.0807843208313, -570552.2266666668, -46466.0)
(660, 122.28930330276489, -570552.2266666668, -46466.0)
(661, 122.51734232902527, -570552.2266666668, -46466.0)
(662, 122.775949716568, -570552.2266666668, -46466.0)
(663, 122.99605774879456, -570552.2266666668, -46466.0)
(664, 123.23641300201416, -570552.2266666668, -46466.0)
(665, 123.47912549972534, -570552.2266666668, -46466.0)
(666, 123.75184321403503, -570552.2266666668, -46466.0)
(667, 124.02325010299683, -570552.2266666668, -46466.0)
(668, 124.29447603225708, -570552.2266666668, -46466.0)
(669, 124.5907187461853, -570552.2266666668, -46466.0)
(670, 124.88172245025635, -570552.2266666668, -46466.0)
(671, 125.13754963874817, -570552.2266666668, -46466.0)
(672, 125.43056297302246, -570552.2266666668, -46466.0)
(673, 125.72184538841248, -570552.2266666668, -46466.0)
(674, 125.96476340293884, -570552.2266666668, -46466.0)
(675, 126.17988705635071, -570552.2266666668, -46466.0)
(676, 126.39675641059875, -570552.2266666668, -46466.0)
(677, 126.66081166267395, -570552.2266666668, -46466.0)
(678, 126.90274333953857, -570552.2266666668, -46466.0)
(679, 127.17775845527649, -570552.2266666668, -46466.0)
(680, 127.44666337966919, -570552.2266666668, -46466.0)
(681, 127.73535299301147, -570552.2266666668, -46466.0)
(682, 127.98991060256958, -570552.2266666668, -46466.0)
(683, 128.25543975830078, -570552.2266666668, -46466.0)
(684, 128.51645016670227, -570552.2266666668, -46466.0)
(685, 128.78844666481018, -570552.2266666668, -46466.0)
(686, 129.08612418174744, -570552.2266666668, -46466.0)
(687, 129.34326791763306, -570552.2266666668, -46466.0)
(688, 129.6616551876068, -570552.2266666668, -46466.0)
(689, 129.93755316734314, -570552.2266666668, -46466.0)
(690, 130.19444823265076, -570552.2266666668, -46466.0)
(691, 130.53041124343872, -570552.2266666668, -46466.0)
(692, 130.83169722557068, -570552.2266666668, -46466.0)
(693, 131.04802751541138, -570552.2266666668, -46466.0)
(694, 131.27874422073364, -570552.2266666668, -46466.0)
(695, 131.47396564483643, -570552.2266666668, -46466.0)
(696, 131.6784167289734, -570552.2266666668, -46466.0)
(697, 131.8885476589203, -570552.2266666668, -46466.0)
(698, 132.23152685165405, -570552.2266666668, -46466.0)
(699, 132.51518893241882, -570552.2266666668, -46466.0)
(700, 132.81033492088318, -570552.2266666668, -46466.0)
(701, 133.09025049209595, -570552.2266666668, -46466.0)
(702, 133.3357207775116, -570552.2266666668, -46466.0)
(703, 133.57243466377258, -570552.2266666668, -46466.0)
(704, 133.86914157867432, -570552.2266666668, -46466.0)
(705, 134.1083209514618, -570552.2266666668, -46466.0)
(706, 134.34364819526672, -570552.2266666668, -46466.0)
(707, 134.5621418952942, -570552.2266666668, -46466.0)
(708, 134.8585913181305, -570552.2266666668, -46466.0)
(709, 135.11223530769348, -570552.2266666668, -46466.0)
(710, 135.3600878715515, -570552.2266666668, -46466.0)
(711, 135.59684944152832, -570552.2266666668, -46466.0)
(712, 135.88515496253967, -570552.2266666668, -46466.0)
(713, 136.13986349105835, -570552.2266666668, -46466.0)
(714, 136.41026163101196, -570552.2266666668, -46466.0)
(715, 136.6882038116455, -570552.2266666668, -46466.0)
(716, 136.91448998451233, -570552.2266666668, -46466.0)
(717, 137.23096179962158, -570552.2266666668, -46466.0)
(718, 137.50081419944763, -570552.2266666668, -46466.0)
(719, 137.71398329734802, -570552.2266666668, -46466.0)
(720, 137.93686819076538, -570552.2266666668, -46466.0)
(721, 138.170476436615, -570552.2266666668, -46466.0)
(722, 138.4061095714569, -570552.2266666668, -46466.0)
(723, 138.71742844581604, -570552.2266666668, -46466.0)
(724, 138.94537353515625, -570552.2266666668, -46466.0)
(725, 139.2891685962677, -570552.2266666668, -46466.0)
(726, 139.64449787139893, -570552.2266666668, -46466.0)
(727, 139.8812563419342, -570552.2266666668, -46466.0)
(728, 140.10364413261414, -570552.2266666668, -46466.0)
(729, 140.37415194511414, -570552.2266666668, -46466.0)
(730, 140.61268258094788, -570552.2266666668, -46466.0)
(731, 140.887225151062, -570552.2266666668, -46466.0)
(732, 141.186359167099, -570552.2266666668, -46466.0)
(733, 141.43457579612732, -570552.2266666668, -46466.0)
(734, 141.72065258026123, -570552.2266666668, -46466.0)
(735, 142.03653144836426, -570552.2266666668, -46466.0)
(736, 142.3769121170044, -570552.2266666668, -46466.0)
(737, 142.61107110977173, -570552.2266666668, -46466.0)
(738, 142.9159436225891, -570552.2266666668, -46466.0)
(739, 143.176739692688, -570552.2266666668, -46466.0)
(740, 143.5024061203003, -570552.2266666668, -46466.0)
(741, 143.78426241874695, -570552.2266666668, -46466.0)
(742, 144.1127917766571, -570552.2266666668, -46466.0)
(743, 144.43828415870667, -570552.2266666668, -46466.0)
(744, 144.70745277404785, -570552.2266666668, -46466.0)
(745, 145.02679347991943, -570552.2266666668, -46466.0)
(746, 145.38858938217163, -570552.2266666668, -46466.0)
(747, 145.66963005065918, -570552.2266666668, -46466.0)
(748, 145.89813113212585, -570552.2266666668, -46466.0)
(749, 146.11458659172058, -570552.2266666668, -46466.0)
(750, 146.33013916015625, -570552.2266666668, -46466.0)
(751, 146.59108710289001, -570552.2266666668, -46466.0)
(752, 146.80725622177124, -570552.2266666668, -46466.0)
(753, 147.05359768867493, -570552.2266666668, -46466.0)
(754, 147.30190706253052, -570552.2266666668, -46466.0)
(755, 147.5287733078003, -570552.2266666668, -46466.0)
(756, 147.74952673912048, -570552.2266666668, -46466.0)
(757, 148.0150806903839, -570552.2266666668, -46466.0)
(758, 148.27760291099548, -570552.2266666668, -46466.0)
(759, 148.5223560333252, -570552.2266666668, -46466.0)
(760, 148.78305101394653, -570552.2266666668, -46466.0)
(761, 149.04330110549927, -570552.2266666668, -46466.0)
(762, 149.2666952610016, -570552.2266666668, -46466.0)
(763, 149.52099776268005, -570552.2266666668, -46466.0)
(764, 149.77166295051575, -570552.2266666668, -46466.0)
(765, 150.008713722229, -570552.2266666668, -46466.0)
(766, 150.25645351409912, -570552.2266666668, -46466.0)
(767, 150.57329607009888, -570552.2266666668, -46466.0)
(768, 150.86893367767334, -570552.2266666668, -46466.0)
(769, 151.1561415195465, -570552.2266666668, -46466.0)
(770, 151.42876744270325, -570552.2266666668, -46466.0)
(771, 151.71826553344727, -570552.2266666668, -46466.0)
(772, 152.06125593185425, -570552.2266666668, -46466.0)
(773, 152.34763646125793, -570552.2266666668, -46466.0)
(774, 152.6292507648468, -570552.2266666668, -46466.0)
(775, 152.9155991077423, -570552.2266666668, -46466.0)
(776, 153.209801197052, -570552.2266666668, -46466.0)
(777, 153.49310994148254, -570552.2266666668, -46466.0)
(778, 153.79259634017944, -570552.2266666668, -46466.0)
(779, 154.05777549743652, -570552.2266666668, -46466.0)
(780, 154.3347659111023, -570552.2266666668, -46466.0)
(781, 154.62567234039307, -570552.2266666668, -46466.0)
(782, 154.9090588092804, -570552.2266666668, -46466.0)
(783, 155.242360830307, -570552.2266666668, -46466.0)
(784, 155.5767376422882, -570552.2266666668, -46466.0)
(785, 155.83740377426147, -570552.2266666668, -46466.0)
(786, 156.13923335075378, -570552.2266666668, -46466.0)
(787, 156.3565652370453, -570552.2266666668, -46466.0)
(788, 156.62843561172485, -570552.2266666668, -46466.0)
(789, 156.84154605865479, -570552.2266666668, -46466.0)
(790, 157.08268690109253, -570552.2266666668, -46466.0)
(791, 157.32690834999084, -570552.2266666668, -46466.0)
(792, 157.57361483573914, -570552.2266666668, -46466.0)
(793, 157.84348344802856, -570552.2266666668, -46466.0)
(794, 158.1148030757904, -570552.2266666668, -46466.0)
(795, 158.39449191093445, -570552.2266666668, -46466.0)
(796, 158.63468146324158, -570552.2266666668, -46466.0)
(797, 158.88750767707825, -570552.2266666668, -46466.0)
(798, 159.13002610206604, -570552.2266666668, -46466.0)
(799, 159.35208654403687, -570552.2266666668, -46466.0)
(800, 159.61860632896423, -570552.2266666668, -46466.0)
(801, 159.92631602287292, -570552.2266666668, -46466.0)
(802, 160.22754836082458, -570552.2266666668, -46466.0)
(803, 160.48970770835876, -570552.2266666668, -46466.0)
(804, 160.7890818119049, -570552.2266666668, -46466.0)
(805, 161.05771350860596, -570552.2266666668, -46466.0)
(806, 161.40023589134216, -570552.2266666668, -46466.0)
(807, 161.68072128295898, -570552.2266666668, -46466.0)
(808, 161.92065858840942, -570552.2266666668, -46466.0)
(809, 162.15318989753723, -570552.2266666668, -46466.0)
(810, 162.39617562294006, -570552.2266666668, -46466.0)
(811, 162.63751602172852, -570552.2266666668, -46466.0)
(812, 162.90431380271912, -570552.2266666668, -46466.0)
(813, 163.17119979858398, -570552.2266666668, -46466.0)
(814, 163.4096279144287, -570552.2266666668, -46466.0)
(815, 163.63200783729553, -570552.2266666668, -46466.0)
(816, 163.8769497871399, -570552.2266666668, -46466.0)
(817, 164.1898069381714, -570552.2266666668, -46466.0)
(818, 164.50700616836548, -570552.2266666668, -46466.0)
(819, 164.762544631958, -570552.2266666668, -46466.0)
(820, 165.02728366851807, -570552.2266666668, -46466.0)
(821, 165.32111263275146, -570552.2266666668, -46466.0)
(822, 165.606285572052, -570552.2266666668, -46466.0)
(823, 165.90931725502014, -570552.2266666668, -46466.0)
(824, 166.26603627204895, -570552.2266666668, -46466.0)
(825, 166.63032722473145, -570552.2266666668, -46466.0)
(826, 166.9460437297821, -570552.2266666668, -46466.0)
(827, 167.24808859825134, -570552.2266666668, -46466.0)
(828, 167.51664686203003, -570552.2266666668, -46466.0)
(829, 167.82414364814758, -570552.2266666668, -46466.0)
(830, 168.17656445503235, -570552.2266666668, -46466.0)
(831, 168.4543035030365, -570552.2266666668, -46466.0)
(832, 168.85352230072021, -570552.2266666668, -46466.0)
(833, 169.2084822654724, -570552.2266666668, -46466.0)
(834, 169.4657597541809, -570552.2266666668, -46466.0)
(835, 169.78582000732422, -570552.2266666668, -46466.0)
(836, 170.0875906944275, -570552.2266666668, -46466.0)
(837, 170.34349751472473, -570552.2266666668, -46466.0)
(838, 170.58483839035034, -570552.2266666668, -46466.0)
(839, 170.92009615898132, -570552.2266666668, -46466.0)
(840, 171.22452569007874, -570552.2266666668, -46466.0)
(841, 171.5285782814026, -570552.2266666668, -46466.0)
(842, 171.83284735679626, -570552.2266666668, -46466.0)
(843, 172.0982894897461, -570552.2266666668, -46466.0)
(844, 172.40197563171387, -570552.2266666668, -46466.0)
(845, 172.74985527992249, -570552.2266666668, -46466.0)
(846, 173.01254892349243, -570552.2266666668, -46466.0)
(847, 173.29317688941956, -570552.2266666668, -46466.0)
(848, 173.6766836643219, -570552.2266666668, -46466.0)
(849, 174.0007619857788, -570552.2266666668, -46466.0)
(850, 174.3129963874817, -570552.2266666668, -46466.0)
(851, 174.6436288356781, -570552.2266666668, -46466.0)
(852, 174.98043608665466, -570552.2266666668, -46466.0)
(853, 175.26321744918823, -570552.2266666668, -46466.0)
(854, 175.58190083503723, -570552.2266666668, -46466.0)
(855, 175.88486742973328, -570552.2266666668, -46466.0)
(856, 176.215669631958, -570552.2266666668, -46466.0)
(857, 176.57208967208862, -570552.2266666668, -46466.0)
(858, 176.94781351089478, -570552.2266666668, -46466.0)
(859, 177.2537055015564, -570552.2266666668, -46466.0)
(860, 177.96748328208923, -570552.2266666668, -46466.0)
(861, 178.39092326164246, -570552.2266666668, -46466.0)
(862, 178.77854228019714, -570552.2266666668, -46466.0)
(863, 179.23267269134521, -570552.2266666668, -46466.0)
(864, 179.5946488380432, -570552.2266666668, -46466.0)
(865, 179.92011523246765, -570552.2266666668, -46466.0)
(866, 180.3606231212616, -570552.2266666668, -46466.0)
(867, 180.83861780166626, -570552.2266666668, -46466.0)
(868, 181.4742660522461, -570552.2266666668, -46466.0)
(869, 181.97439908981323, -570552.2266666668, -46466.0)
(870, 182.5795454978943, -570552.2266666668, -46466.0)
(871, 182.9847400188446, -570552.2266666668, -46466.0)
(872, 183.33757042884827, -570552.2266666668, -46466.0)
(873, 183.7356822490692, -570552.2266666668, -46466.0)
(874, 184.06933999061584, -570552.2266666668, -46466.0)
(875, 184.45703029632568, -570552.2266666668, -46466.0)
(876, 185.09378790855408, -570552.2266666668, -46466.0)
(877, 185.65964770317078, -570552.2266666668, -46466.0)
(878, 186.068256855011, -570552.2266666668, -46466.0)
(879, 186.4742090702057, -570552.2266666668, -46466.0)
(880, 186.963374376297, -570552.2266666668, -46466.0)
(881, 187.43258595466614, -570552.2266666668, -46466.0)
(882, 187.86013221740723, -570552.2266666668, -46466.0)
(883, 188.34392738342285, -570552.2266666668, -46466.0)
(884, 188.80329370498657, -570552.2266666668, -46466.0)
(885, 189.24766612052917, -570552.2266666668, -46466.0)
(886, 189.84558367729187, -570552.2266666668, -46466.0)
(887, 190.54108953475952, -570552.2266666668, -46466.0)
(888, 190.99545311927795, -570552.2266666668, -46466.0)
(889, 191.7726194858551, -570552.2266666668, -46466.0)
(890, 192.4061737060547, -570552.2266666668, -46466.0)
(891, 193.01482439041138, -570552.2266666668, -46466.0)
(892, 193.8172721862793, -570552.2266666668, -46466.0)
(893, 194.5334815979004, -570552.2266666668, -46466.0)
(894, 195.02411675453186, -570552.2266666668, -46466.0)
(895, 195.5048303604126, -570552.2266666668, -46466.0)
(896, 196.1081166267395, -570552.2266666668, -46466.0)
(897, 196.80454421043396, -570552.2266666668, -46466.0)
(898, 197.44727206230164, -570552.2266666668, -46466.0)
(899, 198.20716834068298, -570552.2266666668, -46466.0)
(900, 198.89105582237244, -570552.2266666668, -46466.0)
(901, 199.4974181652069, -570552.2266666668, -46466.0)
(902, 199.9324290752411, -570552.2266666668, -46466.0)
(903, 200.59508800506592, -570552.2266666668, -46466.0)
(904, 201.23807430267334, -570552.2266666668, -46466.0)
(905, 201.7527720928192, -570552.2266666668, -46466.0)
(906, 202.21136498451233, -570552.2266666668, -46466.0)
(907, 202.6142315864563, -570552.2266666668, -46466.0)
(908, 203.03297400474548, -570552.2266666668, -46466.0)
(909, 203.65983843803406, -570552.2266666668, -46466.0)
(910, 204.28967308998108, -570552.2266666668, -46466.0)
(911, 204.7103247642517, -570552.2266666668, -46466.0)
(912, 205.3323254585266, -570552.2266666668, -46466.0)
(913, 206.0702188014984, -570552.2266666668, -46466.0)
(914, 206.81281185150146, -570552.2266666668, -46466.0)
(915, 207.51701641082764, -570552.2266666668, -46466.0)
(916, 208.29631066322327, -570552.2266666668, -46466.0)
(917, 209.18779706954956, -570552.2266666668, -46466.0)
(918, 209.8478558063507, -570552.2266666668, -46466.0)
(919, 210.52213215827942, -570552.2266666668, -46466.0)
(920, 210.9865689277649, -570552.2266666668, -46466.0)
(921, 212.1234495639801, -570552.2266666668, -46466.0)
(922, 212.87594747543335, -570552.2266666668, -46466.0)
(923, 213.39446902275085, -570552.2266666668, -46466.0)
(924, 214.10737538337708, -570552.2266666668, -46466.0)
(925, 214.80148077011108, -570552.2266666668, -46466.0)
(926, 215.46642136573792, -570552.2266666668, -46466.0)
(927, 216.13198137283325, -570552.2266666668, -46466.0)
(928, 216.83194851875305, -570552.2266666668, -46466.0)
(929, 217.50960969924927, -570552.2266666668, -46466.0)
(930, 218.1924409866333, -570552.2266666668, -46466.0)
(931, 218.88749623298645, -570552.2266666668, -46466.0)
(932, 219.68620443344116, -570552.2266666668, -46466.0)
(933, 220.46564722061157, -570552.2266666668, -46466.0)
(934, 221.25473976135254, -570552.2266666668, -46466.0)
(935, 221.9815137386322, -570552.2266666668, -46466.0)
(936, 222.69104433059692, -570552.2266666668, -46466.0)
(937, 223.49737906455994, -570552.2266666668, -46466.0)
(938, 224.19931483268738, -483533.06167241075, -46466.0)
(939, 225.70456457138062, -483533.06167241075, -46466.0)
(940, 226.4553563594818, -483533.06167241075, -46466.0)
(941, 226.96955704689026, -483533.06167241075, -46466.0)
(942, 227.50330448150635, -483533.06167241075, -46466.0)
(943, 227.95538997650146, -483533.06167241075, -46466.0)
(944, 228.75545024871826, -483533.06167241075, -46466.0)
(945, 229.5499768257141, -483533.06167241075, -46466.0)
(946, 230.48783040046692, -483533.06167241075, -46466.0)
(947, 230.9994559288025, -483533.06167241075, -46466.0)
(948, 231.49042677879333, -483533.06167241075, -46466.0)
(949, 231.87960028648376, -483533.06167241075, -46466.0)
(950, 232.29514741897583, -483533.06167241075, -46466.0)
(951, 232.96633505821228, -483533.06167241075, -46466.0)
(952, 233.73163199424744, -483533.06167241075, -46466.0)
(953, 234.5761489868164, -483533.06167241075, -46466.0)
(954, 235.32888793945312, -483533.06167241075, -46466.0)
(955, 236.02703642845154, -483533.06167241075, -46466.0)
(956, 236.43675589561462, -483533.06167241075, -46466.0)
(957, 236.96176767349243, -483533.06167241075, -46466.0)
(958, 237.63059186935425, -483533.06167241075, -46466.0)
(959, 238.38699412345886, -483533.06167241075, -46466.0)
(960, 238.92007994651794, -483533.06167241075, -46466.0)
(961, 239.66016268730164, -483533.06167241075, -46466.0)
(962, 240.4571180343628, -483533.06167241075, -46466.0)
(963, 241.22154211997986, -483533.06167241075, -46466.0)
(964, 241.9250214099884, -483533.06167241075, -46466.0)
(965, 242.65597677230835, -483533.06167241075, -46466.0)
(966, 243.01208186149597, -483533.06167241075, -46466.0)
(967, 243.7453978061676, -483533.06167241075, -46466.0)
(968, 244.49558424949646, -483533.06167241075, -46466.0)
(969, 244.9261918067932, -483533.06167241075, -46466.0)
(970, 245.66452622413635, -483533.06167241075, -46466.0)
(971, 246.4153175354004, -483533.06167241075, -46466.0)
(972, 247.20264291763306, -483533.06167241075, -46466.0)
(973, 248.11287641525269, -483533.06167241075, -46466.0)
(974, 248.98339128494263, -483533.06167241075, -46466.0)
(975, 249.92714285850525, -483533.06167241075, -46466.0)
(976, 250.84457778930664, -483533.06167241075, -46466.0)
(977, 251.7904872894287, -483533.06167241075, -46466.0)
(978, 252.64558482170105, -483533.06167241075, -46466.0)
(979, 253.51895570755005, -483533.06167241075, -46466.0)
(980, 254.3393440246582, -483533.06167241075, -46466.0)
(981, 255.02237462997437, -483533.06167241075, -46466.0)
(982, 255.7785506248474, -483533.06167241075, -46466.0)
(983, 256.495481967926, -483533.06167241075, -46466.0)
(984, 257.24804759025574, -483533.06167241075, -46466.0)
(985, 258.0478503704071, -483533.06167241075, -46466.0)
(986, 259.0754735469818, -483533.06167241075, -46466.0)
(987, 259.9146752357483, -483533.06167241075, -46466.0)
(988, 260.3226146697998, -483533.06167241075, -46466.0)
(989, 261.19314432144165, -483533.06167241075, -46466.0)
(990, 261.9948308467865, -483533.06167241075, -46466.0)
(991, 262.77977871894836, -483533.06167241075, -46466.0)
(992, 263.5619385242462, -483533.06167241075, -46466.0)
(993, 264.29207038879395, -483533.06167241075, -46466.0)
(994, 265.0267014503479, -483533.06167241075, -46466.0)
(995, 265.8638951778412, -483533.06167241075, -46466.0)
(996, 266.9564108848572, -483533.06167241075, -46466.0)
(997, 267.95553970336914, -483533.06167241075, -46466.0)
(998, 268.9508807659149, -483533.06167241075, -46466.0)
(999, 269.7092661857605, -483533.06167241075, -46466.0)
(1000, 270.1299500465393, -483533.06167241075, -46466.0)
