(1, 0.023468732833862305, -209507.0, -28536.0)
(2, 0.045701026916503906, -203370.7894736842, -28536.0)
(3, 0.06853961944580078, -191200.125, -28536.0)
(4, 0.0907583236694336, -191200.125, -28536.0)
(5, 0.11316609382629395, -191200.125, -28536.0)
(6, 0.13613295555114746, -191200.125, -28536.0)
(7, 0.15888714790344238, -191200.125, -28536.0)
(8, 0.1812288761138916, -191200.125, -28536.0)
(9, 0.20322680473327637, -191200.125, -28536.0)
(10, 0.22543764114379883, -191200.125, -28536.0)
(11, 0.2475416660308838, -191200.125, -28536.0)
(12, 0.26923441886901855, -191200.125, -28536.0)
(13, 0.29183506965637207, -191200.125, -28536.0)
(14, 0.31423473358154297, -191200.125, -28536.0)
(15, 0.3360402584075928, -191200.125, -28536.0)
(16, 0.35808491706848145, -191200.125, -28536.0)
(17, 0.3797738552093506, -191200.125, -28536.0)
(18, 0.4023294448852539, -191200.125, -28536.0)
(19, 0.42395472526550293, -191200.125, -28536.0)
(20, 0.4467201232910156, -191200.125, -28536.0)
(21, 0.46828341484069824, -191200.125, -28536.0)
(22, 0.4899728298187256, -191200.125, -28536.0)
(23, 0.5121917724609375, -191200.125, -28536.0)
(24, 0.5340344905853271, -191200.125, -28536.0)
(25, 0.5568149089813232, -191200.125, -28536.0)
(26, 0.5796046257019043, -191200.125, -28536.0)
(27, 0.6016948223114014, -191200.125, -28536.0)
(28, 0.6229619979858398, -191200.125, -28536.0)
(29, 0.6450769901275635, -191200.125, -28536.0)
(30, 0.6674251556396484, -191200.125, -28536.0)
(31, 0.6893208026885986, -191200.125, -28536.0)
(32, 0.7122607231140137, -191200.125, -28536.0)
(33, 0.734194278717041, -191200.125, -28536.0)
(34, 0.7566752433776855, -191200.125, -28536.0)
(35, 0.7789547443389893, -191200.125, -28536.0)
(36, 0.8018264770507812, -191200.125, -28536.0)
(37, 0.8244285583496094, -191200.125, -28536.0)
(38, 0.8473405838012695, -191200.125, -28536.0)
(39, 0.8701474666595459, -191200.125, -28536.0)
(40, 0.8932650089263916, -191200.125, -28536.0)
(41, 0.9157943725585938, -191200.125, -28536.0)
(42, 0.9379446506500244, -191200.125, -28536.0)
(43, 0.9602663516998291, -191200.125, -28536.0)
(44, 0.9830915927886963, -191200.125, -28536.0)
(45, 1.0059154033660889, -191200.125, -28536.0)
(46, 1.0282714366912842, -191200.125, -28536.0)
(47, 1.05116605758667, -191200.125, -28536.0)
(48, 1.073852300643921, -191200.125, -28536.0)
(49, 1.098078727722168, -191200.125, -28536.0)
(50, 1.1212847232818604, -191200.125, -28536.0)
(51, 1.1460003852844238, -191200.125, -28536.0)
(52, 1.1697866916656494, -191200.125, -28536.0)
(53, 1.1928541660308838, -191200.125, -28536.0)
(54, 1.215566873550415, -191200.125, -28536.0)
(55, 1.238443374633789, -191200.125, -28536.0)
(56, 1.2624742984771729, -191200.125, -28536.0)
(57, 1.2857608795166016, -191200.125, -28536.0)
(58, 1.3090202808380127, -191200.125, -28536.0)
(59, 1.3329534530639648, -191200.125, -28536.0)
(60, 1.3571968078613281, -191200.125, -28536.0)
(61, 1.3798174858093262, -191200.125, -28536.0)
(62, 1.4031493663787842, -191200.125, -28536.0)
(63, 1.4273293018341064, -158685.86315789475, -28536.0)
(64, 1.4545800685882568, -158685.86315789475, -28536.0)
(65, 1.4815001487731934, -158685.86315789475, -28536.0)
(66, 1.5070302486419678, -158685.86315789475, -28536.0)
(67, 1.5339605808258057, -158685.86315789475, -28536.0)
(68, 1.5615761280059814, -158685.86315789475, -28536.0)
(69, 1.586033821105957, -158685.86315789475, -28536.0)
(70, 1.6137659549713135, -158685.86315789475, -28536.0)
(71, 1.6414823532104492, -158685.86315789475, -28536.0)
(72, 1.66756272315979, -158685.86315789475, -28536.0)
(73, 1.6932792663574219, -148076.51893939392, -28536.0)
(74, 1.7208304405212402, -148076.51893939392, -28536.0)
(75, 1.7457525730133057, -148076.51893939392, -28536.0)
(76, 1.7743334770202637, -148076.51893939392, -28536.0)
(77, 1.7996768951416016, -148076.51893939392, -28536.0)
(78, 1.8257911205291748, -148076.51893939392, -28536.0)
(79, 1.852860927581787, -148076.51893939392, -28536.0)
(80, 1.8782691955566406, -148076.51893939392, -28536.0)
(81, 1.9006426334381104, -148076.51893939392, -28536.0)
(82, 1.9260947704315186, -148076.51893939392, -28536.0)
(83, 1.9543523788452148, -148076.51893939392, -28536.0)
(84, 1.9811875820159912, -148076.51893939392, -28536.0)
(85, 2.0077884197235107, -148076.51893939392, -28536.0)
(86, 2.0396461486816406, -130303.81978021977, -28536.0)
(87, 2.0680317878723145, -119619.62165328488, -28536.0)
(88, 2.096126079559326, -119619.62165328488, -28536.0)
(89, 2.123929023742676, -119619.62165328488, -28536.0)
(90, 2.1546478271484375, -119619.62165328488, -28536.0)
(91, 2.181873083114624, -119619.62165328488, -28536.0)
(92, 2.2105581760406494, -119619.62165328488, -28536.0)
(93, 2.239380359649658, -119619.62165328488, -28536.0)
(94, 2.2648441791534424, -119619.62165328488, -28536.0)
(95, 2.29013729095459, -119619.62165328488, -28536.0)
(96, 2.3180198669433594, -119619.62165328488, -28536.0)
(97, 2.3450028896331787, -119619.62165328488, -28536.0)
(98, 2.3726508617401123, -119619.62165328488, -28536.0)
(99, 2.396784543991089, -119619.62165328488, -28536.0)
(100, 2.4283862113952637, -119619.62165328488, -28536.0)
(101, 2.4581549167633057, -119619.62165328488, -28536.0)
(102, 2.4883077144622803, -119619.62165328488, -28536.0)
(103, 2.515460252761841, -119619.62165328488, -28536.0)
(104, 2.5476324558258057, -119619.62165328488, -28536.0)
(105, 2.5735275745391846, -119619.62165328488, -28536.0)
(106, 2.6027214527130127, -119619.62165328488, -28536.0)
(107, 2.632467269897461, -119619.62165328488, -28536.0)
(108, 2.661083698272705, -119619.62165328488, -28536.0)
(109, 2.6912107467651367, -119619.62165328488, -28536.0)
(110, 2.7227041721343994, -119619.62165328488, -28536.0)
(111, 2.756211042404175, -119619.62165328488, -28536.0)
(112, 2.7873406410217285, -119619.62165328488, -28536.0)
(113, 2.8132247924804688, -119619.62165328488, -28536.0)
(114, 2.840010166168213, -119619.62165328488, -28536.0)
(115, 2.867526054382324, -119619.62165328488, -28536.0)
(116, 2.898857831954956, -119619.62165328488, -28536.0)
(117, 2.930415630340576, -119619.62165328488, -28536.0)
(118, 2.965067148208618, -119619.62165328488, -28536.0)
(119, 2.993995428085327, -119619.62165328488, -28536.0)
(120, 3.023219108581543, -119619.62165328488, -28536.0)
(121, 3.0471017360687256, -119619.62165328488, -28536.0)
(122, 3.0748512744903564, -119619.62165328488, -28536.0)
(123, 3.1051361560821533, -119619.62165328488, -28536.0)
(124, 3.1320505142211914, -119619.62165328488, -28536.0)
(125, 3.157423734664917, -119619.62165328488, -28536.0)
(126, 3.1880412101745605, -119619.62165328488, -28536.0)
(127, 3.2234609127044678, -119619.62165328488, -28536.0)
(128, 3.2606000900268555, -119619.62165328488, -28536.0)
(129, 3.292415142059326, -119619.62165328488, -28536.0)
(130, 3.327117681503296, -119619.62165328488, -28536.0)
(131, 3.362452983856201, -119619.62165328488, -28536.0)
(132, 3.3972604274749756, -119619.62165328488, -28536.0)
(133, 3.4304404258728027, -119619.62165328488, -28536.0)
(134, 3.4699769020080566, -119619.62165328488, -28536.0)
(135, 3.5044713020324707, -119619.62165328488, -28536.0)
(136, 3.541428565979004, -119619.62165328488, -28536.0)
(137, 3.579564332962036, -119619.62165328488, -28536.0)
(138, 3.60917592048645, -119619.62165328488, -28536.0)
(139, 3.649998664855957, -119619.62165328488, -28536.0)
(140, 3.6830849647521973, -119619.62165328488, -28536.0)
(141, 3.7149059772491455, -119619.62165328488, -28536.0)
(142, 3.7471609115600586, -119619.62165328488, -28536.0)
(143, 3.7874414920806885, -119619.62165328488, -28536.0)
(144, 3.827669143676758, -119619.62165328488, -28536.0)
(145, 3.869277238845825, -119619.62165328488, -28536.0)
(146, 3.912670135498047, -102027.85827290705, -28536.0)
(147, 3.9480299949645996, -102027.85827290705, -28536.0)
(148, 3.9817140102386475, -102027.85827290705, -28536.0)
(149, 4.017796277999878, -102027.85827290705, -28536.0)
(150, 4.0544373989105225, -102027.85827290705, -28536.0)
(151, 4.094050645828247, -102027.85827290705, -28536.0)
(152, 4.130656957626343, -102027.85827290705, -28536.0)
(153, 4.1592490673065186, -102027.85827290705, -28536.0)
(154, 4.1924238204956055, -102027.85827290705, -28536.0)
(155, 4.22219443321228, -102027.85827290705, -28536.0)
(156, 4.253476142883301, -102027.85827290705, -28536.0)
(157, 4.284782409667969, -102027.85827290705, -28536.0)
(158, 4.322022914886475, -102027.85827290705, -28536.0)
(159, 4.360711097717285, -102027.85827290705, -28536.0)
(160, 4.395136594772339, -102027.85827290705, -28536.0)
(161, 4.427624940872192, -102027.85827290705, -28536.0)
(162, 4.459323406219482, -102027.85827290705, -28536.0)
(163, 4.495962858200073, -102027.85827290705, -28536.0)
(164, 4.529209613800049, -102027.85827290705, -28536.0)
(165, 4.565080642700195, -102027.85827290705, -28536.0)
(166, 4.60282039642334, -102027.85827290705, -28536.0)
(167, 4.641070127487183, -102027.85827290705, -28536.0)
(168, 4.680670499801636, -102027.85827290705, -28536.0)
(169, 4.721163034439087, -102027.85827290705, -28536.0)
(170, 4.752600193023682, -102027.85827290705, -28536.0)
(171, 4.789631128311157, -102027.85827290705, -28536.0)
(172, 4.8275511264801025, -102027.85827290705, -28536.0)
(173, 4.86741042137146, -102027.85827290705, -28536.0)
(174, 4.904930353164673, -102027.85827290705, -28536.0)
(175, 4.944141626358032, -102027.85827290705, -28536.0)
(176, 4.977847337722778, -102027.85827290705, -28536.0)
(177, 5.015495538711548, -102027.85827290705, -28536.0)
(178, 5.057278156280518, -102027.85827290705, -28536.0)
(179, 5.0978147983551025, -102027.85827290705, -28536.0)
(180, 5.157238960266113, -102027.85827290705, -28536.0)
(181, 5.223276615142822, -102027.85827290705, -28536.0)
(182, 5.283001899719238, -102027.85827290705, -28536.0)
(183, 5.329706430435181, -102027.85827290705, -28536.0)
(184, 5.38232684135437, -102027.85827290705, -28536.0)
(185, 5.4324963092803955, -102027.85827290705, -28536.0)
(186, 5.501967668533325, -102027.85827290705, -28536.0)
(187, 5.5516417026519775, -102027.85827290705, -28536.0)
(188, 5.6136157512664795, -102027.85827290705, -28536.0)
(189, 5.677850008010864, -102027.85827290705, -28536.0)
(190, 5.750051498413086, -97583.58392662845, -28536.0)
(191, 5.827139139175415, -93249.31715752694, -28536.0)
(192, 5.892356634140015, -90012.21065675339, -28536.0)
(193, 5.949819326400757, -88811.00000000007, -28536.0)
(194, 6.007803201675415, -88811.00000000007, -28536.0)
(195, 6.1105124950408936, -80660.69810389777, -28536.0)
(196, 6.21282958984375, -78824.60148551637, -28536.0)
(197, 6.291613340377808, -76033.92936011632, -28536.0)
(198, 6.382024526596069, -75195.82573069014, -28536.0)
(199, 6.471206903457642, -73402.07376731739, -28536.0)
(200, 6.57632040977478, -72536.72699574899, -28536.0)
(201, 6.69442892074585, -68768.43074827822, -28536.0)
(202, 6.798652410507202, -68768.43074827822, -28536.0)
(203, 6.921604156494141, -65114.68574588006, -28536.0)
(204, 7.025038719177246, -62007.7836171585, -28536.0)
(205, 7.1440300941467285, -57143.78337638275, -28536.0)
(206, 7.226841926574707, -42829.25600386607, -42513.929094396786)
(207, 7.273768186569214, -42698.75791322822, -42529.689099299845)
(208, 7.312972545623779, -42637.940205033425, -42538.42349257847)
(209, 7.350191354751587, -42585.48471124629, -42540.96729170656)
(210, 7.390496015548706, -42585.48471124629, -42544.73141741437)
(211, 7.426681995391846, -42578.06162757693, -42546.435650794076)
(212, 7.467248439788818, -42567.791904441096, -42547.44324211504)
(213, 7.504629373550415, -42559.14499794321, -42547.9675845577)
(214, 7.541984796524048, -42548.92796092816, -42548.92796092796)
(215, 7.568596839904785, -42548.927960928006, -42548.92796092797)
