(1, 0.08407187461853027, -1124660.0, -58374.0)
(2, 0.16247820854187012, -1124660.0, -58374.0)
(3, 0.2399604320526123, -1124660.0, -58374.0)
(4, 0.3175063133239746, -1124660.0, -58374.0)
(5, 0.3944401741027832, -1124660.0, -58374.0)
(6, 0.47197818756103516, -1124660.0, -58374.0)
(7, 0.5490169525146484, -1124660.0, -58374.0)
(8, 0.6253981590270996, -1124660.0, -58374.0)
(9, 0.7026243209838867, -1124660.0, -58374.0)
(10, 0.7778496742248535, -1124660.0, -58374.0)
(11, 0.8529539108276367, -1124660.0, -58374.0)
(12, 0.927452802658081, -1124660.0, -58374.0)
(13, 1.0047242641448975, -1124660.0, -58374.0)
(14, 1.0828921794891357, -1124660.0, -58374.0)
(15, 1.1607422828674316, -1124660.0, -58374.0)
(16, 1.2387359142303467, -1124660.0, -58374.0)
(17, 1.3166723251342773, -1124660.0, -58374.0)
(18, 1.3946177959442139, -1124660.0, -58374.0)
(19, 1.4728260040283203, -1124660.0, -58374.0)
(20, 1.5515432357788086, -1124660.0, -58374.0)
(21, 1.6303095817565918, -1124660.0, -58374.0)
(22, 1.7093257904052734, -1124660.0, -58374.0)
(23, 1.7869648933410645, -1124660.0, -58374.0)
(24, 1.865363359451294, -1124660.0, -58374.0)
(25, 1.9450063705444336, -1124660.0, -58374.0)
(26, 2.023149251937866, -1124660.0, -58374.0)
(27, 2.1023144721984863, -1124660.0, -58374.0)
(28, 2.182171583175659, -1124660.0, -58374.0)
(29, 2.259162187576294, -1124660.0, -58374.0)
(30, 2.336014747619629, -1124660.0, -58374.0)
(31, 2.412529468536377, -1124660.0, -58374.0)
(32, 2.4906797409057617, -1124660.0, -58374.0)
(33, 2.5660018920898438, -1124660.0, -58374.0)
(34, 2.6423239707946777, -1124660.0, -58374.0)
(35, 2.7185847759246826, -1124660.0, -58374.0)
(36, 2.794412612915039, -1124660.0, -58374.0)
(37, 2.8703815937042236, -1124660.0, -58374.0)
(38, 2.946835517883301, -1124660.0, -58374.0)
(39, 3.0232629776000977, -1124660.0, -58374.0)
(40, 3.0996484756469727, -1124660.0, -58374.0)
(41, 3.1805405616760254, -1124660.0, -58374.0)
(42, 3.257587194442749, -1124660.0, -58374.0)
(43, 3.3344576358795166, -1124660.0, -58374.0)
(44, 3.410684108734131, -1124660.0, -58374.0)
(45, 3.4876701831817627, -1124660.0, -58374.0)
(46, 3.563995599746704, -1124660.0, -58374.0)
(47, 3.6458017826080322, -1124660.0, -58374.0)
(48, 3.7268404960632324, -1124660.0, -58374.0)
(49, 3.8072004318237305, -1124660.0, -58374.0)
(50, 3.8882012367248535, -1124660.0, -58374.0)
(51, 3.967061996459961, -1124660.0, -58374.0)
(52, 4.046291828155518, -1124660.0, -58374.0)
(53, 4.124063491821289, -1124660.0, -58374.0)
(54, 4.200993061065674, -1124660.0, -58374.0)
(55, 4.28120231628418, -1124660.0, -58374.0)
(56, 4.360491991043091, -1124660.0, -58374.0)
(57, 4.439242601394653, -1124660.0, -58374.0)
(58, 4.519664525985718, -1124660.0, -58374.0)
(59, 4.597648620605469, -1124660.0, -58374.0)
(60, 4.67803955078125, -1124660.0, -58374.0)
(61, 4.758746385574341, -1124660.0, -58374.0)
(62, 4.837748765945435, -1124660.0, -58374.0)
(63, 4.915473222732544, -1124660.0, -58374.0)
(64, 4.9960479736328125, -1124660.0, -58374.0)
(65, 5.074809789657593, -1124660.0, -58374.0)
(66, 5.155662536621094, -1124660.0, -58374.0)
(67, 5.238310098648071, -1124660.0, -58374.0)
(68, 5.321001291275024, -1124660.0, -58374.0)
(69, 5.403274059295654, -1124660.0, -58374.0)
(70, 5.485192060470581, -1124660.0, -58374.0)
(71, 5.566874742507935, -1124660.0, -58374.0)
(72, 5.649037599563599, -1124660.0, -58374.0)
(73, 5.731122255325317, -1124660.0, -58374.0)
(74, 5.813854694366455, -1124660.0, -58374.0)
(75, 5.895434141159058, -1124660.0, -58374.0)
(76, 5.9760308265686035, -1124660.0, -58374.0)
(77, 6.056729555130005, -1124660.0, -58374.0)
(78, 6.136149644851685, -1124660.0, -58374.0)
(79, 6.2177019119262695, -1124660.0, -58374.0)
(80, 6.297342538833618, -1124660.0, -58374.0)
(81, 6.378089666366577, -1124660.0, -58374.0)
(82, 6.457828044891357, -1124660.0, -58374.0)
(83, 6.537635087966919, -1124660.0, -58374.0)
(84, 6.617981910705566, -1124660.0, -58374.0)
(85, 6.698248863220215, -1124660.0, -58374.0)
(86, 6.778562068939209, -1124660.0, -58374.0)
(87, 6.861283779144287, -1124660.0, -58374.0)
(88, 6.942404270172119, -1124660.0, -58374.0)
(89, 7.0229034423828125, -1124660.0, -58374.0)
(90, 7.103832721710205, -1124660.0, -58374.0)
(91, 7.184381484985352, -1124660.0, -58374.0)
(92, 7.266541242599487, -1124660.0, -58374.0)
(93, 7.349743366241455, -1124660.0, -58374.0)
(94, 7.433091878890991, -1124660.0, -58374.0)
(95, 7.516814470291138, -1124660.0, -58374.0)
(96, 7.59830379486084, -1124660.0, -58374.0)
(97, 7.680657148361206, -1124660.0, -58374.0)
(98, 7.763606548309326, -1124660.0, -58374.0)
(99, 7.844934940338135, -1124660.0, -58374.0)
(100, 7.926386117935181, -1124660.0, -58374.0)
(101, 8.007699728012085, -1124660.0, -58374.0)
(102, 8.089725732803345, -1124660.0, -58374.0)
(103, 8.172827243804932, -1124660.0, -58374.0)
(104, 8.254267692565918, -1124660.0, -58374.0)
(105, 8.33824348449707, -1124660.0, -58374.0)
(106, 8.423702001571655, -1124660.0, -58374.0)
(107, 8.506982326507568, -1124660.0, -58374.0)
(108, 8.590043544769287, -1124660.0, -58374.0)
(109, 8.674492597579956, -1124660.0, -58374.0)
(110, 8.758108615875244, -1124660.0, -58374.0)
(111, 8.841806411743164, -1124660.0, -58374.0)
(112, 8.925070524215698, -1124660.0, -58374.0)
(113, 9.00863790512085, -1124660.0, -58374.0)
(114, 9.09154725074768, -1124660.0, -58374.0)
(115, 9.176451206207275, -1124660.0, -58374.0)
(116, 9.259331464767456, -1124660.0, -58374.0)
(117, 9.34279179573059, -1124660.0, -58374.0)
(118, 9.426838636398315, -1124660.0, -58374.0)
(119, 9.516504764556885, -1124660.0, -58374.0)
(120, 9.603394985198975, -1124660.0, -58374.0)
(121, 9.690824747085571, -1124660.0, -58374.0)
(122, 9.777574062347412, -1124660.0, -58374.0)
(123, 9.868192911148071, -1124660.0, -58374.0)
(124, 9.956484317779541, -1124660.0, -58374.0)
(125, 10.04104733467102, -1124660.0, -58374.0)
(126, 10.124905109405518, -1124660.0, -58374.0)
(127, 10.212323427200317, -1124660.0, -58374.0)
(128, 10.29972791671753, -1124660.0, -58374.0)
(129, 10.386115074157715, -1124660.0, -58374.0)
(130, 10.47104001045227, -1124660.0, -58374.0)
(131, 10.55627965927124, -1124660.0, -58374.0)
(132, 10.641947269439697, -1124660.0, -58374.0)
(133, 10.72705602645874, -1124660.0, -58374.0)
(134, 10.813192129135132, -1124660.0, -58374.0)
(135, 10.917891502380371, -1124660.0, -58374.0)
(136, 11.00783109664917, -1124660.0, -58374.0)
(137, 11.098218202590942, -1124660.0, -58374.0)
(138, 11.18468689918518, -1124660.0, -58374.0)
(139, 11.275018692016602, -1124660.0, -58374.0)
(140, 11.363428831100464, -1124660.0, -58374.0)
(141, 11.451083421707153, -1124660.0, -58374.0)
(142, 11.536874055862427, -1124660.0, -58374.0)
(143, 11.625837802886963, -1124660.0, -58374.0)
(144, 11.71611499786377, -1124660.0, -58374.0)
(145, 11.80426836013794, -1124660.0, -58374.0)
(146, 11.892946720123291, -1124660.0, -58374.0)
(147, 11.980103492736816, -1124660.0, -58374.0)
(148, 12.067967414855957, -1124660.0, -58374.0)
(149, 12.154610395431519, -1124660.0, -58374.0)
(150, 12.242871046066284, -1124660.0, -58374.0)
(151, 12.329777479171753, -1124660.0, -58374.0)
(152, 12.417753219604492, -1124660.0, -58374.0)
(153, 12.504641056060791, -1124660.0, -58374.0)
(154, 12.59298324584961, -1124660.0, -58374.0)
(155, 12.68017840385437, -1124660.0, -58374.0)
(156, 12.768627643585205, -1124660.0, -58374.0)
(157, 12.856781005859375, -1124660.0, -58374.0)
(158, 12.945255756378174, -1124660.0, -58374.0)
(159, 13.034024477005005, -1124660.0, -58374.0)
(160, 13.122033596038818, -1124660.0, -58374.0)
(161, 13.211515426635742, -1124660.0, -58374.0)
(162, 13.302439212799072, -1124660.0, -58374.0)
(163, 13.39088749885559, -1124660.0, -58374.0)
(164, 13.479791402816772, -1124660.0, -58374.0)
(165, 13.569960355758667, -1124660.0, -58374.0)
(166, 13.660048484802246, -1124660.0, -58374.0)
(167, 13.749130487442017, -1124660.0, -58374.0)
(168, 13.838913679122925, -1124660.0, -58374.0)
(169, 13.929951190948486, -1124660.0, -58374.0)
(170, 14.018386602401733, -1124660.0, -58374.0)
(171, 14.108601331710815, -1124660.0, -58374.0)
(172, 14.198242425918579, -1124660.0, -58374.0)
(173, 14.288175344467163, -1124660.0, -58374.0)
(174, 14.378524780273438, -1124660.0, -58374.0)
(175, 14.470529317855835, -1124660.0, -58374.0)
(176, 14.561723947525024, -1124660.0, -58374.0)
(177, 14.653062582015991, -1124660.0, -58374.0)
(178, 14.745864868164062, -1124660.0, -58374.0)
(179, 14.837941884994507, -1124660.0, -58374.0)
(180, 14.930008172988892, -1124660.0, -58374.0)
(181, 15.02026081085205, -1124660.0, -58374.0)
(182, 15.11231517791748, -1124660.0, -58374.0)
(183, 15.210790634155273, -1124660.0, -58374.0)
(184, 15.302970886230469, -1124660.0, -58374.0)
(185, 15.398905277252197, -1124660.0, -58374.0)
(186, 15.494127750396729, -1124660.0, -58374.0)
(187, 15.587817430496216, -1124660.0, -58374.0)
(188, 15.682260990142822, -1124660.0, -58374.0)
(189, 15.777245044708252, -1124660.0, -58374.0)
(190, 15.871728658676147, -1124660.0, -58374.0)
(191, 15.966549158096313, -1124660.0, -58374.0)
(192, 16.060457229614258, -1124660.0, -58374.0)
(193, 16.15298891067505, -1124660.0, -58374.0)
(194, 16.248152017593384, -1124660.0, -58374.0)
(195, 16.34049129486084, -1124660.0, -58374.0)
(196, 16.43412733078003, -1124660.0, -58374.0)
(197, 16.526045322418213, -1124660.0, -58374.0)
(198, 16.62053656578064, -1124660.0, -58374.0)
(199, 16.713844776153564, -1124660.0, -58374.0)
(200, 16.808550596237183, -1124660.0, -58374.0)
(201, 16.902763843536377, -1124660.0, -58374.0)
(202, 16.99773335456848, -1124660.0, -58374.0)
(203, 17.096897840499878, -1124660.0, -58374.0)
(204, 17.193946361541748, -1124660.0, -58374.0)
(205, 17.292885541915894, -1124660.0, -58374.0)
(206, 17.38982892036438, -1124660.0, -58374.0)
(207, 17.486614227294922, -1124660.0, -58374.0)
(208, 17.58435821533203, -1124660.0, -58374.0)
(209, 17.68250060081482, -1124660.0, -58374.0)
(210, 17.781200170516968, -1124660.0, -58374.0)
(211, 17.880629301071167, -1124660.0, -58374.0)
(212, 17.97881841659546, -1124660.0, -58374.0)
(213, 18.076412200927734, -1124660.0, -58374.0)
(214, 18.172553539276123, -1124660.0, -58374.0)
(215, 18.268015146255493, -1124660.0, -58374.0)
(216, 18.365507125854492, -1124660.0, -58374.0)
(217, 18.464062213897705, -1124660.0, -58374.0)
(218, 18.56196427345276, -1124660.0, -58374.0)
(219, 18.662935495376587, -1124660.0, -58374.0)
(220, 18.759191513061523, -1124660.0, -58374.0)
(221, 18.8578360080719, -1124660.0, -58374.0)
(222, 18.95883584022522, -1124660.0, -58374.0)
(223, 19.058497190475464, -1124660.0, -58374.0)
(224, 19.15953755378723, -1124660.0, -58374.0)
(225, 19.259050130844116, -1124660.0, -58374.0)
(226, 19.35629105567932, -1124660.0, -58374.0)
(227, 19.457914113998413, -1124660.0, -58374.0)
(228, 19.55945587158203, -1124660.0, -58374.0)
(229, 19.659183025360107, -1124660.0, -58374.0)
(230, 19.759700298309326, -1124660.0, -58374.0)
(231, 19.86136269569397, -1124660.0, -58374.0)
(232, 19.964649438858032, -1124660.0, -58374.0)
(233, 20.0667941570282, -1124660.0, -58374.0)
(234, 20.169333934783936, -1124660.0, -58374.0)
(235, 20.267990350723267, -1124660.0, -58374.0)
(236, 20.37081003189087, -1124660.0, -58374.0)
(237, 20.471577405929565, -1124660.0, -58374.0)
(238, 20.57331085205078, -1124660.0, -58374.0)
(239, 20.677923917770386, -1124660.0, -58374.0)
(240, 20.780122995376587, -1124660.0, -58374.0)
(241, 20.883904695510864, -1124660.0, -58374.0)
(242, 20.98639178276062, -1124660.0, -58374.0)
(243, 21.090898275375366, -1124660.0, -58374.0)
(244, 21.194223880767822, -1124660.0, -58374.0)
(245, 21.297899961471558, -1124660.0, -58374.0)
(246, 21.400559425354004, -1124660.0, -58374.0)
(247, 21.506625652313232, -1124660.0, -58374.0)
(248, 21.611929655075073, -1124660.0, -58374.0)
(249, 21.715393543243408, -1124660.0, -58374.0)
(250, 21.821903467178345, -1124660.0, -58374.0)
(251, 21.929441452026367, -1124660.0, -58374.0)
(252, 22.03604817390442, -1124660.0, -58374.0)
(253, 22.142112970352173, -1124660.0, -58374.0)
(254, 22.24802327156067, -1124660.0, -58374.0)
(255, 22.352009057998657, -1124660.0, -58374.0)
(256, 22.459330320358276, -1124660.0, -58374.0)
(257, 22.568129777908325, -1124660.0, -58374.0)
(258, 22.672744750976562, -1124660.0, -58374.0)
(259, 22.777695894241333, -1124660.0, -58374.0)
(260, 22.883817434310913, -1124660.0, -58374.0)
(261, 22.991498231887817, -1124660.0, -58374.0)
(262, 23.09529733657837, -1124660.0, -58374.0)
(263, 23.198910236358643, -1124660.0, -58374.0)
(264, 23.30330777168274, -1124660.0, -58374.0)
(265, 23.409774780273438, -1124660.0, -58374.0)
(266, 23.515074253082275, -1124660.0, -58374.0)
(267, 23.621784210205078, -1124660.0, -58374.0)
(268, 23.729224681854248, -1124660.0, -58374.0)
(269, 23.83732843399048, -1124660.0, -58374.0)
(270, 23.94639754295349, -1124660.0, -58374.0)
(271, 24.052507400512695, -1124660.0, -58374.0)
(272, 24.159579753875732, -1124660.0, -58374.0)
(273, 24.26863741874695, -1124660.0, -58374.0)
(274, 24.37661337852478, -1124660.0, -58374.0)
(275, 24.48666286468506, -1124660.0, -58374.0)
(276, 24.594390392303467, -1124660.0, -58374.0)
(277, 24.703845739364624, -1124660.0, -58374.0)
(278, 24.815264463424683, -1124660.0, -58374.0)
(279, 24.92430567741394, -1124660.0, -58374.0)
(280, 25.03528666496277, -1124660.0, -58374.0)
(281, 25.146946668624878, -1124660.0, -58374.0)
(282, 25.26036286354065, -1124660.0, -58374.0)
(283, 25.369799375534058, -1124660.0, -58374.0)
(284, 25.479873180389404, -1124660.0, -58374.0)
(285, 25.593568325042725, -1124660.0, -58374.0)
(286, 25.704675436019897, -1124660.0, -58374.0)
(287, 25.817744255065918, -1124660.0, -58374.0)
(288, 25.928765773773193, -1124660.0, -58374.0)
(289, 26.039925575256348, -1124660.0, -58374.0)
(290, 26.151800632476807, -1124660.0, -58374.0)
(291, 26.263773679733276, -1124660.0, -58374.0)
(292, 26.374091625213623, -1124660.0, -58374.0)
(293, 26.48730778694153, -1124660.0, -58374.0)
(294, 26.602967023849487, -1124660.0, -58374.0)
(295, 26.717938899993896, -1124660.0, -58374.0)
(296, 26.83063507080078, -1124660.0, -58374.0)
(297, 26.945778131484985, -1124660.0, -58374.0)
(298, 27.06199312210083, -1124660.0, -58374.0)
(299, 27.176790714263916, -1124660.0, -58374.0)
(300, 27.293713569641113, -1124660.0, -58374.0)
(301, 27.409176349639893, -1124660.0, -58374.0)
(302, 27.52495050430298, -1124660.0, -58374.0)
(303, 27.64640712738037, -1124660.0, -58374.0)
(304, 27.764137268066406, -1124660.0, -58374.0)
(305, 27.87957262992859, -1124660.0, -58374.0)
(306, 27.99906349182129, -1124660.0, -58374.0)
(307, 28.115801572799683, -1124660.0, -58374.0)
(308, 28.234230756759644, -1124660.0, -58374.0)
(309, 28.357701063156128, -1124660.0, -58374.0)
(310, 28.478102684020996, -1124660.0, -58374.0)
(311, 28.597007751464844, -1124660.0, -58374.0)
(312, 28.715946435928345, -1124660.0, -58374.0)
(313, 28.837148427963257, -1124660.0, -58374.0)
(314, 28.95707607269287, -1124660.0, -58374.0)
(315, 29.07861638069153, -1124660.0, -58374.0)
(316, 29.198200225830078, -1124660.0, -58374.0)
(317, 29.317650079727173, -1124660.0, -58374.0)
(318, 29.440094232559204, -1124660.0, -58374.0)
(319, 29.561442852020264, -1124660.0, -58374.0)
(320, 29.681646585464478, -1124660.0, -58374.0)
(321, 29.8039608001709, -1124660.0, -58374.0)
(322, 29.925859451293945, -1124660.0, -58374.0)
(323, 30.046778440475464, -1124660.0, -58374.0)
(324, 30.16815757751465, -1124660.0, -58374.0)
(325, 30.28929305076599, -1124660.0, -58374.0)
(326, 30.40986442565918, -1124660.0, -58374.0)
(327, 30.530532121658325, -1124660.0, -58374.0)
(328, 30.651917219161987, -1124660.0, -58374.0)
(329, 30.772679090499878, -1124660.0, -58374.0)
(330, 30.894677877426147, -1124660.0, -58374.0)
(331, 31.01521611213684, -1124660.0, -58374.0)
(332, 31.13610577583313, -1124660.0, -58374.0)
(333, 31.26119613647461, -1124660.0, -58374.0)
(334, 31.388250589370728, -1124660.0, -58374.0)
(335, 31.511369466781616, -1124660.0, -58374.0)
(336, 31.63576364517212, -1124660.0, -58374.0)
(337, 31.75879168510437, -1124660.0, -58374.0)
(338, 31.883435249328613, -1124660.0, -58374.0)
(339, 32.00667881965637, -1124660.0, -58374.0)
(340, 32.130146741867065, -1124660.0, -58374.0)
(341, 32.25776267051697, -1124660.0, -58374.0)
(342, 32.38183546066284, -1124660.0, -58374.0)
(343, 32.505258560180664, -1124660.0, -58374.0)
(344, 32.627047061920166, -1124660.0, -58374.0)
(345, 32.74948978424072, -1124660.0, -58374.0)
(346, 32.875324010849, -1124660.0, -58374.0)
(347, 33.00029540061951, -1124660.0, -58374.0)
(348, 33.12436556816101, -1124660.0, -58374.0)
(349, 33.25088357925415, -1124660.0, -58374.0)
(350, 33.37620282173157, -1124660.0, -58374.0)
(351, 33.49931502342224, -1124660.0, -58374.0)
(352, 33.62513184547424, -1124660.0, -58374.0)
(353, 33.749189376831055, -1124660.0, -58374.0)
(354, 33.87593150138855, -1124660.0, -58374.0)
(355, 34.00485682487488, -1124660.0, -58374.0)
(356, 34.12962365150452, -1124660.0, -58374.0)
(357, 34.255810260772705, -1124660.0, -58374.0)
(358, 34.38203239440918, -1124660.0, -58374.0)
(359, 34.51009774208069, -1124660.0, -58374.0)
(360, 34.634584188461304, -1124660.0, -58374.0)
(361, 34.7656044960022, -1124660.0, -58374.0)
(362, 34.89090847969055, -1124660.0, -58374.0)
(363, 35.017237186431885, -1124660.0, -58374.0)
(364, 35.14270257949829, -1124660.0, -58374.0)
(365, 35.27133750915527, -1124660.0, -58374.0)
(366, 35.39925694465637, -1124660.0, -58374.0)
(367, 35.52598166465759, -1124660.0, -58374.0)
(368, 35.65360927581787, -1124660.0, -58374.0)
(369, 35.78008460998535, -1124660.0, -58374.0)
(370, 35.90960645675659, -1124660.0, -58374.0)
(371, 36.037864685058594, -1124660.0, -58374.0)
(372, 36.16664743423462, -1124660.0, -58374.0)
(373, 36.29574131965637, -1124660.0, -58374.0)
(374, 36.42697310447693, -1124660.0, -58374.0)
(375, 36.561769008636475, -1124660.0, -58374.0)
(376, 36.69222617149353, -1124660.0, -58374.0)
(377, 36.8220272064209, -1124660.0, -58374.0)
(378, 36.952001333236694, -1124660.0, -58374.0)
(379, 37.08559989929199, -1124660.0, -58374.0)
(380, 37.2184374332428, -1124660.0, -58374.0)
(381, 37.35206961631775, -1124660.0, -58374.0)
(382, 37.48746156692505, -1124660.0, -58374.0)
(383, 37.62235069274902, -1124660.0, -58374.0)
(384, 37.754164934158325, -1124660.0, -58374.0)
(385, 37.88403582572937, -1124660.0, -58374.0)
(386, 38.0139000415802, -1124660.0, -58374.0)
(387, 38.14646077156067, -1124660.0, -58374.0)
(388, 38.27402639389038, -1124660.0, -58374.0)
(389, 38.40335011482239, -1124660.0, -58374.0)
(390, 38.53491711616516, -1124660.0, -58374.0)
(391, 38.66878533363342, -1124660.0, -58374.0)
(392, 38.802037715911865, -1124660.0, -58374.0)
(393, 38.93548011779785, -1124660.0, -58374.0)
(394, 39.067763566970825, -1124660.0, -58374.0)
(395, 39.20125412940979, -1124660.0, -58374.0)
(396, 39.33676624298096, -1124660.0, -58374.0)
(397, 39.47270154953003, -1124660.0, -58374.0)
(398, 39.61174297332764, -1124660.0, -58374.0)
(399, 39.74648833274841, -1124660.0, -58374.0)
(400, 39.881468534469604, -1124660.0, -58374.0)
(401, 40.016326904296875, -1124660.0, -58374.0)
(402, 40.1475396156311, -1124660.0, -58374.0)
(403, 40.282572746276855, -1124660.0, -58374.0)
(404, 40.42262578010559, -1124660.0, -58374.0)
(405, 40.56211876869202, -1124660.0, -58374.0)
(406, 40.69701147079468, -1124660.0, -58374.0)
(407, 40.831109046936035, -1124660.0, -58374.0)
(408, 40.9637565612793, -1124660.0, -58374.0)
(409, 41.09890532493591, -1124660.0, -58374.0)
(410, 41.23633146286011, -1124660.0, -58374.0)
(411, 41.373472929000854, -1124660.0, -58374.0)
(412, 41.51057267189026, -1124660.0, -58374.0)
(413, 41.64475440979004, -1124660.0, -58374.0)
(414, 41.78068447113037, -1124660.0, -58374.0)
(415, 41.923123359680176, -1124660.0, -58374.0)
(416, 42.06096172332764, -1124660.0, -58374.0)
(417, 42.19907569885254, -1124660.0, -58374.0)
(418, 42.33819556236267, -1124660.0, -58374.0)
(419, 42.4748899936676, -1124660.0, -58374.0)
(420, 42.61634802818298, -1124660.0, -58374.0)
(421, 42.75723910331726, -1124660.0, -58374.0)
(422, 42.89803123474121, -1124660.0, -58374.0)
(423, 43.03826427459717, -1124660.0, -58374.0)
(424, 43.17756175994873, -1124660.0, -58374.0)
(425, 43.316468477249146, -1124660.0, -58374.0)
(426, 43.457268714904785, -1124660.0, -58374.0)
(427, 43.59240436553955, -1124660.0, -58374.0)
(428, 43.72914266586304, -1124660.0, -58374.0)
(429, 43.87194585800171, -1124660.0, -58374.0)
(430, 44.011271238327026, -1124660.0, -58374.0)
(431, 44.1528422832489, -1124660.0, -58374.0)
(432, 44.29098463058472, -1124660.0, -58374.0)
(433, 44.43437051773071, -1124660.0, -58374.0)
(434, 44.5744252204895, -1124660.0, -58374.0)
(435, 44.716726303100586, -1124660.0, -58374.0)
(436, 44.85473966598511, -1124660.0, -58374.0)
(437, 44.99614906311035, -1124660.0, -58374.0)
(438, 45.13825297355652, -1124660.0, -58374.0)
(439, 45.27939462661743, -1124660.0, -58374.0)
(440, 45.4239764213562, -1124660.0, -58374.0)
(441, 45.56648373603821, -1124660.0, -58374.0)
(442, 45.709919929504395, -1124660.0, -58374.0)
(443, 45.85585284233093, -1124660.0, -58374.0)
(444, 46.00398516654968, -1124660.0, -58374.0)
(445, 46.15151619911194, -1124660.0, -58374.0)
(446, 46.29353356361389, -1124660.0, -58374.0)
(447, 46.43680429458618, -1124660.0, -58374.0)
(448, 46.58869552612305, -1124660.0, -58374.0)
(449, 46.73752522468567, -1124660.0, -58374.0)
(450, 46.88162922859192, -1124660.0, -58374.0)
(451, 47.02677273750305, -1124660.0, -58374.0)
(452, 47.17141771316528, -1124660.0, -58374.0)
(453, 47.31619882583618, -1124660.0, -58374.0)
(454, 47.46090912818909, -1124660.0, -58374.0)
(455, 47.60455012321472, -1124660.0, -58374.0)
(456, 47.74922776222229, -1124660.0, -58374.0)
(457, 47.89182424545288, -1124660.0, -58374.0)
(458, 48.03473401069641, -1124660.0, -58374.0)
(459, 48.18159604072571, -1124660.0, -58374.0)
(460, 48.326575756073, -1124660.0, -58374.0)
(461, 48.47180533409119, -1124660.0, -58374.0)
(462, 48.61665654182434, -1124660.0, -58374.0)
(463, 48.76039958000183, -1124660.0, -58374.0)
(464, 48.909119844436646, -1124660.0, -58374.0)
(465, 49.05420756340027, -1124660.0, -58374.0)
(466, 49.20066046714783, -1124660.0, -58374.0)
(467, 49.34725737571716, -1124660.0, -58374.0)
(468, 49.49552536010742, -1124660.0, -58374.0)
(469, 49.642417907714844, -1124660.0, -58374.0)
(470, 49.790714263916016, -1124660.0, -58374.0)
(471, 49.94077229499817, -1124660.0, -58374.0)
(472, 50.08865284919739, -1124660.0, -58374.0)
(473, 50.23544144630432, -1124660.0, -58374.0)
(474, 50.381301403045654, -1124660.0, -58374.0)
(475, 50.527971267700195, -1124660.0, -58374.0)
(476, 50.678722620010376, -1124660.0, -58374.0)
(477, 50.827836990356445, -1124660.0, -58374.0)
(478, 50.98028826713562, -1124660.0, -58374.0)
(479, 51.1275954246521, -1124660.0, -58374.0)
(480, 51.27733135223389, -1124660.0, -58374.0)
(481, 51.42711400985718, -1124660.0, -58374.0)
(482, 51.576701641082764, -1124660.0, -58374.0)
(483, 51.72879910469055, -1124660.0, -58374.0)
(484, 51.88099718093872, -1124660.0, -58374.0)
(485, 52.033599853515625, -1124660.0, -58374.0)
(486, 52.18571949005127, -1124660.0, -58374.0)
(487, 52.33924102783203, -1124660.0, -58374.0)
(488, 52.49110651016235, -1124660.0, -58374.0)
(489, 52.64082145690918, -1124660.0, -58374.0)
(490, 52.79361152648926, -1124660.0, -58374.0)
(491, 52.95037579536438, -1124660.0, -58374.0)
(492, 53.10282778739929, -1124660.0, -58374.0)
(493, 53.25164031982422, -1124660.0, -58374.0)
(494, 53.40192174911499, -1124660.0, -58374.0)
(495, 53.55342197418213, -1124660.0, -58374.0)
(496, 53.70384383201599, -1124660.0, -58374.0)
(497, 53.86161923408508, -1124660.0, -58374.0)
(498, 54.01747918128967, -1124660.0, -58374.0)
(499, 54.173015832901, -1124660.0, -58374.0)
(500, 54.329384088516235, -1124660.0, -58374.0)
(501, 54.481894969940186, -1124660.0, -58374.0)
(502, 54.648804903030396, -1124660.0, -58374.0)
(503, 54.80713963508606, -1124660.0, -58374.0)
(504, 54.96284103393555, -1124660.0, -58374.0)
(505, 55.11823630332947, -1124660.0, -58374.0)
(506, 55.27376365661621, -1124660.0, -58374.0)
(507, 55.42798089981079, -1124660.0, -58374.0)
(508, 55.5845091342926, -1124660.0, -58374.0)
(509, 55.7394814491272, -1124660.0, -58374.0)
(510, 55.89849638938904, -1124660.0, -58374.0)
(511, 56.056557178497314, -1124660.0, -58374.0)
(512, 56.20989108085632, -1124660.0, -58374.0)
(513, 56.363176345825195, -1124660.0, -58374.0)
(514, 56.51685190200806, -1124660.0, -58374.0)
(515, 56.67189407348633, -1124660.0, -58374.0)
(516, 56.82897615432739, -1124660.0, -58374.0)
(517, 56.983840465545654, -1124660.0, -58374.0)
(518, 57.137934923172, -1124660.0, -58374.0)
(519, 57.30108404159546, -1124660.0, -58374.0)
(520, 57.45667028427124, -1124660.0, -58374.0)
(521, 57.61064434051514, -1124660.0, -58374.0)
(522, 57.76684355735779, -1124660.0, -58374.0)
(523, 57.921337604522705, -1124660.0, -58374.0)
(524, 58.082005739212036, -1124660.0, -58374.0)
(525, 58.23492789268494, -1124660.0, -58374.0)
(526, 58.39310312271118, -1124660.0, -58374.0)
(527, 58.550782680511475, -1124660.0, -58374.0)
(528, 58.710670471191406, -1124660.0, -58374.0)
(529, 58.878607749938965, -1124660.0, -58374.0)
(530, 59.03877401351929, -1124660.0, -58374.0)
(531, 59.19698691368103, -1124660.0, -58374.0)
(532, 59.35421657562256, -1124660.0, -58374.0)
(533, 59.507944107055664, -1124660.0, -58374.0)
(534, 59.66180658340454, -1124660.0, -58374.0)
(535, 59.82148337364197, -1124660.0, -58374.0)
(536, 59.98089790344238, -1124660.0, -58374.0)
(537, 60.138920068740845, -1124660.0, -58374.0)
(538, 60.298811197280884, -1124660.0, -58374.0)
(539, 60.461448669433594, -1124660.0, -58374.0)
(540, 60.62108278274536, -1124660.0, -58374.0)
(541, 60.78086018562317, -1124660.0, -58374.0)
(542, 60.94185781478882, -1124660.0, -58374.0)
(543, 61.103140115737915, -1124660.0, -58374.0)
(544, 61.26539897918701, -1124660.0, -58374.0)
(545, 61.42734909057617, -1124660.0, -58374.0)
(546, 61.587397813797, -1124660.0, -58374.0)
(547, 61.74601411819458, -1124660.0, -58374.0)
(548, 61.90871524810791, -1124660.0, -58374.0)
(549, 62.07033586502075, -1124660.0, -58374.0)
(550, 62.2310733795166, -1124660.0, -58374.0)
(551, 62.39447045326233, -1124660.0, -58374.0)
(552, 62.55700469017029, -1124660.0, -58374.0)
(553, 62.71685481071472, -1124660.0, -58374.0)
(554, 62.879159688949585, -1124660.0, -58374.0)
(555, 63.04112243652344, -1124660.0, -58374.0)
(556, 63.20387887954712, -1124660.0, -58374.0)
(557, 63.36672496795654, -1124660.0, -58374.0)
(558, 63.5246148109436, -1124660.0, -58374.0)
(559, 63.69044637680054, -1124660.0, -58374.0)
(560, 63.85369825363159, -1124660.0, -58374.0)
(561, 64.01712465286255, -1124660.0, -58374.0)
(562, 64.18200206756592, -1124660.0, -58374.0)
(563, 64.35631060600281, -1124660.0, -58374.0)
(564, 64.52270221710205, -1124660.0, -58374.0)
(565, 64.69230389595032, -1124660.0, -58374.0)
(566, 64.862544298172, -1124660.0, -58374.0)
(567, 65.02809262275696, -1124660.0, -58374.0)
(568, 65.19626045227051, -1124660.0, -58374.0)
(569, 65.36193943023682, -1124660.0, -58374.0)
(570, 65.5301604270935, -1124660.0, -58374.0)
(571, 65.70004487037659, -1124660.0, -58374.0)
(572, 65.86553239822388, -1124660.0, -58374.0)
(573, 66.03459024429321, -1124660.0, -58374.0)
(574, 66.20087218284607, -1124660.0, -58374.0)
(575, 66.36995673179626, -1124660.0, -58374.0)
(576, 66.53817677497864, -1124660.0, -58374.0)
(577, 66.71890306472778, -1124660.0, -58374.0)
(578, 66.89429330825806, -1124660.0, -58374.0)
(579, 67.06325840950012, -1124660.0, -58374.0)
(580, 67.23234796524048, -1124660.0, -58374.0)
(581, 67.4073166847229, -1124660.0, -58374.0)
(582, 67.58905792236328, -1124660.0, -58374.0)
(583, 67.76397824287415, -1124660.0, -58374.0)
(584, 67.9513053894043, -1124660.0, -58374.0)
(585, 68.12840723991394, -1124660.0, -58374.0)
(586, 68.29997992515564, -1124660.0, -58374.0)
(587, 68.46612882614136, -1124660.0, -58374.0)
(588, 68.63639092445374, -1124660.0, -58374.0)
(589, 68.80571842193604, -1124660.0, -58374.0)
(590, 68.97626948356628, -1124660.0, -58374.0)
(591, 69.14626884460449, -1124660.0, -58374.0)
(592, 69.31683897972107, -1124660.0, -58374.0)
(593, 69.48424935340881, -1124660.0, -58374.0)
(594, 69.67765712738037, -1124660.0, -58374.0)
(595, 69.84998369216919, -1124660.0, -58374.0)
(596, 70.01963329315186, -1124660.0, -58374.0)
(597, 70.18817663192749, -1124660.0, -58374.0)
(598, 70.35717821121216, -1124660.0, -58374.0)
(599, 70.5286271572113, -1124660.0, -58374.0)
(600, 70.69893598556519, -1124660.0, -58374.0)
(601, 70.86797523498535, -1124660.0, -58374.0)
(602, 71.03654432296753, -1124660.0, -58374.0)
(603, 71.20553469657898, -1124660.0, -58374.0)
(604, 71.37355875968933, -1124660.0, -58374.0)
(605, 71.54585313796997, -1124660.0, -58374.0)
(606, 71.72102761268616, -1124660.0, -58374.0)
(607, 71.89474320411682, -1124660.0, -58374.0)
(608, 72.06421327590942, -1124660.0, -58374.0)
(609, 72.24226951599121, -1124660.0, -58374.0)
(610, 72.41649532318115, -1124660.0, -58374.0)
(611, 72.58625602722168, -1124660.0, -58374.0)
(612, 72.75968480110168, -1124660.0, -58374.0)
(613, 72.9306161403656, -1124660.0, -58374.0)
(614, 73.10396003723145, -1124660.0, -58374.0)
(615, 73.27385354042053, -1124660.0, -58374.0)
(616, 73.45167875289917, -1124660.0, -58374.0)
(617, 73.62472629547119, -1124660.0, -58374.0)
(618, 73.79461574554443, -1124660.0, -58374.0)
(619, 73.97149395942688, -1124660.0, -58374.0)
(620, 74.14432382583618, -1124660.0, -58374.0)
(621, 74.32105731964111, -1124660.0, -58374.0)
(622, 74.49588966369629, -1124660.0, -58374.0)
(623, 74.66805911064148, -1124660.0, -58374.0)
(624, 74.84293174743652, -1124660.0, -58374.0)
(625, 75.01758909225464, -1124660.0, -58374.0)
(626, 75.19333505630493, -1124660.0, -58374.0)
(627, 75.37030267715454, -1124660.0, -58374.0)
(628, 75.54833889007568, -1124660.0, -58374.0)
(629, 75.72302865982056, -1124660.0, -58374.0)
(630, 75.90484881401062, -1124660.0, -58374.0)
(631, 76.08303499221802, -1124660.0, -58374.0)
(632, 76.2584228515625, -1124660.0, -58374.0)
(633, 76.43863725662231, -1124660.0, -58374.0)
(634, 76.61391711235046, -1124660.0, -58374.0)
(635, 76.794930934906, -1124660.0, -58374.0)
(636, 76.97557759284973, -1124660.0, -58374.0)
(637, 77.15099573135376, -1124660.0, -58374.0)
(638, 77.32660961151123, -1124660.0, -58374.0)
(639, 77.50723338127136, -1124660.0, -58374.0)
(640, 77.68656420707703, -1124660.0, -58374.0)
(641, 77.8662052154541, -1124660.0, -58374.0)
(642, 78.04299783706665, -1124660.0, -58374.0)
(643, 78.22465658187866, -1124660.0, -58374.0)
(644, 78.40526223182678, -1124660.0, -58374.0)
(645, 78.58167338371277, -1124660.0, -58374.0)
(646, 78.7603485584259, -1124660.0, -58374.0)
(647, 78.94326329231262, -1124660.0, -58374.0)
(648, 79.12267851829529, -1124660.0, -58374.0)
(649, 79.30505323410034, -1124660.0, -58374.0)
(650, 79.48447823524475, -1124660.0, -58374.0)
(651, 79.66392946243286, -1124660.0, -58374.0)
(652, 79.84338045120239, -1124660.0, -58374.0)
(653, 80.02659606933594, -1124660.0, -58374.0)
(654, 80.21751236915588, -1124660.0, -58374.0)
(655, 80.40338230133057, -1124660.0, -58374.0)
(656, 80.58855295181274, -1124660.0, -58374.0)
(657, 80.77482104301453, -1124660.0, -58374.0)
(658, 80.95550060272217, -1124660.0, -58374.0)
(659, 81.1358654499054, -1124660.0, -58374.0)
(660, 81.31939268112183, -1124660.0, -58374.0)
(661, 81.5047698020935, -1124660.0, -58374.0)
(662, 81.68289685249329, -1124660.0, -58374.0)
(663, 81.86566042900085, -1124660.0, -58374.0)
(664, 82.04620432853699, -1124660.0, -58374.0)
(665, 82.22776627540588, -1124660.0, -58374.0)
(666, 82.41248607635498, -1124660.0, -58374.0)
(667, 82.59436798095703, -1124660.0, -58374.0)
(668, 82.77765893936157, -1124660.0, -58374.0)
(669, 82.96225142478943, -1124660.0, -58374.0)
(670, 83.14853048324585, -1124660.0, -58374.0)
(671, 83.33337950706482, -1124660.0, -58374.0)
(672, 83.51224875450134, -1124660.0, -58374.0)
(673, 83.69774866104126, -1124660.0, -58374.0)
(674, 83.88178157806396, -1124660.0, -58374.0)
(675, 84.06626915931702, -1124660.0, -58374.0)
(676, 84.2538571357727, -1124660.0, -58374.0)
(677, 84.44489479064941, -1124660.0, -58374.0)
(678, 84.63233351707458, -1124660.0, -58374.0)
(679, 84.82141542434692, -1124660.0, -58374.0)
(680, 85.01217889785767, -1124660.0, -58374.0)
(681, 85.20000171661377, -1124660.0, -58374.0)
(682, 85.38503861427307, -1124660.0, -58374.0)
(683, 85.56610417366028, -1124660.0, -58374.0)
(684, 85.75231122970581, -1124660.0, -58374.0)
(685, 85.93501663208008, -1124660.0, -58374.0)
(686, 86.12060976028442, -1124660.0, -58374.0)
(687, 86.30417466163635, -1124660.0, -58374.0)
(688, 86.49423336982727, -1124660.0, -58374.0)
(689, 86.68239259719849, -1124660.0, -58374.0)
(690, 86.87184429168701, -1124660.0, -58374.0)
(691, 87.06088185310364, -1124660.0, -58374.0)
(692, 87.24889850616455, -1124660.0, -58374.0)
(693, 87.43979954719543, -1124660.0, -58374.0)
(694, 87.62703108787537, -1124660.0, -58374.0)
(695, 87.81645321846008, -1124660.0, -58374.0)
(696, 88.00857853889465, -1124660.0, -58374.0)
(697, 88.1949474811554, -1124660.0, -58374.0)
(698, 88.38594555854797, -1124660.0, -58374.0)
(699, 88.57637453079224, -1124660.0, -58374.0)
(700, 88.76923084259033, -1124660.0, -58374.0)
(701, 88.96434283256531, -1124660.0, -58374.0)
(702, 89.14927196502686, -1124660.0, -58374.0)
(703, 89.33964228630066, -1124660.0, -58374.0)
(704, 89.53307747840881, -1124660.0, -58374.0)
(705, 89.71937370300293, -1124660.0, -58374.0)
(706, 89.90875434875488, -1124660.0, -58374.0)
(707, 90.10210347175598, -1124660.0, -58374.0)
(708, 90.29855442047119, -1124660.0, -58374.0)
(709, 90.48797035217285, -1124660.0, -58374.0)
(710, 90.68378949165344, -1124660.0, -58374.0)
(711, 90.8761796951294, -1124660.0, -58374.0)
(712, 91.06973958015442, -1124660.0, -58374.0)
(713, 91.2604992389679, -1124660.0, -58374.0)
(714, 91.45364165306091, -1124660.0, -58374.0)
(715, 91.64565134048462, -1124660.0, -58374.0)
(716, 91.84381484985352, -1124660.0, -58374.0)
(717, 92.03859639167786, -1124660.0, -58374.0)
(718, 92.23399519920349, -1124660.0, -58374.0)
(719, 92.4346992969513, -1124660.0, -58374.0)
(720, 92.63270735740662, -1124660.0, -58374.0)
(721, 92.82373261451721, -1124660.0, -58374.0)
(722, 93.01844000816345, -1124660.0, -58374.0)
(723, 93.2183518409729, -1124660.0, -58374.0)
(724, 93.41186285018921, -1124660.0, -58374.0)
(725, 93.61102151870728, -1124660.0, -58374.0)
(726, 93.80693411827087, -1124660.0, -58374.0)
(727, 94.00505709648132, -1124660.0, -58374.0)
(728, 94.20359706878662, -1124660.0, -58374.0)
(729, 94.401291847229, -1124660.0, -58374.0)
(730, 94.59524536132812, -1124660.0, -58374.0)
(731, 94.79297924041748, -1124660.0, -58374.0)
(732, 94.99060320854187, -1124660.0, -58374.0)
(733, 95.1862268447876, -1124660.0, -58374.0)
(734, 95.38528490066528, -1124660.0, -58374.0)
(735, 95.59347414970398, -1124660.0, -58374.0)
(736, 95.7917640209198, -1124660.0, -58374.0)
(737, 95.99095630645752, -1124660.0, -58374.0)
(738, 96.18622469902039, -1124660.0, -58374.0)
(739, 96.3844895362854, -1124660.0, -58374.0)
(740, 96.58117532730103, -1124660.0, -58374.0)
(741, 96.77989506721497, -1124660.0, -58374.0)
(742, 96.97702717781067, -1124660.0, -58374.0)
(743, 97.17371606826782, -1124660.0, -58374.0)
(744, 97.3724308013916, -1124660.0, -58374.0)
(745, 97.57358813285828, -1124660.0, -58374.0)
(746, 97.7714467048645, -1124660.0, -58374.0)
(747, 97.97224378585815, -1124660.0, -58374.0)
(748, 98.16943192481995, -1124660.0, -58374.0)
(749, 98.3740336894989, -1124660.0, -58374.0)
(750, 98.57912015914917, -1124660.0, -58374.0)
(751, 98.78463840484619, -1124660.0, -58374.0)
(752, 98.9872624874115, -1124660.0, -58374.0)
(753, 99.1963038444519, -1124660.0, -58374.0)
(754, 99.39949631690979, -1124660.0, -58374.0)
(755, 99.59659099578857, -1124660.0, -58374.0)
(756, 99.79398703575134, -1124660.0, -58374.0)
(757, 99.9969687461853, -1124660.0, -58374.0)
(758, 100.19847130775452, -1124660.0, -58374.0)
(759, 100.40476036071777, -1124660.0, -58374.0)
(760, 100.6079797744751, -1124660.0, -58374.0)
(761, 100.81156802177429, -1124660.0, -58374.0)
(762, 101.01599144935608, -1124660.0, -58374.0)
(763, 101.22500658035278, -1124660.0, -58374.0)
(764, 101.43081831932068, -1124660.0, -58374.0)
(765, 101.6346025466919, -1124660.0, -58374.0)
(766, 101.83985304832458, -1124660.0, -58374.0)
(767, 102.03448104858398, -1124660.0, -58374.0)
(768, 102.24086904525757, -1124660.0, -58374.0)
(769, 102.44206190109253, -1124660.0, -58374.0)
(770, 102.64992046356201, -1124660.0, -58374.0)
(771, 102.85749220848083, -1124660.0, -58374.0)
(772, 103.06371188163757, -1124660.0, -58374.0)
(773, 103.26208782196045, -1124660.0, -58374.0)
(774, 103.47171711921692, -1124660.0, -58374.0)
(775, 103.6783676147461, -1124660.0, -58374.0)
(776, 103.8840720653534, -1124660.0, -58374.0)
(777, 104.09034657478333, -1124660.0, -58374.0)
(778, 104.29058933258057, -1124660.0, -58374.0)
(779, 104.49246025085449, -1124660.0, -58374.0)
(780, 104.69590258598328, -1124660.0, -58374.0)
(781, 104.89558577537537, -1124660.0, -58374.0)
(782, 105.10291528701782, -1124660.0, -58374.0)
(783, 105.30594110488892, -1124660.0, -58374.0)
(784, 105.50543570518494, -1124660.0, -58374.0)
(785, 105.70977759361267, -1124660.0, -58374.0)
(786, 105.9147081375122, -1124660.0, -58374.0)
(787, 106.11741137504578, -1124660.0, -58374.0)
(788, 106.32451581954956, -1124660.0, -58374.0)
(789, 106.52933597564697, -1124660.0, -58374.0)
(790, 106.73857402801514, -1124660.0, -58374.0)
(791, 106.94477391242981, -1124660.0, -58374.0)
(792, 107.15323328971863, -1124660.0, -58374.0)
(793, 107.35718655586243, -1124660.0, -58374.0)
(794, 107.56103992462158, -1124660.0, -58374.0)
(795, 107.77482962608337, -1124660.0, -58374.0)
(796, 107.98087525367737, -1124660.0, -58374.0)
(797, 108.18936276435852, -1124660.0, -58374.0)
(798, 108.39409613609314, -1124660.0, -58374.0)
(799, 108.61027312278748, -1124660.0, -58374.0)
(800, 108.82227230072021, -1124660.0, -58374.0)
(801, 109.03442692756653, -1124660.0, -58374.0)
(802, 109.24910283088684, -1124660.0, -58374.0)
(803, 109.46210479736328, -1124660.0, -58374.0)
(804, 109.67670559883118, -1124660.0, -58374.0)
(805, 109.89433145523071, -1124660.0, -58374.0)
(806, 110.1088376045227, -1124660.0, -58374.0)
(807, 110.31723380088806, -1124660.0, -58374.0)
(808, 110.52832317352295, -1124660.0, -58374.0)
(809, 110.73690342903137, -1124660.0, -58374.0)
(810, 110.94596314430237, -1124660.0, -58374.0)
(811, 111.16147041320801, -1124660.0, -58374.0)
(812, 111.37619614601135, -1124660.0, -58374.0)
(813, 111.59318423271179, -1124660.0, -58374.0)
(814, 111.80360317230225, -1124660.0, -58374.0)
(815, 112.01566314697266, -1124660.0, -58374.0)
(816, 112.22041392326355, -1124660.0, -58374.0)
(817, 112.42935562133789, -1124660.0, -58374.0)
(818, 112.63830661773682, -1124660.0, -58374.0)
(819, 112.84791374206543, -1124660.0, -58374.0)
(820, 113.05802798271179, -1124660.0, -58374.0)
(821, 113.27345895767212, -1124660.0, -58374.0)
(822, 113.48245334625244, -1124660.0, -58374.0)
(823, 113.70671510696411, -1124660.0, -58374.0)
(824, 113.92005252838135, -1124660.0, -58374.0)
(825, 114.13522148132324, -1124660.0, -58374.0)
(826, 114.35464024543762, -1124660.0, -58374.0)
(827, 114.56876134872437, -1124660.0, -58374.0)
(828, 114.77797198295593, -1124660.0, -58374.0)
(829, 114.9938292503357, -1124660.0, -58374.0)
(830, 115.21392726898193, -1124660.0, -58374.0)
(831, 115.43833875656128, -1124660.0, -58374.0)
(832, 115.65280866622925, -1124660.0, -58374.0)
(833, 115.87619614601135, -1124660.0, -58374.0)
(834, 116.08867931365967, -1124660.0, -58374.0)
(835, 116.30754709243774, -1124660.0, -58374.0)
(836, 116.52514576911926, -1124660.0, -58374.0)
(837, 116.7461359500885, -1124660.0, -58374.0)
(838, 116.97006511688232, -1124660.0, -58374.0)
(839, 117.18940830230713, -1124660.0, -58374.0)
(840, 117.43201208114624, -1124660.0, -58374.0)
(841, 117.65921521186829, -1124660.0, -58374.0)
(842, 117.88473606109619, -1124660.0, -58374.0)
(843, 118.11248660087585, -1124660.0, -58374.0)
(844, 118.33828735351562, -1124660.0, -58374.0)
(845, 118.56440758705139, -1124660.0, -58374.0)
(846, 118.7913556098938, -1124660.0, -58374.0)
(847, 119.01040744781494, -1124660.0, -58374.0)
(848, 119.22517514228821, -1124660.0, -58374.0)
(849, 119.44421792030334, -1124660.0, -58374.0)
(850, 119.66036629676819, -1124660.0, -58374.0)
(851, 119.88121151924133, -1124660.0, -58374.0)
(852, 120.09995412826538, -1124660.0, -58374.0)
(853, 120.31217169761658, -1124660.0, -58374.0)
(854, 120.52725982666016, -1124660.0, -58374.0)
(855, 120.74186158180237, -1124660.0, -58374.0)
(856, 120.96098017692566, -1124660.0, -58374.0)
(857, 121.18351411819458, -1124660.0, -58374.0)
(858, 121.40159273147583, -1124660.0, -58374.0)
(859, 121.61823892593384, -1124660.0, -58374.0)
(860, 121.83734107017517, -1124660.0, -58374.0)
(861, 122.05406904220581, -1124660.0, -58374.0)
(862, 122.27679133415222, -1124660.0, -58374.0)
(863, 122.4971091747284, -1124660.0, -58374.0)
(864, 122.71339225769043, -1124660.0, -58374.0)
(865, 122.93175983428955, -1124660.0, -58374.0)
(866, 123.15077018737793, -1124660.0, -58374.0)
(867, 123.37123680114746, -1124660.0, -58374.0)
(868, 123.59812116622925, -1124660.0, -58374.0)
(869, 123.81712579727173, -1124660.0, -58374.0)
(870, 124.04410457611084, -1124660.0, -58374.0)
(871, 124.2675518989563, -1124660.0, -58374.0)
(872, 124.48426795005798, -1124660.0, -58374.0)
(873, 124.7052161693573, -1124660.0, -58374.0)
(874, 124.92627000808716, -1124660.0, -58374.0)
(875, 125.15359592437744, -1124660.0, -58374.0)
(876, 125.37707281112671, -1124660.0, -58374.0)
(877, 125.59568405151367, -1124660.0, -58374.0)
(878, 125.8126847743988, -1124660.0, -58374.0)
(879, 126.0332465171814, -1124660.0, -58374.0)
(880, 126.25668168067932, -1124660.0, -58374.0)
(881, 126.47956657409668, -1124660.0, -58374.0)
(882, 126.69831967353821, -1124660.0, -58374.0)
(883, 126.91995668411255, -1124660.0, -58374.0)
(884, 127.1418867111206, -1124660.0, -58374.0)
(885, 127.36583113670349, -1124660.0, -58374.0)
(886, 127.58496022224426, -1124660.0, -58374.0)
(887, 127.81250047683716, -1124660.0, -58374.0)
(888, 128.0393123626709, -1124660.0, -58374.0)
(889, 128.26516151428223, -1124660.0, -58374.0)
(890, 128.4902606010437, -1124660.0, -58374.0)
(891, 128.70743942260742, -1124660.0, -58374.0)
(892, 128.93053936958313, -1124660.0, -58374.0)
(893, 129.15797114372253, -1124660.0, -58374.0)
(894, 129.38027930259705, -1124660.0, -58374.0)
(895, 129.60743308067322, -1124660.0, -58374.0)
(896, 129.8376965522766, -1124660.0, -58374.0)
(897, 130.0630669593811, -1124660.0, -58374.0)
(898, 130.28736519813538, -1124660.0, -58374.0)
(899, 130.51241397857666, -1124660.0, -58374.0)
(900, 130.73683547973633, -1124660.0, -58374.0)
(901, 130.9763629436493, -1124660.0, -58374.0)
(902, 131.2050802707672, -1124660.0, -58374.0)
(903, 131.43506908416748, -1124660.0, -58374.0)
(904, 131.658846616745, -1124660.0, -58374.0)
(905, 131.88943886756897, -1124660.0, -58374.0)
(906, 132.1121575832367, -1124660.0, -58374.0)
(907, 132.33916115760803, -1124660.0, -58374.0)
(908, 132.57031321525574, -1124660.0, -58374.0)
(909, 132.79949617385864, -1124660.0, -58374.0)
(910, 133.02341318130493, -1124660.0, -58374.0)
(911, 133.25615096092224, -1124660.0, -58374.0)
(912, 133.47855043411255, -1124660.0, -58374.0)
(913, 133.70798873901367, -1124660.0, -58374.0)
(914, 133.94310307502747, -1124660.0, -58374.0)
(915, 134.17437839508057, -1124660.0, -58374.0)
(916, 134.40244460105896, -1124660.0, -58374.0)
(917, 134.62972164154053, -1124660.0, -58374.0)
(918, 134.86175417900085, -1124660.0, -58374.0)
(919, 135.08785676956177, -1124660.0, -58374.0)
(920, 135.32089757919312, -1124660.0, -58374.0)
(921, 135.5441174507141, -1124660.0, -58374.0)
(922, 135.77271032333374, -1124660.0, -58374.0)
(923, 136.0044183731079, -1124660.0, -58374.0)
(924, 136.23492527008057, -1124660.0, -58374.0)
(925, 136.47259616851807, -1124660.0, -58374.0)
(926, 136.71144151687622, -1124660.0, -58374.0)
(927, 136.94310879707336, -1124660.0, -58374.0)
(928, 137.18539357185364, -1124660.0, -58374.0)
(929, 137.41930675506592, -1124660.0, -58374.0)
(930, 137.66393399238586, -1124660.0, -58374.0)
(931, 137.89386701583862, -1124660.0, -58374.0)
(932, 138.1293888092041, -1124660.0, -58374.0)
(933, 138.35911631584167, -1124660.0, -58374.0)
(934, 138.59795308113098, -1124660.0, -58374.0)
(935, 138.83061504364014, -1124660.0, -58374.0)
(936, 139.0633351802826, -1124660.0, -58374.0)
(937, 139.28712153434753, -1124660.0, -58374.0)
(938, 139.526469707489, -1124660.0, -58374.0)
(939, 139.7587547302246, -1124660.0, -58374.0)
(940, 139.99810814857483, -1124660.0, -58374.0)
(941, 140.2306056022644, -1124660.0, -58374.0)
(942, 140.461350440979, -1124660.0, -58374.0)
(943, 140.7007942199707, -1124660.0, -58374.0)
(944, 140.93631553649902, -1124660.0, -58374.0)
(945, 141.1692202091217, -1124660.0, -58374.0)
(946, 141.40194988250732, -1124660.0, -58374.0)
(947, 141.63689160346985, -1124660.0, -58374.0)
(948, 141.87623190879822, -1124660.0, -58374.0)
(949, 142.10986065864563, -1124660.0, -58374.0)
(950, 142.34253478050232, -1124660.0, -58374.0)
(951, 142.57863473892212, -1124660.0, -58374.0)
(952, 142.81176447868347, -1124660.0, -58374.0)
(953, 143.05964136123657, -1124660.0, -58374.0)
(954, 143.2915756702423, -1124660.0, -58374.0)
(955, 143.52754592895508, -1124660.0, -58374.0)
(956, 143.7647204399109, -1124660.0, -58374.0)
(957, 144.0019793510437, -1124660.0, -58374.0)
(958, 144.23300433158875, -1124660.0, -58374.0)
(959, 144.47916769981384, -1124660.0, -58374.0)
(960, 144.71765422821045, -1124660.0, -58374.0)
(961, 144.96020889282227, -1124660.0, -58374.0)
(962, 145.1967544555664, -1124660.0, -58374.0)
(963, 145.43812537193298, -1124660.0, -58374.0)
(964, 145.6752963066101, -1124660.0, -58374.0)
(965, 145.91457414627075, -1124660.0, -58374.0)
(966, 146.14765119552612, -1124660.0, -58374.0)
(967, 146.39573979377747, -1124660.0, -58374.0)
(968, 146.64250087738037, -1124660.0, -58374.0)
(969, 146.88744044303894, -1124660.0, -58374.0)
(970, 147.12998867034912, -1124660.0, -58374.0)
(971, 147.37187933921814, -1124660.0, -58374.0)
(972, 147.6127507686615, -1124660.0, -58374.0)
(973, 147.8552052974701, -1124660.0, -58374.0)
(974, 148.0893747806549, -1124660.0, -58374.0)
(975, 148.3297278881073, -1124660.0, -58374.0)
(976, 148.57294726371765, -1124660.0, -58374.0)
(977, 148.807311296463, -1124660.0, -58374.0)
(978, 149.0490107536316, -1124660.0, -58374.0)
(979, 149.2937605381012, -1124660.0, -58374.0)
(980, 149.53455448150635, -1124660.0, -58374.0)
(981, 149.7780909538269, -1124660.0, -58374.0)
(982, 150.01722979545593, -1124660.0, -58374.0)
(983, 150.25755500793457, -1124660.0, -58374.0)
(984, 150.50281882286072, -1124660.0, -58374.0)
(985, 150.74850249290466, -1124660.0, -58374.0)
(986, 150.98564672470093, -1124660.0, -58374.0)
(987, 151.23702788352966, -1124660.0, -58374.0)
(988, 151.476135969162, -1124660.0, -58374.0)
(989, 151.71173930168152, -1124660.0, -58374.0)
(990, 151.9601855278015, -1124660.0, -58374.0)
(991, 152.205504655838, -1124660.0, -58374.0)
(992, 152.4442117214203, -1124660.0, -58374.0)
(993, 152.69281554222107, -1124660.0, -58374.0)
(994, 152.9478406906128, -1124660.0, -58374.0)
(995, 153.19580745697021, -1124660.0, -58374.0)
(996, 153.4414348602295, -1124660.0, -58374.0)
(997, 153.68591928482056, -1124660.0, -58374.0)
(998, 153.92984819412231, -1124660.0, -58374.0)
(999, 154.17693042755127, -1124660.0, -58374.0)
(1000, 154.42080450057983, -1124660.0, -58374.0)
