(1, 0.03996992111206055, -285914.0, -30718.0)
(2, 0.08062028884887695, -149673.03046003656, -30718.0)
(3, 0.12213778495788574, -108431.36727014364, -30718.0)
(4, 0.16985344886779785, -85861.1707228027, -30718.0)
(5, 0.23015737533569336, -76295.00900914, -30718.0)
(6, 0.29361820220947266, -68163.95922623834, -30718.0)
(7, 0.36162829399108887, -64103.03026362687, -30718.0)
(8, 0.42492127418518066, -59789.3287353859, -30718.0)
(9, 0.49015331268310547, -55445.11924392791, -30718.0)
(10, 0.5599863529205322, -53918.68411001568, -30718.0)
(11, 0.6465256214141846, -47294.85802079195, -41994.36363636366)
(12, 0.7438836097717285, -44499.54133254248, -42058.66666666667)
(13, 0.8449423313140869, -43393.51076904366, -42138.75625000002)
(14, 0.95401930809021, -42942.92818436044, -42219.462301587286)
(15, 1.068324327468872, -42684.44939884424, -42261.27439024388)
(16, 1.179306983947754, -42569.70028844511, -42289.103718199614)
(17, 1.300257921218872, -42426.55525577001, -42320.0962566845)
(18, 1.41514253616333, -42357.23620812362, -42320.279069767435)
(19, 1.5351028442382812, -42333.420018482524, -42320.279069767435)
(20, 1.6541824340820312, -42326.0100654878, -42320.27906976744)
(21, 1.7680599689483643, -42321.99836849952, -42320.27906976744)
(22, 1.8919336795806885, -42320.79485936852, -42320.27906976745)
(23, 2.0124318599700928, -42320.43380615235, -42320.27906976746)
(24, 2.1366500854492188, -42320.325492164455, -42320.27906976744)
(25, 2.2582409381866455, -42320.29299642636, -42320.27906976744)
(26, 2.385183334350586, -42320.283260849785, -42320.279069767435)
