(1, 0.03476905822753906, -200057.0, -13699.0)
(2, 0.0751352310180664, -99510.36462375268, -13699.0)
(3, 0.10926437377929688, -50551.04201606583, -13699.0)
(4, 0.1455516815185547, -31252.416744867594, -13699.0)
(5, 0.18541598320007324, -23911.140959692686, -13699.0)
(6, 0.23386073112487793, -21588.170790217133, -13699.0)
(7, 0.29822254180908203, -19712.275775413244, -18667.0)
(8, 0.3706049919128418, -19073.813896047068, -18667.0)
(9, 0.4479515552520752, -18789.04416881398, -18667.0)
(10, 0.5235123634338379, -18703.613250643943, -18667.0)
(11, 0.5975596904754639, -18677.98397519468, -18667.000000000004)
(12, 0.6744017601013184, -18670.295192558155, -18666.999999999996)
(13, 0.7509336471557617, -18667.988557767047, -18667.0)
(14, 0.8268618583679199, -18667.296567328427, -18667.0)
(15, 0.9043762683868408, -18667.088970188688, -18667.0)
(16, 0.9844439029693604, -18667.026691056053, -18667.0)
(17, 1.0656304359436035, -18667.00800731163, -18667.0)
(18, 1.1465320587158203, -18667.002401009682, -18667.0)
