(1, 0.03113102912902832, -208880.0, -15126.0)
(2, 0.059187889099121094, -197639.07692307694, -15126.0)
(3, 0.0876150131225586, -197639.07692307694, -15126.0)
(4, 0.11560821533203125, -197639.07692307694, -15126.0)
(5, 0.14384722709655762, -197639.07692307694, -15126.0)
(6, 0.17208027839660645, -197639.07692307694, -15126.0)
(7, 0.20036530494689941, -197639.07692307694, -15126.0)
(8, 0.22920632362365723, -197639.07692307694, -15126.0)
(9, 0.2578282356262207, -173601.84, -15126.0)
(10, 0.28702473640441895, -173601.84, -15126.0)
(11, 0.3149559497833252, -159028.03846153847, -15126.0)
(12, 0.34431886672973633, -159028.03846153847, -15126.0)
(13, 0.3726816177368164, -159028.03846153847, -15126.0)
(14, 0.400989294052124, -159028.03846153847, -15126.0)
(15, 0.4293708801269531, -159028.03846153847, -15126.0)
(16, 0.4569535255432129, -159028.03846153847, -15126.0)
(17, 0.4852938652038574, -159028.03846153847, -15126.0)
(18, 0.5137035846710205, -146481.05263157893, -15126.0)
(19, 0.5421392917633057, -120246.76923076923, -15126.0)
(20, 0.5692338943481445, -120246.76923076923, -15126.0)
(21, 0.5964295864105225, -120246.76923076923, -15126.0)
(22, 0.623293399810791, -120246.76923076923, -15126.0)
(23, 0.649930477142334, -120246.76923076923, -15126.0)
(24, 0.6766633987426758, -120246.76923076923, -15126.0)
(25, 0.7033686637878418, -98962.125, -15126.0)
(26, 0.7301690578460693, -89979.20833333333, -15126.0)
(27, 0.7582933902740479, -86775.77777777778, -15126.0)
(28, 0.7850899696350098, -86775.77777777778, -15126.0)
(29, 0.81111741065979, -86775.77777777778, -15126.0)
(30, 0.8375058174133301, -75713.17391304349, -15126.0)
(31, 0.8641190528869629, -75713.17391304349, -15126.0)
(32, 0.8908421993255615, -53201.739130434784, -15126.0)
(33, 0.9199051856994629, -53201.739130434784, -15126.0)
(34, 0.9484179019927979, -53201.739130434784, -15126.0)
(35, 0.9759554862976074, -53201.739130434784, -15126.0)
(36, 1.0047438144683838, -53201.739130434784, -15126.0)
(37, 1.0312559604644775, -26890.05, -15126.0)
(38, 1.0578579902648926, -26890.05, -15126.0)
(39, 1.0842249393463135, -26890.05, -15126.0)
(40, 1.1108036041259766, -21973.933333333334, -15126.0)
(41, 1.1365132331848145, -20504.941176470584, -15126.0)
(42, 1.1621370315551758, -19522.25, -15126.0)
(43, 1.1875386238098145, -19522.25, -15126.0)
(44, 1.2135233879089355, -19522.25, -15126.0)
(45, 1.239870548248291, -19522.25, -15126.0)
(46, 1.2654049396514893, -19522.25, -15126.0)
(47, 1.2909939289093018, -19522.25, -15126.0)
(48, 1.3166582584381104, -19522.25, -15126.0)
(49, 1.3422307968139648, -19522.25, -15126.0)
(50, 1.3678817749023438, -19522.25, -15126.0)
(51, 1.3936336040496826, -19522.25, -15126.0)
(52, 1.419602870941162, -19522.25, -15126.0)
(53, 1.445533037185669, -19522.25, -15126.0)
(54, 1.4717726707458496, -19522.25, -15126.0)
(55, 1.4979455471038818, -19522.25, -15126.0)
(56, 1.524244785308838, -19522.25, -15126.0)
(57, 1.5500679016113281, -19522.25, -15126.0)
(58, 1.5761985778808594, -19522.25, -15126.0)
(59, 1.602017879486084, -19522.25, -15126.0)
(60, 1.628584623336792, -19522.25, -15126.0)
(61, 1.654956579208374, -19522.25, -15126.0)
(62, 1.6861310005187988, -19522.25, -15126.0)
(63, 1.7160015106201172, -19522.25, -15126.0)
(64, 1.7426316738128662, -19522.25, -15126.0)
(65, 1.7694618701934814, -19522.25, -15126.0)
(66, 1.7958076000213623, -19522.25, -15126.0)
(67, 1.8220436573028564, -19522.25, -15126.0)
(68, 1.8543362617492676, -19522.25, -15126.0)
(69, 1.8902499675750732, -18406.0, -15126.0)
(70, 1.916956901550293, -18406.0, -15126.0)
(71, 1.943793773651123, -18406.0, -15126.0)
(72, 1.981567621231079, -17653.0, -17653.0)
(73, 2.00822377204895, -17653.0, -17653.0)
