(1, 0.04181504249572754, -327697.0, -31851.0)
(2, 0.08208537101745605, -166389.84291706388, -31851.0)
(3, 0.12540459632873535, -107419.08202647461, -31851.0)
(4, 0.1730029582977295, -87226.66785961548, -31851.0)
(5, 0.2303144931793213, -71995.09307387355, -31851.0)
(6, 0.30191898345947266, -64786.23274139824, -31851.0)
(7, 0.368457555770874, -56223.63658313765, -31851.0)
(8, 0.4385998249053955, -53777.58542101497, -31851.0)
(9, 0.5166451930999756, -49531.26579253505, -31851.0)
(10, 0.5987956523895264, -47906.42696848602, -31851.0)
(11, 0.6911017894744873, -44747.113461396024, -31851.0)
(12, 0.791201114654541, -44747.113461396024, -31851.0)
(13, 0.8960747718811035, -40497.87895799977, -37938.11385606875)
(14, 1.0173978805541992, -39065.04532697309, -37961.494765840216)
(15, 1.138493537902832, -38516.65109375628, -37995.666666666664)
(16, 1.2803075313568115, -38382.821817246295, -38053.57286432161)
(17, 1.4280917644500732, -38173.135541940406, -38072.06516853933)
(18, 1.565735101699829, -38173.135541940406, -38074.37160120847)
(19, 1.712311029434204, -38115.01018061354, -38080.9997522913)
(20, 1.8615875244140625, -38103.42520075442, -38081.00297324083)
(21, 2.0129024982452393, -38093.243264130026, -38082.747851002874)
(22, 2.171154499053955, -38085.8964749408, -38082.74785100288)
(23, 2.3315589427948, -38083.69243815625, -38082.74785100287)
(24, 2.4916951656341553, -38083.03122628014, -38082.747851002874)
(25, 2.647710084915161, -38082.83286358456, -38082.74785100289)
(26, 2.8062856197357178, -38082.77335477737, -38082.74785100288)
(27, 2.9624950885772705, -38082.77335477737, -38082.74785100287)
