(1, 0.02151346206665039, -196830.0, -15759.0)
(2, 0.04164624214172363, -189140.05263157896, -15759.0)
(3, 0.061506032943725586, -174496.05263157896, -15759.0)
(4, 0.08129000663757324, -174496.05263157896, -15759.0)
(5, 0.10082745552062988, -174496.05263157896, -15759.0)
(6, 0.12024855613708496, -174496.05263157896, -15759.0)
(7, 0.13982343673706055, -174496.05263157896, -15759.0)
(8, 0.15981030464172363, -174496.05263157896, -15759.0)
(9, 0.17944002151489258, -174496.05263157896, -15759.0)
(10, 0.1994767189025879, -174496.05263157896, -15759.0)
(11, 0.21917200088500977, -174496.05263157896, -15759.0)
(12, 0.23842978477478027, -144524.73684210525, -15759.0)
(13, 0.25758862495422363, -138601.06666666665, -15759.0)
(14, 0.27669382095336914, -138601.06666666665, -15759.0)
(15, 0.2958536148071289, -136636.93333333335, -15759.0)
(16, 0.31497788429260254, -136636.93333333335, -15759.0)
(17, 0.33378100395202637, -136636.93333333335, -15759.0)
(18, 0.3525691032409668, -136636.93333333335, -15759.0)
(19, 0.37163543701171875, -136636.93333333335, -15759.0)
(20, 0.39057040214538574, -127523.0588235294, -15759.0)
(21, 0.4095616340637207, -122318.85714285714, -15759.0)
(22, 0.42854762077331543, -122318.85714285714, -15759.0)
(23, 0.4476175308227539, -122318.85714285714, -15759.0)
(24, 0.46653199195861816, -122318.85714285714, -15759.0)
(25, 0.485004186630249, -122318.85714285714, -15759.0)
(26, 0.5026547908782959, -94495.47368421053, -15759.0)
(27, 0.5201270580291748, -89594.72222222222, -15759.0)
(28, 0.5376992225646973, -89594.72222222222, -15759.0)
(29, 0.5546464920043945, -89594.72222222222, -15759.0)
(30, 0.5718812942504883, -89594.72222222222, -15759.0)
(31, 0.5888957977294922, -89594.72222222222, -15759.0)
(32, 0.6056537628173828, -89594.72222222222, -15759.0)
(33, 0.622532844543457, -71109.125, -15759.0)
(34, 0.6395173072814941, -71109.125, -15759.0)
(35, 0.6562075614929199, -71109.125, -15759.0)
(36, 0.6732592582702637, -71109.125, -15759.0)
(37, 0.6903941631317139, -71109.125, -15759.0)
(38, 0.7073502540588379, -57359.192307692305, -15759.0)
(39, 0.7246346473693848, -52722.4, -15759.0)
(40, 0.7425775527954102, -52722.4, -15759.0)
(41, 0.7602729797363281, -52722.4, -15759.0)
(42, 0.7750787734985352, -39661.818181818184, -15759.0)
(43, 0.7893345355987549, -39661.818181818184, -15759.0)
(44, 0.8034915924072266, -39661.818181818184, -15759.0)
(45, 0.8175742626190186, -39661.818181818184, -15759.0)
(46, 0.831660270690918, -32250.3, -15759.0)
(47, 0.8457887172698975, -32250.3, -15759.0)
(48, 0.8599681854248047, -32250.3, -15759.0)
(49, 0.8746237754821777, -32250.3, -15759.0)
(50, 0.889167070388794, -29698.0, -15759.0)
(51, 0.9036941528320312, -29698.0, -15759.0)
(52, 0.9181492328643799, -29698.0, -15759.0)
(53, 0.9316346645355225, -29698.0, -15759.0)
(54, 0.9447519779205322, -27964.0, -15759.0)
(55, 0.9581496715545654, -27964.0, -15759.0)
(56, 0.9715225696563721, -27964.0, -15759.0)
(57, 0.9847581386566162, -27702.0, -15759.0)
(58, 0.9980247020721436, -27702.0, -15759.0)
(59, 1.0116126537322998, -27702.0, -15759.0)
(60, 1.0253856182098389, -27702.0, -15759.0)
(61, 1.0444536209106445, -27702.0, -15759.0)
(62, 1.063058853149414, -27685.0, -15759.0)
(63, 1.0819661617279053, -27240.25, -15759.0)
(64, 1.1008470058441162, -27240.25, -15759.0)
(65, 1.1193888187408447, -27095.25, -15759.0)
(66, 1.1376068592071533, -27095.25, -15759.0)
(67, 1.1558914184570312, -27095.25, -15759.0)
(68, 1.17447829246521, -27095.25, -15759.0)
(69, 1.1944115161895752, -26764.0, -15759.0)
(70, 1.2189507484436035, -26764.0, -15759.0)
(71, 1.24806547164917, -24846.2, -15759.0)
(72, 1.2778534889221191, -24846.2, -15759.0)
(73, 1.3114070892333984, -24335.699999999993, -15759.0)
(74, 1.343653917312622, -20879.6, -20879.6)
(75, 1.365570068359375, -20879.6, -20879.6)
