(1, 0.06178927421569824, -361428.0, -60447.0)
(2, 0.1482088565826416, -187606.48923658684, -60447.0)
(3, 0.23485374450683594, -147241.95448106574, -60447.0)
(4, 0.31577277183532715, -145718.98993508532, -60447.0)
(5, 0.39168429374694824, -141032.53903625323, -60447.0)
(6, 0.4746091365814209, -139871.9778292705, -60447.0)
(7, 0.5521519184112549, -139871.9778292705, -60447.0)
(8, 0.6230182647705078, -139871.9778292705, -60447.0)
(9, 0.6732161045074463, -139871.9778292705, -60447.0)
(10, 0.7294270992279053, -139871.9778292705, -60447.0)
(11, 0.7875730991363525, -139871.9778292705, -60447.0)
(12, 0.8515980243682861, -132668.25040842118, -60447.0)
(13, 0.9533581733703613, -126387.76795064157, -60447.0)
(14, 1.0423357486724854, -111543.4362906168, -60447.0)
(15, 1.1615664958953857, -98345.7142871271, -81471.22376469728)
(16, 1.2906229496002197, -97161.82485707453, -81559.66179258628)
(17, 1.430246114730835, -93043.96001507723, -81666.10174195934)
(18, 1.5667150020599365, -92388.67074988218, -81778.04234380157)
(19, 1.6970584392547607, -89420.48132369365, -82057.26836235932)
(20, 1.8168964385986328, -88309.91669211265, -82216.20516833755)
(21, 1.9670546054840088, -86826.21772319256, -82336.33298920028)
(22, 2.1032989025115967, -86542.5635445716, -82448.59769263348)
(23, 2.233173131942749, -85145.90544506734, -82569.22248505431)
(24, 2.3774704933166504, -84776.83688085622, -82610.0467825325)
(25, 2.5234534740448, -84098.96996529691, -82660.97741635119)
(26, 2.6811141967773438, -83788.66113444456, -82679.84222199915)
(27, 2.848637580871582, -83403.8722827968, -82714.37766620699)
(28, 3.0239906311035156, -83261.90159431682, -82717.46201820896)
(29, 3.2161014080047607, -83097.34799637733, -82749.21443774251)
(30, 3.3911008834838867, -83097.34799637733, -82784.3142799599)
(31, 3.5736567974090576, -83097.34799637733, -82795.31636514759)
(32, 3.7622320652008057, -83067.0223219349, -82801.21797175343)
(33, 3.9547696113586426, -83046.4400831525, -82814.89822779396)
(34, 4.159255027770996, -83046.4400831525, -82816.2353356822)
(35, 4.362950086593628, -83000.29627940796, -82825.47937963207)
(36, 4.542624473571777, -83000.29627940796, -82832.02109953317)
(37, 4.7449564933776855, -82940.91034966189, -82837.84582137981)
(38, 4.944185256958008, -82940.91034966189, -82844.45913705451)
(39, 5.164191961288452, -82940.91034966189, -82856.29909214709)
(40, 5.373784065246582, -82938.2747318855, -82864.00143785024)
(41, 5.58031702041626, -82919.96259387324, -82865.9435408203)
(42, 5.807992458343506, -82902.8001326143, -82867.05781106662)
(43, 6.054740905761719, -82902.8001326143, -82867.0578110666)
(44, 6.285364389419556, -82894.54829635807, -82868.2287357409)
(45, 6.460943698883057, -82876.96911669377, -82869.43518254904)
(46, 6.622117280960083, -82871.7209393736, -82869.47172052239)
(47, 6.820618391036987, -82871.7209393736, -82869.6317273274)
(48, 7.0322935581207275, -82871.7209393736, -82870.02453987727)
(49, 7.266090154647827, -82871.7209393736, -82870.02453987728)
(50, 7.483933925628662, -82871.15772529494, -82870.0245398773)
(51, 7.6530375480651855, -82870.36449550235, -82870.02453987727)
(52, 7.824527263641357, -82870.12652656568, -82870.0245398774)
(53, 7.998694181442261, -82870.05513588343, -82870.02453987733)
(54, 8.160789966583252, -82870.03371867914, -82870.02453987728)
