(1, 0.0135345458984375, -149260.0, -12713.0)
(2, 0.027626514434814453, -72946.27257461769, -12713.0)
(3, 0.042192697525024414, -45773.10302310909, -12713.0)
(4, 0.0600132942199707, -35029.6177473842, -12713.0)
(5, 0.07919621467590332, -29367.83250421643, -12713.0)
(6, 0.10055112838745117, -26960.566724481654, -23031.111111111102)
(7, 0.12545156478881836, -25081.06671347951, -23031.11111111111)
(8, 0.15237069129943848, -24163.801478364607, -23644.40776699029)
(9, 0.18115711212158203, -23872.36681250355, -23666.441747572815)
(10, 0.20969605445861816, -23733.69567911012, -23674.265193370164)
(11, 0.2386462688446045, -23692.17258774004, -23674.376977152897)
(12, 0.269012451171875, -23679.71566032904, -23674.376977152897)
(13, 0.3015158176422119, -23675.97858210538, -23674.3769771529)
(14, 0.3327062129974365, -23674.85745863799, -23674.3769771529)
(15, 0.36394786834716797, -23674.521121598336, -23674.376977152897)
(16, 0.3946669101715088, -23674.42022048651, -23674.37697715291)
(17, 0.42801666259765625, -23674.38995015289, -23674.376977152897)
(18, 0.46155667304992676, -23674.38086905285, -23674.376977152904)
