(1, 0.1282796859741211, -1342749.0, -77548.0)
(2, 0.269334077835083, -622983.2738651268, -77548.0)
(3, 0.42342448234558105, -468038.9773433284, -77548.0)
(4, 0.5867698192596436, -400176.36975224206, -77548.0)
(5, 0.7544162273406982, -335461.7534776016, -77548.0)
(6, 0.9292240142822266, -280315.5842165673, -77548.0)
(7, 1.1147279739379883, -247559.92840366147, -77548.0)
(8, 1.3079473972320557, -213415.69245976055, -77548.0)
(9, 1.5416276454925537, -187020.94447583868, -77548.0)
(10, 1.7538361549377441, -171659.64411852512, -77548.0)
(11, 2.0142016410827637, -171659.64411852512, -77548.0)
(12, 2.346308946609497, -171659.64411852512, -122077.1054907972)
(13, 2.7328903675079346, -156254.20252140093, -122257.39861032787)
(14, 3.1664514541625977, -147279.16048011143, -122372.24108563775)
(15, 3.674553632736206, -140807.2914125496, -122436.27941932599)
(16, 4.260984659194946, -130440.85124472617, -122463.35167943858)
(17, 4.987083435058594, -129985.76858083476, -122474.64169636952)
(18, 5.736451864242554, -126861.3160550523, -122541.0964978621)
(19, 6.648926019668579, -126150.80829606764, -122579.79154789119)
(20, 7.636922121047974, -125078.00796094873, -122606.86091146842)
(21, 8.786864519119263, -125078.00796094873, -122655.61669317384)
(22, 10.001158714294434, -124051.26636101914, -122699.34731655312)
(23, 11.429237127304077, -124051.26636101914, -122729.04709360805)
(24, 12.977693557739258, -123424.11507137006, -122748.1260281284)
(25, 14.794311761856079, -123363.87172913463, -122756.64897523187)
(26, 17.07871985435486, -122994.57481318417, -122761.75466460032)
(27, 19.459966897964478, -122935.01632148272, -122763.7418616564)
(28, 21.8065447807312, -122819.83817454115, -122770.476111479)
(29, 24.08252477645874, -122785.35346934803, -122770.57430997877)
(30, 26.30494785308838, -122775.00805779325, -122770.5743099788)
(31, 28.473673582077026, -122771.9044343236, -122770.57430997874)
(32, 30.550037145614624, -122770.973347282, -122770.5743099788)
(33, 32.71151947975159, -122770.69402116844, -122770.57430997877)
(34, 34.934568643569946, -122770.61022333277, -122770.5743099788)
