(1, 0.09714365005493164, -1004787.0, -49464.0)
(2, 0.19069194793701172, -998380.4615384615, -49464.0)
(3, 0.28633761405944824, -990775.0303030303, -49464.0)
(4, 0.38050031661987305, -990775.0303030303, -49464.0)
(5, 0.4745974540710449, -950179.9487179487, -49464.0)
(6, 0.568068265914917, -950179.9487179487, -49464.0)
(7, 0.6615555286407471, -922752.4736842106, -49464.0)
(8, 0.7550156116485596, -922752.4736842106, -49464.0)
(9, 0.8480134010314941, -922752.4736842106, -49464.0)
(10, 0.9405884742736816, -922752.4736842106, -49464.0)
(11, 1.034113883972168, -922752.4736842106, -49464.0)
(12, 1.1274502277374268, -922752.4736842106, -49464.0)
(13, 1.2210235595703125, -922752.4736842106, -49464.0)
(14, 1.3147644996643066, -922752.4736842106, -49464.0)
(15, 1.407632827758789, -922752.4736842106, -49464.0)
(16, 1.5013229846954346, -922752.4736842106, -49464.0)
(17, 1.5949673652648926, -922752.4736842106, -49464.0)
(18, 1.6879658699035645, -922752.4736842106, -49464.0)
(19, 1.7828214168548584, -922752.4736842106, -49464.0)
(20, 1.8752870559692383, -922752.4736842106, -49464.0)
(21, 1.9727799892425537, -922752.4736842106, -49464.0)
(22, 2.072800636291504, -922752.4736842106, -49464.0)
(23, 2.1679928302764893, -922752.4736842106, -49464.0)
(24, 2.263587236404419, -922752.4736842106, -49464.0)
(25, 2.360215663909912, -922752.4736842106, -49464.0)
(26, 2.4559943675994873, -922752.4736842106, -49464.0)
(27, 2.552866220474243, -922752.4736842106, -49464.0)
(28, 2.648676872253418, -922752.4736842106, -49464.0)
(29, 2.745727777481079, -922752.4736842106, -49464.0)
(30, 2.841545581817627, -922752.4736842106, -49464.0)
(31, 2.9392497539520264, -922752.4736842106, -49464.0)
(32, 3.0363924503326416, -922752.4736842106, -49464.0)
(33, 3.134185552597046, -922752.4736842106, -49464.0)
(34, 3.23085618019104, -922752.4736842106, -49464.0)
(35, 3.328796625137329, -922752.4736842106, -49464.0)
(36, 3.426037311553955, -922752.4736842106, -49464.0)
(37, 3.524315595626831, -922752.4736842106, -49464.0)
(38, 3.6242363452911377, -922752.4736842106, -49464.0)
(39, 3.720606803894043, -922752.4736842106, -49464.0)
(40, 3.821092367172241, -922752.4736842106, -49464.0)
(41, 3.919431447982788, -922752.4736842106, -49464.0)
(42, 4.019259691238403, -922752.4736842106, -49464.0)
(43, 4.118767023086548, -922752.4736842106, -49464.0)
(44, 4.218868017196655, -922752.4736842106, -49464.0)
(45, 4.320249080657959, -922752.4736842106, -49464.0)
(46, 4.41674017906189, -922752.4736842106, -49464.0)
(47, 4.518949747085571, -922752.4736842106, -49464.0)
(48, 4.621948957443237, -922752.4736842106, -49464.0)
(49, 4.723505735397339, -922752.4736842106, -49464.0)
(50, 4.824274778366089, -922752.4736842106, -49464.0)
(51, 4.925624132156372, -922752.4736842106, -49464.0)
(52, 5.026698112487793, -922752.4736842106, -49464.0)
(53, 5.1260151863098145, -922752.4736842106, -49464.0)
(54, 5.227755308151245, -922752.4736842106, -49464.0)
(55, 5.329630136489868, -922752.4736842106, -49464.0)
(56, 5.43222188949585, -922752.4736842106, -49464.0)
(57, 5.53513765335083, -922752.4736842106, -49464.0)
(58, 5.636199712753296, -922752.4736842106, -49464.0)
(59, 5.740675449371338, -922752.4736842106, -49464.0)
(60, 5.841147422790527, -922752.4736842106, -49464.0)
(61, 5.945494890213013, -922752.4736842106, -49464.0)
(62, 6.0463032722473145, -922752.4736842106, -49464.0)
(63, 6.145752429962158, -922752.4736842106, -49464.0)
(64, 6.250493288040161, -922752.4736842106, -49464.0)
(65, 6.349610090255737, -922752.4736842106, -49464.0)
(66, 6.452441453933716, -922752.4736842106, -49464.0)
(67, 6.550929307937622, -922752.4736842106, -49464.0)
(68, 6.647607088088989, -922752.4736842106, -49464.0)
(69, 6.7585461139678955, -922752.4736842106, -49464.0)
(70, 6.861199140548706, -922752.4736842106, -49464.0)
(71, 6.966728210449219, -922752.4736842106, -49464.0)
(72, 7.071005821228027, -922752.4736842106, -49464.0)
(73, 7.173958778381348, -922752.4736842106, -49464.0)
(74, 7.276336669921875, -922752.4736842106, -49464.0)
(75, 7.384275913238525, -922752.4736842106, -49464.0)
(76, 7.487243890762329, -922752.4736842106, -49464.0)
(77, 7.593000411987305, -922752.4736842106, -49464.0)
(78, 7.6960694789886475, -922752.4736842106, -49464.0)
(79, 7.797899484634399, -922752.4736842106, -49464.0)
(80, 7.9002015590667725, -922752.4736842106, -49464.0)
(81, 8.005292654037476, -922752.4736842106, -49464.0)
(82, 8.117108821868896, -922752.4736842106, -49464.0)
(83, 8.228407382965088, -922752.4736842106, -49464.0)
(84, 8.336223840713501, -922752.4736842106, -49464.0)
(85, 8.441220045089722, -922752.4736842106, -49464.0)
(86, 8.555808067321777, -922752.4736842106, -49464.0)
(87, 8.661208391189575, -922752.4736842106, -49464.0)
(88, 8.767441511154175, -922752.4736842106, -49464.0)
(89, 8.870777368545532, -922752.4736842106, -49464.0)
(90, 8.98413610458374, -922752.4736842106, -49464.0)
(91, 9.092236995697021, -922752.4736842106, -49464.0)
(92, 9.200761556625366, -922752.4736842106, -49464.0)
(93, 9.31571364402771, -922752.4736842106, -49464.0)
(94, 9.425044059753418, -922752.4736842106, -49464.0)
(95, 9.540194511413574, -922752.4736842106, -49464.0)
(96, 9.661438226699829, -922752.4736842106, -49464.0)
(97, 9.778812408447266, -922752.4736842106, -49464.0)
(98, 9.884355068206787, -922752.4736842106, -49464.0)
(99, 9.995028972625732, -922752.4736842106, -49464.0)
(100, 10.10598087310791, -922752.4736842106, -49464.0)
(101, 10.227299451828003, -922752.4736842106, -49464.0)
(102, 10.346740245819092, -922752.4736842106, -49464.0)
(103, 10.45397400856018, -922752.4736842106, -49464.0)
(104, 10.575291872024536, -922752.4736842106, -49464.0)
(105, 10.685866594314575, -922752.4736842106, -49464.0)
(106, 10.805145025253296, -922752.4736842106, -49464.0)
(107, 10.928752899169922, -922752.4736842106, -49464.0)
(108, 11.050217628479004, -922752.4736842106, -49464.0)
(109, 11.161584615707397, -922752.4736842106, -49464.0)
(110, 11.274216651916504, -922752.4736842106, -49464.0)
(111, 11.384652853012085, -922752.4736842106, -49464.0)
(112, 11.499236106872559, -922752.4736842106, -49464.0)
(113, 11.636395692825317, -922752.4736842106, -49464.0)
(114, 11.75398564338684, -922752.4736842106, -49464.0)
(115, 11.870596647262573, -922752.4736842106, -49464.0)
(116, 11.984143018722534, -922752.4736842106, -49464.0)
(117, 12.099571943283081, -922752.4736842106, -49464.0)
(118, 12.225120306015015, -922752.4736842106, -49464.0)
(119, 12.350674152374268, -922752.4736842106, -49464.0)
(120, 12.466126203536987, -922752.4736842106, -49464.0)
(121, 12.600863933563232, -922752.4736842106, -49464.0)
(122, 12.721458435058594, -922752.4736842106, -49464.0)
(123, 12.837648868560791, -922752.4736842106, -49464.0)
(124, 12.952053546905518, -922752.4736842106, -49464.0)
(125, 13.06985068321228, -922752.4736842106, -49464.0)
(126, 13.187012672424316, -922752.4736842106, -49464.0)
(127, 13.306228399276733, -922752.4736842106, -49464.0)
(128, 13.425998449325562, -922752.4736842106, -49464.0)
(129, 13.542494297027588, -922752.4736842106, -49464.0)
(130, 13.66078805923462, -922752.4736842106, -49464.0)
(131, 13.78168535232544, -922752.4736842106, -49464.0)
(132, 13.904790878295898, -922752.4736842106, -49464.0)
(133, 14.038504838943481, -922752.4736842106, -49464.0)
(134, 14.170273303985596, -922752.4736842106, -49464.0)
(135, 14.290990591049194, -922752.4736842106, -49464.0)
(136, 14.422306776046753, -922752.4736842106, -49464.0)
(137, 14.545383930206299, -922752.4736842106, -49464.0)
(138, 14.67570686340332, -922752.4736842106, -49464.0)
(139, 14.813729524612427, -922752.4736842106, -49464.0)
(140, 14.946178913116455, -922752.4736842106, -49464.0)
(141, 15.081030130386353, -922752.4736842106, -49464.0)
(142, 15.226047277450562, -922752.4736842106, -49464.0)
(143, 15.343974351882935, -922752.4736842106, -49464.0)
(144, 15.465672731399536, -922752.4736842106, -49464.0)
(145, 15.585581541061401, -922752.4736842106, -49464.0)
(146, 15.705843448638916, -922752.4736842106, -49464.0)
(147, 15.822832584381104, -922752.4736842106, -49464.0)
(148, 15.9412260055542, -922752.4736842106, -49464.0)
(149, 16.059107780456543, -922752.4736842106, -49464.0)
(150, 16.178250074386597, -922752.4736842106, -49464.0)
(151, 16.29924702644348, -922752.4736842106, -49464.0)
(152, 16.423330068588257, -922752.4736842106, -49464.0)
(153, 16.545220136642456, -922752.4736842106, -49464.0)
(154, 16.670893669128418, -922752.4736842106, -49464.0)
(155, 16.793590545654297, -922752.4736842106, -49464.0)
(156, 16.917484760284424, -922752.4736842106, -49464.0)
(157, 17.040217876434326, -922752.4736842106, -49464.0)
(158, 17.163113832473755, -922752.4736842106, -49464.0)
(159, 17.286651611328125, -922752.4736842106, -49464.0)
(160, 17.40762186050415, -922752.4736842106, -49464.0)
(161, 17.530271530151367, -922752.4736842106, -49464.0)
(162, 17.65091562271118, -922752.4736842106, -49464.0)
(163, 17.774800777435303, -922752.4736842106, -49464.0)
(164, 17.90343189239502, -922752.4736842106, -49464.0)
(165, 18.027440547943115, -922752.4736842106, -49464.0)
(166, 18.152864694595337, -922752.4736842106, -49464.0)
(167, 18.27180576324463, -922752.4736842106, -49464.0)
(168, 18.395140409469604, -922752.4736842106, -49464.0)
(169, 18.520753145217896, -922752.4736842106, -49464.0)
(170, 18.64266300201416, -922752.4736842106, -49464.0)
(171, 18.77108931541443, -922752.4736842106, -49464.0)
(172, 18.905800580978394, -922752.4736842106, -49464.0)
(173, 19.039520025253296, -922752.4736842106, -49464.0)
(174, 19.174801349639893, -922752.4736842106, -49464.0)
(175, 19.300872325897217, -922752.4736842106, -49464.0)
(176, 19.42491316795349, -922752.4736842106, -49464.0)
(177, 19.5492525100708, -922752.4736842106, -49464.0)
(178, 19.67270851135254, -922752.4736842106, -49464.0)
(179, 19.799574375152588, -922752.4736842106, -49464.0)
(180, 19.930434465408325, -922752.4736842106, -49464.0)
(181, 20.05842351913452, -922752.4736842106, -49464.0)
(182, 20.188674211502075, -922752.4736842106, -49464.0)
(183, 20.317810773849487, -922752.4736842106, -49464.0)
(184, 20.446764707565308, -922752.4736842106, -49464.0)
(185, 20.578747749328613, -922752.4736842106, -49464.0)
(186, 20.710317611694336, -922752.4736842106, -49464.0)
(187, 20.8422589302063, -922752.4736842106, -49464.0)
(188, 20.975663423538208, -922752.4736842106, -49464.0)
(189, 21.10751724243164, -922752.4736842106, -49464.0)
(190, 21.243629932403564, -922752.4736842106, -49464.0)
(191, 21.37643265724182, -922752.4736842106, -49464.0)
(192, 21.513028860092163, -922752.4736842106, -49464.0)
(193, 21.64996099472046, -922752.4736842106, -49464.0)
(194, 21.784014463424683, -922752.4736842106, -49464.0)
(195, 21.924071550369263, -922752.4736842106, -49464.0)
(196, 22.069900035858154, -922752.4736842106, -49464.0)
(197, 22.204223155975342, -922752.4736842106, -49464.0)
(198, 22.34254002571106, -922752.4736842106, -49464.0)
(199, 22.481377363204956, -922752.4736842106, -49464.0)
(200, 22.646588802337646, -922752.4736842106, -49464.0)
(201, 22.790629386901855, -922752.4736842106, -49464.0)
(202, 22.928507089614868, -922752.4736842106, -49464.0)
(203, 23.09557056427002, -922752.4736842106, -49464.0)
(204, 23.263115167617798, -922752.4736842106, -49464.0)
(205, 23.40022921562195, -922752.4736842106, -49464.0)
(206, 23.565979957580566, -922752.4736842106, -49464.0)
(207, 23.703181505203247, -922752.4736842106, -49464.0)
(208, 23.848267555236816, -922752.4736842106, -49464.0)
(209, 23.988226890563965, -922752.4736842106, -49464.0)
(210, 24.12353801727295, -922752.4736842106, -49464.0)
(211, 24.27043914794922, -922752.4736842106, -49464.0)
(212, 24.412431955337524, -922752.4736842106, -49464.0)
(213, 24.548040866851807, -922752.4736842106, -49464.0)
(214, 24.723937511444092, -922752.4736842106, -49464.0)
(215, 24.891711711883545, -922752.4736842106, -49464.0)
(216, 25.042319536209106, -922752.4736842106, -49464.0)
(217, 25.183293342590332, -922752.4736842106, -49464.0)
(218, 25.331616640090942, -922752.4736842106, -49464.0)
(219, 25.473849773406982, -922752.4736842106, -49464.0)
(220, 25.618923902511597, -922752.4736842106, -49464.0)
(221, 25.754934072494507, -922752.4736842106, -49464.0)
(222, 25.899723768234253, -922752.4736842106, -49464.0)
(223, 26.046379804611206, -922752.4736842106, -49464.0)
(224, 26.19881248474121, -922752.4736842106, -49464.0)
(225, 26.371875286102295, -922752.4736842106, -49464.0)
(226, 26.52354407310486, -922752.4736842106, -49464.0)
(227, 26.67402172088623, -922752.4736842106, -49464.0)
(228, 26.825711488723755, -922752.4736842106, -49464.0)
(229, 26.975682735443115, -922752.4736842106, -49464.0)
(230, 27.124098539352417, -922752.4736842106, -49464.0)
(231, 27.26466178894043, -922752.4736842106, -49464.0)
(232, 27.410505533218384, -922752.4736842106, -49464.0)
(233, 27.560439109802246, -922752.4736842106, -49464.0)
(234, 27.690152883529663, -922752.4736842106, -49464.0)
(235, 27.870662450790405, -922752.4736842106, -49464.0)
(236, 28.016382694244385, -922752.4736842106, -49464.0)
(237, 28.161829948425293, -922752.4736842106, -49464.0)
(238, 28.319730758666992, -922752.4736842106, -49464.0)
(239, 28.469744443893433, -922752.4736842106, -49464.0)
(240, 28.62304425239563, -922752.4736842106, -49464.0)
(241, 28.784005641937256, -922752.4736842106, -49464.0)
(242, 28.938620805740356, -922752.4736842106, -49464.0)
(243, 29.09514355659485, -922752.4736842106, -49464.0)
(244, 29.242440938949585, -922752.4736842106, -49464.0)
(245, 29.400366067886353, -922752.4736842106, -49464.0)
(246, 29.552870273590088, -922752.4736842106, -49464.0)
(247, 29.733192205429077, -922752.4736842106, -49464.0)
(248, 29.922493934631348, -922752.4736842106, -49464.0)
(249, 30.0788311958313, -922752.4736842106, -49464.0)
(250, 30.227935075759888, -922752.4736842106, -49464.0)
(251, 30.372692823410034, -922752.4736842106, -49464.0)
(252, 30.527561902999878, -922752.4736842106, -49464.0)
(253, 30.671138286590576, -922752.4736842106, -49464.0)
(254, 30.822210550308228, -922752.4736842106, -49464.0)
(255, 30.97119116783142, -922752.4736842106, -49464.0)
(256, 31.135819911956787, -922752.4736842106, -49464.0)
(257, 31.286033868789673, -922752.4736842106, -49464.0)
(258, 31.45125460624695, -922752.4736842106, -49464.0)
(259, 31.608686685562134, -922752.4736842106, -49464.0)
(260, 31.758787393569946, -922752.4736842106, -49464.0)
(261, 31.925828218460083, -922752.4736842106, -49464.0)
(262, 32.089104413986206, -922752.4736842106, -49464.0)
(263, 32.24077320098877, -922752.4736842106, -49464.0)
(264, 32.42292284965515, -922752.4736842106, -49464.0)
(265, 32.612115144729614, -922752.4736842106, -49464.0)
(266, 32.79686403274536, -922752.4736842106, -49464.0)
(267, 32.98699331283569, -922752.4736842106, -49464.0)
(268, 33.150714635849, -922752.4736842106, -49464.0)
(269, 33.33720254898071, -922752.4736842106, -49464.0)
(270, 33.555708169937134, -922752.4736842106, -49464.0)
(271, 33.71629476547241, -922752.4736842106, -49464.0)
(272, 33.88613414764404, -922752.4736842106, -49464.0)
(273, 34.04998302459717, -922752.4736842106, -49464.0)
(274, 34.221834659576416, -922752.4736842106, -49464.0)
(275, 34.370269775390625, -922752.4736842106, -49464.0)
(276, 34.52555012702942, -922752.4736842106, -49464.0)
(277, 34.677438497543335, -922752.4736842106, -49464.0)
(278, 34.83015584945679, -922752.4736842106, -49464.0)
(279, 34.982839822769165, -922752.4736842106, -49464.0)
(280, 35.1469030380249, -922752.4736842106, -49464.0)
(281, 35.30086278915405, -922752.4736842106, -49464.0)
(282, 35.45782017707825, -922752.4736842106, -49464.0)
(283, 35.61862015724182, -922752.4736842106, -49464.0)
(284, 35.77763485908508, -922752.4736842106, -49464.0)
(285, 35.92805099487305, -922752.4736842106, -49464.0)
(286, 36.10008406639099, -922752.4736842106, -49464.0)
(287, 36.27048659324646, -922752.4736842106, -49464.0)
(288, 36.427974462509155, -922752.4736842106, -49464.0)
(289, 36.58542060852051, -922752.4736842106, -49464.0)
(290, 36.742555141448975, -922752.4736842106, -49464.0)
(291, 36.897770166397095, -922752.4736842106, -49464.0)
(292, 37.06555414199829, -922752.4736842106, -49464.0)
(293, 37.23414421081543, -922752.4736842106, -49464.0)
(294, 37.38824486732483, -922752.4736842106, -49464.0)
(295, 37.55060434341431, -922752.4736842106, -49464.0)
(296, 37.72448754310608, -922752.4736842106, -49464.0)
(297, 37.87572693824768, -922752.4736842106, -49464.0)
(298, 38.045783281326294, -922752.4736842106, -49464.0)
(299, 38.22054076194763, -922752.4736842106, -49464.0)
(300, 38.3898549079895, -922752.4736842106, -49464.0)
(301, 38.60632395744324, -922752.4736842106, -49464.0)
(302, 38.779685974121094, -922752.4736842106, -49464.0)
(303, 38.99157118797302, -922752.4736842106, -49464.0)
(304, 39.16166949272156, -922752.4736842106, -49464.0)
(305, 39.34235692024231, -922752.4736842106, -49464.0)
(306, 39.520848751068115, -922752.4736842106, -49464.0)
(307, 39.70546865463257, -922752.4736842106, -49464.0)
(308, 39.87496852874756, -922752.4736842106, -49464.0)
(309, 40.038238525390625, -922752.4736842106, -49464.0)
(310, 40.20879316329956, -922752.4736842106, -49464.0)
(311, 40.376060009002686, -922752.4736842106, -49464.0)
(312, 40.55006957054138, -922752.4736842106, -49464.0)
(313, 40.71615505218506, -922752.4736842106, -49464.0)
(314, 40.881070613861084, -922752.4736842106, -49464.0)
(315, 41.04622673988342, -922752.4736842106, -49464.0)
(316, 41.21788835525513, -922752.4736842106, -49464.0)
(317, 41.37631058692932, -922752.4736842106, -49464.0)
(318, 41.554927349090576, -922752.4736842106, -49464.0)
(319, 41.73523497581482, -922752.4736842106, -49464.0)
(320, 41.92094922065735, -922752.4736842106, -49464.0)
(321, 42.09434461593628, -922752.4736842106, -49464.0)
(322, 42.27200651168823, -922752.4736842106, -49464.0)
(323, 42.445451974868774, -922752.4736842106, -49464.0)
(324, 42.66954064369202, -922752.4736842106, -49464.0)
(325, 42.860318183898926, -922752.4736842106, -49464.0)
(326, 43.03125238418579, -922752.4736842106, -49464.0)
(327, 43.21641683578491, -922752.4736842106, -49464.0)
(328, 43.403786182403564, -922752.4736842106, -49464.0)
(329, 43.59337520599365, -922752.4736842106, -49464.0)
(330, 43.77892446517944, -922752.4736842106, -49464.0)
(331, 43.957743883132935, -922752.4736842106, -49464.0)
(332, 44.152419567108154, -922752.4736842106, -49464.0)
(333, 44.34458351135254, -922752.4736842106, -49464.0)
(334, 44.538877964019775, -922752.4736842106, -49464.0)
(335, 44.73159623146057, -922752.4736842106, -49464.0)
(336, 44.90791845321655, -922752.4736842106, -49464.0)
(337, 45.0684289932251, -922752.4736842106, -49464.0)
(338, 45.259559869766235, -922752.4736842106, -49464.0)
(339, 45.42233681678772, -922752.4736842106, -49464.0)
(340, 45.60995697975159, -922752.4736842106, -49464.0)
(341, 45.79251503944397, -922752.4736842106, -49464.0)
(342, 45.97350358963013, -922752.4736842106, -49464.0)
(343, 46.18254280090332, -922752.4736842106, -49464.0)
(344, 46.37084770202637, -922752.4736842106, -49464.0)
(345, 46.54967927932739, -922752.4736842106, -49464.0)
(346, 46.75121283531189, -922752.4736842106, -49464.0)
(347, 46.94282364845276, -922752.4736842106, -49464.0)
(348, 47.150137186050415, -922752.4736842106, -49464.0)
(349, 47.363436222076416, -922752.4736842106, -49464.0)
(350, 47.535905599594116, -922752.4736842106, -49464.0)
(351, 47.744426012039185, -922752.4736842106, -49464.0)
(352, 47.935460567474365, -922752.4736842106, -49464.0)
(353, 48.13013958930969, -922752.4736842106, -49464.0)
(354, 48.31730937957764, -922752.4736842106, -49464.0)
(355, 48.5081102848053, -922752.4736842106, -49464.0)
(356, 48.70552182197571, -922752.4736842106, -49464.0)
(357, 48.906416177749634, -922752.4736842106, -49464.0)
(358, 49.09944796562195, -922752.4736842106, -49464.0)
(359, 49.31104230880737, -922752.4736842106, -49464.0)
(360, 49.490150928497314, -911052.5294117647, -49464.0)
(361, 49.66391396522522, -911052.5294117647, -49464.0)
(362, 49.82318997383118, -911052.5294117647, -49464.0)
(363, 49.979472398757935, -911052.5294117647, -49464.0)
(364, 50.134350538253784, -911052.5294117647, -49464.0)
(365, 50.289883852005005, -911052.5294117647, -49464.0)
(366, 50.4471378326416, -911052.5294117647, -49464.0)
(367, 50.60443592071533, -911052.5294117647, -49464.0)
(368, 50.7637038230896, -911052.5294117647, -49464.0)
(369, 50.923288106918335, -911052.5294117647, -49464.0)
(370, 51.08575367927551, -911052.5294117647, -49464.0)
(371, 51.242608070373535, -911052.5294117647, -49464.0)
(372, 51.40012192726135, -911052.5294117647, -49464.0)
(373, 51.56001091003418, -911052.5294117647, -49464.0)
(374, 51.72565293312073, -911052.5294117647, -49464.0)
(375, 51.8903706073761, -911052.5294117647, -49464.0)
(376, 52.0651433467865, -911052.5294117647, -49464.0)
(377, 52.238239765167236, -911052.5294117647, -49464.0)
(378, 52.40479350090027, -911052.5294117647, -49464.0)
(379, 52.56438636779785, -911052.5294117647, -49464.0)
(380, 52.733739376068115, -911052.5294117647, -49464.0)
(381, 52.898672103881836, -911052.5294117647, -49464.0)
(382, 53.06484794616699, -911052.5294117647, -49464.0)
(383, 53.2278835773468, -911052.5294117647, -49464.0)
(384, 53.39361381530762, -911052.5294117647, -49464.0)
(385, 53.565783739089966, -911052.5294117647, -49464.0)
(386, 53.735820055007935, -911052.5294117647, -49464.0)
(387, 53.90672421455383, -911052.5294117647, -49464.0)
(388, 54.09127187728882, -911052.5294117647, -49464.0)
(389, 54.274046421051025, -911052.5294117647, -49464.0)
(390, 54.455875873565674, -820877.448275862, -49464.0)
(391, 54.64570951461792, -820877.448275862, -49464.0)
(392, 54.80867958068848, -820877.448275862, -49464.0)
(393, 54.972455978393555, -820877.448275862, -49464.0)
(394, 55.138996601104736, -820877.448275862, -49464.0)
(395, 55.30283045768738, -820877.448275862, -49464.0)
(396, 55.46973443031311, -820877.448275862, -49464.0)
(397, 55.63173246383667, -820877.448275862, -49464.0)
(398, 55.79463291168213, -820877.448275862, -49464.0)
(399, 55.95919966697693, -820877.448275862, -49464.0)
(400, 56.127654790878296, -820877.448275862, -49464.0)
(401, 56.30452752113342, -820877.448275862, -49464.0)
(402, 56.483564376831055, -820877.448275862, -49464.0)
(403, 56.64800238609314, -820877.448275862, -49464.0)
(404, 56.81977868080139, -820877.448275862, -49464.0)
(405, 56.98637342453003, -820877.448275862, -49464.0)
(406, 57.156585454940796, -820877.448275862, -49464.0)
(407, 57.32336664199829, -820877.448275862, -49464.0)
(408, 57.50251293182373, -820877.448275862, -49464.0)
(409, 57.68320894241333, -820877.448275862, -49464.0)
(410, 57.86164736747742, -820877.448275862, -49464.0)
(411, 58.04772090911865, -820877.448275862, -49464.0)
(412, 58.23582339286804, -820877.448275862, -49464.0)
(413, 58.423516273498535, -820877.448275862, -49464.0)
(414, 58.598625898361206, -820877.448275862, -49464.0)
(415, 58.79548621177673, -820877.448275862, -49464.0)
(416, 58.96886730194092, -820877.448275862, -49464.0)
(417, 59.14350891113281, -820877.448275862, -49464.0)
(418, 59.32093834877014, -820877.448275862, -49464.0)
(419, 59.496455669403076, -820877.448275862, -49464.0)
(420, 59.68148446083069, -820877.448275862, -49464.0)
(421, 59.85639977455139, -820877.448275862, -49464.0)
(422, 60.02924156188965, -820877.448275862, -49464.0)
(423, 60.22141695022583, -820877.448275862, -49464.0)
(424, 60.39848756790161, -820877.448275862, -49464.0)
(425, 60.57738661766052, -820877.448275862, -49464.0)
(426, 60.77169108390808, -820877.448275862, -49464.0)
(427, 60.951106786727905, -820877.448275862, -49464.0)
(428, 61.13253331184387, -820877.448275862, -49464.0)
(429, 61.314448833465576, -820877.448275862, -49464.0)
(430, 61.50763392448425, -820877.448275862, -49464.0)
(431, 61.698952436447144, -820877.448275862, -49464.0)
(432, 61.89479875564575, -820877.448275862, -49464.0)
(433, 62.103222131729126, -820877.448275862, -49464.0)
(434, 62.30196666717529, -820877.448275862, -49464.0)
(435, 62.51076316833496, -820877.448275862, -49464.0)
(436, 62.70089316368103, -820877.448275862, -49464.0)
(437, 62.8966760635376, -820877.448275862, -49464.0)
(438, 63.089216470718384, -820877.448275862, -49464.0)
(439, 63.27331614494324, -820877.448275862, -49464.0)
(440, 63.49105954170227, -820877.448275862, -49464.0)
(441, 63.68755507469177, -820877.448275862, -49464.0)
(442, 63.893012285232544, -820877.448275862, -49464.0)
(443, 64.0853111743927, -820877.448275862, -49464.0)
(444, 64.30226731300354, -770911.5768340457, -49464.0)
(445, 64.48719000816345, -770911.5768340457, -49464.0)
(446, 64.68323469161987, -770911.5768340457, -49464.0)
(447, 64.8615996837616, -770911.5768340457, -49464.0)
(448, 65.07260394096375, -770911.5768340457, -49464.0)
(449, 65.26108360290527, -770911.5768340457, -49464.0)
(450, 65.43297076225281, -770911.5768340457, -49464.0)
(451, 65.6167323589325, -770911.5768340457, -49464.0)
(452, 65.79580307006836, -770911.5768340457, -49464.0)
(453, 65.97130036354065, -770911.5768340457, -49464.0)
(454, 66.14904522895813, -770911.5768340457, -49464.0)
(455, 66.3316593170166, -770911.5768340457, -49464.0)
(456, 66.51385378837585, -770911.5768340457, -49464.0)
(457, 66.69608235359192, -770911.5768340457, -49464.0)
(458, 66.87788963317871, -770911.5768340457, -49464.0)
(459, 67.05455827713013, -770911.5768340457, -49464.0)
(460, 67.24594163894653, -770911.5768340457, -49464.0)
(461, 67.45513248443604, -770911.5768340457, -49464.0)
(462, 67.65197443962097, -770911.5768340457, -49464.0)
(463, 67.83955979347229, -770911.5768340457, -49464.0)
(464, 68.02824831008911, -770911.5768340457, -49464.0)
(465, 68.23478126525879, -770911.5768340457, -49464.0)
(466, 68.45512962341309, -770911.5768340457, -49464.0)
(467, 68.6467432975769, -770911.5768340457, -49464.0)
(468, 68.82758498191833, -770911.5768340457, -49464.0)
(469, 69.00700426101685, -770911.5768340457, -49464.0)
(470, 69.20569729804993, -770911.5768340457, -49464.0)
(471, 69.39160251617432, -770911.5768340457, -49464.0)
(472, 69.58770298957825, -770911.5768340457, -49464.0)
(473, 69.78042531013489, -770911.5768340457, -49464.0)
(474, 69.97094511985779, -770911.5768340457, -49464.0)
(475, 70.16893720626831, -770911.5768340457, -49464.0)
(476, 70.36462903022766, -770911.5768340457, -49464.0)
(477, 70.5592360496521, -770911.5768340457, -49464.0)
(478, 70.7423644065857, -770911.5768340457, -49464.0)
(479, 70.93740057945251, -770911.5768340457, -49464.0)
(480, 71.12718415260315, -770911.5768340457, -49464.0)
(481, 71.34152126312256, -770911.5768340457, -49464.0)
(482, 71.54970932006836, -770911.5768340457, -49464.0)
(483, 71.75373435020447, -770911.5768340457, -49464.0)
(484, 71.96328377723694, -770911.5768340457, -49464.0)
(485, 72.19173383712769, -770911.5768340457, -49464.0)
(486, 72.42337250709534, -770911.5768340457, -49464.0)
(487, 72.62727665901184, -770911.5768340457, -49464.0)
(488, 72.8492522239685, -770911.5768340457, -49464.0)
(489, 73.07010102272034, -770911.5768340457, -49464.0)
(490, 73.29194211959839, -770911.5768340457, -49464.0)
(491, 73.50778555870056, -770911.5768340457, -49464.0)
(492, 73.7547459602356, -770911.5768340457, -49464.0)
(493, 73.95911693572998, -770911.5768340457, -49464.0)
(494, 74.15129280090332, -770911.5768340457, -49464.0)
(495, 74.34286713600159, -770911.5768340457, -49464.0)
(496, 74.53028845787048, -770911.5768340457, -49464.0)
(497, 74.7336688041687, -770911.5768340457, -49464.0)
(498, 74.92065286636353, -770911.5768340457, -49464.0)
(499, 75.12527108192444, -770911.5768340457, -49464.0)
(500, 75.32715487480164, -770911.5768340457, -49464.0)
(501, 75.5167191028595, -770911.5768340457, -49464.0)
(502, 75.70715618133545, -770911.5768340457, -49464.0)
(503, 75.91158318519592, -770911.5768340457, -49464.0)
(504, 76.09905338287354, -770911.5768340457, -49464.0)
(505, 76.29994201660156, -770911.5768340457, -49464.0)
(506, 76.49932813644409, -770911.5768340457, -49464.0)
(507, 76.71085357666016, -770911.5768340457, -49464.0)
(508, 76.91371512413025, -770911.5768340457, -49464.0)
(509, 77.12784361839294, -770911.5768340457, -49464.0)
(510, 77.33044695854187, -770911.5768340457, -49464.0)
(511, 77.5656054019928, -770911.5768340457, -49464.0)
(512, 77.80187582969666, -770911.5768340457, -49464.0)
(513, 78.02706742286682, -770911.5768340457, -49464.0)
(514, 78.23940229415894, -770911.5768340457, -49464.0)
(515, 78.44838094711304, -770911.5768340457, -49464.0)
(516, 78.6632149219513, -770911.5768340457, -49464.0)
(517, 78.87677145004272, -770911.5768340457, -49464.0)
(518, 79.09724736213684, -770911.5768340457, -49464.0)
(519, 79.3877305984497, -770911.5768340457, -49464.0)
(520, 79.76760864257812, -770911.5768340457, -49464.0)
(521, 80.19634938240051, -770911.5768340457, -49464.0)
(522, 80.56397891044617, -770911.5768340457, -49464.0)
(523, 81.01588296890259, -770911.5768340457, -49464.0)
(524, 81.43989872932434, -770911.5768340457, -49464.0)
(525, 81.83549666404724, -770911.5768340457, -49464.0)
(526, 82.21279525756836, -770911.5768340457, -49464.0)
(527, 82.68284487724304, -770911.5768340457, -49464.0)
(528, 83.11712741851807, -770911.5768340457, -49464.0)
(529, 83.58909177780151, -770911.5768340457, -49464.0)
(530, 84.02040266990662, -770911.5768340457, -49464.0)
(531, 84.44044542312622, -770911.5768340457, -49464.0)
(532, 84.8617935180664, -770911.5768340457, -49464.0)
(533, 85.4334511756897, -770911.5768340457, -49464.0)
(534, 85.85641813278198, -770911.5768340457, -49464.0)
(535, 86.2913408279419, -770911.5768340457, -49464.0)
(536, 86.69480490684509, -770911.5768340457, -49464.0)
(537, 87.06602907180786, -770911.5768340457, -49464.0)
(538, 87.30415344238281, -770911.5768340457, -49464.0)
(539, 87.52805972099304, -770911.5768340457, -49464.0)
(540, 87.79980659484863, -770911.5768340457, -49464.0)
(541, 88.03587532043457, -770911.5768340457, -49464.0)
(542, 88.28116703033447, -770911.5768340457, -49464.0)
(543, 88.5399603843689, -770911.5768340457, -49464.0)
(544, 88.81580591201782, -770911.5768340457, -49464.0)
(545, 89.09113073348999, -770911.5768340457, -49464.0)
(546, 89.33466982841492, -770911.5768340457, -49464.0)
(547, 89.57970237731934, -770911.5768340457, -49464.0)
(548, 89.81704807281494, -770911.5768340457, -49464.0)
(549, 90.05998754501343, -770911.5768340457, -49464.0)
(550, 90.34364604949951, -770911.5768340457, -49464.0)
(551, 90.59915733337402, -770911.5768340457, -49464.0)
(552, 90.87056946754456, -770911.5768340457, -49464.0)
(553, 91.22846865653992, -770911.5768340457, -49464.0)
(554, 91.51262140274048, -770911.5768340457, -49464.0)
(555, 91.77184081077576, -770911.5768340457, -49464.0)
(556, 92.15879321098328, -770911.5768340457, -49464.0)
(557, 92.46815204620361, -770911.5768340457, -49464.0)
(558, 92.8748230934143, -770911.5768340457, -49464.0)
(559, 93.16285514831543, -770911.5768340457, -49464.0)
(560, 93.40806198120117, -770911.5768340457, -49464.0)
(561, 93.67997002601624, -770911.5768340457, -49464.0)
(562, 93.95008659362793, -770911.5768340457, -49464.0)
(563, 94.23364090919495, -770911.5768340457, -49464.0)
(564, 94.53914380073547, -770911.5768340457, -49464.0)
(565, 94.83951258659363, -770911.5768340457, -49464.0)
(566, 95.08707857131958, -770911.5768340457, -49464.0)
(567, 95.37366271018982, -770911.5768340457, -49464.0)
(568, 95.63767075538635, -770911.5768340457, -49464.0)
(569, 95.91866207122803, -770911.5768340457, -49464.0)
(570, 96.2378146648407, -770911.5768340457, -49464.0)
(571, 96.53382563591003, -770911.5768340457, -49464.0)
(572, 96.9885606765747, -770911.5768340457, -49464.0)
(573, 97.39947295188904, -770911.5768340457, -49464.0)
(574, 97.71022272109985, -770911.5768340457, -49464.0)
(575, 97.97977137565613, -770911.5768340457, -49464.0)
(576, 98.4132912158966, -770911.5768340457, -49464.0)
(577, 98.79508590698242, -770911.5768340457, -49464.0)
(578, 99.25735569000244, -770911.5768340457, -49464.0)
(579, 99.6668050289154, -770911.5768340457, -49464.0)
(580, 100.08260583877563, -770911.5768340457, -49464.0)
(581, 100.34633016586304, -770911.5768340457, -49464.0)
(582, 100.6625075340271, -770911.5768340457, -49464.0)
(583, 101.07458353042603, -770911.5768340457, -49464.0)
(584, 101.48550271987915, -770911.5768340457, -49464.0)
(585, 101.91270136833191, -770911.5768340457, -49464.0)
(586, 102.3237898349762, -770911.5768340457, -49464.0)
(587, 102.72906041145325, -770911.5768340457, -49464.0)
(588, 103.15870380401611, -770911.5768340457, -49464.0)
(589, 103.63780617713928, -770911.5768340457, -49464.0)
(590, 104.09269189834595, -770911.5768340457, -49464.0)
(591, 104.38687825202942, -770911.5768340457, -49464.0)
(592, 104.81237363815308, -770911.5768340457, -49464.0)
(593, 105.20501351356506, -770911.5768340457, -49464.0)
(594, 105.6210389137268, -770911.5768340457, -49464.0)
(595, 105.94175982475281, -770911.5768340457, -49464.0)
(596, 106.27554821968079, -770911.5768340457, -49464.0)
(597, 106.69770455360413, -770911.5768340457, -49464.0)
(598, 107.15177631378174, -770911.5768340457, -49464.0)
(599, 107.57701706886292, -770911.5768340457, -49464.0)
(600, 108.02346658706665, -770911.5768340457, -49464.0)
(601, 108.35620498657227, -770911.5768340457, -49464.0)
(602, 108.80866289138794, -770911.5768340457, -49464.0)
(603, 109.22360849380493, -770911.5768340457, -49464.0)
(604, 109.56068706512451, -770911.5768340457, -49464.0)
(605, 109.97480988502502, -770911.5768340457, -49464.0)
(606, 110.50529646873474, -770911.5768340457, -49464.0)
(607, 110.81329131126404, -770911.5768340457, -49464.0)
(608, 111.05892181396484, -770911.5768340457, -49464.0)
(609, 111.34514284133911, -770911.5768340457, -49464.0)
(610, 111.67265772819519, -770911.5768340457, -49464.0)
(611, 111.99390697479248, -770911.5768340457, -49464.0)
(612, 112.30547404289246, -770911.5768340457, -49464.0)
(613, 112.54183220863342, -770911.5768340457, -49464.0)
(614, 112.82029366493225, -770911.5768340457, -49464.0)
(615, 113.23029375076294, -770911.5768340457, -49464.0)
(616, 113.52262735366821, -770911.5768340457, -49464.0)
(617, 113.81832456588745, -770911.5768340457, -49464.0)
(618, 114.07848906517029, -770911.5768340457, -49464.0)
(619, 114.35385251045227, -770911.5768340457, -49464.0)
(620, 114.6179747581482, -770911.5768340457, -49464.0)
(621, 114.91766381263733, -770911.5768340457, -49464.0)
(622, 115.2074019908905, -770911.5768340457, -49464.0)
(623, 115.5298159122467, -770911.5768340457, -49464.0)
(624, 115.84452199935913, -770911.5768340457, -49464.0)
(625, 116.1497220993042, -770911.5768340457, -49464.0)
(626, 116.4342749118805, -770911.5768340457, -49464.0)
(627, 116.6978988647461, -770911.5768340457, -49464.0)
(628, 116.951251745224, -770911.5768340457, -49464.0)
(629, 117.21338963508606, -770911.5768340457, -49464.0)
(630, 117.49724698066711, -770911.5768340457, -49464.0)
(631, 117.72121214866638, -770911.5768340457, -49464.0)
(632, 117.97320079803467, -770911.5768340457, -49464.0)
(633, 118.24924445152283, -770911.5768340457, -49464.0)
(634, 118.5011305809021, -770911.5768340457, -49464.0)
(635, 118.8515613079071, -770911.5768340457, -49464.0)
(636, 119.12435388565063, -770911.5768340457, -49464.0)
(637, 119.42755222320557, -770911.5768340457, -49464.0)
(638, 119.72868824005127, -770911.5768340457, -49464.0)
(639, 120.0829405784607, -770911.5768340457, -49464.0)
(640, 120.3848671913147, -770911.5768340457, -49464.0)
(641, 120.67863154411316, -770911.5768340457, -49464.0)
(642, 120.93639826774597, -770911.5768340457, -49464.0)
(643, 121.26654934883118, -770911.5768340457, -49464.0)
(644, 121.6128945350647, -770911.5768340457, -49464.0)
(645, 121.86020255088806, -770911.5768340457, -49464.0)
(646, 122.144357919693, -770911.5768340457, -49464.0)
(647, 122.44260048866272, -770911.5768340457, -49464.0)
(648, 122.73988914489746, -770911.5768340457, -49464.0)
(649, 123.01505875587463, -770911.5768340457, -49464.0)
(650, 123.2898621559143, -770911.5768340457, -49464.0)
(651, 123.57857775688171, -770911.5768340457, -49464.0)
(652, 124.03513765335083, -770911.5768340457, -49464.0)
(653, 124.39855360984802, -770911.5768340457, -49464.0)
(654, 124.70347738265991, -770911.5768340457, -49464.0)
(655, 125.03360414505005, -770911.5768340457, -49464.0)
(656, 125.37833213806152, -770911.5768340457, -49464.0)
(657, 125.86801099777222, -770911.5768340457, -49464.0)
(658, 126.20811748504639, -770911.5768340457, -49464.0)
(659, 126.59758591651917, -770911.5768340457, -49464.0)
(660, 126.9598913192749, -770911.5768340457, -49464.0)
(661, 127.24970364570618, -770911.5768340457, -49464.0)
(662, 127.59836792945862, -770911.5768340457, -49464.0)
(663, 127.94224762916565, -770911.5768340457, -49464.0)
(664, 128.28307223320007, -770911.5768340457, -49464.0)
(665, 128.73518085479736, -770911.5768340457, -49464.0)
(666, 129.1956605911255, -770911.5768340457, -49464.0)
(667, 129.647709608078, -770911.5768340457, -49464.0)
(668, 130.15905356407166, -770911.5768340457, -49464.0)
(669, 130.6523416042328, -770911.5768340457, -49464.0)
(670, 131.1421618461609, -770911.5768340457, -49464.0)
(671, 131.64776754379272, -770911.5768340457, -49464.0)
(672, 132.23495221138, -770911.5768340457, -49464.0)
(673, 132.7310700416565, -770911.5768340457, -49464.0)
(674, 133.19728755950928, -770911.5768340457, -49464.0)
(675, 133.695951461792, -770911.5768340457, -49464.0)
(676, 134.1607129573822, -770911.5768340457, -49464.0)
(677, 134.65166020393372, -770911.5768340457, -49464.0)
(678, 135.1216003894806, -770911.5768340457, -49464.0)
(679, 135.60658836364746, -770911.5768340457, -49464.0)
(680, 136.17718291282654, -770911.5768340457, -49464.0)
(681, 136.69229388237, -770911.5768340457, -49464.0)
(682, 137.3529133796692, -770911.5768340457, -49464.0)
(683, 137.89243602752686, -770911.5768340457, -49464.0)
(684, 138.50099849700928, -770911.5768340457, -49464.0)
(685, 138.96947264671326, -770911.5768340457, -49464.0)
(686, 139.55061626434326, -770911.5768340457, -49464.0)
(687, 140.1563425064087, -770911.5768340457, -49464.0)
(688, 140.71962332725525, -770911.5768340457, -49464.0)
(689, 141.2102770805359, -770911.5768340457, -49464.0)
(690, 141.90756249427795, -770911.5768340457, -49464.0)
(691, 142.54024839401245, -770911.5768340457, -49464.0)
(692, 142.91064953804016, -770911.5768340457, -49464.0)
(693, 143.51647424697876, -770911.5768340457, -49464.0)
(694, 144.0572156906128, -770911.5768340457, -49464.0)
(695, 144.5681574344635, -770911.5768340457, -49464.0)
(696, 145.2091588973999, -770911.5768340457, -49464.0)
(697, 145.83562088012695, -770911.5768340457, -49464.0)
(698, 146.409419298172, -770911.5768340457, -49464.0)
(699, 146.96790957450867, -770911.5768340457, -49464.0)
(700, 147.57023191452026, -770911.5768340457, -49464.0)
(701, 148.12355542182922, -770911.5768340457, -49464.0)
(702, 148.63782691955566, -770911.5768340457, -49464.0)
(703, 149.1740026473999, -770911.5768340457, -49464.0)
(704, 149.5883288383484, -770911.5768340457, -49464.0)
(705, 150.33087944984436, -770911.5768340457, -49464.0)
(706, 150.90580248832703, -770911.5768340457, -49464.0)
(707, 151.238853931427, -770911.5768340457, -49464.0)
(708, 151.60012364387512, -770911.5768340457, -49464.0)
(709, 152.15039491653442, -770911.5768340457, -49464.0)
(710, 152.56102442741394, -770911.5768340457, -49464.0)
(711, 153.14636754989624, -770911.5768340457, -49464.0)
(712, 153.68639373779297, -770911.5768340457, -49464.0)
(713, 154.2052800655365, -770911.5768340457, -49464.0)
(714, 154.68602323532104, -770911.5768340457, -49464.0)
(715, 155.33293867111206, -770911.5768340457, -49464.0)
(716, 155.8646423816681, -770911.5768340457, -49464.0)
(717, 156.3648874759674, -770911.5768340457, -49464.0)
(718, 156.90410661697388, -770911.5768340457, -49464.0)
(719, 157.44833207130432, -770911.5768340457, -49464.0)
(720, 158.017719745636, -770911.5768340457, -49464.0)
(721, 158.5300486087799, -770911.5768340457, -49464.0)
(722, 159.0641119480133, -770911.5768340457, -49464.0)
(723, 159.579980134964, -770911.5768340457, -49464.0)
(724, 160.13206267356873, -770911.5768340457, -49464.0)
(725, 160.68898034095764, -770911.5768340457, -49464.0)
(726, 161.31374049186707, -770911.5768340457, -49464.0)
(727, 161.93076395988464, -770911.5768340457, -49464.0)
(728, 162.47308373451233, -770911.5768340457, -49464.0)
(729, 163.05855441093445, -770911.5768340457, -49464.0)
(730, 163.69383358955383, -770911.5768340457, -49464.0)
(731, 164.225567817688, -770911.5768340457, -49464.0)
(732, 164.85275030136108, -770911.5768340457, -49464.0)
(733, 165.43409538269043, -770911.5768340457, -49464.0)
(734, 166.14161229133606, -770911.5768340457, -49464.0)
(735, 166.76010060310364, -770911.5768340457, -49464.0)
(736, 167.33526229858398, -770911.5768340457, -49464.0)
(737, 168.1111340522766, -770911.5768340457, -49464.0)
(738, 168.774108171463, -770911.5768340457, -49464.0)
(739, 169.42997121810913, -770911.5768340457, -49464.0)
(740, 170.00145554542542, -770911.5768340457, -49464.0)
(741, 170.71367621421814, -770911.5768340457, -49464.0)
(742, 171.41722989082336, -770911.5768340457, -49464.0)
(743, 172.07654523849487, -770911.5768340457, -49464.0)
(744, 172.76527976989746, -770911.5768340457, -49464.0)
(745, 173.32516717910767, -770911.5768340457, -49464.0)
(746, 173.92641973495483, -770911.5768340457, -49464.0)
(747, 174.5761115550995, -770911.5768340457, -49464.0)
(748, 175.23504209518433, -770911.5768340457, -49464.0)
(749, 176.04243230819702, -770911.5768340457, -49464.0)
(750, 176.9163522720337, -770911.5768340457, -49464.0)
(751, 177.48342418670654, -770911.5768340457, -49464.0)
(752, 178.09111261367798, -770911.5768340457, -49464.0)
(753, 178.81995940208435, -770911.5768340457, -49464.0)
(754, 179.44440865516663, -770911.5768340457, -49464.0)
(755, 180.00694751739502, -770911.5768340457, -49464.0)
(756, 180.6475555896759, -770911.5768340457, -49464.0)
(757, 181.42184782028198, -770911.5768340457, -49464.0)
(758, 181.93926763534546, -770911.5768340457, -49464.0)
(759, 182.68317413330078, -770911.5768340457, -49464.0)
(760, 183.4209794998169, -770911.5768340457, -49464.0)
(761, 184.06708598136902, -770911.5768340457, -49464.0)
(762, 184.94130325317383, -770911.5768340457, -49464.0)
(763, 185.52383422851562, -770911.5768340457, -49464.0)
(764, 186.1841287612915, -770911.5768340457, -49464.0)
(765, 186.88013744354248, -770911.5768340457, -49464.0)
(766, 187.47377133369446, -770911.5768340457, -49464.0)
(767, 188.25164484977722, -770911.5768340457, -49464.0)
(768, 189.08790922164917, -770911.5768340457, -49464.0)
(769, 189.83903670310974, -770911.5768340457, -49464.0)
(770, 190.4048149585724, -770911.5768340457, -49464.0)
(771, 191.06147074699402, -770911.5768340457, -49464.0)
(772, 191.76806378364563, -770911.5768340457, -49464.0)
(773, 192.34171295166016, -770911.5768340457, -49464.0)
(774, 192.6466042995453, -770911.5768340457, -49464.0)
(775, 192.99102663993835, -700843.53125, -49464.0)
(776, 193.70643401145935, -700843.53125, -49464.0)
(777, 194.11901831626892, -700843.53125, -49464.0)
(778, 194.56476879119873, -700843.53125, -49464.0)
(779, 194.9782304763794, -700843.53125, -49464.0)
(780, 195.36837577819824, -700843.53125, -49464.0)
(781, 195.69020628929138, -700843.53125, -49464.0)
(782, 196.06820130348206, -700843.53125, -49464.0)
(783, 196.40283346176147, -700843.53125, -49464.0)
(784, 196.81328582763672, -700843.53125, -49464.0)
(785, 197.2281210422516, -700843.53125, -49464.0)
(786, 197.60701656341553, -700843.53125, -49464.0)
(787, 197.99882984161377, -700843.53125, -49464.0)
(788, 198.58905267715454, -700843.53125, -49464.0)
(789, 198.97155714035034, -700843.53125, -49464.0)
(790, 199.36829471588135, -700843.53125, -49464.0)
(791, 199.82868885993958, -700843.53125, -49464.0)
(792, 200.2245752811432, -700843.53125, -49464.0)
(793, 200.7177312374115, -700843.53125, -49464.0)
(794, 201.2758150100708, -700843.53125, -49464.0)
(795, 201.85836577415466, -700843.53125, -49464.0)
(796, 202.42557573318481, -700843.53125, -49464.0)
(797, 202.8433701992035, -700843.53125, -49464.0)
(798, 203.30183672904968, -700843.53125, -49464.0)
(799, 203.7323136329651, -700843.53125, -49464.0)
(800, 204.17721724510193, -700843.53125, -49464.0)
(801, 204.7814884185791, -700843.53125, -49464.0)
(802, 205.34516739845276, -700843.53125, -49464.0)
(803, 205.92901301383972, -700843.53125, -49464.0)
(804, 206.49634552001953, -700843.53125, -49464.0)
(805, 206.94800662994385, -700843.53125, -49464.0)
(806, 207.40682697296143, -700843.53125, -49464.0)
(807, 207.9969518184662, -700843.53125, -49464.0)
(808, 208.47907257080078, -700843.53125, -49464.0)
(809, 208.8723349571228, -700843.53125, -49464.0)
(810, 209.21638655662537, -700843.53125, -49464.0)
(811, 209.64485001564026, -700843.53125, -49464.0)
(812, 209.96412348747253, -700843.53125, -49464.0)
(813, 210.35464549064636, -700843.53125, -49464.0)
(814, 210.6895031929016, -700843.53125, -49464.0)
(815, 210.97665333747864, -700843.53125, -49464.0)
(816, 211.41804265975952, -700843.53125, -49464.0)
(817, 211.73477625846863, -700843.53125, -49464.0)
(818, 212.103595495224, -700843.53125, -49464.0)
(819, 212.46397805213928, -700843.53125, -49464.0)
(820, 212.84869146347046, -700843.53125, -49464.0)
(821, 213.21516370773315, -700843.53125, -49464.0)
(822, 213.78286981582642, -700843.53125, -49464.0)
(823, 214.2253782749176, -700843.53125, -49464.0)
(824, 214.6611123085022, -700843.53125, -49464.0)
(825, 215.06445693969727, -700843.53125, -49464.0)
(826, 215.45126152038574, -700843.53125, -49464.0)
(827, 215.90691447257996, -700843.53125, -49464.0)
(828, 216.31792044639587, -700843.53125, -49464.0)
(829, 216.69402027130127, -700843.53125, -49464.0)
(830, 217.2703812122345, -700843.53125, -49464.0)
(831, 217.85120391845703, -700843.53125, -49464.0)
(832, 218.43805289268494, -700843.53125, -49464.0)
(833, 218.86187314987183, -700843.53125, -49464.0)
(834, 219.30480909347534, -700843.53125, -49464.0)
(835, 219.98836588859558, -700843.53125, -49464.0)
(836, 220.60303449630737, -700843.53125, -49464.0)
(837, 220.95800304412842, -700843.53125, -49464.0)
(838, 221.36351490020752, -700843.53125, -49464.0)
(839, 221.73330187797546, -700843.53125, -49464.0)
(840, 222.13925457000732, -700843.53125, -49464.0)
(841, 222.48048853874207, -700843.53125, -49464.0)
(842, 222.95959067344666, -700843.53125, -49464.0)
(843, 223.39442777633667, -700843.53125, -49464.0)
(844, 223.8190212249756, -700843.53125, -49464.0)
(845, 224.1901068687439, -700843.53125, -49464.0)
(846, 224.81654047966003, -700843.53125, -49464.0)
(847, 225.1953568458557, -700843.53125, -49464.0)
(848, 225.78475856781006, -700843.53125, -49464.0)
(849, 226.20494747161865, -700843.53125, -49464.0)
(850, 226.77696228027344, -700843.53125, -49464.0)
(851, 227.25500416755676, -700843.53125, -49464.0)
(852, 227.69097304344177, -700843.53125, -49464.0)
(853, 228.37815070152283, -700843.53125, -49464.0)
(854, 229.03997445106506, -700843.53125, -49464.0)
(855, 229.6759374141693, -700843.53125, -49464.0)
(856, 230.15405464172363, -700843.53125, -49464.0)
(857, 230.5609951019287, -700843.53125, -49464.0)
(858, 231.196604013443, -700843.53125, -49464.0)
(859, 231.55093455314636, -700843.53125, -49464.0)
(860, 232.16923880577087, -700843.53125, -49464.0)
(861, 232.7619891166687, -700843.53125, -49464.0)
(862, 233.25242686271667, -700843.53125, -49464.0)
(863, 233.6513159275055, -700843.53125, -49464.0)
(864, 234.31510519981384, -700843.53125, -49464.0)
(865, 234.92713618278503, -700843.53125, -49464.0)
(866, 235.40265274047852, -700843.53125, -49464.0)
(867, 236.10173988342285, -700843.53125, -49464.0)
(868, 236.74747967720032, -700843.53125, -49464.0)
(869, 237.37942790985107, -700843.53125, -49464.0)
(870, 238.04140949249268, -700843.53125, -49464.0)
(871, 238.729389667511, -700843.53125, -49464.0)
(872, 239.44546842575073, -700843.53125, -49464.0)
(873, 240.20633220672607, -700843.53125, -49464.0)
(874, 240.66845321655273, -700843.53125, -49464.0)
(875, 241.34131002426147, -700843.53125, -49464.0)
(876, 242.0300190448761, -700843.53125, -49464.0)
(877, 242.44869542121887, -700843.53125, -49464.0)
(878, 243.1002504825592, -700843.53125, -49464.0)
(879, 243.5897524356842, -700843.53125, -49464.0)
(880, 244.24261713027954, -700843.53125, -49464.0)
(881, 244.72905802726746, -700843.53125, -49464.0)
(882, 245.2207155227661, -700843.53125, -49464.0)
(883, 245.66113305091858, -700843.53125, -49464.0)
(884, 246.27774620056152, -700843.53125, -49464.0)
(885, 246.63418769836426, -700843.53125, -49464.0)
(886, 247.28995442390442, -700843.53125, -49464.0)
(887, 247.66128587722778, -700843.53125, -49464.0)
(888, 248.2570095062256, -700843.53125, -49464.0)
(889, 248.906099319458, -700843.53125, -49464.0)
(890, 249.3579249382019, -700843.53125, -49464.0)
(891, 250.01731252670288, -700843.53125, -49464.0)
(892, 250.73918652534485, -700843.53125, -49464.0)
(893, 251.2140703201294, -700843.53125, -49464.0)
(894, 251.93900895118713, -700843.53125, -49464.0)
(895, 252.64409470558167, -700843.53125, -49464.0)
(896, 253.1368761062622, -700843.53125, -49464.0)
(897, 253.81124639511108, -700843.53125, -49464.0)
(898, 254.44770526885986, -700843.53125, -49464.0)
(899, 254.90253043174744, -700843.53125, -49464.0)
(900, 255.581209897995, -700843.53125, -49464.0)
(901, 256.25777792930603, -700843.53125, -49464.0)
(902, 256.64152240753174, -700843.53125, -49464.0)
(903, 257.3109040260315, -700843.53125, -49464.0)
(904, 257.81584215164185, -700843.53125, -49464.0)
(905, 258.5149631500244, -700843.53125, -49464.0)
(906, 259.2803945541382, -700843.53125, -49464.0)
(907, 259.9583423137665, -700843.53125, -49464.0)
(908, 260.6084575653076, -700843.53125, -49464.0)
(909, 261.4676797389984, -700843.53125, -49464.0)
(910, 262.30504035949707, -700843.53125, -49464.0)
(911, 263.1114571094513, -700843.53125, -49464.0)
(912, 264.07100677490234, -700843.53125, -49464.0)
(913, 265.04772686958313, -700843.53125, -49464.0)
(914, 265.90920996665955, -700843.53125, -49464.0)
(915, 266.77145767211914, -700843.53125, -49464.0)
(916, 267.41934537887573, -700843.53125, -49464.0)
(917, 268.3778440952301, -700843.53125, -49464.0)
(918, 269.07971715927124, -700843.53125, -49464.0)
(919, 269.74087834358215, -700843.53125, -49464.0)
(920, 270.2616386413574, -700843.53125, -49464.0)
(921, 270.7128715515137, -700843.53125, -49464.0)
(922, 271.1159071922302, -700843.53125, -49464.0)
(923, 271.4982838630676, -700843.53125, -49464.0)
(924, 271.87901759147644, -700843.53125, -49464.0)
(925, 272.2377781867981, -700843.53125, -49464.0)
(926, 273.0515327453613, -700843.53125, -49464.0)
(927, 273.7022268772125, -700843.53125, -49464.0)
(928, 274.5080637931824, -700843.53125, -49464.0)
(929, 275.25529623031616, -700843.53125, -49464.0)
(930, 275.7451260089874, -700843.53125, -49464.0)
(931, 276.4894018173218, -700843.53125, -49464.0)
(932, 277.00126552581787, -700843.53125, -49464.0)
(933, 277.76023507118225, -700843.53125, -49464.0)
(934, 278.5172498226166, -700843.53125, -49464.0)
(935, 279.01860332489014, -700843.53125, -49464.0)
(936, 279.7613694667816, -700843.53125, -49464.0)
(937, 280.26174426078796, -700843.53125, -49464.0)
(938, 280.7838945388794, -700843.53125, -49464.0)
(939, 281.49734807014465, -700843.53125, -49464.0)
(940, 282.22258162498474, -700843.53125, -49464.0)
(941, 283.02083134651184, -700843.53125, -49464.0)
(942, 283.4890522956848, -700843.53125, -49464.0)
(943, 284.256413936615, -700843.53125, -49464.0)
(944, 284.9115192890167, -700843.53125, -49464.0)
(945, 285.5610954761505, -700843.53125, -49464.0)
(946, 286.2914192676544, -700843.53125, -49464.0)
(947, 287.0659520626068, -700843.53125, -49464.0)
(948, 287.5216817855835, -700843.53125, -49464.0)
(949, 288.28609681129456, -700843.53125, -49464.0)
(950, 289.0428726673126, -700843.53125, -49464.0)
(951, 289.84124183654785, -700843.53125, -49464.0)
(952, 290.307856798172, -700843.53125, -49464.0)
(953, 290.8446147441864, -700843.53125, -49464.0)
(954, 291.3005380630493, -700843.53125, -49464.0)
(955, 291.9629695415497, -700843.53125, -49464.0)
(956, 292.6324465274811, -700843.53125, -49464.0)
(957, 293.3669409751892, -700843.53125, -49464.0)
(958, 294.02329444885254, -700843.53125, -49464.0)
(959, 294.73641777038574, -700843.53125, -49464.0)
(960, 295.5622477531433, -700843.53125, -49464.0)
(961, 296.3652124404907, -700843.53125, -49464.0)
(962, 297.04722356796265, -700843.53125, -49464.0)
(963, 297.79572200775146, -700843.53125, -49464.0)
(964, 298.56982374191284, -700843.53125, -49464.0)
(965, 299.5480580329895, -700843.53125, -49464.0)
(966, 300.0851330757141, -700843.53125, -49464.0)
(967, 301.1870403289795, -700843.53125, -49464.0)
(968, 301.6848089694977, -700843.53125, -49464.0)
(969, 302.3784017562866, -700843.53125, -49464.0)
(970, 303.3351356983185, -700843.53125, -49464.0)
(971, 303.8274624347687, -700843.53125, -49464.0)
(972, 304.56032371520996, -700843.53125, -49464.0)
(973, 305.3286588191986, -700843.53125, -49464.0)
(974, 306.0460259914398, -700843.53125, -49464.0)
(975, 307.02392649650574, -700843.53125, -49464.0)
(976, 307.7465193271637, -700843.53125, -49464.0)
(977, 308.72249841690063, -700843.53125, -49464.0)
(978, 309.69195079803467, -700843.53125, -49464.0)
(979, 310.5263874530792, -700843.53125, -49464.0)
(980, 311.2965941429138, -700843.53125, -49464.0)
(981, 312.25620222091675, -700843.53125, -49464.0)
(982, 313.0965700149536, -700843.53125, -49464.0)
(983, 314.18882513046265, -700843.53125, -49464.0)
(984, 315.0330710411072, -700843.53125, -49464.0)
(985, 315.73663663864136, -700843.53125, -49464.0)
(986, 316.2583951950073, -700843.53125, -49464.0)
(987, 317.0936851501465, -700843.53125, -49464.0)
(988, 317.76290917396545, -700843.53125, -49464.0)
(989, 318.5314998626709, -700843.53125, -49464.0)
(990, 319.360741853714, -700843.53125, -49464.0)
(991, 319.8901996612549, -700843.53125, -49464.0)
(992, 320.60308384895325, -700843.53125, -49464.0)
(993, 321.8322813510895, -700843.53125, -49464.0)
(994, 322.7352292537689, -700843.53125, -49464.0)
(995, 323.51256465911865, -700843.53125, -49464.0)
(996, 324.0461037158966, -700843.53125, -49464.0)
(997, 324.9058244228363, -700843.53125, -49464.0)
(998, 325.785032749176, -700843.53125, -49464.0)
(999, 326.34185552597046, -700843.53125, -49464.0)
(1000, 327.0913984775543, -700843.53125, -49464.0)
