(1, 0.07494473457336426, -753352.0, -23327.0)
(2, 0.14272260665893555, -750595.7083333334, -23327.0)
(3, 0.21088242530822754, -750595.7083333334, -23327.0)
(4, 0.27949976921081543, -695563.875, -23327.0)
(5, 0.34818363189697266, -695563.875, -23327.0)
(6, 0.4188234806060791, -637284.6666666666, -23327.0)
(7, 0.48913121223449707, -637284.6666666666, -23327.0)
(8, 0.5594635009765625, -591915.9583333334, -23327.0)
(9, 0.6308865547180176, -542838.9166666666, -23327.0)
(10, 0.7031290531158447, -507730.5416666667, -23327.0)
(11, 0.7756772041320801, -507730.5416666667, -23327.0)
(12, 0.8485803604125977, -468111.5, -23327.0)
(13, 0.9225854873657227, -419965.7916666667, -23327.0)
(14, 0.9975628852844238, -390263.5, -23327.0)
(15, 1.0727853775024414, -347761.9583333333, -23327.0)
(16, 1.1489684581756592, -298959.4583333333, -23327.0)
(17, 1.2267110347747803, -255078.875, -23327.0)
(18, 1.3053867816925049, -215379.2083333333, -23327.0)
(19, 1.3841769695281982, -196565.5, -23327.0)
(20, 1.463102102279663, -188909.25, -23327.0)
(21, 1.5429742336273193, -149492.75, -23327.0)
(22, 1.624063491821289, -100027.04166666666, -23327.0)
(23, 1.7069416046142578, -49075.833333333336, -23327.0)
(24, 1.790337324142456, -47901.916666666664, -23327.0)
(25, 1.8869106769561768, -43793.0, -40213.0)
(26, 1.9709384441375732, -40369.0, -40369.0)
(27, 2.0538768768310547, -40369.0, -40369.0)
