(1, 0.2333822250366211, -2065200.0, -39597.0)
(2, 0.5363616943359375, -842975.4526394205, -39597.0)
(3, 0.7786946296691895, -386839.09674941585, -39597.0)
(4, 1.0703656673431396, -212661.24072772125, -39597.0)
(5, 1.4584650993347168, -134280.28294078307, -39597.0)
(6, 2.0023300647735596, -105286.86431495624, -39597.0)
(7, 2.610670566558838, -91651.88402041579, -80193.63203176703)
(8, 3.317570924758911, -85117.06687609071, -80213.99796472181)
(9, 4.096889019012451, -82399.88347939041, -80508.28741071981)
(10, 4.920628786087036, -81499.11546454538, -80580.52437768242)
(11, 5.777567386627197, -80882.18074083288, -80608.34235661535)
(12, 6.689817190170288, -80726.2977508757, -80609.06316128597)
(13, 7.586573600769043, -80662.3403397164, -80609.06316128593)
(14, 8.56882381439209, -80627.24210743199, -80610.5548230125)
(15, 9.518357515335083, -80616.75047560598, -80610.55482301247)
(16, 10.606835126876831, -80612.83558730423, -80611.15777802959)
(17, 11.662122964859009, -80612.08762300518, -80611.15777802959)
(18, 12.775850772857666, -80612.08762300518, -80611.25515412205)
(19, 13.895131826400757, -80611.5041727335, -80611.25515412207)
(20, 14.921736001968384, -80611.32985970557, -80611.25515412207)
(21, 15.881134510040283, -80611.27756579735, -80611.25515412203)
