(1, 0.020764589309692383, -282091.0, -30455.0)
(2, 0.043886661529541016, -144214.19461602136, -30455.0)
(3, 0.06817364692687988, -104190.99496567936, -30455.0)
(4, 0.09391570091247559, -77922.32986836263, -30455.0)
(5, 0.11960864067077637, -63264.371436911715, -30455.0)
(6, 0.14684247970581055, -63264.371436911715, -30455.0)
(7, 0.18102049827575684, -59893.47587175494, -44069.92499999999)
(8, 0.21969270706176758, -52113.243874432024, -44210.31666666667)
(9, 0.26329803466796875, -52113.243874432024, -44402.98392003478)
(10, 0.3159058094024658, -48305.18213624715, -44600.55169462512)
(11, 0.36626672744750977, -48305.18213624715, -44685.59689079259)
(12, 0.42307209968566895, -46786.56321163482, -44819.7069065776)
(13, 0.4850914478302002, -46100.597734152805, -44895.147051625936)
(14, 0.5534310340881348, -45572.001215417615, -44927.77540523551)
(15, 0.6287970542907715, -45562.289781047555, -44959.264922521936)
(16, 0.7092890739440918, -45361.662435037455, -44965.83584392283)
(17, 0.799180269241333, -45179.28766332295, -44988.73179795353)
(18, 0.8915596008300781, -45119.248243531896, -45026.25584085869)
(19, 0.989551305770874, -45078.67815915199, -45026.52126539683)
(20, 1.0983471870422363, -45066.13255550289, -45027.9403360029)
(21, 1.2007441520690918, -45046.54397882927, -45029.24823637457)
(22, 1.313906192779541, -45037.66590928879, -45030.11255616774)
(23, 1.4214553833007812, -45037.66590928879, -45031.49297610592)
(24, 1.5358319282531738, -45034.54294911375, -45033.0102973038)
(25, 1.6388559341430664, -45033.47009284677, -45033.01029730377)
(26, 1.7463066577911377, -45033.1482359667, -45033.010297303794)
(27, 1.8574893474578857, -45033.051678902666, -45033.01029730381)
(28, 1.963000774383545, -45033.022711783524, -45033.01029730378)
