(1, 0.14467072486877441, -2293968.0, -54195.0)
(2, 0.3216724395751953, -906302.0921583888, -54195.0)
(3, 0.4688715934753418, -395403.1891090693, -54195.0)
(4, 0.6930751800537109, -212437.37278796392, -54195.0)
(5, 0.9429495334625244, -162710.1357828595, -54195.0)
(6, 1.1849651336669922, -156902.4965579044, -54195.0)
(7, 1.4771606922149658, -141614.15685676888, -105428.0)
(8, 1.7973384857177734, -119753.91323184932, -105428.0)
(9, 2.1227381229400635, -110023.80969959381, -105428.0)
(10, 2.4565789699554443, -106878.22835038776, -105428.0)
(11, 2.799135446548462, -105863.06850511441, -105428.0)
(12, 3.158902645111084, -105558.5205515361, -105428.0)
(13, 3.5371737480163574, -105467.15616546133, -105428.0)
(14, 3.901444911956787, -105439.74684963953, -105428.0)
(15, 4.285009145736694, -105431.52405489392, -105428.0)
(16, 4.643420219421387, -105429.05721646376, -105428.0)
(17, 5.003553628921509, -105428.3171649319, -105428.0)
(18, 5.373732566833496, -105428.09514948094, -105428.0)
(19, 5.737914323806763, -105428.02854481096, -105428.0)
