(1, 0.021559476852416992, -190161.0, -12965.0)
(2, 0.04108905792236328, -182337.1052631579, -12965.0)
(3, 0.060570478439331055, -182337.1052631579, -12965.0)
(4, 0.07983160018920898, -182337.1052631579, -12965.0)
(5, 0.09910368919372559, -182337.1052631579, -12965.0)
(6, 0.11857175827026367, -182337.1052631579, -12965.0)
(7, 0.13807320594787598, -182337.1052631579, -12965.0)
(8, 0.1573801040649414, -182337.1052631579, -12965.0)
(9, 0.17677831649780273, -182337.1052631579, -12965.0)
(10, 0.19615507125854492, -182337.1052631579, -12965.0)
(11, 0.21536636352539062, -167915.75, -12965.0)
(12, 0.23534750938415527, -151055.1052631579, -12965.0)
(13, 0.2551758289337158, -149970.68421052632, -12965.0)
(14, 0.2747950553894043, -135443.47368421053, -12965.0)
(15, 0.2946290969848633, -135443.47368421053, -12965.0)
(16, 0.3137698173522949, -135443.47368421053, -12965.0)
(17, 0.3332974910736084, -135443.47368421053, -12965.0)
(18, 0.35239386558532715, -134384.6666666667, -12965.0)
(19, 0.37163686752319336, -134384.6666666667, -12965.0)
(20, 0.3897237777709961, -134384.6666666667, -12965.0)
(21, 0.4072837829589844, -134384.6666666667, -12965.0)
(22, 0.424832820892334, -113956.70588235294, -12965.0)
(23, 0.4430820941925049, -102173.76470588235, -12965.0)
(24, 0.46117663383483887, -102173.76470588235, -12965.0)
(25, 0.4787321090698242, -102173.76470588235, -12965.0)
(26, 0.4957599639892578, -102173.76470588235, -12965.0)
(27, 0.5129425525665283, -98842.93333333333, -12965.0)
(28, 0.5303318500518799, -98842.93333333333, -12965.0)
(29, 0.5473721027374268, -98842.93333333333, -12965.0)
(30, 0.564509391784668, -98842.93333333333, -12965.0)
(31, 0.5816640853881836, -98842.93333333333, -12965.0)
(32, 0.5989599227905273, -98842.93333333333, -12965.0)
(33, 0.6160871982574463, -98842.93333333333, -12965.0)
(34, 0.632239818572998, -98842.93333333333, -12965.0)
(35, 0.6491920948028564, -96559.66666666666, -12965.0)
(36, 0.6662507057189941, -96559.66666666666, -12965.0)
(37, 0.6836731433868408, -96559.66666666666, -12965.0)
(38, 0.7025876045227051, -83335.625, -12965.0)
(39, 0.7224235534667969, -83335.625, -12965.0)
(40, 0.7422690391540527, -83335.625, -12965.0)
(41, 0.7597734928131104, -83335.625, -12965.0)
(42, 0.7765488624572754, -62629.357142857145, -12965.0)
(43, 0.7931454181671143, -62629.357142857145, -12965.0)
(44, 0.809600830078125, -62629.357142857145, -12965.0)
(45, 0.8258383274078369, -62629.357142857145, -12965.0)
(46, 0.8418302536010742, -44181.46153846154, -12965.0)
(47, 0.8582677841186523, -44181.46153846154, -12965.0)
(48, 0.8730883598327637, -44181.46153846154, -12965.0)
(49, 0.8877394199371338, -44181.46153846154, -12965.0)
(50, 0.9024097919464111, -38780.181818181816, -12965.0)
(51, 0.9173431396484375, -38780.181818181816, -12965.0)
(52, 0.9323089122772217, -35759.333333333336, -12965.0)
(53, 0.9473583698272705, -35759.333333333336, -12965.0)
(54, 0.9628069400787354, -35126.75, -12965.0)
(55, 0.9775528907775879, -33818.75, -12965.0)
(56, 0.9916305541992188, -33818.75, -12965.0)
(57, 1.005262851715088, -33000.5, -12965.0)
(58, 1.0192418098449707, -33000.5, -12965.0)
(59, 1.03586745262146, -33000.5, -12965.0)
(60, 1.0515480041503906, -33000.5, -12965.0)
(61, 1.0680782794952393, -33000.5, -12965.0)
(62, 1.0845773220062256, -33000.5, -12965.0)
(63, 1.1008448600769043, -33000.5, -12965.0)
(64, 1.1177237033843994, -33000.5, -12965.0)
(65, 1.1423461437225342, -33000.5, -12965.0)
(66, 1.169037103652954, -32607.583333333332, -12965.0)
(67, 1.1906070709228516, -32607.583333333332, -12965.0)
(68, 1.2116527557373047, -31625.25, -12965.0)
(69, 1.2374267578125, -31525.875, -12965.0)
(70, 1.2633881568908691, -31525.875, -12965.0)
(71, 1.2965474128723145, -31525.875, -12965.0)
(72, 1.3302664756774902, -31525.875, -12965.0)
(73, 1.3686254024505615, -26811.5, -12965.0)
(74, 1.4035711288452148, -23181.25, -23181.25)
(75, 1.4247922897338867, -23181.25, -23181.25)
