(1, 0.03642153739929199, -951713.0, -24327.0)
(2, 0.06992650032043457, -903131.0833333334, -24327.0)
(3, 0.10553312301635742, -804053.9583333334, -24327.0)
(4, 0.14381742477416992, -705087.2916666666, -24327.0)
(5, 0.1840975284576416, -606120.625, -24327.0)
(6, 0.22465276718139648, -534172.9583333334, -24327.0)
(7, 0.26723241806030273, -435092.5, -24327.0)
(8, 0.3125276565551758, -337151.8333333333, -24327.0)
(9, 0.3597996234893799, -238144.58333333334, -24327.0)
(10, 0.40803027153015137, -151565.9166666667, -24327.0)
(11, 0.45839476585388184, -53710.625, -24327.0)
(12, 0.5086710453033447, -53710.625, -24327.0)
(13, 0.5601444244384766, -53710.625, -48487.0)
(14, 0.610328197479248, -51441.0, -48487.0)
(15, 0.6604890823364258, -48487.0, -48487.0)
(16, 0.7105929851531982, -48487.0, -48487.0)
