(1, 0.09936881065368652, -1407120.0, -28492.0)
(2, 0.22571825981140137, -533151.3537456709, -28492.0)
(3, 0.3369772434234619, -232283.41254158277, -28492.0)
(4, 0.46853089332580566, -133455.14374137128, -28492.0)
(5, 0.6235511302947998, -110303.78791850983, -28492.0)
(6, 0.8102691173553467, -99168.11751245694, -28492.0)
(7, 1.004901647567749, -83361.59593131927, -71122.0)
(8, 1.196319580078125, -74961.32189848986, -71122.0)
(9, 1.393134355545044, -72273.79656954721, -71122.0)
(10, 1.5941376686096191, -71467.53897086301, -71122.0)
(11, 1.7960453033447266, -71225.66169125885, -71122.0)
(12, 1.997865915298462, -71153.09850737765, -71122.0)
(13, 2.2029523849487305, -71131.32955221193, -71122.0)
(14, 2.403748035430908, -71124.79886566181, -71122.0)
(15, 2.6020169258117676, -71122.83965969844, -71122.0)
(16, 2.8079843521118164, -71122.25189777212, -71122.0)
(17, 3.0212173461914062, -71122.07556933013, -71122.0)
(18, 3.2329955101013184, -71122.0226707748, -71122.0)
(19, 3.4448509216308594, -71122.0068012251, -71122.0)
