(1, 0.03518939018249512, -180145.0, -12590.0)
(2, 0.07465600967407227, -81542.87799546517, -12590.0)
(3, 0.10985732078552246, -40905.774533417796, -12590.0)
(4, 0.14617347717285156, -25596.46442932651, -12590.0)
(5, 0.1864490509033203, -20900.921873571642, -12590.0)
(6, 0.23278284072875977, -18699.768684409584, -12590.0)
(7, 0.28518009185791016, -17575.380605322494, -17093.5)
(8, 0.3380312919616699, -17575.380605322494, -17093.5)
(9, 0.3907637596130371, -17238.064181596306, -17093.5)
(10, 0.44376564025878906, -17136.869254478668, -17093.5)
(11, 0.4955415725708008, -17106.510776343464, -17093.5)
(12, 0.5459237098693848, -17097.40323290311, -17093.5)
(13, 0.5986309051513672, -17094.670969870767, -17093.5)
(14, 0.6495547294616699, -17093.851290959603, -17093.5)
(15, 0.6999726295471191, -17093.60538728708, -17093.5)
(16, 0.7515411376953125, -17093.531616186, -17093.5)
(17, 0.8047449588775635, -17093.509484854647, -17093.5)
(18, 0.8593423366546631, -17093.502845240608, -17093.5)
