(1, 0.07666993141174316, -258020.0, -14357.0)
(2, 0.13329434394836426, -255739.625, -14357.0)
(3, 0.19018244743347168, -238449.375, -14357.0)
(4, 0.2470550537109375, -236760.5, -14357.0)
(5, 0.30488061904907227, -216655.16666666666, -14357.0)
(6, 0.36335086822509766, -215663.91666666666, -14357.0)
(7, 0.4216947555541992, -211644.66666666666, -14357.0)
(8, 0.4813985824584961, -190913.41666666666, -14357.0)
(9, 0.5423636436462402, -168815.91666666666, -14357.0)
(10, 0.6043615341186523, -155181.125, -14357.0)
(11, 0.6661345958709717, -142272.58333333334, -14357.0)
(12, 0.7282764911651611, -134218.875, -14357.0)
(13, 0.7907040119171143, -126103.375, -14357.0)
(14, 0.8546090126037598, -108718.625, -14357.0)
(15, 0.9184937477111816, -103563.16666666667, -14357.0)
(16, 0.9828212261199951, -101602.95833333333, -14357.0)
(17, 1.0473861694335938, -87283.20833333333, -14357.0)
(18, 1.112715244293213, -83045.70833333333, -14357.0)
(19, 1.1785225868225098, -64200.45833333333, -14357.0)
(20, 1.2457127571105957, -43376.95833333333, -14357.0)
(21, 1.3138210773468018, -23433.083333333332, -14357.0)
(22, 1.3819618225097656, -23433.083333333332, -14357.0)
(23, 1.4608469009399414, -18737.0, -18197.0)
(24, 1.5292165279388428, -18197.0, -18197.0)
(25, 1.5966696739196777, -18197.0, -18197.0)
