(1, 0.08239531517028809, -1091966.0, -51430.0)
(2, 0.16170811653137207, -469422.6118383011, -51430.0)
(3, 0.2358384132385254, -244982.4092978398, -51430.0)
(4, 0.31345534324645996, -187569.8352940604, -51430.0)
(5, 0.38669443130493164, -168520.78420297694, -51430.0)
(6, 0.4918863773345947, -168520.78420297694, -116544.0)
(7, 0.6074292659759521, -168520.78420297694, -116544.0)
(8, 0.7343440055847168, -144788.7285213985, -116544.0)
(9, 0.8734250068664551, -144788.7285213985, -116544.0)
(10, 1.015000820159912, -135691.95324619228, -116544.0)
(11, 1.1696114540100098, -135691.95324619228, -116544.0)
(12, 1.3247673511505127, -129414.79279095573, -116544.0)
(13, 1.5153167247772217, -127329.33918243813, -116544.0)
(14, 1.7018191814422607, -123850.23105942976, -116544.00000000003)
(15, 1.89845609664917, -121123.6414982736, -116544.0)
(16, 2.0923919677734375, -121123.6414982736, -116544.0)
(17, 2.277885675430298, -119011.95970785768, -116544.0)
(18, 2.4614837169647217, -118095.36682682816, -116544.0)
(19, 2.649995803833008, -117518.63403405329, -116544.0)
(20, 2.8558826446533203, -117278.37815833556, -116544.0)
(21, 3.056529998779297, -116896.1953336549, -116544.0)
(22, 3.2615814208984375, -116745.5215078188, -116544.0)
(23, 3.4647228717803955, -116675.22188843827, -116544.0)
(24, 3.671808958053589, -116650.15888844673, -116544.0)
(25, 3.8762333393096924, -116627.45816877579, -116544.0)
(26, 4.0769946575164795, -116597.76919668274, -116544.0)
(27, 4.278998374938965, -116592.46462857972, -116544.0)
(28, 4.4792938232421875, -116577.47282129496, -116544.0)
(29, 4.680014133453369, -116554.04184638917, -116544.0)
(30, 4.878083944320679, -116547.01255391707, -116544.0)
(31, 5.073984861373901, -116544.90376617265, -116544.0)
(32, 5.277449607849121, -116544.27112985123, -116544.0)
(33, 5.484771728515625, -116544.08133895567, -116544.0)
(34, 5.691396474838257, -116544.02440168658, -116544.0)
