(1, 0.02207016944885254, -150708.0, -11837.0)
(2, 0.04192042350769043, -148353.0, -11837.0)
(3, 0.06195473670959473, -148353.0, -11837.0)
(4, 0.08160805702209473, -148353.0, -11837.0)
(5, 0.10121583938598633, -148353.0, -11837.0)
(6, 0.12119746208190918, -148353.0, -11837.0)
(7, 0.14126276969909668, -148353.0, -11837.0)
(8, 0.16123604774475098, -148353.0, -11837.0)
(9, 0.18107867240905762, -148353.0, -11837.0)
(10, 0.20088624954223633, -148353.0, -11837.0)
(11, 0.220930814743042, -148353.0, -11837.0)
(12, 0.24103116989135742, -148353.0, -11837.0)
(13, 0.2609696388244629, -148353.0, -11837.0)
(14, 0.28094911575317383, -148353.0, -11837.0)
(15, 0.3008847236633301, -134541.44444444444, -11837.0)
(16, 0.32131409645080566, -134541.44444444444, -11837.0)
(17, 0.3417959213256836, -134541.44444444444, -11837.0)
(18, 0.3623495101928711, -134541.44444444444, -11837.0)
(19, 0.3829081058502197, -134541.44444444444, -11837.0)
(20, 0.4037473201751709, -134541.44444444444, -11837.0)
(21, 0.423551082611084, -134541.44444444444, -11837.0)
(22, 0.44414448738098145, -134541.44444444444, -11837.0)
(23, 0.4649796485900879, -134541.44444444444, -11837.0)
(24, 0.4853692054748535, -134541.44444444444, -11837.0)
(25, 0.5046036243438721, -134541.44444444444, -11837.0)
(26, 0.5227537155151367, -113049.1875, -11837.0)
(27, 0.5412187576293945, -113049.1875, -11837.0)
(28, 0.5581655502319336, -111236.8, -11837.0)
(29, 0.5751571655273438, -111236.8, -11837.0)
(30, 0.5918421745300293, -111236.8, -11837.0)
(31, 0.6085128784179688, -111236.8, -11837.0)
(32, 0.6250491142272949, -111236.8, -11837.0)
(33, 0.641704797744751, -97633.5, -11837.0)
(34, 0.6589827537536621, -97633.5, -11837.0)
(35, 0.6760413646697998, -97633.5, -11837.0)
(36, 0.6923632621765137, -97633.5, -11837.0)
(37, 0.7091147899627686, -97633.5, -11837.0)
(38, 0.7253522872924805, -97633.5, -11837.0)
(39, 0.7405292987823486, -74943.9375, -11837.0)
(40, 0.7557451725006104, -74943.9375, -11837.0)
(41, 0.7708473205566406, -74943.9375, -11837.0)
(42, 0.7858331203460693, -74943.9375, -11837.0)
(43, 0.8007094860076904, -74943.9375, -11837.0)
(44, 0.8157403469085693, -74943.9375, -11837.0)
(45, 0.830862283706665, -74943.9375, -11837.0)
(46, 0.8457915782928467, -74943.9375, -11837.0)
(47, 0.8607437610626221, -54637.75, -11837.0)
(48, 0.8757033348083496, -53906.666666666664, -11837.0)
(49, 0.8911957740783691, -53906.666666666664, -11837.0)
(50, 0.9065775871276855, -53906.666666666664, -11837.0)
(51, 0.9223566055297852, -53906.666666666664, -11837.0)
(52, 0.9369592666625977, -42046.642857142855, -11837.0)
(53, 0.9520349502563477, -39819.846153846156, -11837.0)
(54, 0.9680685997009277, -39819.846153846156, -11837.0)
(55, 0.983076810836792, -39819.846153846156, -11837.0)
(56, 0.9967746734619141, -39819.846153846156, -11837.0)
(57, 1.0099194049835205, -32015.85714285714, -11837.0)
(58, 1.0230505466461182, -32015.85714285714, -11837.0)
(59, 1.0358092784881592, -32015.85714285714, -11837.0)
(60, 1.0478663444519043, -32015.85714285714, -11837.0)
(61, 1.0596044063568115, -27044.5, -11837.0)
(62, 1.0716071128845215, -27044.5, -11837.0)
(63, 1.0834977626800537, -27044.5, -11837.0)
(64, 1.0954546928405762, -27044.5, -11837.0)
(65, 1.1077401638031006, -27044.5, -11837.0)
(66, 1.120028018951416, -27044.5, -11837.0)
(67, 1.132004976272583, -27044.5, -11837.0)
(68, 1.144148826599121, -27044.5, -11837.0)
(69, 1.1598186492919922, -27044.5, -11837.0)
(70, 1.1771936416625977, -27044.5, -11837.0)
(71, 1.2020211219787598, -27044.5, -11837.0)
(72, 1.2293779850006104, -27044.5, -11837.0)
(73, 1.255256175994873, -27044.5, -11837.0)
(74, 1.2802445888519287, -25691.25, -11837.0)
(75, 1.3054816722869873, -25691.25, -11837.0)
(76, 1.3319404125213623, -25108.125, -11837.0)
(77, 1.3592398166656494, -25108.125, -11837.0)
(78, 1.3876729011535645, -24490.9, -11837.0)
(79, 1.4204261302947998, -24490.9, -11837.0)
(80, 1.4520103931427002, -23705.41666666667, -11837.0)
(81, 1.4874424934387207, -19335.333333333336, -19275.333333333336)
(82, 1.5100257396697998, -19275.333333333336, -19275.333333333336)
(83, 1.5318434238433838, -19275.333333333336, -19275.333333333332)
