(1, 0.023186683654785156, -108475.0, -15633.0)
(2, 0.04710245132446289, -61815.322734026726, -15633.0)
(3, 0.0716409683227539, -46344.68230782494, -15633.0)
(4, 0.09610939025878906, -35400.04872782636, -15633.0)
(5, 0.12412190437316895, -28042.739666451744, -15633.0)
(6, 0.15563559532165527, -22952.844485670867, -15633.0)
(7, 0.18728113174438477, -17855.254799317667, -15633.0)
(8, 0.21933698654174805, -17627.566084083064, -15633.0)
(9, 0.2521193027496338, -16670.609148786498, -16256.0)
(10, 0.2849569320678711, -16670.609148786498, -16256.0)
(11, 0.3196887969970703, -16406.982744633162, -16294.0)
(12, 0.3536994457244873, -16327.894823389643, -16294.0)
(13, 0.38748693466186523, -16304.168447014554, -16294.0)
(14, 0.4232058525085449, -16297.050534104908, -16294.0)
(15, 0.45995593070983887, -16294.915160221946, -16294.0)
(16, 0.4957005977630615, -16294.274548064084, -16294.0)
(17, 0.5294370651245117, -16294.068414433199, -16294.0)
(18, 0.5672411918640137, -16294.020524163012, -16294.0)
(19, 0.6049189567565918, -16294.006143313996, -16294.0)
