(1, 0.1822671890258789, -948024.0, -25954.0)
(2, 0.4102497100830078, -404405.3650065587, -25954.0)
(3, 0.5819988250732422, -178584.31153826232, -25954.0)
(4, 0.7746243476867676, -88924.98651615274, -25954.0)
(5, 0.9930946826934814, -66990.0793172694, -25954.0)
(6, 1.226288080215454, -48557.752162727615, -25954.0)
(7, 1.4862561225891113, -44918.213778371675, -25954.0)
(8, 1.7683284282684326, -41251.03008486548, -39540.33333333333)
(9, 2.0872585773468018, -40283.2449112242, -39688.83333333333)
(10, 2.4118995666503906, -40018.92353548806, -39866.42857142859)
(11, 2.728756904602051, -40013.468553280756, -39897.46666666667)
(12, 3.047532796859741, -39932.267232649, -39897.46666666667)
(13, 3.3510541915893555, -39907.906836461465, -39897.46666666667)
(14, 3.67749285697937, -39900.59871760548, -39897.466666666674)
(15, 4.0037102699279785, -39898.40628195096, -39897.466666666674)
(16, 4.337587594985962, -39897.74855124864, -39897.46666666666)
(17, 4.673200845718384, -39897.551232043385, -39897.46666666667)
(18, 4.996116638183594, -39897.492036278716, -39897.46666666666)
(19, 5.324429750442505, -39897.47427754791, -39897.46666666667)
