(1, 0.0772867202758789, -678666.0, -17567.0)
(2, 0.18034696578979492, -267156.9749400697, -17567.0)
(3, 0.270477294921875, -126863.34515278522, -17567.0)
(4, 0.37105727195739746, -71752.80950334719, -17567.0)
(5, 0.4912559986114502, -54249.94953220773, -17567.0)
(6, 0.6165902614593506, -47693.12357135316, -17567.0)
(7, 0.7529008388519287, -41342.72403917613, -36953.0)
(8, 0.8885490894317627, -38470.59324851373, -36953.0)
(9, 1.0356330871582031, -37408.2779745543, -36953.0)
(10, 1.1711716651916504, -37089.583392365064, -36953.0)
(11, 1.313532829284668, -36993.975017709694, -36953.0)
(12, 1.4527618885040283, -36965.29250530998, -36953.0)
(13, 1.5970544815063477, -36956.68775159179, -36953.0)
(14, 1.7401812076568604, -36954.10632547652, -36953.0)
(15, 1.8921170234680176, -36953.3318976422, -36953.0)
(16, 2.0438551902770996, -36953.09956929116, -36953.0)
(17, 2.1928086280822754, -36953.02987078378, -36953.0)
(18, 2.3463134765625, -36953.00896114284, -36953.0)
