(1, 0.11010050773620605, -1175999.0, -38727.0)
(2, 0.23737096786499023, -536053.3168487183, -38727.0)
(3, 0.3468754291534424, -316391.5400093293, -38727.0)
(4, 0.5170595645904541, -207949.44560314092, -38727.0)
(5, 0.7081544399261475, -131320.24780869906, -38727.0)
(6, 0.9206016063690186, -101282.03828451253, -38727.0)
(7, 1.1374263763427734, -101282.03828451253, -38727.0)
(8, 1.4005417823791504, -101282.03828451253, -74708.97860087296)
(9, 1.735224723815918, -85064.54631366197, -74928.70727189744)
(10, 2.126220464706421, -82251.8650872046, -74977.4158574115)
(11, 2.6306850910186768, -78422.13946325473, -75117.0942704379)
(12, 3.2150845527648926, -77322.19161273121, -75172.5356420579)
(13, 3.935915470123291, -76160.5493356335, -75211.87841797835)
(14, 4.788482904434204, -75703.16200742756, -75232.64074306437)
(15, 5.694853067398071, -75485.39690379285, -75247.76085449955)
(16, 6.739139795303345, -75356.52860303578, -75252.74398268129)
(17, 7.800316333770752, -75291.71635130857, -75254.12268987217)
(18, 8.952252864837646, -75267.5728958955, -75254.3050708657)
(19, 9.961274147033691, -75261.70275212779, -75254.44795317456)
(20, 10.998310565948486, -75257.07745945085, -75254.66666732922)
(21, 12.08683967590332, -75255.39235639253, -75254.67016936697)
(22, 13.22642970085144, -75254.88682547343, -75254.67016936687)
(23, 14.33405351638794, -75254.88682547343, -75254.67016936695)
(24, 15.37632131576538, -75254.77788918227, -75254.70942967421)
(25, 16.455490350723267, -75254.77788918227, -75254.71632531293)
