(1, 0.023875951766967773, -133874.0, -14345.0)
(2, 0.048329830169677734, -61053.839993098525, -14345.0)
(3, 0.07431149482727051, -38686.30262894863, -14345.0)
(4, 0.10225367546081543, -30919.164097487395, -14345.0)
(5, 0.13537859916687012, -27007.976026870863, -14345.0)
(6, 0.1698446273803711, -21696.215779652863, -14345.0)
(7, 0.20478296279907227, -18831.732674939318, -14345.0)
(8, 0.24341535568237305, -16789.674732125877, -14345.0)
(9, 0.28354477882385254, -15947.142138381949, -14345.0)
(10, 0.3284578323364258, -15466.860744214293, -14439.0)
(11, 0.37818312644958496, -14990.25822326349, -14786.0)
(12, 0.42029619216918945, -14847.277466979018, -14786.0)
(13, 0.46080946922302246, -14804.383240093668, -14786.0)
(14, 0.5005450248718262, -14791.514972028062, -14786.0)
(15, 0.54128098487854, -14787.654491602587, -14786.0)
(16, 0.581174373626709, -14786.496347479668, -14786.0)
(17, 0.6228845119476318, -14786.148904241314, -14786.0)
(18, 0.666018009185791, -14786.044671264295, -14786.0)
(19, 0.7086262702941895, -14786.013401366616, -14786.0)
(20, 0.7509346008300781, -14786.004020401951, -14786.0)
