(1, 0.08246064186096191, -902070.0, -54189.0)
(2, 0.17126917839050293, -435965.6235360276, -54189.0)
(3, 0.27361297607421875, -323897.18297558336, -54189.0)
(4, 0.38829803466796875, -260272.13045494552, -54189.0)
(5, 0.5112831592559814, -217716.0406614157, -54189.0)
(6, 0.6530299186706543, -168650.75960922567, -54189.0)
(7, 0.8043076992034912, -137540.23425108165, -54189.0)
(8, 0.9655301570892334, -115282.37156126244, -54189.0)
(9, 1.1554756164550781, -109205.59253027775, -54189.0)
(10, 1.3694863319396973, -109205.59253027775, -83661.54442484)
(11, 1.6121094226837158, -99038.20382382475, -83701.78872181325)
(12, 1.9143049716949463, -93538.09572741768, -83723.56629649508)
(13, 2.2468128204345703, -88367.38061376539, -83795.41505828915)
(14, 2.6214547157287598, -87056.41037801298, -83818.118094389)
(15, 3.082106113433838, -85872.46619528286, -83838.99998564308)
(16, 3.6275813579559326, -85345.59602446339, -83865.88781466262)
(17, 4.2259132862091064, -84789.62711298052, -83897.87701420214)
(18, 4.9009928703308105, -84466.21979373157, -83914.26358949007)
(19, 5.77737283706665, -84088.06429056826, -83925.99764628595)
(20, 6.692012071609497, -83975.02677644207, -83926.58196721312)
(21, 7.484001398086548, -83941.11540998345, -83926.58196721313)
(22, 8.3442702293396, -83930.94200004547, -83926.58196721305)
(23, 9.231937646865845, -83927.88997706347, -83926.58196721313)
(24, 10.202051639556885, -83926.97437016822, -83926.58196721318)
(25, 11.223710298538208, -83926.69968809962, -83926.58196721313)
(26, 12.187490940093994, -83926.6172834796, -83926.58196721313)
(27, 13.126997947692871, -83926.59256209315, -83926.58196721309)
