(1, 0.22514963150024414, -875930.0, -80157.0)
(2, 0.4009838104248047, -875930.0, -80157.0)
(3, 0.5818078517913818, -875930.0, -80157.0)
(4, 0.757688045501709, -860685.7857142857, -80157.0)
(5, 0.9469039440155029, -860685.7857142857, -80157.0)
(6, 1.1324052810668945, -860685.7857142857, -80157.0)
(7, 1.326589584350586, -860685.7857142857, -80157.0)
(8, 1.5097730159759521, -860685.7857142857, -80157.0)
(9, 1.7056598663330078, -860685.7857142857, -80157.0)
(10, 1.904780626296997, -860685.7857142857, -80157.0)
(11, 2.105424404144287, -860685.7857142857, -80157.0)
(12, 2.309039831161499, -860685.7857142857, -80157.0)
(13, 2.5258090496063232, -860685.7857142857, -80157.0)
(14, 2.728630781173706, -860685.7857142857, -80157.0)
(15, 2.933566093444824, -860685.7857142857, -80157.0)
(16, 3.1277523040771484, -860685.7857142857, -80157.0)
(17, 3.3331265449523926, -860685.7857142857, -80157.0)
(18, 3.529731273651123, -860685.7857142857, -80157.0)
(19, 3.7270166873931885, -860685.7857142857, -80157.0)
(20, 3.9310245513916016, -860685.7857142857, -80157.0)
(21, 4.1314544677734375, -860685.7857142857, -80157.0)
(22, 4.338110685348511, -860685.7857142857, -80157.0)
(23, 4.547572135925293, -860685.7857142857, -80157.0)
(24, 4.756427764892578, -860685.7857142857, -80157.0)
(25, 4.9593565464019775, -860685.7857142857, -80157.0)
(26, 5.163586139678955, -860685.7857142857, -80157.0)
(27, 5.37004017829895, -860685.7857142857, -80157.0)
(28, 5.581690788269043, -860685.7857142857, -80157.0)
(29, 5.788809061050415, -860685.7857142857, -80157.0)
(30, 5.996731519699097, -860685.7857142857, -80157.0)
(31, 6.1899964809417725, -860685.7857142857, -80157.0)
(32, 6.3928937911987305, -860685.7857142857, -80157.0)
(33, 6.597640752792358, -860685.7857142857, -80157.0)
(34, 6.7871174812316895, -860685.7857142857, -80157.0)
(35, 6.972488164901733, -860685.7857142857, -80157.0)
(36, 7.173843860626221, -860685.7857142857, -80157.0)
(37, 7.37131404876709, -860685.7857142857, -80157.0)
(38, 7.5731518268585205, -860685.7857142857, -80157.0)
(39, 7.7914910316467285, -860685.7857142857, -80157.0)
(40, 7.984026193618774, -860685.7857142857, -80157.0)
(41, 8.18553352355957, -860685.7857142857, -80157.0)
(42, 8.39215612411499, -860685.7857142857, -80157.0)
(43, 8.600321769714355, -860685.7857142857, -80157.0)
(44, 8.803767681121826, -860685.7857142857, -80157.0)
(45, 8.989123106002808, -860685.7857142857, -80157.0)
(46, 9.195329666137695, -860685.7857142857, -80157.0)
(47, 9.402660608291626, -826617.6879730865, -80157.0)
(48, 9.611648082733154, -825447.6957813045, -80157.0)
(49, 9.841331958770752, -825447.6957813045, -80157.0)
(50, 10.0726797580719, -825447.6957813045, -80157.0)
(51, 10.250792980194092, -825447.6957813045, -80157.0)
(52, 10.429490804672241, -825447.6957813045, -80157.0)
(53, 10.610290765762329, -825447.6957813045, -80157.0)
(54, 10.82045578956604, -825447.6957813045, -80157.0)
(55, 11.028352737426758, -825447.6957813045, -80157.0)
(56, 11.219493389129639, -825447.6957813045, -80157.0)
(57, 11.42257046699524, -825447.6957813045, -80157.0)
(58, 11.613880634307861, -825447.6957813045, -80157.0)
(59, 11.821260929107666, -825447.6957813045, -80157.0)
(60, 12.023335218429565, -825447.6957813045, -80157.0)
(61, 12.226116418838501, -825447.6957813045, -80157.0)
(62, 12.423216581344604, -825447.6957813045, -80157.0)
(63, 12.620781898498535, -825447.6957813045, -80157.0)
(64, 12.813639640808105, -825447.6957813045, -80157.0)
(65, 13.016592979431152, -825447.6957813045, -80157.0)
(66, 13.217454671859741, -825447.6957813045, -80157.0)
(67, 13.427607297897339, -825447.6957813045, -80157.0)
(68, 13.632171392440796, -825447.6957813045, -80157.0)
(69, 13.83730673789978, -825447.6957813045, -80157.0)
(70, 14.03592324256897, -825447.6957813045, -80157.0)
(71, 14.225062370300293, -825447.6957813045, -80157.0)
(72, 14.427038192749023, -825447.6957813045, -80157.0)
(73, 14.629245519638062, -825447.6957813045, -80157.0)
(74, 14.827392816543579, -825447.6957813045, -80157.0)
(75, 15.030594825744629, -825447.6957813045, -80157.0)
(76, 15.247307300567627, -825447.6957813045, -80157.0)
(77, 15.442204236984253, -825447.6957813045, -80157.0)
(78, 15.643435716629028, -825447.6957813045, -80157.0)
(79, 15.842009544372559, -825447.6957813045, -80157.0)
(80, 16.03963565826416, -825447.6957813045, -80157.0)
(81, 16.24015998840332, -825447.6957813045, -80157.0)
(82, 16.43318271636963, -825447.6957813045, -80157.0)
(83, 16.65498638153076, -825447.6957813045, -80157.0)
(84, 16.905465841293335, -825447.6957813045, -80157.0)
(85, 17.130520820617676, -825447.6957813045, -80157.0)
(86, 17.351831912994385, -825447.6957813045, -80157.0)
(87, 17.560276746749878, -825447.6957813045, -80157.0)
(88, 17.77272129058838, -825447.6957813045, -80157.0)
(89, 17.984824657440186, -825447.6957813045, -80157.0)
(90, 18.204936742782593, -825447.6957813045, -80157.0)
(91, 18.41364860534668, -825447.6957813045, -80157.0)
(92, 18.606093883514404, -825447.6957813045, -80157.0)
(93, 18.806686878204346, -825447.6957813045, -80157.0)
(94, 19.032796382904053, -825447.6957813045, -80157.0)
(95, 19.227357149124146, -825447.6957813045, -80157.0)
(96, 19.44499182701111, -825447.6957813045, -80157.0)
(97, 19.678545236587524, -825447.6957813045, -80157.0)
(98, 19.88453769683838, -825447.6957813045, -80157.0)
(99, 20.09052801132202, -825447.6957813045, -80157.0)
(100, 20.30530881881714, -825447.6957813045, -80157.0)
(101, 20.526955127716064, -825447.6957813045, -80157.0)
(102, 20.754836797714233, -825447.6957813045, -80157.0)
(103, 20.976329803466797, -825447.6957813045, -80157.0)
(104, 21.184593677520752, -825447.6957813045, -80157.0)
(105, 21.398542165756226, -825447.6957813045, -80157.0)
(106, 21.604872465133667, -825447.6957813045, -80157.0)
(107, 21.828030347824097, -825447.6957813045, -80157.0)
(108, 22.112662076950073, -785308.9889930346, -80157.0)
(109, 22.374008178710938, -785308.9889930346, -80157.0)
(110, 22.625929355621338, -785308.9889930346, -80157.0)
(111, 22.882415533065796, -785308.9889930346, -80157.0)
(112, 23.125910997390747, -785308.9889930346, -80157.0)
(113, 23.3273184299469, -785308.9889930346, -80157.0)
(114, 23.542844772338867, -785308.9889930346, -80157.0)
(115, 23.769458293914795, -785308.9889930346, -80157.0)
(116, 24.001444101333618, -785308.9889930346, -80157.0)
(117, 24.22276759147644, -785308.9889930346, -80157.0)
(118, 24.437535762786865, -785308.9889930346, -80157.0)
(119, 24.666089296340942, -785308.9889930346, -80157.0)
(120, 24.866090774536133, -785308.9889930346, -80157.0)
(121, 25.070562839508057, -785308.9889930346, -80157.0)
(122, 25.270463943481445, -785308.9889930346, -80157.0)
(123, 25.48599624633789, -785308.9889930346, -80157.0)
(124, 25.70253849029541, -785308.9889930346, -80157.0)
(125, 25.935185432434082, -785308.9889930346, -80157.0)
(126, 26.169369220733643, -785308.9889930346, -80157.0)
(127, 26.37142252922058, -785308.9889930346, -80157.0)
(128, 26.604761123657227, -785308.9889930346, -80157.0)
(129, 26.847185611724854, -785308.9889930346, -80157.0)
(130, 27.062436819076538, -785308.9889930346, -80157.0)
(131, 27.262271642684937, -785308.9889930346, -80157.0)
(132, 27.502410888671875, -785308.9889930346, -80157.0)
(133, 27.728044271469116, -785308.9889930346, -80157.0)
(134, 27.957921028137207, -785308.9889930346, -80157.0)
(135, 28.165776014328003, -785308.9889930346, -80157.0)
(136, 28.379465341567993, -785308.9889930346, -80157.0)
(137, 28.573455810546875, -785308.9889930346, -80157.0)
(138, 28.792832374572754, -785308.9889930346, -80157.0)
(139, 29.037460327148438, -785308.9889930346, -80157.0)
(140, 29.266270875930786, -785308.9889930346, -80157.0)
(141, 29.48741888999939, -785308.9889930346, -80157.0)
(142, 29.740589380264282, -785308.9889930346, -80157.0)
(143, 29.959409952163696, -785308.9889930346, -80157.0)
(144, 30.211979866027832, -785308.9889930346, -80157.0)
(145, 30.467896223068237, -785308.9889930346, -80157.0)
(146, 30.731050491333008, -785308.9889930346, -80157.0)
(147, 30.97764492034912, -785308.9889930346, -80157.0)
(148, 31.194119691848755, -785308.9889930346, -80157.0)
(149, 31.43032169342041, -785308.9889930346, -80157.0)
(150, 31.674955368041992, -785308.9889930346, -80157.0)
(151, 31.947272777557373, -785308.9889930346, -80157.0)
(152, 32.1878776550293, -785308.9889930346, -80157.0)
(153, 32.43237495422363, -785308.9889930346, -80157.0)
(154, 32.67612385749817, -785308.9889930346, -80157.0)
(155, 32.93308353424072, -785308.9889930346, -80157.0)
(156, 33.183157444000244, -785308.9889930346, -80157.0)
(157, 33.45056462287903, -785308.9889930346, -80157.0)
(158, 33.69814467430115, -785308.9889930346, -80157.0)
(159, 33.914838552474976, -785308.9889930346, -80157.0)
(160, 34.13624095916748, -785308.9889930346, -80157.0)
(161, 34.359431743621826, -785308.9889930346, -80157.0)
(162, 34.61310863494873, -785308.9889930346, -80157.0)
(163, 34.859901428222656, -785308.9889930346, -80157.0)
(164, 35.104114055633545, -785308.9889930346, -80157.0)
(165, 35.338082790374756, -785308.9889930346, -80157.0)
(166, 35.568448305130005, -785308.9889930346, -80157.0)
(167, 35.805198669433594, -762804.6416566626, -80157.0)
(168, 36.095943450927734, -762804.6416566626, -80157.0)
(169, 36.33807420730591, -762804.6416566626, -80157.0)
(170, 36.57727575302124, -762804.6416566626, -80157.0)
(171, 36.7918062210083, -762804.6416566626, -80157.0)
(172, 37.02354717254639, -762804.6416566626, -80157.0)
(173, 37.26404404640198, -762804.6416566626, -80157.0)
(174, 37.472519874572754, -762804.6416566626, -80157.0)
(175, 37.709877014160156, -762804.6416566626, -80157.0)
(176, 37.93586993217468, -762804.6416566626, -80157.0)
(177, 38.1456503868103, -762804.6416566626, -80157.0)
(178, 38.39044642448425, -762804.6416566626, -80157.0)
(179, 38.60400605201721, -762804.6416566626, -80157.0)
(180, 38.8150589466095, -762804.6416566626, -80157.0)
(181, 39.01445746421814, -762804.6416566626, -80157.0)
(182, 39.245598554611206, -762804.6416566626, -80157.0)
(183, 39.47438311576843, -762804.6416566626, -80157.0)
(184, 39.707356691360474, -762804.6416566626, -80157.0)
(185, 39.94208264350891, -762804.6416566626, -80157.0)
(186, 40.15504193305969, -762804.6416566626, -80157.0)
(187, 40.38589930534363, -762804.6416566626, -80157.0)
(188, 40.63214588165283, -762804.6416566626, -80157.0)
(189, 40.85578894615173, -762804.6416566626, -80157.0)
(190, 41.08691644668579, -762804.6416566626, -80157.0)
(191, 41.326029539108276, -762804.6416566626, -80157.0)
(192, 41.540552854537964, -762804.6416566626, -80157.0)
(193, 41.77299356460571, -762804.6416566626, -80157.0)
(194, 42.038949966430664, -762804.6416566626, -80157.0)
(195, 42.29292130470276, -762804.6416566626, -80157.0)
(196, 42.506279706954956, -762804.6416566626, -80157.0)
(197, 42.72768568992615, -762804.6416566626, -80157.0)
(198, 42.95460343360901, -762804.6416566626, -80157.0)
(199, 43.18677997589111, -762804.6416566626, -80157.0)
(200, 43.41612529754639, -762804.6416566626, -80157.0)
(201, 43.65332269668579, -762804.6416566626, -80157.0)
(202, 43.890058279037476, -762804.6416566626, -80157.0)
(203, 44.149495363235474, -762804.6416566626, -80157.0)
(204, 44.38690948486328, -762804.6416566626, -80157.0)
(205, 44.63953137397766, -762804.6416566626, -80157.0)
(206, 44.889642000198364, -762804.6416566626, -80157.0)
(207, 45.142356395721436, -762804.6416566626, -80157.0)
(208, 45.417423486709595, -762804.6416566626, -80157.0)
(209, 45.674538373947144, -762804.6416566626, -80157.0)
(210, 45.91550898551941, -762804.6416566626, -80157.0)
(211, 46.156365156173706, -762804.6416566626, -80157.0)
(212, 46.38747787475586, -762804.6416566626, -80157.0)
(213, 46.65628504753113, -762804.6416566626, -80157.0)
(214, 46.91737127304077, -762804.6416566626, -80157.0)
(215, 47.16034698486328, -762804.6416566626, -80157.0)
(216, 47.39250707626343, -762804.6416566626, -80157.0)
(217, 47.654754877090454, -762804.6416566626, -80157.0)
(218, 47.914896965026855, -762804.6416566626, -80157.0)
(219, 48.166630268096924, -762804.6416566626, -80157.0)
(220, 48.39992332458496, -762804.6416566626, -80157.0)
(221, 48.66392421722412, -762804.6416566626, -80157.0)
(222, 48.91026735305786, -762804.6416566626, -80157.0)
(223, 49.160550355911255, -762804.6416566626, -80157.0)
(224, 49.40670847892761, -762804.6416566626, -80157.0)
(225, 49.651973724365234, -762804.6416566626, -80157.0)
(226, 49.904725790023804, -762804.6416566626, -80157.0)
(227, 50.15830755233765, -762804.6416566626, -80157.0)
(228, 50.40897512435913, -762804.6416566626, -80157.0)
(229, 50.629454135894775, -762804.6416566626, -80157.0)
(230, 50.89361357688904, -762804.6416566626, -80157.0)
(231, 51.146160364151, -762804.6416566626, -80157.0)
(232, 51.397441387176514, -762804.6416566626, -80157.0)
(233, 51.68263816833496, -762804.6416566626, -80157.0)
(234, 51.93754816055298, -762804.6416566626, -80157.0)
(235, 52.226741313934326, -762804.6416566626, -80157.0)
(236, 52.47507643699646, -762804.6416566626, -80157.0)
(237, 52.73339486122131, -762804.6416566626, -80157.0)
(238, 52.987085819244385, -762804.6416566626, -80157.0)
(239, 53.236687421798706, -762804.6416566626, -80157.0)
(240, 53.46479058265686, -762804.6416566626, -80157.0)
(241, 53.73316431045532, -762804.6416566626, -80157.0)
(242, 54.000773668289185, -762804.6416566626, -80157.0)
(243, 54.289830923080444, -762804.6416566626, -80157.0)
(244, 54.56033158302307, -762804.6416566626, -80157.0)
(245, 54.827070474624634, -762804.6416566626, -80157.0)
(246, 55.092177629470825, -762804.6416566626, -80157.0)
(247, 55.3487913608551, -762804.6416566626, -80157.0)
(248, 55.60802459716797, -762804.6416566626, -80157.0)
(249, 55.87574529647827, -762804.6416566626, -80157.0)
(250, 56.14616131782532, -762804.6416566626, -80157.0)
(251, 56.4311625957489, -762804.6416566626, -80157.0)
(252, 56.6988799571991, -762804.6416566626, -80157.0)
(253, 57.00940752029419, -762804.6416566626, -80157.0)
(254, 57.25325536727905, -762804.6416566626, -80157.0)
(255, 57.530410051345825, -762804.6416566626, -80157.0)
(256, 57.79162549972534, -762804.6416566626, -80157.0)
(257, 58.07216000556946, -762804.6416566626, -80157.0)
(258, 58.34046196937561, -762804.6416566626, -80157.0)
(259, 58.62549161911011, -741575.495262322, -80157.0)
(260, 58.94668006896973, -741575.495262322, -80157.0)
(261, 59.23128080368042, -741575.495262322, -80157.0)
(262, 59.50978088378906, -741575.495262322, -80157.0)
(263, 59.76546382904053, -741575.495262322, -80157.0)
(264, 60.00681018829346, -741575.495262322, -80157.0)
(265, 60.24599599838257, -741575.495262322, -80157.0)
(266, 60.467620611190796, -741575.495262322, -80157.0)
(267, 60.70012307167053, -741575.495262322, -80157.0)
(268, 60.944302558898926, -741575.495262322, -80157.0)
(269, 61.19318175315857, -741575.495262322, -80157.0)
(270, 61.41380977630615, -741575.495262322, -80157.0)
(271, 61.64790081977844, -741575.495262322, -80157.0)
(272, 61.88223218917847, -741575.495262322, -80157.0)
(273, 62.124534368515015, -741575.495262322, -80157.0)
(274, 62.36122012138367, -741575.495262322, -80157.0)
(275, 62.617384910583496, -741575.495262322, -80157.0)
(276, 62.85154581069946, -741575.495262322, -80157.0)
(277, 63.112788438797, -741575.495262322, -80157.0)
(278, 63.35364770889282, -741575.495262322, -80157.0)
(279, 63.59664011001587, -741575.495262322, -80157.0)
(280, 63.85379886627197, -741575.495262322, -80157.0)
(281, 64.08624768257141, -741575.495262322, -80157.0)
(282, 64.30720281600952, -741575.495262322, -80157.0)
(283, 64.5565996170044, -741575.495262322, -80157.0)
(284, 64.82664823532104, -741575.495262322, -80157.0)
(285, 65.06960535049438, -741575.495262322, -80157.0)
(286, 65.31615877151489, -741575.495262322, -80157.0)
(287, 65.56754922866821, -741575.495262322, -80157.0)
(288, 65.81684422492981, -741575.495262322, -80157.0)
(289, 66.05997633934021, -741575.495262322, -80157.0)
(290, 66.34356188774109, -741575.495262322, -80157.0)
(291, 66.61030149459839, -741575.495262322, -80157.0)
(292, 66.91166853904724, -741575.495262322, -80157.0)
(293, 67.19623327255249, -741575.495262322, -80157.0)
(294, 67.46716117858887, -741575.495262322, -80157.0)
(295, 67.72595691680908, -741575.495262322, -80157.0)
(296, 67.96190452575684, -741575.495262322, -80157.0)
(297, 68.24260425567627, -741575.495262322, -80157.0)
(298, 68.51950335502625, -741575.495262322, -80157.0)
(299, 68.79285264015198, -741575.495262322, -80157.0)
(300, 69.06783246994019, -741575.495262322, -80157.0)
(301, 69.35736060142517, -741575.495262322, -80157.0)
(302, 69.66427779197693, -741575.495262322, -80157.0)
(303, 69.9393150806427, -741575.495262322, -80157.0)
(304, 70.21834230422974, -741575.495262322, -80157.0)
(305, 70.43906307220459, -741575.495262322, -80157.0)
(306, 70.67852330207825, -741575.495262322, -80157.0)
(307, 70.94221878051758, -741575.495262322, -80157.0)
(308, 71.21104311943054, -741575.495262322, -80157.0)
(309, 71.50823831558228, -741575.495262322, -80157.0)
(310, 71.77671456336975, -741575.495262322, -80157.0)
(311, 72.03874802589417, -741575.495262322, -80157.0)
(312, 72.32207989692688, -741575.495262322, -80157.0)
(313, 72.58282136917114, -741575.495262322, -80157.0)
(314, 72.83635067939758, -741575.495262322, -80157.0)
(315, 73.08535504341125, -741575.495262322, -80157.0)
(316, 73.3576135635376, -741575.495262322, -80157.0)
(317, 73.63473749160767, -741575.495262322, -80157.0)
(318, 73.89246082305908, -741575.495262322, -80157.0)
(319, 74.16200661659241, -741575.495262322, -80157.0)
(320, 74.44453644752502, -741575.495262322, -80157.0)
(321, 74.75026106834412, -741575.495262322, -80157.0)
(322, 75.05667281150818, -741575.495262322, -80157.0)
(323, 75.33534598350525, -741575.495262322, -80157.0)
(324, 75.63009357452393, -741575.495262322, -80157.0)
(325, 75.86976432800293, -741575.495262322, -80157.0)
(326, 76.13035988807678, -741575.495262322, -80157.0)
(327, 76.38457775115967, -741575.495262322, -80157.0)
(328, 76.66442346572876, -741575.495262322, -80157.0)
(329, 76.94069504737854, -741575.495262322, -80157.0)
(330, 77.21199870109558, -741575.495262322, -80157.0)
(331, 77.4917426109314, -741575.495262322, -80157.0)
(332, 77.75931572914124, -741575.495262322, -80157.0)
(333, 78.09035110473633, -741575.495262322, -80157.0)
(334, 78.37419652938843, -741575.495262322, -80157.0)
(335, 78.65790224075317, -741575.495262322, -80157.0)
(336, 78.95266556739807, -741575.495262322, -80157.0)
(337, 79.24283003807068, -741575.495262322, -80157.0)
(338, 79.52429342269897, -741575.495262322, -80157.0)
(339, 79.8164005279541, -741575.495262322, -80157.0)
(340, 80.1123354434967, -741575.495262322, -80157.0)
(341, 80.47169065475464, -732381.8003488472, -80157.0)
(342, 80.77762150764465, -732381.8003488472, -80157.0)
(343, 81.05944037437439, -732381.8003488472, -80157.0)
(344, 81.34146046638489, -732381.8003488472, -80157.0)
(345, 81.58577394485474, -732381.8003488472, -80157.0)
(346, 81.84429121017456, -732381.8003488472, -80157.0)
(347, 82.10661554336548, -732381.8003488472, -80157.0)
(348, 82.38055491447449, -732381.8003488472, -80157.0)
(349, 82.6250159740448, -732381.8003488472, -80157.0)
(350, 82.87995386123657, -732381.8003488472, -80157.0)
(351, 83.13838291168213, -732381.8003488472, -80157.0)
(352, 83.39063334465027, -732381.8003488472, -80157.0)
(353, 83.62949323654175, -732381.8003488472, -80157.0)
(354, 83.8574059009552, -732381.8003488472, -80157.0)
(355, 84.10477542877197, -732381.8003488472, -80157.0)
(356, 84.35112357139587, -732381.8003488472, -80157.0)
(357, 84.60639882087708, -732381.8003488472, -80157.0)
(358, 84.87266135215759, -732381.8003488472, -80157.0)
(359, 85.13762211799622, -732381.8003488472, -80157.0)
(360, 85.40937685966492, -732381.8003488472, -80157.0)
(361, 85.69356727600098, -732381.8003488472, -80157.0)
(362, 85.95079302787781, -732381.8003488472, -80157.0)
(363, 86.22055864334106, -732381.8003488472, -80157.0)
(364, 86.48625779151917, -732381.8003488472, -80157.0)
(365, 86.75603008270264, -732381.8003488472, -80157.0)
(366, 87.01665449142456, -732381.8003488472, -80157.0)
(367, 87.29036808013916, -732381.8003488472, -80157.0)
(368, 87.57212519645691, -732381.8003488472, -80157.0)
(369, 87.84209036827087, -732381.8003488472, -80157.0)
(370, 88.12186551094055, -732381.8003488472, -80157.0)
(371, 88.40217638015747, -732381.8003488472, -80157.0)
(372, 88.67257070541382, -732381.8003488472, -80157.0)
(373, 88.94732403755188, -732381.8003488472, -80157.0)
(374, 89.22519063949585, -732381.8003488472, -80157.0)
(375, 89.48942756652832, -732381.8003488472, -80157.0)
(376, 89.75938606262207, -732381.8003488472, -80157.0)
(377, 90.03230476379395, -732381.8003488472, -80157.0)
(378, 90.30652499198914, -732381.8003488472, -80157.0)
(379, 90.57083320617676, -732381.8003488472, -80157.0)
(380, 90.84587121009827, -732381.8003488472, -80157.0)
(381, 91.1240382194519, -732381.8003488472, -80157.0)
(382, 91.39585947990417, -732381.8003488472, -80157.0)
(383, 91.656174659729, -732381.8003488472, -80157.0)
(384, 91.92600631713867, -732381.8003488472, -80157.0)
(385, 92.17838621139526, -732381.8003488472, -80157.0)
(386, 92.45527458190918, -732381.8003488472, -80157.0)
(387, 92.73680901527405, -732381.8003488472, -80157.0)
(388, 93.00463581085205, -732381.8003488472, -80157.0)
(389, 93.2729241847992, -732381.8003488472, -80157.0)
(390, 93.54514908790588, -732381.8003488472, -80157.0)
(391, 93.81515145301819, -732381.8003488472, -80157.0)
(392, 94.10175156593323, -732381.8003488472, -80157.0)
(393, 94.37266683578491, -732381.8003488472, -80157.0)
(394, 94.66305041313171, -732381.8003488472, -80157.0)
(395, 94.97134280204773, -732381.8003488472, -80157.0)
(396, 95.23894906044006, -732381.8003488472, -80157.0)
(397, 95.50934624671936, -732381.8003488472, -80157.0)
(398, 95.80533194541931, -732381.8003488472, -80157.0)
(399, 96.1113224029541, -732381.8003488472, -80157.0)
(400, 96.42349314689636, -732381.8003488472, -80157.0)
(401, 96.71116471290588, -732381.8003488472, -80157.0)
(402, 97.03594589233398, -732381.8003488472, -80157.0)
(403, 97.34694957733154, -732381.8003488472, -80157.0)
(404, 97.67151165008545, -732381.8003488472, -80157.0)
(405, 98.00580835342407, -732381.8003488472, -80157.0)
(406, 98.34583497047424, -732381.8003488472, -80157.0)
(407, 98.60759687423706, -732381.8003488472, -80157.0)
(408, 98.87437319755554, -732381.8003488472, -80157.0)
(409, 99.15238928794861, -732381.8003488472, -80157.0)
(410, 99.38978743553162, -732381.8003488472, -80157.0)
(411, 99.63697481155396, -732381.8003488472, -80157.0)
(412, 99.93780016899109, -732381.8003488472, -80157.0)
(413, 100.23192501068115, -732381.8003488472, -80157.0)
(414, 100.50175189971924, -732381.8003488472, -80157.0)
(415, 100.76439905166626, -732381.8003488472, -80157.0)
(416, 101.01282119750977, -732381.8003488472, -80157.0)
(417, 101.25767755508423, -732381.8003488472, -80157.0)
(418, 101.52836060523987, -732381.8003488472, -80157.0)
(419, 101.801029920578, -732381.8003488472, -80157.0)
(420, 102.04895448684692, -732381.8003488472, -80157.0)
(421, 102.30133962631226, -732381.8003488472, -80157.0)
(422, 102.56080317497253, -732381.8003488472, -80157.0)
(423, 102.83203196525574, -732381.8003488472, -80157.0)
(424, 103.10232615470886, -732381.8003488472, -80157.0)
(425, 103.38879537582397, -732381.8003488472, -80157.0)
(426, 103.658212184906, -732381.8003488472, -80157.0)
(427, 103.92372250556946, -732381.8003488472, -80157.0)
(428, 104.19789958000183, -732381.8003488472, -80157.0)
(429, 104.47957968711853, -732381.8003488472, -80157.0)
(430, 104.72980570793152, -732381.8003488472, -80157.0)
(431, 104.99383878707886, -732381.8003488472, -80157.0)
(432, 105.25211095809937, -732381.8003488472, -80157.0)
(433, 105.52049160003662, -732381.8003488472, -80157.0)
(434, 105.82351398468018, -732381.8003488472, -80157.0)
(435, 106.12373304367065, -732381.8003488472, -80157.0)
(436, 106.40528583526611, -732381.8003488472, -80157.0)
(437, 106.6922869682312, -732381.8003488472, -80157.0)
(438, 107.00555300712585, -732381.8003488472, -80157.0)
(439, 107.31592202186584, -732381.8003488472, -80157.0)
(440, 107.61997723579407, -732381.8003488472, -80157.0)
(441, 107.95461177825928, -732381.8003488472, -80157.0)
(442, 108.26322627067566, -732381.8003488472, -80157.0)
(443, 108.52039241790771, -732381.8003488472, -80157.0)
(444, 108.77506637573242, -732381.8003488472, -80157.0)
(445, 109.03963565826416, -732381.8003488472, -80157.0)
(446, 109.31205296516418, -732381.8003488472, -80157.0)
(447, 109.57220458984375, -732381.8003488472, -80157.0)
(448, 109.88246703147888, -732381.8003488472, -80157.0)
(449, 110.13928937911987, -732381.8003488472, -80157.0)
(450, 110.37875318527222, -732381.8003488472, -80157.0)
(451, 110.67387962341309, -732381.8003488472, -80157.0)
(452, 110.93997359275818, -732381.8003488472, -80157.0)
(453, 111.24255871772766, -732381.8003488472, -80157.0)
(454, 111.54531788825989, -732381.8003488472, -80157.0)
(455, 111.84997892379761, -732381.8003488472, -80157.0)
(456, 112.15995907783508, -732381.8003488472, -80157.0)
(457, 112.45448398590088, -732381.8003488472, -80157.0)
(458, 112.78105211257935, -732381.8003488472, -80157.0)
(459, 113.09611964225769, -732381.8003488472, -80157.0)
(460, 113.4096839427948, -732381.8003488472, -80157.0)
(461, 113.72479438781738, -732381.8003488472, -80157.0)
(462, 114.022451877594, -732381.8003488472, -80157.0)
(463, 114.36651253700256, -732381.8003488472, -80157.0)
(464, 114.70802187919617, -732381.8003488472, -80157.0)
(465, 115.04062128067017, -732381.8003488472, -80157.0)
(466, 115.38099408149719, -732381.8003488472, -80157.0)
(467, 115.68937706947327, -732381.8003488472, -80157.0)
(468, 116.02246570587158, -732381.8003488472, -80157.0)
(469, 116.36831188201904, -732381.8003488472, -80157.0)
(470, 116.74426102638245, -732381.8003488472, -80157.0)
(471, 117.0697431564331, -732381.8003488472, -80157.0)
(472, 117.38884091377258, -732381.8003488472, -80157.0)
(473, 117.72930240631104, -732381.8003488472, -80157.0)
(474, 118.0700535774231, -732381.8003488472, -80157.0)
(475, 118.4330267906189, -732381.8003488472, -80157.0)
(476, 118.78767895698547, -732381.8003488472, -80157.0)
(477, 119.12071514129639, -732381.8003488472, -80157.0)
(478, 119.52846479415894, -732381.8003488472, -80157.0)
(479, 119.8672206401825, -732381.8003488472, -80157.0)
(480, 120.23509502410889, -732381.8003488472, -80157.0)
(481, 120.62249159812927, -732381.8003488472, -80157.0)
(482, 120.95945239067078, -732381.8003488472, -80157.0)
(483, 121.26899003982544, -732381.8003488472, -80157.0)
(484, 121.62512278556824, -732381.8003488472, -80157.0)
(485, 121.957111120224, -732381.8003488472, -80157.0)
(486, 122.31235074996948, -732381.8003488472, -80157.0)
(487, 122.57589149475098, -732381.8003488472, -80157.0)
(488, 122.86618638038635, -732381.8003488472, -80157.0)
(489, 123.15048122406006, -732381.8003488472, -80157.0)
(490, 123.43723344802856, -732381.8003488472, -80157.0)
(491, 123.74762153625488, -732381.8003488472, -80157.0)
(492, 124.01560091972351, -732381.8003488472, -80157.0)
(493, 124.26347970962524, -732381.8003488472, -80157.0)
(494, 124.56268119812012, -732381.8003488472, -80157.0)
(495, 124.82876873016357, -732381.8003488472, -80157.0)
(496, 125.10644602775574, -732381.8003488472, -80157.0)
(497, 125.35112047195435, -732381.8003488472, -80157.0)
(498, 125.63883805274963, -732381.8003488472, -80157.0)
(499, 125.92204642295837, -732381.8003488472, -80157.0)
(500, 126.2123818397522, -732381.8003488472, -80157.0)
(501, 126.48545837402344, -732381.8003488472, -80157.0)
(502, 126.75044870376587, -732381.8003488472, -80157.0)
(503, 127.03967547416687, -732381.8003488472, -80157.0)
(504, 127.29807758331299, -732381.8003488472, -80157.0)
(505, 127.6330885887146, -732381.8003488472, -80157.0)
(506, 127.97849702835083, -732381.8003488472, -80157.0)
(507, 128.29162096977234, -732381.8003488472, -80157.0)
(508, 128.58635139465332, -732381.8003488472, -80157.0)
(509, 128.8545024394989, -732381.8003488472, -80157.0)
(510, 129.11680912971497, -732381.8003488472, -80157.0)
(511, 129.37916898727417, -732381.8003488472, -80157.0)
(512, 129.62968230247498, -732381.8003488472, -80157.0)
(513, 129.8757345676422, -732381.8003488472, -80157.0)
(514, 130.11698079109192, -732381.8003488472, -80157.0)
(515, 130.36471676826477, -732381.8003488472, -80157.0)
(516, 130.60318803787231, -732381.8003488472, -80157.0)
(517, 130.8316433429718, -732381.8003488472, -80157.0)
(518, 131.0826849937439, -732381.8003488472, -80157.0)
(519, 131.31874704360962, -732381.8003488472, -80157.0)
(520, 131.5733461380005, -732381.8003488472, -80157.0)
(521, 131.81503295898438, -732381.8003488472, -80157.0)
(522, 132.07257223129272, -732381.8003488472, -80157.0)
(523, 132.32480669021606, -732381.8003488472, -80157.0)
(524, 132.57511591911316, -732381.8003488472, -80157.0)
(525, 132.8867380619049, -732381.8003488472, -80157.0)
(526, 133.14699697494507, -732381.8003488472, -80157.0)
(527, 133.4641716480255, -732381.8003488472, -80157.0)
(528, 133.7734682559967, -732381.8003488472, -80157.0)
(529, 134.0678162574768, -732381.8003488472, -80157.0)
(530, 134.37281489372253, -732381.8003488472, -80157.0)
(531, 134.6934769153595, -732381.8003488472, -80157.0)
(532, 135.00790166854858, -732381.8003488472, -80157.0)
(533, 135.33548021316528, -732381.8003488472, -80157.0)
(534, 135.66848134994507, -732381.8003488472, -80157.0)
(535, 136.0373466014862, -732381.8003488472, -80157.0)
(536, 136.37931323051453, -732381.8003488472, -80157.0)
(537, 136.7245991230011, -732381.8003488472, -80157.0)
(538, 137.11188173294067, -732381.8003488472, -80157.0)
(539, 137.49300074577332, -732381.8003488472, -80157.0)
(540, 137.7847032546997, -732381.8003488472, -80157.0)
(541, 138.06921577453613, -732381.8003488472, -80157.0)
(542, 138.4126226902008, -732381.8003488472, -80157.0)
(543, 138.73821377754211, -732381.8003488472, -80157.0)
(544, 139.05354952812195, -732381.8003488472, -80157.0)
(545, 139.39706349372864, -732381.8003488472, -80157.0)
(546, 139.75684642791748, -732381.8003488472, -80157.0)
(547, 140.0463764667511, -732381.8003488472, -80157.0)
(548, 140.38456988334656, -732381.8003488472, -80157.0)
(549, 140.72130274772644, -732381.8003488472, -80157.0)
(550, 141.11735224723816, -732381.8003488472, -80157.0)
(551, 141.51690769195557, -732381.8003488472, -80157.0)
(552, 141.86857295036316, -732381.8003488472, -80157.0)
(553, 142.17992281913757, -732381.8003488472, -80157.0)
(554, 142.51081132888794, -732381.8003488472, -80157.0)
(555, 142.81800436973572, -732381.8003488472, -80157.0)
(556, 143.12649059295654, -732381.8003488472, -80157.0)
(557, 143.4752061367035, -732381.8003488472, -80157.0)
(558, 143.84332251548767, -732381.8003488472, -80157.0)
(559, 144.19955468177795, -732381.8003488472, -80157.0)
(560, 144.55446124076843, -732381.8003488472, -80157.0)
(561, 144.88242292404175, -732381.8003488472, -80157.0)
(562, 145.23351073265076, -732381.8003488472, -80157.0)
(563, 145.56563138961792, -732381.8003488472, -80157.0)
(564, 145.93633460998535, -732381.8003488472, -80157.0)
(565, 146.301495552063, -732381.8003488472, -80157.0)
(566, 146.65901851654053, -732381.8003488472, -80157.0)
(567, 147.04114174842834, -732381.8003488472, -80157.0)
(568, 147.42941093444824, -732381.8003488472, -80157.0)
(569, 147.8094687461853, -732381.8003488472, -80157.0)
(570, 148.2412621974945, -732381.8003488472, -80157.0)
(571, 148.62234544754028, -732381.8003488472, -80157.0)
(572, 149.03094816207886, -732381.8003488472, -80157.0)
(573, 149.3786404132843, -732381.8003488472, -80157.0)
(574, 149.76581811904907, -732381.8003488472, -80157.0)
(575, 150.1116235256195, -732381.8003488472, -80157.0)
(576, 150.4698874950409, -732381.8003488472, -80157.0)
(577, 150.82696437835693, -732381.8003488472, -80157.0)
(578, 151.18678641319275, -732381.8003488472, -80157.0)
(579, 151.6508231163025, -732381.8003488472, -80157.0)
(580, 152.07050108909607, -720893.9985479645, -80157.0)
(581, 152.43623042106628, -720893.9985479645, -80157.0)
(582, 152.8058352470398, -720893.9985479645, -80157.0)
(583, 153.15459966659546, -720893.9985479645, -80157.0)
(584, 153.43455910682678, -720893.9985479645, -80157.0)
(585, 153.73838424682617, -720893.9985479645, -80157.0)
(586, 154.0458960533142, -720893.9985479645, -80157.0)
(587, 154.3416826725006, -720893.9985479645, -80157.0)
(588, 154.68372058868408, -720893.9985479645, -80157.0)
(589, 154.97896933555603, -720893.9985479645, -80157.0)
(590, 155.27998518943787, -720893.9985479645, -80157.0)
(591, 155.60462284088135, -720893.9985479645, -80157.0)
(592, 155.90327787399292, -720893.9985479645, -80157.0)
(593, 156.22807002067566, -720893.9985479645, -80157.0)
(594, 156.57804155349731, -720893.9985479645, -80157.0)
(595, 156.90947079658508, -720893.9985479645, -80157.0)
(596, 157.20683002471924, -720893.9985479645, -80157.0)
(597, 157.55492734909058, -720893.9985479645, -80157.0)
(598, 157.93837785720825, -720893.9985479645, -80157.0)
(599, 158.30282521247864, -720893.9985479645, -80157.0)
(600, 158.6700098514557, -720893.9985479645, -80157.0)
(601, 159.04353380203247, -720893.9985479645, -80157.0)
(602, 159.4050807952881, -720893.9985479645, -80157.0)
(603, 159.752375125885, -720893.9985479645, -80157.0)
(604, 160.10701298713684, -720893.9985479645, -80157.0)
(605, 160.48549509048462, -720893.9985479645, -80157.0)
(606, 160.89404153823853, -720893.9985479645, -80157.0)
(607, 161.2844250202179, -720893.9985479645, -80157.0)
(608, 161.64056181907654, -720893.9985479645, -80157.0)
(609, 161.99056577682495, -720893.9985479645, -80157.0)
(610, 162.35382294654846, -720893.9985479645, -80157.0)
(611, 162.73199486732483, -720893.9985479645, -80157.0)
(612, 163.11036038398743, -720893.9985479645, -80157.0)
(613, 163.47940373420715, -720893.9985479645, -80157.0)
(614, 163.85605478286743, -720893.9985479645, -80157.0)
(615, 164.28309893608093, -720893.9985479645, -80157.0)
(616, 164.68219327926636, -720893.9985479645, -80157.0)
(617, 165.1460566520691, -720893.9985479645, -80157.0)
(618, 165.59575629234314, -720893.9985479645, -80157.0)
(619, 165.99665808677673, -720893.9985479645, -80157.0)
(620, 166.36623358726501, -720893.9985479645, -80157.0)
(621, 166.77877140045166, -720893.9985479645, -80157.0)
(622, 167.15571928024292, -720893.9985479645, -80157.0)
(623, 167.50424695014954, -720893.9985479645, -80157.0)
(624, 167.86794543266296, -720893.9985479645, -80157.0)
(625, 168.2909140586853, -720893.9985479645, -80157.0)
(626, 168.7794280052185, -720893.9985479645, -80157.0)
(627, 169.22497129440308, -720893.9985479645, -80157.0)
(628, 169.52758741378784, -720893.9985479645, -80157.0)
(629, 169.86950421333313, -720893.9985479645, -80157.0)
(630, 170.24615812301636, -720893.9985479645, -80157.0)
(631, 170.54639649391174, -720893.9985479645, -80157.0)
(632, 170.8557891845703, -720893.9985479645, -80157.0)
(633, 171.15761280059814, -720893.9985479645, -80157.0)
(634, 171.4603762626648, -720893.9985479645, -80157.0)
(635, 171.7467007637024, -720893.9985479645, -80157.0)
(636, 172.05816912651062, -720893.9985479645, -80157.0)
(637, 172.38214659690857, -720893.9985479645, -80157.0)
(638, 172.71784019470215, -720893.9985479645, -80157.0)
(639, 173.02867770195007, -720893.9985479645, -80157.0)
(640, 173.29063177108765, -720893.9985479645, -80157.0)
(641, 173.6287157535553, -720893.9985479645, -80157.0)
(642, 173.92831206321716, -720893.9985479645, -80157.0)
(643, 174.25465774536133, -720893.9985479645, -80157.0)
(644, 174.55243730545044, -720893.9985479645, -80157.0)
(645, 174.86617398262024, -720893.9985479645, -80157.0)
(646, 175.15689373016357, -720893.9985479645, -80157.0)
(647, 175.52202224731445, -720893.9985479645, -80157.0)
(648, 175.85098814964294, -720893.9985479645, -80157.0)
(649, 176.18973660469055, -720893.9985479645, -80157.0)
(650, 176.4999804496765, -720893.9985479645, -80157.0)
(651, 176.836674451828, -720893.9985479645, -80157.0)
(652, 177.15851020812988, -720893.9985479645, -80157.0)
(653, 177.44499158859253, -720893.9985479645, -80157.0)
(654, 177.72066116333008, -720893.9985479645, -80157.0)
(655, 178.0621554851532, -720893.9985479645, -80157.0)
(656, 178.3645739555359, -720893.9985479645, -80157.0)
(657, 178.749037027359, -720893.9985479645, -80157.0)
(658, 179.13194251060486, -720893.9985479645, -80157.0)
(659, 179.54451537132263, -720893.9985479645, -80157.0)
(660, 179.8666660785675, -720893.9985479645, -80157.0)
(661, 180.19037795066833, -720893.9985479645, -80157.0)
(662, 180.51926589012146, -720893.9985479645, -80157.0)
(663, 180.91263937950134, -720893.9985479645, -80157.0)
(664, 181.2715573310852, -720893.9985479645, -80157.0)
(665, 181.5779070854187, -720893.9985479645, -80157.0)
(666, 181.93777990341187, -720893.9985479645, -80157.0)
(667, 182.32527375221252, -720893.9985479645, -80157.0)
(668, 182.7194378376007, -720893.9985479645, -80157.0)
(669, 183.11297726631165, -720893.9985479645, -80157.0)
(670, 183.53737783432007, -720893.9985479645, -80157.0)
(671, 183.90175366401672, -720893.9985479645, -80157.0)
(672, 184.34556341171265, -720893.9985479645, -80157.0)
(673, 184.74095702171326, -720893.9985479645, -80157.0)
(674, 185.11153626441956, -720893.9985479645, -80157.0)
(675, 185.4877004623413, -720893.9985479645, -80157.0)
(676, 185.8129916191101, -720893.9985479645, -80157.0)
(677, 186.21943306922913, -720893.9985479645, -80157.0)
(678, 186.60976839065552, -720893.9985479645, -80157.0)
(679, 186.9205846786499, -720893.9985479645, -80157.0)
(680, 187.28475069999695, -720893.9985479645, -80157.0)
(681, 187.72875428199768, -720893.9985479645, -80157.0)
(682, 188.08523988723755, -720893.9985479645, -80157.0)
(683, 188.44458603858948, -720893.9985479645, -80157.0)
(684, 188.77897119522095, -720893.9985479645, -80157.0)
(685, 189.21234273910522, -720893.9985479645, -80157.0)
(686, 189.64798641204834, -720893.9985479645, -80157.0)
(687, 190.03828144073486, -720893.9985479645, -80157.0)
(688, 190.360004901886, -720893.9985479645, -80157.0)
(689, 190.7041220664978, -720893.9985479645, -80157.0)
(690, 191.03734731674194, -720893.9985479645, -80157.0)
(691, 191.43037152290344, -720893.9985479645, -80157.0)
(692, 191.82754397392273, -720893.9985479645, -80157.0)
(693, 192.28155422210693, -720893.9985479645, -80157.0)
(694, 192.71089005470276, -720893.9985479645, -80157.0)
(695, 193.17539644241333, -720893.9985479645, -80157.0)
(696, 193.60355496406555, -720893.9985479645, -80157.0)
(697, 194.18373465538025, -720893.9985479645, -80157.0)
(698, 194.7021508216858, -720893.9985479645, -80157.0)
(699, 195.14561486244202, -720893.9985479645, -80157.0)
(700, 195.46989512443542, -720893.9985479645, -80157.0)
(701, 195.78207325935364, -720893.9985479645, -80157.0)
(702, 196.17193627357483, -720893.9985479645, -80157.0)
(703, 196.5150339603424, -720893.9985479645, -80157.0)
(704, 196.83663296699524, -720893.9985479645, -80157.0)
(705, 197.25701928138733, -720893.9985479645, -80157.0)
(706, 197.61127424240112, -720893.9985479645, -80157.0)
(707, 197.97879362106323, -720893.9985479645, -80157.0)
(708, 198.39095425605774, -720893.9985479645, -80157.0)
(709, 198.67353773117065, -720893.9985479645, -80157.0)
(710, 199.08148503303528, -720893.9985479645, -80157.0)
(711, 199.52957201004028, -720893.9985479645, -80157.0)
(712, 199.84193658828735, -720893.9985479645, -80157.0)
(713, 200.1750524044037, -720893.9985479645, -80157.0)
(714, 200.48557543754578, -720893.9985479645, -80157.0)
(715, 200.8058204650879, -720893.9985479645, -80157.0)
(716, 201.24091267585754, -720893.9985479645, -80157.0)
(717, 201.53795266151428, -720893.9985479645, -80157.0)
(718, 201.97673058509827, -720893.9985479645, -80157.0)
(719, 202.46391940116882, -720893.9985479645, -80157.0)
(720, 202.81925797462463, -720893.9985479645, -80157.0)
(721, 203.11375832557678, -720893.9985479645, -80157.0)
(722, 203.37987303733826, -720893.9985479645, -80157.0)
(723, 203.8561224937439, -720893.9985479645, -80157.0)
(724, 204.31094598770142, -720893.9985479645, -80157.0)
(725, 204.76740717887878, -720893.9985479645, -80157.0)
(726, 205.16908144950867, -720893.9985479645, -80157.0)
(727, 205.61991715431213, -720893.9985479645, -80157.0)
(728, 205.94094109535217, -720893.9985479645, -80157.0)
(729, 206.46834754943848, -720893.9985479645, -80157.0)
(730, 206.99649000167847, -720893.9985479645, -80157.0)
(731, 207.32138752937317, -720893.9985479645, -80157.0)
(732, 207.82830452919006, -720893.9985479645, -80157.0)
(733, 208.2742042541504, -720893.9985479645, -80157.0)
(734, 208.7562894821167, -720893.9985479645, -80157.0)
(735, 209.1484978199005, -720893.9985479645, -80157.0)
(736, 209.64896774291992, -720893.9985479645, -80157.0)
(737, 210.1231336593628, -720893.9985479645, -80157.0)
(738, 210.618248462677, -720893.9985479645, -80157.0)
(739, 211.0988416671753, -720893.9985479645, -80157.0)
(740, 211.5489695072174, -720893.9985479645, -80157.0)
(741, 212.0337040424347, -720893.9985479645, -80157.0)
(742, 212.57755970954895, -720893.9985479645, -80157.0)
(743, 212.88603353500366, -720893.9985479645, -80157.0)
(744, 213.3313045501709, -720893.9985479645, -80157.0)
(745, 213.77964901924133, -720893.9985479645, -80157.0)
(746, 214.087708234787, -720893.9985479645, -80157.0)
(747, 214.4534113407135, -720893.9985479645, -80157.0)
(748, 214.9293315410614, -720893.9985479645, -80157.0)
(749, 215.34079360961914, -720893.9985479645, -80157.0)
(750, 215.77263498306274, -720893.9985479645, -80157.0)
(751, 216.20988988876343, -720893.9985479645, -80157.0)
(752, 216.64761090278625, -720893.9985479645, -80157.0)
(753, 217.02780055999756, -720893.9985479645, -80157.0)
(754, 217.46474480628967, -720893.9985479645, -80157.0)
(755, 217.89072561264038, -720893.9985479645, -80157.0)
(756, 218.37999725341797, -720893.9985479645, -80157.0)
(757, 218.8684811592102, -720893.9985479645, -80157.0)
(758, 219.2912266254425, -720893.9985479645, -80157.0)
(759, 219.81328654289246, -720893.9985479645, -80157.0)
(760, 220.33356046676636, -720893.9985479645, -80157.0)
(761, 220.82801508903503, -720893.9985479645, -80157.0)
(762, 221.52608394622803, -720893.9985479645, -80157.0)
(763, 221.98572778701782, -660435.8761617156, -80157.0)
(764, 222.48730301856995, -660435.8761617156, -80157.0)
(765, 222.9647250175476, -660435.8761617156, -80157.0)
(766, 223.36250567436218, -660435.8761617156, -80157.0)
(767, 223.73514366149902, -660435.8761617156, -80157.0)
(768, 224.01907086372375, -660435.8761617156, -80157.0)
(769, 224.36678528785706, -660435.8761617156, -80157.0)
(770, 224.7539131641388, -660435.8761617156, -80157.0)
(771, 225.16169428825378, -660435.8761617156, -80157.0)
(772, 225.49871802330017, -660435.8761617156, -80157.0)
(773, 225.85146236419678, -660435.8761617156, -80157.0)
(774, 226.23873353004456, -660435.8761617156, -80157.0)
(775, 226.5858862400055, -660435.8761617156, -80157.0)
(776, 226.9183793067932, -660435.8761617156, -80157.0)
(777, 227.31520628929138, -660435.8761617156, -80157.0)
(778, 227.66232228279114, -660435.8761617156, -80157.0)
(779, 228.06665301322937, -660435.8761617156, -80157.0)
(780, 228.42161536216736, -660435.8761617156, -80157.0)
(781, 228.81465911865234, -660435.8761617156, -80157.0)
(782, 229.2514808177948, -660435.8761617156, -80157.0)
(783, 229.65789675712585, -660435.8761617156, -80157.0)
(784, 229.98011445999146, -660435.8761617156, -80157.0)
(785, 230.38107919692993, -660435.8761617156, -80157.0)
(786, 230.7923550605774, -660435.8761617156, -80157.0)
(787, 231.22317957878113, -660435.8761617156, -80157.0)
(788, 231.61289954185486, -660435.8761617156, -80157.0)
(789, 232.03444838523865, -660435.8761617156, -80157.0)
(790, 232.47717571258545, -660435.8761617156, -80157.0)
(791, 232.80357551574707, -660435.8761617156, -80157.0)
(792, 233.24393367767334, -660435.8761617156, -80157.0)
(793, 233.70450735092163, -660435.8761617156, -80157.0)
(794, 234.0499575138092, -660435.8761617156, -80157.0)
(795, 234.47263979911804, -660435.8761617156, -80157.0)
(796, 234.96420001983643, -660435.8761617156, -80157.0)
(797, 235.39440417289734, -660435.8761617156, -80157.0)
(798, 235.81627297401428, -660435.8761617156, -80157.0)
(799, 236.28417134284973, -660435.8761617156, -80157.0)
(800, 236.71622371673584, -660435.8761617156, -80157.0)
(801, 237.10215020179749, -660435.8761617156, -80157.0)
(802, 237.51062989234924, -660435.8761617156, -80157.0)
(803, 237.93451690673828, -660435.8761617156, -80157.0)
(804, 238.35117864608765, -660435.8761617156, -80157.0)
(805, 238.80634593963623, -660435.8761617156, -80157.0)
(806, 239.29146647453308, -660435.8761617156, -80157.0)
(807, 239.8374102115631, -660435.8761617156, -80157.0)
(808, 240.29449701309204, -660435.8761617156, -80157.0)
(809, 240.709299325943, -660435.8761617156, -80157.0)
(810, 241.25907468795776, -660435.8761617156, -80157.0)
(811, 241.71443796157837, -660435.8761617156, -80157.0)
(812, 242.23879432678223, -660435.8761617156, -80157.0)
(813, 242.72895002365112, -660435.8761617156, -80157.0)
(814, 243.4619746208191, -660435.8761617156, -80157.0)
(815, 243.95744800567627, -660435.8761617156, -80157.0)
(816, 244.35698890686035, -660435.8761617156, -80157.0)
(817, 244.68883848190308, -660435.8761617156, -80157.0)
(818, 245.15478944778442, -660435.8761617156, -80157.0)
(819, 245.62028336524963, -660435.8761617156, -80157.0)
(820, 246.15008330345154, -660435.8761617156, -80157.0)
(821, 246.54581832885742, -660435.8761617156, -80157.0)
(822, 247.00563645362854, -660435.8761617156, -80157.0)
(823, 247.55183458328247, -660435.8761617156, -80157.0)
(824, 247.9939923286438, -660435.8761617156, -80157.0)
(825, 248.42384266853333, -660435.8761617156, -80157.0)
(826, 248.82876086235046, -660435.8761617156, -80157.0)
(827, 249.1864149570465, -660435.8761617156, -80157.0)
(828, 249.71921825408936, -660435.8761617156, -80157.0)
(829, 250.16707062721252, -660435.8761617156, -80157.0)
(830, 250.71167969703674, -660435.8761617156, -80157.0)
(831, 251.2692334651947, -660435.8761617156, -80157.0)
(832, 251.69183444976807, -660435.8761617156, -80157.0)
(833, 252.10241150856018, -660435.8761617156, -80157.0)
(834, 252.45868134498596, -660435.8761617156, -80157.0)
(835, 253.00315833091736, -660435.8761617156, -80157.0)
(836, 253.35701203346252, -660435.8761617156, -80157.0)
(837, 253.91603899002075, -660435.8761617156, -80157.0)
(838, 254.3257749080658, -660435.8761617156, -80157.0)
(839, 254.8739297389984, -660435.8761617156, -80157.0)
(840, 255.302485704422, -660435.8761617156, -80157.0)
(841, 255.77467679977417, -660435.8761617156, -80157.0)
(842, 256.46688580513, -660435.8761617156, -80157.0)
(843, 257.03395199775696, -660435.8761617156, -80157.0)
(844, 257.52734088897705, -660435.8761617156, -80157.0)
(845, 258.0514142513275, -660435.8761617156, -80157.0)
(846, 258.5272853374481, -660435.8761617156, -80157.0)
(847, 258.8632082939148, -660435.8761617156, -80157.0)
(848, 259.22567892074585, -660435.8761617156, -80157.0)
(849, 259.5446848869324, -660435.8761617156, -80157.0)
(850, 259.9015648365021, -660435.8761617156, -80157.0)
(851, 260.23014068603516, -660435.8761617156, -80157.0)
(852, 260.57233595848083, -660435.8761617156, -80157.0)
(853, 260.8970911502838, -660435.8761617156, -80157.0)
(854, 261.19879388809204, -660435.8761617156, -80157.0)
(855, 261.5246591567993, -660435.8761617156, -80157.0)
(856, 261.86343336105347, -660435.8761617156, -80157.0)
(857, 262.21564984321594, -660435.8761617156, -80157.0)
(858, 262.62689900398254, -660435.8761617156, -80157.0)
(859, 262.9779372215271, -660435.8761617156, -80157.0)
(860, 263.3417818546295, -660435.8761617156, -80157.0)
(861, 263.6873993873596, -660435.8761617156, -80157.0)
(862, 264.04573225975037, -660435.8761617156, -80157.0)
(863, 264.4893093109131, -660435.8761617156, -80157.0)
(864, 264.9199028015137, -660435.8761617156, -80157.0)
(865, 265.3247194290161, -660435.8761617156, -80157.0)
(866, 265.7521367073059, -660435.8761617156, -80157.0)
(867, 266.102338552475, -660435.8761617156, -80157.0)
(868, 266.42587518692017, -660435.8761617156, -80157.0)
(869, 266.8777618408203, -660435.8761617156, -80157.0)
(870, 267.223016500473, -660435.8761617156, -80157.0)
(871, 267.6372871398926, -660435.8761617156, -80157.0)
(872, 267.97511744499207, -660435.8761617156, -80157.0)
(873, 268.33484387397766, -660435.8761617156, -80157.0)
(874, 268.71233773231506, -660435.8761617156, -80157.0)
(875, 269.0705428123474, -660435.8761617156, -80157.0)
(876, 269.4495122432709, -660435.8761617156, -80157.0)
(877, 269.79420018196106, -660435.8761617156, -80157.0)
(878, 270.20308542251587, -660435.8761617156, -80157.0)
(879, 270.5758464336395, -660435.8761617156, -80157.0)
(880, 271.03446316719055, -660435.8761617156, -80157.0)
(881, 271.4858913421631, -660435.8761617156, -80157.0)
(882, 271.8840982913971, -660435.8761617156, -80157.0)
(883, 272.35136437416077, -660435.8761617156, -80157.0)
(884, 272.7461395263672, -660435.8761617156, -80157.0)
(885, 273.09609174728394, -660435.8761617156, -80157.0)
(886, 273.43855333328247, -660435.8761617156, -80157.0)
(887, 273.8786509037018, -660435.8761617156, -80157.0)
(888, 274.20269441604614, -660435.8761617156, -80157.0)
(889, 274.5583794116974, -660435.8761617156, -80157.0)
(890, 274.88880610466003, -660435.8761617156, -80157.0)
(891, 275.23357462882996, -660435.8761617156, -80157.0)
(892, 275.58328127861023, -660435.8761617156, -80157.0)
(893, 275.9666666984558, -660435.8761617156, -80157.0)
(894, 276.3126153945923, -660435.8761617156, -80157.0)
(895, 276.71234679222107, -660435.8761617156, -80157.0)
(896, 277.1812093257904, -660435.8761617156, -80157.0)
(897, 277.60199904441833, -660435.8761617156, -80157.0)
(898, 277.98959136009216, -660435.8761617156, -80157.0)
(899, 278.4627425670624, -660435.8761617156, -80157.0)
(900, 278.81725811958313, -660435.8761617156, -80157.0)
(901, 279.26131677627563, -660435.8761617156, -80157.0)
(902, 279.6997311115265, -660435.8761617156, -80157.0)
(903, 280.0277044773102, -660435.8761617156, -80157.0)
(904, 280.4582908153534, -660435.8761617156, -80157.0)
(905, 280.88328433036804, -660435.8761617156, -80157.0)
(906, 281.36611771583557, -660435.8761617156, -80157.0)
(907, 281.8086128234863, -660435.8761617156, -80157.0)
(908, 282.2473039627075, -660435.8761617156, -80157.0)
(909, 282.7660505771637, -660435.8761617156, -80157.0)
(910, 283.297812461853, -660435.8761617156, -80157.0)
(911, 283.75217962265015, -660435.8761617156, -80157.0)
(912, 284.1995882987976, -660435.8761617156, -80157.0)
(913, 284.5655586719513, -660435.8761617156, -80157.0)
(914, 285.0174994468689, -660435.8761617156, -80157.0)
(915, 285.5414574146271, -660435.8761617156, -80157.0)
(916, 285.9798676967621, -660435.8761617156, -80157.0)
(917, 286.4146525859833, -660435.8761617156, -80157.0)
(918, 286.98670625686646, -660435.8761617156, -80157.0)
(919, 287.4812173843384, -660435.8761617156, -80157.0)
(920, 287.98040413856506, -660435.8761617156, -80157.0)
(921, 288.50501775741577, -660435.8761617156, -80157.0)
(922, 288.9416115283966, -660435.8761617156, -80157.0)
(923, 289.4583389759064, -660435.8761617156, -80157.0)
(924, 290.0577757358551, -660435.8761617156, -80157.0)
(925, 290.58124828338623, -660435.8761617156, -80157.0)
(926, 291.1153655052185, -660435.8761617156, -80157.0)
(927, 291.5793628692627, -660435.8761617156, -80157.0)
(928, 292.07647037506104, -660435.8761617156, -80157.0)
(929, 292.50858306884766, -660435.8761617156, -80157.0)
(930, 293.0835874080658, -660435.8761617156, -80157.0)
(931, 293.56525921821594, -660435.8761617156, -80157.0)
(932, 294.0275146961212, -660435.8761617156, -80157.0)
(933, 294.4900631904602, -660435.8761617156, -80157.0)
(934, 295.0070321559906, -660435.8761617156, -80157.0)
(935, 295.43470215797424, -660435.8761617156, -80157.0)
(936, 295.92495560646057, -660435.8761617156, -80157.0)
(937, 296.49517130851746, -660435.8761617156, -80157.0)
(938, 296.94923186302185, -660435.8761617156, -80157.0)
(939, 297.42803502082825, -660435.8761617156, -80157.0)
(940, 297.7815704345703, -660435.8761617156, -80157.0)
(941, 298.30041241645813, -660435.8761617156, -80157.0)
(942, 298.8056528568268, -660435.8761617156, -80157.0)
(943, 299.27098321914673, -660435.8761617156, -80157.0)
(944, 299.8734769821167, -660435.8761617156, -80157.0)
(945, 300.3542172908783, -660435.8761617156, -80157.0)
(946, 300.88043689727783, -660435.8761617156, -80157.0)
(947, 301.41752767562866, -660435.8761617156, -80157.0)
(948, 302.0084505081177, -660435.8761617156, -80157.0)
(949, 302.59158396720886, -660435.8761617156, -80157.0)
(950, 303.22661304473877, -660435.8761617156, -80157.0)
(951, 303.8498718738556, -660435.8761617156, -80157.0)
(952, 304.44935512542725, -660435.8761617156, -80157.0)
(953, 305.1366045475006, -660435.8761617156, -80157.0)
(954, 305.7932858467102, -660435.8761617156, -80157.0)
(955, 306.4437310695648, -660435.8761617156, -80157.0)
(956, 307.00082445144653, -660435.8761617156, -80157.0)
(957, 307.63517665863037, -660435.8761617156, -80157.0)
(958, 308.28092098236084, -660435.8761617156, -80157.0)
(959, 308.9173529148102, -660435.8761617156, -80157.0)
(960, 309.4848804473877, -660435.8761617156, -80157.0)
(961, 310.1881356239319, -660435.8761617156, -80157.0)
(962, 310.9472863674164, -660435.8761617156, -80157.0)
(963, 311.48083543777466, -660435.8761617156, -80157.0)
(964, 312.00513529777527, -660435.8761617156, -80157.0)
(965, 312.5040740966797, -660435.8761617156, -80157.0)
(966, 312.9803001880646, -660435.8761617156, -80157.0)
(967, 313.38768315315247, -660435.8761617156, -80157.0)
(968, 313.96115374565125, -660435.8761617156, -80157.0)
(969, 314.4551486968994, -660435.8761617156, -80157.0)
(970, 314.9215486049652, -660435.8761617156, -80157.0)
(971, 315.34994435310364, -660435.8761617156, -80157.0)
(972, 315.8599605560303, -660435.8761617156, -80157.0)
(973, 316.2506318092346, -660435.8761617156, -80157.0)
(974, 316.73416113853455, -660435.8761617156, -80157.0)
(975, 317.1619682312012, -660435.8761617156, -80157.0)
(976, 317.646582365036, -660435.8761617156, -80157.0)
(977, 318.1310615539551, -660435.8761617156, -80157.0)
(978, 318.54912996292114, -660435.8761617156, -80157.0)
(979, 318.9334099292755, -660435.8761617156, -80157.0)
(980, 319.4655842781067, -660435.8761617156, -80157.0)
(981, 319.97991967201233, -660435.8761617156, -80157.0)
(982, 320.46300077438354, -660435.8761617156, -80157.0)
(983, 320.83972358703613, -660435.8761617156, -80157.0)
(984, 321.3603661060333, -660435.8761617156, -80157.0)
(985, 321.9161081314087, -660435.8761617156, -80157.0)
(986, 322.47610688209534, -660435.8761617156, -80157.0)
(987, 323.1819386482239, -660435.8761617156, -80157.0)
(988, 323.7984781265259, -660435.8761617156, -80157.0)
(989, 324.32265400886536, -660435.8761617156, -80157.0)
(990, 324.7760684490204, -660435.8761617156, -80157.0)
(991, 325.3004801273346, -660435.8761617156, -80157.0)
(992, 325.7942593097687, -660435.8761617156, -80157.0)
(993, 326.1881241798401, -660435.8761617156, -80157.0)
(994, 326.65862822532654, -660435.8761617156, -80157.0)
(995, 327.11676144599915, -660435.8761617156, -80157.0)
(996, 327.4895987510681, -660435.8761617156, -80157.0)
(997, 327.88317608833313, -660435.8761617156, -80157.0)
(998, 328.33920979499817, -660435.8761617156, -80157.0)
(999, 328.83829736709595, -660435.8761617156, -80157.0)
(1000, 329.3271346092224, -660435.8761617156, -80157.0)
