(1, 0.07842874526977539, -998782.0, -42694.0)
(2, 0.15111732482910156, -998782.0, -42694.0)
(3, 0.2241380214691162, -998782.0, -42694.0)
(4, 0.2967061996459961, -998782.0, -42694.0)
(5, 0.36946654319763184, -998782.0, -42694.0)
(6, 0.44183874130249023, -998782.0, -42694.0)
(7, 0.5145213603973389, -998782.0, -42694.0)
(8, 0.586843729019165, -998782.0, -42694.0)
(9, 0.6590731143951416, -998782.0, -42694.0)
(10, 0.7320334911346436, -998782.0, -42694.0)
(11, 0.8049705028533936, -998782.0, -42694.0)
(12, 0.8775942325592041, -998782.0, -42694.0)
(13, 0.9499640464782715, -998782.0, -42694.0)
(14, 1.0230495929718018, -998782.0, -42694.0)
(15, 1.095461368560791, -998782.0, -42694.0)
(16, 1.1689441204071045, -998782.0, -42694.0)
(17, 1.2428250312805176, -998782.0, -42694.0)
(18, 1.3160903453826904, -998782.0, -42694.0)
(19, 1.3895649909973145, -998782.0, -42694.0)
(20, 1.4645934104919434, -998782.0, -42694.0)
(21, 1.5383763313293457, -998782.0, -42694.0)
(22, 1.6116571426391602, -998782.0, -42694.0)
(23, 1.685701608657837, -998782.0, -42694.0)
(24, 1.759406566619873, -998782.0, -42694.0)
(25, 1.8328557014465332, -998782.0, -42694.0)
(26, 1.9059886932373047, -998782.0, -42694.0)
(27, 1.9815974235534668, -998782.0, -42694.0)
(28, 2.056250810623169, -998782.0, -42694.0)
(29, 2.130070924758911, -998782.0, -42694.0)
(30, 2.2045490741729736, -998782.0, -42694.0)
(31, 2.2779297828674316, -998782.0, -42694.0)
(32, 2.3513453006744385, -998782.0, -42694.0)
(33, 2.426215887069702, -998782.0, -42694.0)
(34, 2.5041868686676025, -998782.0, -42694.0)
(35, 2.579392671585083, -998782.0, -42694.0)
(36, 2.6554677486419678, -998782.0, -42694.0)
(37, 2.730926275253296, -998782.0, -42694.0)
(38, 2.8074896335601807, -998782.0, -42694.0)
(39, 2.882725715637207, -998782.0, -42694.0)
(40, 2.9589006900787354, -998782.0, -42694.0)
(41, 3.0346202850341797, -998782.0, -42694.0)
(42, 3.1096718311309814, -998782.0, -42694.0)
(43, 3.1848151683807373, -998782.0, -42694.0)
(44, 3.2597227096557617, -998782.0, -42694.0)
(45, 3.3342397212982178, -998782.0, -42694.0)
(46, 3.4096286296844482, -998782.0, -42694.0)
(47, 3.4847023487091064, -998782.0, -42694.0)
(48, 3.5610897541046143, -998782.0, -42694.0)
(49, 3.637817859649658, -998782.0, -42694.0)
(50, 3.714432716369629, -998782.0, -42694.0)
(51, 3.789956569671631, -998782.0, -42694.0)
(52, 3.867060422897339, -998782.0, -42694.0)
(53, 3.942652463912964, -998782.0, -42694.0)
(54, 4.0196661949157715, -998782.0, -42694.0)
(55, 4.096446514129639, -998782.0, -42694.0)
(56, 4.172842264175415, -998782.0, -42694.0)
(57, 4.2498204708099365, -998782.0, -42694.0)
(58, 4.326070308685303, -998782.0, -42694.0)
(59, 4.404403924942017, -998782.0, -42694.0)
(60, 4.484489679336548, -998782.0, -42694.0)
(61, 4.563751697540283, -998782.0, -42694.0)
(62, 4.642893552780151, -998782.0, -42694.0)
(63, 4.722806692123413, -998782.0, -42694.0)
(64, 4.801386117935181, -998782.0, -42694.0)
(65, 4.8806047439575195, -998782.0, -42694.0)
(66, 4.9597461223602295, -998782.0, -42694.0)
(67, 5.0381433963775635, -998782.0, -42694.0)
(68, 5.117815017700195, -998782.0, -42694.0)
(69, 5.196941137313843, -998782.0, -42694.0)
(70, 5.275555849075317, -998782.0, -42694.0)
(71, 5.355196714401245, -998782.0, -42694.0)
(72, 5.435027599334717, -998782.0, -42694.0)
(73, 5.515889644622803, -998782.0, -42694.0)
(74, 5.596308708190918, -998782.0, -42694.0)
(75, 5.676854848861694, -998782.0, -42694.0)
(76, 5.755868673324585, -998782.0, -42694.0)
(77, 5.835207939147949, -998782.0, -42694.0)
(78, 5.916326522827148, -998782.0, -42694.0)
(79, 5.995852947235107, -998782.0, -42694.0)
(80, 6.076510906219482, -998782.0, -42694.0)
(81, 6.1560869216918945, -998782.0, -42694.0)
(82, 6.236340522766113, -998782.0, -42694.0)
(83, 6.317492723464966, -998782.0, -42694.0)
(84, 6.398242473602295, -998782.0, -42694.0)
(85, 6.480571746826172, -998782.0, -42694.0)
(86, 6.562695503234863, -998782.0, -42694.0)
(87, 6.645711898803711, -998782.0, -42694.0)
(88, 6.727669954299927, -998782.0, -42694.0)
(89, 6.8090808391571045, -998782.0, -42694.0)
(90, 6.8906426429748535, -998782.0, -42694.0)
(91, 6.971283197402954, -998782.0, -42694.0)
(92, 7.052622318267822, -998782.0, -42694.0)
(93, 7.133123397827148, -998782.0, -42694.0)
(94, 7.215314865112305, -998782.0, -42694.0)
(95, 7.295908451080322, -997667.4666666667, -42694.0)
(96, 7.3834686279296875, -997667.4666666667, -42694.0)
(97, 7.4679999351501465, -997667.4666666667, -42694.0)
(98, 7.550969362258911, -997667.4666666667, -42694.0)
(99, 7.633500337600708, -997667.4666666667, -42694.0)
(100, 7.7172322273254395, -997667.4666666667, -42694.0)
(101, 7.799659729003906, -997667.4666666667, -42694.0)
(102, 7.883312463760376, -997667.4666666667, -42694.0)
(103, 7.967531204223633, -997667.4666666667, -42694.0)
(104, 8.052307844161987, -997667.4666666667, -42694.0)
(105, 8.136070966720581, -997667.4666666667, -42694.0)
(106, 8.221442461013794, -997667.4666666667, -42694.0)
(107, 8.305034637451172, -997667.4666666667, -42694.0)
(108, 8.388823747634888, -997667.4666666667, -42694.0)
(109, 8.47365689277649, -997667.4666666667, -42694.0)
(110, 8.558689832687378, -997667.4666666667, -42694.0)
(111, 8.642297506332397, -997667.4666666667, -42694.0)
(112, 8.727428913116455, -997667.4666666667, -42694.0)
(113, 8.812763690948486, -997667.4666666667, -42694.0)
(114, 8.896888017654419, -997667.4666666667, -42694.0)
(115, 8.984376907348633, -997667.4666666667, -42694.0)
(116, 9.073060989379883, -997667.4666666667, -42694.0)
(117, 9.160867929458618, -997667.4666666667, -42694.0)
(118, 9.247406721115112, -997667.4666666667, -42694.0)
(119, 9.334305047988892, -997667.4666666667, -42694.0)
(120, 9.421260833740234, -997667.4666666667, -42694.0)
(121, 9.506270408630371, -997667.4666666667, -42694.0)
(122, 9.591326713562012, -997667.4666666667, -42694.0)
(123, 9.677891254425049, -997667.4666666667, -42694.0)
(124, 9.770467281341553, -997667.4666666667, -42694.0)
(125, 9.857962846755981, -997667.4666666667, -42694.0)
(126, 9.947842597961426, -997667.4666666667, -42694.0)
(127, 10.035203456878662, -997667.4666666667, -42694.0)
(128, 10.123471021652222, -997667.4666666667, -42694.0)
(129, 10.211408138275146, -997667.4666666667, -42694.0)
(130, 10.30198049545288, -997667.4666666667, -42694.0)
(131, 10.389904975891113, -997667.4666666667, -42694.0)
(132, 10.479138135910034, -997667.4666666667, -42694.0)
(133, 10.56611967086792, -997667.4666666667, -42694.0)
(134, 10.655295610427856, -997667.4666666667, -42694.0)
(135, 10.744165658950806, -997667.4666666667, -42694.0)
(136, 10.837398290634155, -997667.4666666667, -42694.0)
(137, 10.92957615852356, -997667.4666666667, -42694.0)
(138, 11.021695137023926, -997667.4666666667, -42694.0)
(139, 11.111843585968018, -997667.4666666667, -42694.0)
(140, 11.202845096588135, -997667.4666666667, -42694.0)
(141, 11.292572736740112, -997667.4666666667, -42694.0)
(142, 11.38566279411316, -997667.4666666667, -42694.0)
(143, 11.47774863243103, -997667.4666666667, -42694.0)
(144, 11.571268558502197, -997667.4666666667, -42694.0)
(145, 11.662160158157349, -997667.4666666667, -42694.0)
(146, 11.756616592407227, -997667.4666666667, -42694.0)
(147, 11.849528551101685, -997667.4666666667, -42694.0)
(148, 11.940458059310913, -997667.4666666667, -42694.0)
(149, 12.03450870513916, -997667.4666666667, -42694.0)
(150, 12.128194332122803, -997667.4666666667, -42694.0)
(151, 12.223653793334961, -997667.4666666667, -42694.0)
(152, 12.31517243385315, -997667.4666666667, -42694.0)
(153, 12.406755685806274, -997667.4666666667, -42694.0)
(154, 12.500913858413696, -997667.4666666667, -42694.0)
(155, 12.596987009048462, -997667.4666666667, -42694.0)
(156, 12.690292119979858, -997667.4666666667, -42694.0)
(157, 12.78398871421814, -997667.4666666667, -42694.0)
(158, 12.882337093353271, -997667.4666666667, -42694.0)
(159, 12.978991508483887, -997667.4666666667, -42694.0)
(160, 13.076025009155273, -997667.4666666667, -42694.0)
(161, 13.171858072280884, -997667.4666666667, -42694.0)
(162, 13.268288135528564, -997667.4666666667, -42694.0)
(163, 13.364135265350342, -997667.4666666667, -42694.0)
(164, 13.461846590042114, -997667.4666666667, -42694.0)
(165, 13.558856725692749, -997667.4666666667, -42694.0)
(166, 13.65768551826477, -997667.4666666667, -42694.0)
(167, 13.755840539932251, -997667.4666666667, -42694.0)
(168, 13.854156255722046, -997667.4666666667, -42694.0)
(169, 13.952760696411133, -997667.4666666667, -42694.0)
(170, 14.051411867141724, -997667.4666666667, -42694.0)
(171, 14.14928412437439, -997667.4666666667, -42694.0)
(172, 14.24928593635559, -997667.4666666667, -42694.0)
(173, 14.350549221038818, -997667.4666666667, -42694.0)
(174, 14.45128607749939, -997667.4666666667, -42694.0)
(175, 14.550987958908081, -997667.4666666667, -42694.0)
(176, 14.651955127716064, -997667.4666666667, -42694.0)
(177, 14.752885341644287, -997667.4666666667, -42694.0)
(178, 14.852461814880371, -997667.4666666667, -42694.0)
(179, 14.951885461807251, -997667.4666666667, -42694.0)
(180, 15.053776741027832, -997667.4666666667, -42694.0)
(181, 15.158087491989136, -997667.4666666667, -42694.0)
(182, 15.260916948318481, -997667.4666666667, -42694.0)
(183, 15.360509872436523, -997667.4666666667, -42694.0)
(184, 15.462494611740112, -997667.4666666667, -42694.0)
(185, 15.562633514404297, -997667.4666666667, -42694.0)
(186, 15.664407014846802, -997667.4666666667, -42694.0)
(187, 15.76924443244934, -997667.4666666667, -42694.0)
(188, 15.872104406356812, -997667.4666666667, -42694.0)
(189, 15.978883504867554, -997667.4666666667, -42694.0)
(190, 16.082906007766724, -997667.4666666667, -42694.0)
(191, 16.183901071548462, -997667.4666666667, -42694.0)
(192, 16.287248611450195, -997667.4666666667, -42694.0)
(193, 16.389079570770264, -997667.4666666667, -42694.0)
(194, 16.491919994354248, -997667.4666666667, -42694.0)
(195, 16.594135999679565, -997667.4666666667, -42694.0)
(196, 16.6988685131073, -997667.4666666667, -42694.0)
(197, 16.802085876464844, -997667.4666666667, -42694.0)
(198, 16.909940481185913, -997667.4666666667, -42694.0)
(199, 17.014099836349487, -997667.4666666667, -42694.0)
(200, 17.118305921554565, -997667.4666666667, -42694.0)
(201, 17.22371196746826, -997667.4666666667, -42694.0)
(202, 17.331050157546997, -997667.4666666667, -42694.0)
(203, 17.436160802841187, -997667.4666666667, -42694.0)
(204, 17.542339324951172, -997667.4666666667, -42694.0)
(205, 17.648799896240234, -997667.4666666667, -42694.0)
(206, 17.75938105583191, -997667.4666666667, -42694.0)
(207, 17.866164207458496, -997667.4666666667, -42694.0)
(208, 17.979604959487915, -997667.4666666667, -42694.0)
(209, 18.086559534072876, -997667.4666666667, -42694.0)
(210, 18.192904949188232, -997667.4666666667, -42694.0)
(211, 18.3001971244812, -997667.4666666667, -42694.0)
(212, 18.407991647720337, -997667.4666666667, -42694.0)
(213, 18.517209768295288, -997667.4666666667, -42694.0)
(214, 18.626800537109375, -997667.4666666667, -42694.0)
(215, 18.739429473876953, -997667.4666666667, -42694.0)
(216, 18.852741718292236, -997667.4666666667, -42694.0)
(217, 18.96265411376953, -997667.4666666667, -42694.0)
(218, 19.07671093940735, -997667.4666666667, -42694.0)
(219, 19.18910002708435, -997667.4666666667, -42694.0)
(220, 19.30139398574829, -997667.4666666667, -42694.0)
(221, 19.4118013381958, -997667.4666666667, -42694.0)
(222, 19.524055242538452, -997667.4666666667, -42694.0)
(223, 19.635074377059937, -997667.4666666667, -42694.0)
(224, 19.748331546783447, -997667.4666666667, -42694.0)
(225, 19.86129665374756, -997667.4666666667, -42694.0)
(226, 19.971750020980835, -997667.4666666667, -42694.0)
(227, 20.083008289337158, -997667.4666666667, -42694.0)
(228, 20.194291353225708, -997667.4666666667, -42694.0)
(229, 20.308916807174683, -997667.4666666667, -42694.0)
(230, 20.419495820999146, -997667.4666666667, -42694.0)
(231, 20.529226303100586, -997667.4666666667, -42694.0)
(232, 20.645466566085815, -997667.4666666667, -42694.0)
(233, 20.75698971748352, -997667.4666666667, -42694.0)
(234, 20.86841106414795, -997667.4666666667, -42694.0)
(235, 20.98672890663147, -997667.4666666667, -42694.0)
(236, 21.102921724319458, -997667.4666666667, -42694.0)
(237, 21.21797752380371, -997667.4666666667, -42694.0)
(238, 21.331237316131592, -997667.4666666667, -42694.0)
(239, 21.44842290878296, -997667.4666666667, -42694.0)
(240, 21.56659746170044, -997667.4666666667, -42694.0)
(241, 21.687235832214355, -997667.4666666667, -42694.0)
(242, 21.80323052406311, -997667.4666666667, -42694.0)
(243, 21.921859741210938, -997667.4666666667, -42694.0)
(244, 22.038174867630005, -997667.4666666667, -42694.0)
(245, 22.154726028442383, -997667.4666666667, -42694.0)
(246, 22.272786855697632, -997667.4666666667, -42694.0)
(247, 22.390936374664307, -997667.4666666667, -42694.0)
(248, 22.51053500175476, -997667.4666666667, -42694.0)
(249, 22.626264572143555, -997667.4666666667, -42694.0)
(250, 22.743617057800293, -997667.4666666667, -42694.0)
(251, 22.860676050186157, -997667.4666666667, -42694.0)
(252, 22.979918479919434, -997667.4666666667, -42694.0)
(253, 23.099560260772705, -997667.4666666667, -42694.0)
(254, 23.21892285346985, -997667.4666666667, -42694.0)
(255, 23.3430335521698, -997667.4666666667, -42694.0)
(256, 23.460685968399048, -997667.4666666667, -42694.0)
(257, 23.581465482711792, -997667.4666666667, -42694.0)
(258, 23.703506469726562, -997667.4666666667, -42694.0)
(259, 23.823753118515015, -997667.4666666667, -42694.0)
(260, 23.945648908615112, -997667.4666666667, -42694.0)
(261, 24.065126419067383, -997667.4666666667, -42694.0)
(262, 24.184216499328613, -997667.4666666667, -42694.0)
(263, 24.327507495880127, -997667.4666666667, -42694.0)
(264, 24.451127767562866, -997667.4666666667, -42694.0)
(265, 24.576919317245483, -997667.4666666667, -42694.0)
(266, 24.69901728630066, -997667.4666666667, -42694.0)
(267, 24.822824478149414, -997667.4666666667, -42694.0)
(268, 24.946306228637695, -997667.4666666667, -42694.0)
(269, 25.066476821899414, -997667.4666666667, -42694.0)
(270, 25.18778085708618, -997667.4666666667, -42694.0)
(271, 25.31403923034668, -997667.4666666667, -42694.0)
(272, 25.439313888549805, -997667.4666666667, -42694.0)
(273, 25.56153440475464, -997667.4666666667, -42694.0)
(274, 25.687403440475464, -997667.4666666667, -42694.0)
(275, 25.811014890670776, -997667.4666666667, -42694.0)
(276, 25.931833744049072, -959273.0588235294, -42694.0)
(277, 26.068565845489502, -959273.0588235294, -42694.0)
(278, 26.198814153671265, -959273.0588235294, -42694.0)
(279, 26.323277473449707, -959273.0588235294, -42694.0)
(280, 26.508853912353516, -959273.0588235294, -42694.0)
(281, 26.645994424819946, -959273.0588235294, -42694.0)
(282, 26.775954484939575, -959273.0588235294, -42694.0)
(283, 26.910696029663086, -959273.0588235294, -42694.0)
(284, 27.04065489768982, -959273.0588235294, -42694.0)
(285, 27.179585933685303, -959273.0588235294, -42694.0)
(286, 27.365293979644775, -959273.0588235294, -42694.0)
(287, 27.499409675598145, -959273.0588235294, -42694.0)
(288, 27.62459707260132, -959273.0588235294, -42694.0)
(289, 27.764185428619385, -959273.0588235294, -42694.0)
(290, 27.89533543586731, -959273.0588235294, -42694.0)
(291, 28.02034568786621, -959273.0588235294, -42694.0)
(292, 28.160032510757446, -959273.0588235294, -42694.0)
(293, 28.304277896881104, -959273.0588235294, -42694.0)
(294, 28.440826416015625, -959273.0588235294, -42694.0)
(295, 28.574888229370117, -959273.0588235294, -42694.0)
(296, 28.694473266601562, -959273.0588235294, -42694.0)
(297, 28.81563448905945, -959273.0588235294, -42694.0)
(298, 28.935470819473267, -959273.0588235294, -42694.0)
(299, 29.05614399909973, -959273.0588235294, -42694.0)
(300, 29.179144620895386, -959273.0588235294, -42694.0)
(301, 29.30208706855774, -959273.0588235294, -42694.0)
(302, 29.42752194404602, -959273.0588235294, -42694.0)
(303, 29.553452968597412, -959273.0588235294, -42694.0)
(304, 29.677342414855957, -959273.0588235294, -42694.0)
(305, 29.799367904663086, -959273.0588235294, -42694.0)
(306, 29.921160459518433, -959273.0588235294, -42694.0)
(307, 30.044026613235474, -959273.0588235294, -42694.0)
(308, 30.167585372924805, -959273.0588235294, -42694.0)
(309, 30.290293216705322, -959273.0588235294, -42694.0)
(310, 30.41322922706604, -959273.0588235294, -42694.0)
(311, 30.540091514587402, -959273.0588235294, -42694.0)
(312, 30.66482448577881, -959273.0588235294, -42694.0)
(313, 30.788992166519165, -959273.0588235294, -42694.0)
(314, 30.915342807769775, -959273.0588235294, -42694.0)
(315, 31.040614366531372, -959273.0588235294, -42694.0)
(316, 31.16777491569519, -959273.0588235294, -42694.0)
(317, 31.29256820678711, -959273.0588235294, -42694.0)
(318, 31.419264316558838, -959273.0588235294, -42694.0)
(319, 31.54615592956543, -959273.0588235294, -42694.0)
(320, 31.671570777893066, -959273.0588235294, -42694.0)
(321, 31.797874212265015, -959273.0588235294, -42694.0)
(322, 31.924617290496826, -959273.0588235294, -42694.0)
(323, 32.0509352684021, -959273.0588235294, -42694.0)
(324, 32.18803024291992, -956019.7999999999, -42694.0)
(325, 32.319883584976196, -956019.7999999999, -42694.0)
(326, 32.44836616516113, -956019.7999999999, -42694.0)
(327, 32.57811141014099, -956019.7999999999, -42694.0)
(328, 32.7097384929657, -956019.7999999999, -42694.0)
(329, 32.83893823623657, -956019.7999999999, -42694.0)
(330, 32.969627380371094, -956019.7999999999, -42694.0)
(331, 33.101526737213135, -956019.7999999999, -42694.0)
(332, 33.231218338012695, -956019.7999999999, -42694.0)
(333, 33.362159967422485, -956019.7999999999, -42694.0)
(334, 33.4944794178009, -956019.7999999999, -42694.0)
(335, 33.631216049194336, -956019.7999999999, -42694.0)
(336, 33.76876783370972, -956019.7999999999, -42694.0)
(337, 33.89726209640503, -956019.7999999999, -42694.0)
(338, 34.02870559692383, -956019.7999999999, -42694.0)
(339, 34.16616415977478, -956019.7999999999, -42694.0)
(340, 34.2999484539032, -956019.7999999999, -42694.0)
(341, 34.43320369720459, -956019.7999999999, -42694.0)
(342, 34.56735682487488, -956019.7999999999, -42694.0)
(343, 34.69816732406616, -956019.7999999999, -42694.0)
(344, 34.83179998397827, -956019.7999999999, -42694.0)
(345, 34.96613144874573, -956019.7999999999, -42694.0)
(346, 35.10034918785095, -956019.7999999999, -42694.0)
(347, 35.23445248603821, -956019.7999999999, -42694.0)
(348, 35.36806631088257, -956019.7999999999, -42694.0)
(349, 35.50008487701416, -956019.7999999999, -42694.0)
(350, 35.634560346603394, -956019.7999999999, -42694.0)
(351, 35.7695677280426, -956019.7999999999, -42694.0)
(352, 35.904675245285034, -956019.7999999999, -42694.0)
(353, 36.045454025268555, -956019.7999999999, -42694.0)
(354, 36.17904019355774, -956019.7999999999, -42694.0)
(355, 36.31204652786255, -956019.7999999999, -42694.0)
(356, 36.446584701538086, -956019.7999999999, -42694.0)
(357, 36.58625364303589, -956019.7999999999, -42694.0)
(358, 36.72598576545715, -956019.7999999999, -42694.0)
(359, 36.862613677978516, -956019.7999999999, -42694.0)
(360, 36.99940371513367, -956019.7999999999, -42694.0)
(361, 37.137431621551514, -956019.7999999999, -42694.0)
(362, 37.27391076087952, -956019.7999999999, -42694.0)
(363, 37.41111969947815, -956019.7999999999, -42694.0)
(364, 37.54911160469055, -956019.7999999999, -42694.0)
(365, 37.68517875671387, -956019.7999999999, -42694.0)
(366, 37.821762800216675, -956019.7999999999, -42694.0)
(367, 37.960742473602295, -956019.7999999999, -42694.0)
(368, 38.09755825996399, -956019.7999999999, -42694.0)
(369, 38.232341051101685, -956019.7999999999, -42694.0)
(370, 38.369133949279785, -956019.7999999999, -42694.0)
(371, 38.505712032318115, -956019.7999999999, -42694.0)
(372, 38.6483051776886, -956019.7999999999, -42694.0)
(373, 38.79188561439514, -956019.7999999999, -42694.0)
(374, 38.93789196014404, -956019.7999999999, -42694.0)
(375, 39.080512046813965, -956019.7999999999, -42694.0)
(376, 39.22109055519104, -956019.7999999999, -42694.0)
(377, 39.361727476119995, -956019.7999999999, -42694.0)
(378, 39.503368854522705, -956019.7999999999, -42694.0)
(379, 39.64612913131714, -956019.7999999999, -42694.0)
(380, 39.78771924972534, -956019.7999999999, -42694.0)
(381, 39.928261041641235, -956019.7999999999, -42694.0)
(382, 40.071528911590576, -956019.7999999999, -42694.0)
(383, 40.213207960128784, -956019.7999999999, -42694.0)
(384, 40.35289907455444, -956019.7999999999, -42694.0)
(385, 40.49343538284302, -956019.7999999999, -42694.0)
(386, 40.6356143951416, -956019.7999999999, -42694.0)
(387, 40.7797269821167, -956019.7999999999, -42694.0)
(388, 40.92433524131775, -956019.7999999999, -42694.0)
(389, 41.068336725234985, -956019.7999999999, -42694.0)
(390, 41.210458278656006, -956019.7999999999, -42694.0)
(391, 41.35446310043335, -956019.7999999999, -42694.0)
(392, 41.49601197242737, -956019.7999999999, -42694.0)
(393, 41.637917280197144, -956019.7999999999, -42694.0)
(394, 41.784138917922974, -956019.7999999999, -42694.0)
(395, 41.929301261901855, -956019.7999999999, -42694.0)
(396, 42.076765060424805, -956019.7999999999, -42694.0)
(397, 42.21759510040283, -956019.7999999999, -42694.0)
(398, 42.359468936920166, -956019.7999999999, -42694.0)
(399, 42.50610327720642, -956019.7999999999, -42694.0)
(400, 42.66195821762085, -956019.7999999999, -42694.0)
(401, 42.812782287597656, -956019.7999999999, -42694.0)
(402, 42.968364238739014, -956019.7999999999, -42694.0)
(403, 43.11601662635803, -956019.7999999999, -42694.0)
(404, 43.26416254043579, -956019.7999999999, -42694.0)
(405, 43.4138879776001, -956019.7999999999, -42694.0)
(406, 43.55872869491577, -956019.7999999999, -42694.0)
(407, 43.70647859573364, -956019.7999999999, -42694.0)
(408, 43.85073685646057, -956019.7999999999, -42694.0)
(409, 43.9962637424469, -956019.7999999999, -42694.0)
(410, 44.14246082305908, -956019.7999999999, -42694.0)
(411, 44.28724694252014, -956019.7999999999, -42694.0)
(412, 44.43835210800171, -956019.7999999999, -42694.0)
(413, 44.590864419937134, -956019.7999999999, -42694.0)
(414, 44.73785209655762, -956019.7999999999, -42694.0)
(415, 44.88535952568054, -956019.7999999999, -42694.0)
(416, 45.03035521507263, -956019.7999999999, -42694.0)
(417, 45.17823886871338, -956019.7999999999, -42694.0)
(418, 45.333698987960815, -956019.7999999999, -42694.0)
(419, 45.4845290184021, -956019.7999999999, -42694.0)
(420, 45.63886618614197, -956019.7999999999, -42694.0)
(421, 45.788612365722656, -956019.7999999999, -42694.0)
(422, 45.93847370147705, -956019.7999999999, -42694.0)
(423, 46.08739733695984, -956019.7999999999, -42694.0)
(424, 46.2374792098999, -956019.7999999999, -42694.0)
(425, 46.38816261291504, -956019.7999999999, -42694.0)
(426, 46.53700399398804, -956019.7999999999, -42694.0)
(427, 46.69040298461914, -956019.7999999999, -42694.0)
(428, 46.83712863922119, -956019.7999999999, -42694.0)
(429, 46.99403142929077, -956019.7999999999, -42694.0)
(430, 47.1483633518219, -956019.7999999999, -42694.0)
(431, 47.29879426956177, -956019.7999999999, -42694.0)
(432, 47.45114350318909, -956019.7999999999, -42694.0)
(433, 47.59973740577698, -956019.7999999999, -42694.0)
(434, 47.751001834869385, -956019.7999999999, -42694.0)
(435, 47.918312549591064, -956019.7999999999, -42694.0)
(436, 48.06990027427673, -956019.7999999999, -42694.0)
(437, 48.24299597740173, -956019.7999999999, -42694.0)
(438, 48.40199136734009, -956019.7999999999, -42694.0)
(439, 48.56070852279663, -956019.7999999999, -42694.0)
(440, 48.716614961624146, -956019.7999999999, -42694.0)
(441, 48.873448610305786, -956019.7999999999, -42694.0)
(442, 49.03230118751526, -956019.7999999999, -42694.0)
(443, 49.19214606285095, -956019.7999999999, -42694.0)
(444, 49.346792459487915, -956019.7999999999, -42694.0)
(445, 49.50633001327515, -956019.7999999999, -42694.0)
(446, 49.65975880622864, -956019.7999999999, -42694.0)
(447, 49.81376671791077, -956019.7999999999, -42694.0)
(448, 49.97122073173523, -956019.7999999999, -42694.0)
(449, 50.124366998672485, -956019.7999999999, -42694.0)
(450, 50.281867265701294, -956019.7999999999, -42694.0)
(451, 50.43700385093689, -956019.7999999999, -42694.0)
(452, 50.607341289520264, -956019.7999999999, -42694.0)
(453, 50.76749587059021, -956019.7999999999, -42694.0)
(454, 50.926061153411865, -956019.7999999999, -42694.0)
(455, 51.08441185951233, -956019.7999999999, -42694.0)
(456, 51.24372386932373, -956019.7999999999, -42694.0)
(457, 51.40796780586243, -956019.7999999999, -42694.0)
(458, 51.571264028549194, -956019.7999999999, -42694.0)
(459, 51.730879068374634, -956019.7999999999, -42694.0)
(460, 51.89224672317505, -956019.7999999999, -42694.0)
(461, 52.051902294158936, -956019.7999999999, -42694.0)
(462, 52.208566427230835, -956019.7999999999, -42694.0)
(463, 52.373223066329956, -956019.7999999999, -42694.0)
(464, 52.539732217788696, -956019.7999999999, -42694.0)
(465, 52.707746744155884, -956019.7999999999, -42694.0)
(466, 52.87711215019226, -956019.7999999999, -42694.0)
(467, 53.03696298599243, -956019.7999999999, -42694.0)
(468, 53.201436042785645, -956019.7999999999, -42694.0)
(469, 53.368035078048706, -956019.7999999999, -42694.0)
(470, 53.5379536151886, -956019.7999999999, -42694.0)
(471, 53.700483560562134, -956019.7999999999, -42694.0)
(472, 53.86855173110962, -956019.7999999999, -42694.0)
(473, 54.029914140701294, -956019.7999999999, -42694.0)
(474, 54.19513964653015, -956019.7999999999, -42694.0)
(475, 54.361063718795776, -956019.7999999999, -42694.0)
(476, 54.52140212059021, -956019.7999999999, -42694.0)
(477, 54.680535554885864, -956019.7999999999, -42694.0)
(478, 54.84697771072388, -956019.7999999999, -42694.0)
(479, 55.01907444000244, -956019.7999999999, -42694.0)
(480, 55.18475389480591, -956019.7999999999, -42694.0)
(481, 55.34925198554993, -956019.7999999999, -42694.0)
(482, 55.51444220542908, -956019.7999999999, -42694.0)
(483, 55.69248080253601, -956019.7999999999, -42694.0)
(484, 55.85838222503662, -956019.7999999999, -42694.0)
(485, 56.02517890930176, -956019.7999999999, -42694.0)
(486, 56.196796894073486, -956019.7999999999, -42694.0)
(487, 56.36501431465149, -956019.7999999999, -42694.0)
(488, 56.53155326843262, -956019.7999999999, -42694.0)
(489, 56.701934576034546, -956019.7999999999, -42694.0)
(490, 56.87186312675476, -956019.7999999999, -42694.0)
(491, 57.04523253440857, -956019.7999999999, -42694.0)
(492, 57.210503339767456, -956019.7999999999, -42694.0)
(493, 57.40332341194153, -956019.7999999999, -42694.0)
(494, 57.576580286026, -956019.7999999999, -42694.0)
(495, 57.75323009490967, -956019.7999999999, -42694.0)
(496, 57.9228572845459, -956019.7999999999, -42694.0)
(497, 58.09071969985962, -956019.7999999999, -42694.0)
(498, 58.25940275192261, -956019.7999999999, -42694.0)
(499, 58.430680990219116, -956019.7999999999, -42694.0)
(500, 58.603776931762695, -956019.7999999999, -42694.0)
(501, 58.77087640762329, -956019.7999999999, -42694.0)
(502, 58.940717697143555, -956019.7999999999, -42694.0)
(503, 59.111159563064575, -956019.7999999999, -42694.0)
(504, 59.278884410858154, -956019.7999999999, -42694.0)
(505, 59.447715282440186, -956019.7999999999, -42694.0)
(506, 59.62558150291443, -956019.7999999999, -42694.0)
(507, 59.804229497909546, -956019.7999999999, -42694.0)
(508, 59.99069166183472, -956019.7999999999, -42694.0)
(509, 60.181097745895386, -956019.7999999999, -42694.0)
(510, 60.35846185684204, -956019.7999999999, -42694.0)
(511, 60.530330657958984, -956019.7999999999, -42694.0)
(512, 60.70118761062622, -956019.7999999999, -42694.0)
(513, 60.86971950531006, -956019.7999999999, -42694.0)
(514, 61.04735088348389, -956019.7999999999, -42694.0)
(515, 61.21660900115967, -956019.7999999999, -42694.0)
(516, 61.388309717178345, -956019.7999999999, -42694.0)
(517, 61.56163573265076, -956019.7999999999, -42694.0)
(518, 61.7307014465332, -956019.7999999999, -42694.0)
(519, 61.89806318283081, -956019.7999999999, -42694.0)
(520, 62.06510591506958, -956019.7999999999, -42694.0)
(521, 62.23259139060974, -956019.7999999999, -42694.0)
(522, 62.40091156959534, -956019.7999999999, -42694.0)
(523, 62.57162857055664, -956019.7999999999, -42694.0)
(524, 62.74023747444153, -956019.7999999999, -42694.0)
(525, 62.910937786102295, -956019.7999999999, -42694.0)
(526, 63.08793067932129, -956019.7999999999, -42694.0)
(527, 63.262152671813965, -956019.7999999999, -42694.0)
(528, 63.43745708465576, -956019.7999999999, -42694.0)
(529, 63.60737323760986, -956019.7999999999, -42694.0)
(530, 63.77903604507446, -956019.7999999999, -42694.0)
(531, 63.95028638839722, -956019.7999999999, -42694.0)
(532, 64.12415790557861, -956019.7999999999, -42694.0)
(533, 64.29580092430115, -956019.7999999999, -42694.0)
(534, 64.4657199382782, -956019.7999999999, -42694.0)
(535, 64.64617371559143, -956019.7999999999, -42694.0)
(536, 64.82461977005005, -956019.7999999999, -42694.0)
(537, 64.99938130378723, -956019.7999999999, -42694.0)
(538, 65.17406821250916, -956019.7999999999, -42694.0)
(539, 65.34959673881531, -956019.7999999999, -42694.0)
(540, 65.52868819236755, -956019.7999999999, -42694.0)
(541, 65.70112991333008, -956019.7999999999, -42694.0)
(542, 65.88834738731384, -956019.7999999999, -42694.0)
(543, 66.0724868774414, -956019.7999999999, -42694.0)
(544, 66.24854731559753, -956019.7999999999, -42694.0)
(545, 66.42742562294006, -956019.7999999999, -42694.0)
(546, 66.60160803794861, -956019.7999999999, -42694.0)
(547, 66.78711152076721, -956019.7999999999, -42694.0)
(548, 66.96372604370117, -956019.7999999999, -42694.0)
(549, 67.14546060562134, -956019.7999999999, -42694.0)
(550, 67.32507228851318, -956019.7999999999, -42694.0)
(551, 67.5007073879242, -956019.7999999999, -42694.0)
(552, 67.679039478302, -956019.7999999999, -42694.0)
(553, 67.85946440696716, -956019.7999999999, -42694.0)
(554, 68.03953719139099, -956019.7999999999, -42694.0)
(555, 68.21641683578491, -956019.7999999999, -42694.0)
(556, 68.39654874801636, -956019.7999999999, -42694.0)
(557, 68.57625389099121, -956019.7999999999, -42694.0)
(558, 68.75910544395447, -956019.7999999999, -42694.0)
(559, 68.94145178794861, -956019.7999999999, -42694.0)
(560, 69.12247848510742, -956019.7999999999, -42694.0)
(561, 69.3037657737732, -956019.7999999999, -42694.0)
(562, 69.49565267562866, -956019.7999999999, -42694.0)
(563, 69.67828273773193, -956019.7999999999, -42694.0)
(564, 69.85771036148071, -956019.7999999999, -42694.0)
(565, 70.0396192073822, -956019.7999999999, -42694.0)
(566, 70.22157216072083, -956019.7999999999, -42694.0)
(567, 70.39993667602539, -956019.7999999999, -42694.0)
(568, 70.58245348930359, -956019.7999999999, -42694.0)
(569, 70.76837921142578, -956019.7999999999, -42694.0)
(570, 70.95280337333679, -956019.7999999999, -42694.0)
(571, 71.13635587692261, -956019.7999999999, -42694.0)
(572, 71.31993341445923, -956019.7999999999, -42694.0)
(573, 71.51374626159668, -956019.7999999999, -42694.0)
(574, 71.70062708854675, -956019.7999999999, -42694.0)
(575, 71.89420318603516, -956019.7999999999, -42694.0)
(576, 72.07946825027466, -956019.7999999999, -42694.0)
(577, 72.26519131660461, -956019.7999999999, -42694.0)
(578, 72.45004081726074, -956019.7999999999, -42694.0)
(579, 72.63195824623108, -956019.7999999999, -42694.0)
(580, 72.82418465614319, -956019.7999999999, -42694.0)
(581, 73.0108094215393, -956019.7999999999, -42694.0)
(582, 73.1979398727417, -956019.7999999999, -42694.0)
(583, 73.38431572914124, -956019.7999999999, -42694.0)
(584, 73.57025647163391, -956019.7999999999, -42694.0)
(585, 73.7560613155365, -956019.7999999999, -42694.0)
(586, 73.94066905975342, -956019.7999999999, -42694.0)
(587, 74.12520861625671, -956019.7999999999, -42694.0)
(588, 74.30832982063293, -956019.7999999999, -42694.0)
(589, 74.49213075637817, -956019.7999999999, -42694.0)
(590, 74.68896412849426, -956019.7999999999, -42694.0)
(591, 74.87428665161133, -956019.7999999999, -42694.0)
(592, 75.07257056236267, -956019.7999999999, -42694.0)
(593, 75.27683854103088, -956019.7999999999, -42694.0)
(594, 75.47992968559265, -956019.7999999999, -42694.0)
(595, 75.67282485961914, -956019.7999999999, -42694.0)
(596, 75.86326837539673, -956019.7999999999, -42694.0)
(597, 76.05975222587585, -956019.7999999999, -42694.0)
(598, 76.24885034561157, -956019.7999999999, -42694.0)
(599, 76.44774961471558, -956019.7999999999, -42694.0)
(600, 76.63969206809998, -956019.7999999999, -42694.0)
(601, 76.86074924468994, -956019.7999999999, -42694.0)
(602, 77.06287956237793, -956019.7999999999, -42694.0)
(603, 77.25755667686462, -956019.7999999999, -42694.0)
(604, 77.46296644210815, -956019.7999999999, -42694.0)
(605, 77.66562867164612, -956019.7999999999, -42694.0)
(606, 77.85406589508057, -956019.7999999999, -42694.0)
(607, 78.0465190410614, -956019.7999999999, -42694.0)
(608, 78.24522042274475, -956019.7999999999, -42694.0)
(609, 78.44858431816101, -956019.7999999999, -42694.0)
(610, 78.64216303825378, -956019.7999999999, -42694.0)
(611, 78.84263944625854, -956019.7999999999, -42694.0)
(612, 79.03236198425293, -956019.7999999999, -42694.0)
(613, 79.24044013023376, -956019.7999999999, -42694.0)
(614, 79.43793964385986, -956019.7999999999, -42694.0)
(615, 79.6338119506836, -956019.7999999999, -42694.0)
(616, 79.8318190574646, -956019.7999999999, -42694.0)
(617, 80.03950762748718, -956019.7999999999, -42694.0)
(618, 80.2404580116272, -956019.7999999999, -42694.0)
(619, 80.43355131149292, -956019.7999999999, -42694.0)
(620, 80.62623643875122, -956019.7999999999, -42694.0)
(621, 80.82465028762817, -956019.7999999999, -42694.0)
(622, 81.02693271636963, -956019.7999999999, -42694.0)
(623, 81.22285556793213, -956019.7999999999, -42694.0)
(624, 81.41589522361755, -956019.7999999999, -42694.0)
(625, 81.61944890022278, -956019.7999999999, -42694.0)
(626, 81.82774543762207, -956019.7999999999, -42694.0)
(627, 82.03312277793884, -956019.7999999999, -42694.0)
(628, 82.23874473571777, -956019.7999999999, -42694.0)
(629, 82.44222903251648, -956019.7999999999, -42694.0)
(630, 82.64825797080994, -956019.7999999999, -42694.0)
(631, 82.85202646255493, -956019.7999999999, -42694.0)
(632, 83.05179572105408, -956019.7999999999, -42694.0)
(633, 83.24943041801453, -956019.7999999999, -42694.0)
(634, 83.44812822341919, -956019.7999999999, -42694.0)
(635, 83.65473818778992, -956019.7999999999, -42694.0)
(636, 83.85680675506592, -956019.7999999999, -42694.0)
(637, 84.07907795906067, -956019.7999999999, -42694.0)
(638, 84.28533482551575, -956019.7999999999, -42694.0)
(639, 84.48764395713806, -956019.7999999999, -42694.0)
(640, 84.68886518478394, -956019.7999999999, -42694.0)
(641, 84.88866543769836, -956019.7999999999, -42694.0)
(642, 85.09274005889893, -956019.7999999999, -42694.0)
(643, 85.31373429298401, -956019.7999999999, -42694.0)
(644, 85.51594281196594, -956019.7999999999, -42694.0)
(645, 85.7266697883606, -956019.7999999999, -42694.0)
(646, 85.928058385849, -956019.7999999999, -42694.0)
(647, 86.13176107406616, -956019.7999999999, -42694.0)
(648, 86.40779161453247, -913773.5514874143, -42694.0)
(649, 86.63500142097473, -913773.5514874143, -42694.0)
(650, 86.87677812576294, -913773.5514874143, -42694.0)
(651, 87.10804176330566, -913773.5514874143, -42694.0)
(652, 87.33120632171631, -913773.5514874143, -42694.0)
(653, 87.5481173992157, -913773.5514874143, -42694.0)
(654, 87.76238298416138, -913773.5514874143, -42694.0)
(655, 87.98361206054688, -913773.5514874143, -42694.0)
(656, 88.22364091873169, -913773.5514874143, -42694.0)
(657, 88.4659993648529, -913773.5514874143, -42694.0)
(658, 88.68400835990906, -913773.5514874143, -42694.0)
(659, 88.91777563095093, -913773.5514874143, -42694.0)
(660, 89.14229083061218, -913773.5514874143, -42694.0)
(661, 89.3762755393982, -913773.5514874143, -42694.0)
(662, 89.59646892547607, -913773.5514874143, -42694.0)
(663, 89.81437397003174, -913773.5514874143, -42694.0)
(664, 90.03373456001282, -913773.5514874143, -42694.0)
(665, 90.29477882385254, -913773.5514874143, -42694.0)
(666, 90.53483867645264, -913773.5514874143, -42694.0)
(667, 90.76598763465881, -913773.5514874143, -42694.0)
(668, 90.98161911964417, -913773.5514874143, -42694.0)
(669, 91.20569777488708, -913773.5514874143, -42694.0)
(670, 91.42858004570007, -913773.5514874143, -42694.0)
(671, 91.64884281158447, -913773.5514874143, -42694.0)
(672, 91.86887907981873, -913773.5514874143, -42694.0)
(673, 92.08052659034729, -913773.5514874143, -42694.0)
(674, 92.31568789482117, -913773.5514874143, -42694.0)
(675, 92.5378794670105, -913773.5514874143, -42694.0)
(676, 92.82175993919373, -913773.5514874143, -42694.0)
(677, 93.07584857940674, -913773.5514874143, -42694.0)
(678, 93.3277018070221, -913773.5514874143, -42694.0)
(679, 93.57295227050781, -913773.5514874143, -42694.0)
(680, 93.83045363426208, -913773.5514874143, -42694.0)
(681, 94.08249163627625, -913773.5514874143, -42694.0)
(682, 94.34279108047485, -913773.5514874143, -42694.0)
(683, 94.57806515693665, -913773.5514874143, -42694.0)
(684, 94.83146667480469, -913773.5514874143, -42694.0)
(685, 95.08398222923279, -913773.5514874143, -42694.0)
(686, 95.3485598564148, -913773.5514874143, -42694.0)
(687, 95.5916211605072, -913773.5514874143, -42694.0)
(688, 95.85485529899597, -913773.5514874143, -42694.0)
(689, 96.11138367652893, -913773.5514874143, -42694.0)
(690, 96.36570715904236, -913773.5514874143, -42694.0)
(691, 96.61809873580933, -913773.5514874143, -42694.0)
(692, 96.87220883369446, -913773.5514874143, -42694.0)
(693, 97.11281681060791, -913773.5514874143, -42694.0)
(694, 97.382155418396, -913773.5514874143, -42694.0)
(695, 97.67004823684692, -913773.5514874143, -42694.0)
(696, 97.94611477851868, -913773.5514874143, -42694.0)
(697, 98.21491742134094, -913773.5514874143, -42694.0)
(698, 98.46433210372925, -913773.5514874143, -42694.0)
(699, 98.73530745506287, -913773.5514874143, -42694.0)
(700, 98.98592567443848, -913773.5514874143, -42694.0)
(701, 99.24683713912964, -913773.5514874143, -42694.0)
(702, 99.48154854774475, -913773.5514874143, -42694.0)
(703, 99.73902821540833, -913773.5514874143, -42694.0)
(704, 99.97892904281616, -913773.5514874143, -42694.0)
(705, 100.22033476829529, -913773.5514874143, -42694.0)
(706, 100.51018190383911, -913773.5514874143, -42694.0)
(707, 100.756826877594, -913773.5514874143, -42694.0)
(708, 101.01213669776917, -913773.5514874143, -42694.0)
(709, 101.27092480659485, -890307.775, -42694.0)
(710, 101.54395794868469, -890307.775, -42694.0)
(711, 101.8122501373291, -890307.775, -42694.0)
(712, 102.06298995018005, -890307.775, -42694.0)
(713, 102.32925724983215, -890307.775, -42694.0)
(714, 102.6248095035553, -890307.775, -42694.0)
(715, 102.8923966884613, -890307.775, -42694.0)
(716, 103.18050241470337, -890307.775, -42694.0)
(717, 103.45449948310852, -890307.775, -42694.0)
(718, 103.72425246238708, -890307.775, -42694.0)
(719, 104.01799941062927, -890307.775, -42694.0)
(720, 104.29832649230957, -890307.775, -42694.0)
(721, 104.57794260978699, -890307.775, -42694.0)
(722, 104.90168452262878, -890307.775, -42694.0)
(723, 105.1819212436676, -890307.775, -42694.0)
(724, 105.4029266834259, -890307.775, -42694.0)
(725, 105.62780332565308, -890307.775, -42694.0)
(726, 105.84772896766663, -890307.775, -42694.0)
(727, 106.06448173522949, -890307.775, -42694.0)
(728, 106.28172469139099, -890307.775, -42694.0)
(729, 106.51277494430542, -860569.9423076923, -42694.0)
(730, 106.73342418670654, -860569.9423076923, -42694.0)
(731, 106.94790124893188, -860569.9423076923, -42694.0)
(732, 107.18514490127563, -860569.9423076923, -42694.0)
(733, 107.41064214706421, -860569.9423076923, -42694.0)
(734, 107.62830638885498, -860569.9423076923, -42694.0)
(735, 107.84450912475586, -860569.9423076923, -42694.0)
(736, 108.06344795227051, -860569.9423076923, -42694.0)
(737, 108.28199291229248, -860569.9423076923, -42694.0)
(738, 108.5031898021698, -860569.9423076923, -42694.0)
(739, 108.73987412452698, -860569.9423076923, -42694.0)
(740, 108.96871590614319, -860569.9423076923, -42694.0)
(741, 109.19738602638245, -860569.9423076923, -42694.0)
(742, 109.42184448242188, -860569.9423076923, -42694.0)
(743, 109.64681196212769, -860569.9423076923, -42694.0)
(744, 109.87498903274536, -860569.9423076923, -42694.0)
(745, 110.10645985603333, -860569.9423076923, -42694.0)
(746, 110.34944105148315, -860569.9423076923, -42694.0)
(747, 110.57609462738037, -860569.9423076923, -42694.0)
(748, 110.81006217002869, -860569.9423076923, -42694.0)
(749, 111.04271221160889, -860569.9423076923, -42694.0)
(750, 111.27017164230347, -860569.9423076923, -42694.0)
(751, 111.5029411315918, -860569.9423076923, -42694.0)
(752, 111.73366856575012, -860569.9423076923, -42694.0)
(753, 111.95748138427734, -860569.9423076923, -42694.0)
(754, 112.18673920631409, -860569.9423076923, -42694.0)
(755, 112.40992999076843, -860569.9423076923, -42694.0)
(756, 112.63893723487854, -860569.9423076923, -42694.0)
(757, 112.89663195610046, -860569.9423076923, -42694.0)
(758, 113.13139510154724, -860569.9423076923, -42694.0)
(759, 113.36077618598938, -860569.9423076923, -42694.0)
(760, 113.59120512008667, -860569.9423076923, -42694.0)
(761, 113.81622886657715, -860569.9423076923, -42694.0)
(762, 114.04972243309021, -860569.9423076923, -42694.0)
(763, 114.28027653694153, -860569.9423076923, -42694.0)
(764, 114.50982856750488, -860569.9423076923, -42694.0)
(765, 114.73550033569336, -860569.9423076923, -42694.0)
(766, 114.97414422035217, -860569.9423076923, -42694.0)
(767, 115.2088418006897, -860569.9423076923, -42694.0)
(768, 115.44022631645203, -860569.9423076923, -42694.0)
(769, 115.66500306129456, -860569.9423076923, -42694.0)
(770, 115.89640426635742, -860569.9423076923, -42694.0)
(771, 116.12533569335938, -860569.9423076923, -42694.0)
(772, 116.3662576675415, -860569.9423076923, -42694.0)
(773, 116.60537934303284, -860569.9423076923, -42694.0)
(774, 116.835294008255, -860569.9423076923, -42694.0)
(775, 117.06800961494446, -860569.9423076923, -42694.0)
(776, 117.3045859336853, -860569.9423076923, -42694.0)
(777, 117.5552408695221, -860569.9423076923, -42694.0)
(778, 117.7949161529541, -860569.9423076923, -42694.0)
(779, 118.03116750717163, -860569.9423076923, -42694.0)
(780, 118.26103901863098, -860569.9423076923, -42694.0)
(781, 118.495352268219, -860569.9423076923, -42694.0)
(782, 118.72881650924683, -860569.9423076923, -42694.0)
(783, 118.96756267547607, -860569.9423076923, -42694.0)
(784, 119.19570732116699, -860569.9423076923, -42694.0)
(785, 119.43857192993164, -860569.9423076923, -42694.0)
(786, 119.67155241966248, -860569.9423076923, -42694.0)
(787, 119.90754246711731, -860569.9423076923, -42694.0)
(788, 120.14319920539856, -860569.9423076923, -42694.0)
(789, 120.37873339653015, -860569.9423076923, -42694.0)
(790, 120.63168811798096, -860569.9423076923, -42694.0)
(791, 120.86562871932983, -860569.9423076923, -42694.0)
(792, 121.11212158203125, -860569.9423076923, -42694.0)
(793, 121.37807035446167, -860569.9423076923, -42694.0)
(794, 121.62676787376404, -860569.9423076923, -42694.0)
(795, 121.8710207939148, -860569.9423076923, -42694.0)
(796, 122.10831594467163, -860569.9423076923, -42694.0)
(797, 122.34415125846863, -860569.9423076923, -42694.0)
(798, 122.57456493377686, -860569.9423076923, -42694.0)
(799, 122.81451654434204, -860569.9423076923, -42694.0)
(800, 123.05151724815369, -860569.9423076923, -42694.0)
(801, 123.286128282547, -860569.9423076923, -42694.0)
(802, 123.52336716651917, -860569.9423076923, -42694.0)
(803, 123.76853013038635, -860569.9423076923, -42694.0)
(804, 124.00321865081787, -860569.9423076923, -42694.0)
(805, 124.23791742324829, -860569.9423076923, -42694.0)
(806, 124.47510552406311, -860569.9423076923, -42694.0)
(807, 124.71749114990234, -860569.9423076923, -42694.0)
(808, 124.95863366127014, -860569.9423076923, -42694.0)
(809, 125.19699239730835, -860569.9423076923, -42694.0)
(810, 125.439608335495, -860569.9423076923, -42694.0)
(811, 125.67901158332825, -860569.9423076923, -42694.0)
(812, 125.91579055786133, -860569.9423076923, -42694.0)
(813, 126.15731573104858, -860569.9423076923, -42694.0)
(814, 126.39405250549316, -860569.9423076923, -42694.0)
(815, 126.62991046905518, -860569.9423076923, -42694.0)
(816, 126.89258146286011, -860569.9423076923, -42694.0)
(817, 127.13765859603882, -860569.9423076923, -42694.0)
(818, 127.3827896118164, -860569.9423076923, -42694.0)
(819, 127.62195682525635, -860569.9423076923, -42694.0)
(820, 127.86636805534363, -860569.9423076923, -42694.0)
(821, 128.1137671470642, -860569.9423076923, -42694.0)
(822, 128.359192609787, -860569.9423076923, -42694.0)
(823, 128.6020438671112, -860569.9423076923, -42694.0)
(824, 128.8446397781372, -860569.9423076923, -42694.0)
(825, 129.08755254745483, -860569.9423076923, -42694.0)
(826, 129.33247590065002, -860569.9423076923, -42694.0)
(827, 129.57308340072632, -860569.9423076923, -42694.0)
(828, 129.81275129318237, -860569.9423076923, -42694.0)
(829, 130.0552568435669, -860569.9423076923, -42694.0)
(830, 130.2996757030487, -860569.9423076923, -42694.0)
(831, 130.56391644477844, -860569.9423076923, -42694.0)
(832, 130.81166076660156, -860569.9423076923, -42694.0)
(833, 131.06220698356628, -860569.9423076923, -42694.0)
(834, 131.3184049129486, -860569.9423076923, -42694.0)
(835, 131.56429624557495, -860569.9423076923, -42694.0)
(836, 131.81510019302368, -860569.9423076923, -42694.0)
(837, 132.0624508857727, -860569.9423076923, -42694.0)
(838, 132.3196861743927, -860569.9423076923, -42694.0)
(839, 132.56749439239502, -860569.9423076923, -42694.0)
(840, 132.8285834789276, -860569.9423076923, -42694.0)
(841, 133.0881175994873, -860569.9423076923, -42694.0)
(842, 133.33338236808777, -860569.9423076923, -42694.0)
(843, 133.5852451324463, -860569.9423076923, -42694.0)
(844, 133.83649253845215, -860569.9423076923, -42694.0)
(845, 134.0898630619049, -860569.9423076923, -42694.0)
(846, 134.345600605011, -860569.9423076923, -42694.0)
(847, 134.605633020401, -860569.9423076923, -42694.0)
(848, 134.8677728176117, -860569.9423076923, -42694.0)
(849, 135.1243977546692, -860569.9423076923, -42694.0)
(850, 135.38536262512207, -860569.9423076923, -42694.0)
(851, 135.6338939666748, -860569.9423076923, -42694.0)
(852, 135.8874499797821, -860569.9423076923, -42694.0)
(853, 136.14856505393982, -860569.9423076923, -42694.0)
(854, 136.40188264846802, -860569.9423076923, -42694.0)
(855, 136.660471200943, -860569.9423076923, -42694.0)
(856, 136.9160759449005, -860569.9423076923, -42694.0)
(857, 137.18650889396667, -860569.9423076923, -42694.0)
(858, 137.43824768066406, -860569.9423076923, -42694.0)
(859, 137.70429229736328, -860569.9423076923, -42694.0)
(860, 137.9612033367157, -860569.9423076923, -42694.0)
(861, 138.21454977989197, -860569.9423076923, -42694.0)
(862, 138.46995186805725, -860569.9423076923, -42694.0)
(863, 138.72701573371887, -860569.9423076923, -42694.0)
(864, 138.9741096496582, -860569.9423076923, -42694.0)
(865, 139.22872948646545, -860569.9423076923, -42694.0)
(866, 139.477689743042, -860569.9423076923, -42694.0)
(867, 139.73487854003906, -860569.9423076923, -42694.0)
(868, 139.99706196784973, -860569.9423076923, -42694.0)
(869, 140.25264763832092, -860569.9423076923, -42694.0)
(870, 140.5039415359497, -860569.9423076923, -42694.0)
(871, 140.7579128742218, -860569.9423076923, -42694.0)
(872, 141.0234818458557, -860569.9423076923, -42694.0)
(873, 141.2798719406128, -860569.9423076923, -42694.0)
(874, 141.54246354103088, -860569.9423076923, -42694.0)
(875, 141.79698586463928, -860569.9423076923, -42694.0)
(876, 142.06669998168945, -860569.9423076923, -42694.0)
(877, 142.32533192634583, -860569.9423076923, -42694.0)
(878, 142.5826735496521, -860569.9423076923, -42694.0)
(879, 142.8461995124817, -860569.9423076923, -42694.0)
(880, 143.11622428894043, -860569.9423076923, -42694.0)
(881, 143.38113164901733, -860569.9423076923, -42694.0)
(882, 143.64444422721863, -860569.9423076923, -42694.0)
(883, 143.90045976638794, -860569.9423076923, -42694.0)
(884, 144.15914845466614, -860569.9423076923, -42694.0)
(885, 144.45633339881897, -860569.9423076923, -42694.0)
(886, 144.73077416419983, -860569.9423076923, -42694.0)
(887, 145.00163435935974, -860569.9423076923, -42694.0)
(888, 145.2632613182068, -860569.9423076923, -42694.0)
(889, 145.5358338356018, -860569.9423076923, -42694.0)
(890, 145.81333374977112, -860569.9423076923, -42694.0)
(891, 146.08459663391113, -860569.9423076923, -42694.0)
(892, 146.35777020454407, -860569.9423076923, -42694.0)
(893, 146.63438034057617, -860569.9423076923, -42694.0)
(894, 146.90426015853882, -860569.9423076923, -42694.0)
(895, 147.16374516487122, -860569.9423076923, -42694.0)
(896, 147.43018698692322, -860569.9423076923, -42694.0)
(897, 147.69499111175537, -860569.9423076923, -42694.0)
(898, 147.9537477493286, -860569.9423076923, -42694.0)
(899, 148.2193021774292, -860569.9423076923, -42694.0)
(900, 148.49479293823242, -860569.9423076923, -42694.0)
(901, 148.76321005821228, -860569.9423076923, -42694.0)
(902, 149.0321328639984, -860569.9423076923, -42694.0)
(903, 149.31590127944946, -860569.9423076923, -42694.0)
(904, 149.59407687187195, -860569.9423076923, -42694.0)
(905, 149.86542057991028, -860569.9423076923, -42694.0)
(906, 150.13667631149292, -860569.9423076923, -42694.0)
(907, 150.41510939598083, -860569.9423076923, -42694.0)
(908, 150.70259737968445, -860569.9423076923, -42694.0)
(909, 150.9806079864502, -860569.9423076923, -42694.0)
(910, 151.24474835395813, -860569.9423076923, -42694.0)
(911, 151.53180408477783, -860569.9423076923, -42694.0)
(912, 151.80456066131592, -860569.9423076923, -42694.0)
(913, 152.08497858047485, -860569.9423076923, -42694.0)
(914, 152.34878015518188, -860569.9423076923, -42694.0)
(915, 152.62166023254395, -860569.9423076923, -42694.0)
(916, 152.8997619152069, -860569.9423076923, -42694.0)
(917, 153.21202969551086, -860569.9423076923, -42694.0)
(918, 153.49749565124512, -860569.9423076923, -42694.0)
(919, 153.78141021728516, -860569.9423076923, -42694.0)
(920, 154.05721306800842, -860569.9423076923, -42694.0)
(921, 154.33774733543396, -860569.9423076923, -42694.0)
(922, 154.62377333641052, -860569.9423076923, -42694.0)
(923, 154.8980095386505, -860569.9423076923, -42694.0)
(924, 155.17345190048218, -860569.9423076923, -42694.0)
(925, 155.4478781223297, -860569.9423076923, -42694.0)
(926, 155.72174549102783, -860569.9423076923, -42694.0)
(927, 156.01049828529358, -860569.9423076923, -42694.0)
(928, 156.3079731464386, -860569.9423076923, -42694.0)
(929, 156.5871970653534, -860569.9423076923, -42694.0)
(930, 156.8682861328125, -860569.9423076923, -42694.0)
(931, 157.15834712982178, -860569.9423076923, -42694.0)
(932, 157.45065188407898, -860569.9423076923, -42694.0)
(933, 157.7391119003296, -860569.9423076923, -42694.0)
(934, 158.02316570281982, -860569.9423076923, -42694.0)
(935, 158.306627035141, -860569.9423076923, -42694.0)
(936, 158.58946919441223, -860569.9423076923, -42694.0)
(937, 158.878249168396, -860569.9423076923, -42694.0)
(938, 159.1698122024536, -860569.9423076923, -42694.0)
(939, 159.45551705360413, -860569.9423076923, -42694.0)
(940, 159.73827505111694, -860569.9423076923, -42694.0)
(941, 160.02202677726746, -860569.9423076923, -42694.0)
(942, 160.29932522773743, -860569.9423076923, -42694.0)
(943, 160.59595370292664, -860569.9423076923, -42694.0)
(944, 160.89221739768982, -860569.9423076923, -42694.0)
(945, 161.17942714691162, -860569.9423076923, -42694.0)
(946, 161.46125602722168, -860569.9423076923, -42694.0)
(947, 161.74931454658508, -860569.9423076923, -42694.0)
(948, 162.03108525276184, -860569.9423076923, -42694.0)
(949, 162.31919193267822, -860569.9423076923, -42694.0)
(950, 162.60646653175354, -860569.9423076923, -42694.0)
(951, 162.90274691581726, -860569.9423076923, -42694.0)
(952, 163.20938920974731, -860569.9423076923, -42694.0)
(953, 163.4979965686798, -860569.9423076923, -42694.0)
(954, 163.79604125022888, -860569.9423076923, -42694.0)
(955, 164.08563828468323, -860569.9423076923, -42694.0)
(956, 164.36618089675903, -860569.9423076923, -42694.0)
(957, 164.65822386741638, -860569.9423076923, -42694.0)
(958, 164.96999883651733, -860569.9423076923, -42694.0)
(959, 165.27483296394348, -860569.9423076923, -42694.0)
(960, 165.57314157485962, -860569.9423076923, -42694.0)
(961, 165.8619511127472, -860569.9423076923, -42694.0)
(962, 166.1707010269165, -860569.9423076923, -42694.0)
(963, 166.4670648574829, -860569.9423076923, -42694.0)
(964, 166.7613561153412, -860569.9423076923, -42694.0)
(965, 167.04955744743347, -860569.9423076923, -42694.0)
(966, 167.36963176727295, -860569.9423076923, -42694.0)
(967, 167.68567514419556, -860569.9423076923, -42694.0)
(968, 167.98603439331055, -860569.9423076923, -42694.0)
(969, 168.28126096725464, -860569.9423076923, -42694.0)
(970, 168.58047437667847, -860569.9423076923, -42694.0)
(971, 168.87558507919312, -860569.9423076923, -42694.0)
(972, 169.17761516571045, -860569.9423076923, -42694.0)
(973, 169.47743272781372, -860569.9423076923, -42694.0)
(974, 169.76371812820435, -860569.9423076923, -42694.0)
(975, 170.05591535568237, -860569.9423076923, -42694.0)
(976, 170.357919216156, -860569.9423076923, -42694.0)
(977, 170.66089057922363, -860569.9423076923, -42694.0)
(978, 170.99195218086243, -860569.9423076923, -42694.0)
(979, 171.2976508140564, -860569.9423076923, -42694.0)
(980, 171.60472416877747, -860569.9423076923, -42694.0)
(981, 171.89843153953552, -860569.9423076923, -42694.0)
(982, 172.2011580467224, -860569.9423076923, -42694.0)
(983, 172.50202202796936, -860569.9423076923, -42694.0)
(984, 172.8209617137909, -860569.9423076923, -42694.0)
(985, 173.13100576400757, -860569.9423076923, -42694.0)
(986, 173.4381422996521, -860569.9423076923, -42694.0)
(987, 173.7382733821869, -860569.9423076923, -42694.0)
(988, 174.04035449028015, -860569.9423076923, -42694.0)
(989, 174.32963132858276, -860569.9423076923, -42694.0)
(990, 174.62493705749512, -860569.9423076923, -42694.0)
(991, 174.93093299865723, -860569.9423076923, -42694.0)
(992, 175.229017496109, -860569.9423076923, -42694.0)
(993, 175.52962946891785, -860569.9423076923, -42694.0)
(994, 175.86055994033813, -860569.9423076923, -42694.0)
(995, 176.16246271133423, -860569.9423076923, -42694.0)
(996, 176.4622151851654, -860569.9423076923, -42694.0)
(997, 176.76535201072693, -860569.9423076923, -42694.0)
(998, 177.0649130344391, -860569.9423076923, -42694.0)
(999, 177.36860466003418, -860569.9423076923, -42694.0)
(1000, 177.68723917007446, -860569.9423076923, -42694.0)
