(1, 0.040334463119506836, -293309.0, -27998.0)
(2, 0.07883405685424805, -272571.86842105264, -27998.0)
(3, 0.11755132675170898, -257831.9393939394, -27998.0)
(4, 0.15726375579833984, -257831.9393939394, -27998.0)
(5, 0.19620752334594727, -257831.9393939394, -27998.0)
(6, 0.23502635955810547, -257831.9393939394, -27998.0)
(7, 0.27470946311950684, -257831.9393939394, -27998.0)
(8, 0.3136723041534424, -257831.9393939394, -27998.0)
(9, 0.35270261764526367, -257831.9393939394, -27998.0)
(10, 0.39175939559936523, -257831.9393939394, -27998.0)
(11, 0.4309685230255127, -257831.9393939394, -27998.0)
(12, 0.46990180015563965, -257831.9393939394, -27998.0)
(13, 0.5088675022125244, -257831.9393939394, -27998.0)
(14, 0.5481357574462891, -257831.9393939394, -27998.0)
(15, 0.5871872901916504, -257831.9393939394, -27998.0)
(16, 0.6264846324920654, -257831.9393939394, -27998.0)
(17, 0.6659951210021973, -257831.9393939394, -27998.0)
(18, 0.7045767307281494, -257831.9393939394, -27998.0)
(19, 0.7431900501251221, -257831.9393939394, -27998.0)
(20, 0.7816565036773682, -257831.9393939394, -27998.0)
(21, 0.8205571174621582, -257831.9393939394, -27998.0)
(22, 0.8613646030426025, -257831.9393939394, -27998.0)
(23, 0.9022555351257324, -257831.9393939394, -27998.0)
(24, 0.9411299228668213, -257831.9393939394, -27998.0)
(25, 0.9809801578521729, -257831.9393939394, -27998.0)
(26, 1.0214972496032715, -257831.9393939394, -27998.0)
(27, 1.0610034465789795, -257831.9393939394, -27998.0)
(28, 1.1007776260375977, -257831.9393939394, -27998.0)
(29, 1.1405775547027588, -257831.9393939394, -27998.0)
(30, 1.1797866821289062, -257831.9393939394, -27998.0)
(31, 1.2203624248504639, -257831.9393939394, -27998.0)
(32, 1.2594892978668213, -238392.62962962964, -27998.0)
(33, 1.3008430004119873, -238392.62962962964, -27998.0)
(34, 1.3404512405395508, -238392.62962962964, -27998.0)
(35, 1.396456003189087, -238392.62962962964, -27998.0)
(36, 1.438718318939209, -238392.62962962964, -27998.0)
(37, 1.4780714511871338, -238392.62962962964, -27998.0)
(38, 1.5180466175079346, -238392.62962962964, -27998.0)
(39, 1.5604016780853271, -238392.62962962964, -27998.0)
(40, 1.6011598110198975, -238392.62962962964, -27998.0)
(41, 1.6433706283569336, -238392.62962962964, -27998.0)
(42, 1.6836562156677246, -238392.62962962964, -27998.0)
(43, 1.7232239246368408, -238392.62962962964, -27998.0)
(44, 1.7656621932983398, -238392.62962962964, -27998.0)
(45, 1.8062307834625244, -238392.62962962964, -27998.0)
(46, 1.8478398323059082, -238392.62962962964, -27998.0)
(47, 1.891097068786621, -221248.2001953125, -27998.0)
(48, 1.9339897632598877, -221248.2001953125, -27998.0)
(49, 1.9762463569641113, -221248.2001953125, -27998.0)
(50, 2.0180411338806152, -221248.2001953125, -27998.0)
(51, 2.059429168701172, -221248.2001953125, -27998.0)
(52, 2.1000051498413086, -221248.2001953125, -27998.0)
(53, 2.1405842304229736, -221248.2001953125, -27998.0)
(54, 2.181194305419922, -221248.2001953125, -27998.0)
(55, 2.2236216068267822, -221248.2001953125, -27998.0)
(56, 2.26430344581604, -221248.2001953125, -27998.0)
(57, 2.3051986694335938, -221248.2001953125, -27998.0)
(58, 2.349609136581421, -221248.2001953125, -27998.0)
(59, 2.389416217803955, -221248.2001953125, -27998.0)
(60, 2.431898355484009, -221248.2001953125, -27998.0)
(61, 2.474775791168213, -221248.2001953125, -27998.0)
(62, 2.5155792236328125, -221248.2001953125, -27998.0)
(63, 2.5584988594055176, -221248.2001953125, -27998.0)
(64, 2.602705717086792, -221248.2001953125, -27998.0)
(65, 2.646329879760742, -221248.2001953125, -27998.0)
(66, 2.6907832622528076, -221248.2001953125, -27998.0)
(67, 2.734699010848999, -221248.2001953125, -27998.0)
(68, 2.775890588760376, -221248.2001953125, -27998.0)
(69, 2.8173227310180664, -221248.2001953125, -27998.0)
(70, 2.858168601989746, -221248.2001953125, -27998.0)
(71, 2.9022164344787598, -221248.2001953125, -27998.0)
(72, 2.945655584335327, -221248.2001953125, -27998.0)
(73, 2.990565299987793, -221248.2001953125, -27998.0)
(74, 3.0337817668914795, -221248.2001953125, -27998.0)
(75, 3.0818588733673096, -221248.2001953125, -27998.0)
(76, 3.127681016921997, -221248.2001953125, -27998.0)
(77, 3.1737382411956787, -221248.2001953125, -27998.0)
(78, 3.2191216945648193, -221248.2001953125, -27998.0)
(79, 3.263787269592285, -221248.2001953125, -27998.0)
(80, 3.3095405101776123, -221248.2001953125, -27998.0)
(81, 3.358598470687866, -221248.2001953125, -27998.0)
(82, 3.4042694568634033, -221248.2001953125, -27998.0)
(83, 3.451087474822998, -221248.2001953125, -27998.0)
(84, 3.4986231327056885, -221248.2001953125, -27998.0)
(85, 3.5429930686950684, -221248.2001953125, -27998.0)
(86, 3.599191427230835, -177860.49650132176, -27998.0)
(87, 3.650181531906128, -177860.49650132176, -27998.0)
(88, 3.6910340785980225, -177860.49650132176, -27998.0)
(89, 3.7342288494110107, -177860.49650132176, -27998.0)
(90, 3.7771642208099365, -177860.49650132176, -27998.0)
(91, 3.8183507919311523, -177860.49650132176, -27998.0)
(92, 3.8630053997039795, -177860.49650132176, -27998.0)
(93, 3.905287981033325, -177860.49650132176, -27998.0)
(94, 3.947559356689453, -177860.49650132176, -27998.0)
(95, 3.9912240505218506, -177860.49650132176, -27998.0)
(96, 4.036517858505249, -177860.49650132176, -27998.0)
(97, 4.082534313201904, -177860.49650132176, -27998.0)
(98, 4.12459397315979, -177860.49650132176, -27998.0)
(99, 4.168190240859985, -177860.49650132176, -27998.0)
(100, 4.215133190155029, -177860.49650132176, -27998.0)
(101, 4.259369373321533, -177860.49650132176, -27998.0)
(102, 4.303447723388672, -177860.49650132176, -27998.0)
(103, 4.3539628982543945, -177860.49650132176, -27998.0)
(104, 4.398306608200073, -177860.49650132176, -27998.0)
(105, 4.442437410354614, -177860.49650132176, -27998.0)
(106, 4.4868059158325195, -177860.49650132176, -27998.0)
(107, 4.529460906982422, -177860.49650132176, -27998.0)
(108, 4.573737621307373, -177860.49650132176, -27998.0)
(109, 4.61902379989624, -177860.49650132176, -27998.0)
(110, 4.662075996398926, -177860.49650132176, -27998.0)
(111, 4.706400156021118, -177860.49650132176, -27998.0)
(112, 4.751249313354492, -177860.49650132176, -27998.0)
(113, 4.794532775878906, -177860.49650132176, -27998.0)
(114, 4.842213869094849, -177860.49650132176, -27998.0)
(115, 4.89249062538147, -177860.49650132176, -27998.0)
(116, 4.942134141921997, -177860.49650132176, -27998.0)
(117, 4.98503565788269, -177860.49650132176, -27998.0)
(118, 5.029478073120117, -177860.49650132176, -27998.0)
(119, 5.076907634735107, -177860.49650132176, -27998.0)
(120, 5.125762224197388, -177860.49650132176, -27998.0)
(121, 5.183754920959473, -177860.49650132176, -27998.0)
(122, 5.243018865585327, -177860.49650132176, -27998.0)
(123, 5.294963836669922, -177860.49650132176, -27998.0)
(124, 5.346985101699829, -177860.49650132176, -27998.0)
(125, 5.401317119598389, -177860.49650132176, -27998.0)
(126, 5.454285621643066, -177860.49650132176, -27998.0)
(127, 5.502459526062012, -177860.49650132176, -27998.0)
(128, 5.5503716468811035, -177860.49650132176, -27998.0)
(129, 5.595754146575928, -177860.49650132176, -27998.0)
(130, 5.645940542221069, -177860.49650132176, -27998.0)
(131, 5.69371485710144, -177860.49650132176, -27998.0)
(132, 5.73966908454895, -177860.49650132176, -27998.0)
(133, 5.790473222732544, -177860.49650132176, -27998.0)
(134, 5.839808702468872, -177860.49650132176, -27998.0)
(135, 5.885801553726196, -177860.49650132176, -27998.0)
(136, 5.932353973388672, -177860.49650132176, -27998.0)
(137, 5.990657091140747, -177860.49650132176, -27998.0)
(138, 6.051353454589844, -177860.49650132176, -27998.0)
(139, 6.103035926818848, -177860.49650132176, -27998.0)
(140, 6.1586220264434814, -177860.49650132176, -27998.0)
(141, 6.2061378955841064, -177860.49650132176, -27998.0)
(142, 6.262766599655151, -177860.49650132176, -27998.0)
(143, 6.320432186126709, -177860.49650132176, -27998.0)
(144, 6.372798919677734, -177860.49650132176, -27998.0)
(145, 6.420462131500244, -177860.49650132176, -27998.0)
(146, 6.477734565734863, -177860.49650132176, -27998.0)
(147, 6.527229309082031, -177860.49650132176, -27998.0)
(148, 6.580932140350342, -177860.49650132176, -27998.0)
(149, 6.638967752456665, -177860.49650132176, -27998.0)
(150, 6.69202446937561, -177860.49650132176, -27998.0)
(151, 6.745684862136841, -177860.49650132176, -27998.0)
(152, 6.798400640487671, -177860.49650132176, -27998.0)
(153, 6.855595588684082, -177860.49650132176, -27998.0)
(154, 6.918781995773315, -177860.49650132176, -27998.0)
(155, 6.977937698364258, -177860.49650132176, -27998.0)
(156, 7.032378911972046, -177860.49650132176, -27998.0)
(157, 7.095568895339966, -177860.49650132176, -27998.0)
(158, 7.161864519119263, -177860.49650132176, -27998.0)
(159, 7.224589586257935, -177860.49650132176, -27998.0)
(160, 7.280130624771118, -177860.49650132176, -27998.0)
(161, 7.337104320526123, -177860.49650132176, -27998.0)
(162, 7.390632152557373, -177860.49650132176, -27998.0)
(163, 7.446750640869141, -177860.49650132176, -27998.0)
(164, 7.503993034362793, -177860.49650132176, -27998.0)
(165, 7.56874680519104, -177860.49650132176, -27998.0)
(166, 7.617953062057495, -177860.49650132176, -27998.0)
(167, 7.710794687271118, -171217.06199095023, -27998.0)
(168, 7.796983242034912, -171217.06199095023, -27998.0)
(169, 7.875878810882568, -171217.06199095023, -27998.0)
(170, 7.960026741027832, -139743.53153153154, -27998.0)
(171, 8.028890371322632, -139743.53153153154, -27998.0)
(172, 8.118018627166748, -139743.53153153154, -27998.0)
(173, 8.183766603469849, -139743.53153153154, -27998.0)
(174, 8.265337944030762, -139743.53153153154, -27998.0)
(175, 8.333836317062378, -139743.53153153154, -27998.0)
(176, 8.409314393997192, -139743.53153153154, -27998.0)
(177, 8.4791898727417, -139743.53153153154, -27998.0)
(178, 8.555334091186523, -139743.53153153154, -27998.0)
(179, 8.63845944404602, -139743.53153153154, -27998.0)
(180, 8.738234758377075, -139743.53153153154, -27998.0)
(181, 8.805447340011597, -139743.53153153154, -27998.0)
(182, 8.874690532684326, -139743.53153153154, -27998.0)
(183, 8.982400894165039, -139743.53153153154, -27998.0)
(184, 9.054364681243896, -139743.53153153154, -27998.0)
(185, 9.141016960144043, -139743.53153153154, -27998.0)
(186, 9.218565702438354, -139743.53153153154, -27998.0)
(187, 9.308721780776978, -139743.53153153154, -27998.0)
(188, 9.401772737503052, -139743.53153153154, -27998.0)
(189, 9.474650859832764, -139743.53153153154, -27998.0)
(190, 9.561313390731812, -139743.53153153154, -27998.0)
(191, 9.633686304092407, -139743.53153153154, -27998.0)
(192, 9.71607494354248, -139743.53153153154, -27998.0)
(193, 9.826704025268555, -124185.29082528534, -27998.0)
(194, 9.887617588043213, -124185.29082528534, -27998.0)
(195, 9.940446615219116, -124185.29082528534, -27998.0)
(196, 10.030637502670288, -124185.29082528534, -27998.0)
(197, 10.130164861679077, -124185.29082528534, -27998.0)
(198, 10.194201469421387, -124185.29082528534, -27998.0)
(199, 10.273900270462036, -124185.29082528534, -27998.0)
(200, 10.35850477218628, -124185.29082528534, -27998.0)
(201, 10.429707765579224, -124185.29082528534, -27998.0)
(202, 10.515333652496338, -124185.29082528534, -27998.0)
(203, 10.599706888198853, -124185.29082528534, -27998.0)
(204, 10.670684099197388, -124185.29082528534, -27998.0)
(205, 10.753028869628906, -124185.29082528534, -27998.0)
(206, 10.835422277450562, -124185.29082528534, -27998.0)
(207, 10.9205641746521, -124185.29082528534, -27998.0)
(208, 11.056322574615479, -80937.01010101012, -27998.0)
(209, 11.123329877853394, -80937.01010101012, -27998.0)
(210, 11.175112962722778, -80937.01010101012, -27998.0)
(211, 11.263309717178345, -80937.01010101012, -27998.0)
(212, 11.34657621383667, -80937.01010101012, -27998.0)
(213, 11.4550940990448, -80937.01010101012, -27998.0)
(214, 11.566214084625244, -80937.01010101012, -27998.0)
(215, 11.642217636108398, -80937.01010101012, -27998.0)
(216, 11.742788314819336, -80937.01010101012, -27998.0)
(217, 11.825374364852905, -80937.01010101012, -27998.0)
(218, 11.921211957931519, -80937.01010101012, -27998.0)
(219, 12.048162698745728, -80937.01010101012, -27998.0)
(220, 12.110947132110596, -80937.01010101012, -27998.0)
(221, 12.176397562026978, -80937.01010101012, -27998.0)
(222, 12.266248226165771, -80937.01010101012, -27998.0)
(223, 12.36857271194458, -80937.01010101012, -27998.0)
(224, 12.46032977104187, -80937.01010101012, -27998.0)
(225, 12.54523253440857, -80937.01010101012, -27998.0)
(226, 12.63083004951477, -80937.01010101012, -27998.0)
(227, 12.733481884002686, -80937.01010101012, -27998.0)
(228, 12.814600706100464, -80937.01010101012, -27998.0)
(229, 12.914440870285034, -80937.01010101012, -27998.0)
(230, 12.994504451751709, -80937.01010101012, -27998.0)
(231, 13.074475765228271, -80937.01010101012, -27998.0)
(232, 13.155275583267212, -80937.01010101012, -27998.0)
(233, 13.24415636062622, -80937.01010101012, -27998.0)
(234, 13.34300684928894, -80937.01010101012, -27998.0)
(235, 13.48059892654419, -80937.01010101012, -27998.0)
(236, 13.55065131187439, -80937.01010101012, -27998.0)
(237, 13.610356569290161, -80937.01010101012, -27998.0)
(238, 13.731523036956787, -80937.01010101012, -27998.0)
(239, 13.827805995941162, -80937.01010101012, -27998.0)
(240, 13.925241470336914, -80937.01010101012, -27998.0)
(241, 14.019202470779419, -80937.01010101012, -27998.0)
(242, 14.14423155784607, -80937.01010101012, -27998.0)
(243, 14.227734804153442, -80937.01010101012, -27998.0)
(244, 14.303334712982178, -80937.01010101012, -27998.0)
(245, 14.368710279464722, -80937.01010101012, -27998.0)
(246, 14.489563465118408, -80937.01010101012, -27998.0)
(247, 14.555086851119995, -80937.01010101012, -27998.0)
(248, 14.627696514129639, -80937.01010101012, -27998.0)
(249, 14.687875270843506, -80937.01010101012, -27998.0)
(250, 14.77437448501587, -80937.01010101012, -27998.0)
(251, 14.881293296813965, -80937.01010101012, -27998.0)
(252, 14.977732181549072, -80937.01010101012, -27998.0)
(253, 15.062714576721191, -80937.01010101012, -27998.0)
(254, 15.146700143814087, -80937.01010101012, -27998.0)
(255, 15.276085138320923, -80937.01010101012, -27998.0)
(256, 15.37925124168396, -80937.01010101012, -27998.0)
(257, 15.46924614906311, -80937.01010101012, -27998.0)
(258, 15.580658435821533, -80937.01010101012, -27998.0)
(259, 15.698342323303223, -80937.01010101012, -27998.0)
(260, 15.814818620681763, -80937.01010101012, -27998.0)
(261, 15.922884464263916, -80937.01010101012, -27998.0)
(262, 15.991801261901855, -80937.01010101012, -27998.0)
(263, 16.097510814666748, -80937.01010101012, -27998.0)
(264, 16.227697610855103, -80937.01010101012, -27998.0)
(265, 16.35552430152893, -80937.01010101012, -27998.0)
(266, 16.47454595565796, -80937.01010101012, -27998.0)
(267, 16.601922512054443, -80937.01010101012, -27998.0)
(268, 16.70503044128418, -80937.01010101012, -27998.0)
(269, 16.844480991363525, -80937.01010101012, -27998.0)
(270, 16.9644992351532, -80937.01010101012, -27998.0)
(271, 17.084216356277466, -80937.01010101012, -27998.0)
(272, 17.21327233314514, -79581.71428571426, -27998.0)
(273, 17.317893505096436, -79581.71428571426, -27998.0)
(274, 17.413734197616577, -79581.71428571426, -27998.0)
(275, 17.544915437698364, -79581.71428571426, -27998.0)
(276, 17.687336921691895, -74768.57142857145, -27998.0)
(277, 17.81495475769043, -74768.57142857145, -27998.0)
(278, 17.93760395050049, -73478.45454545457, -27998.0)
(279, 18.15858244895935, -71470.75308641976, -27998.0)
(280, 18.3272066116333, -71255.13876040702, -27998.0)
(281, 18.521501064300537, -71255.13876040702, -27998.0)
(282, 18.72036051750183, -71255.13876040702, -27998.0)
(283, 18.897296667099, -69648.15034965034, -27998.0)
(284, 19.09691882133484, -68906.6647727273, -27998.0)
(285, 19.215091228485107, -68835.93220338982, -27998.0)
(286, 19.448115587234497, -68835.93220338982, -27998.0)
(287, 19.61887288093567, -68669.93650793651, -27998.0)
(288, 19.871484994888306, -68669.93650793651, -27998.0)
(289, 20.10633611679077, -67622.30391061452, -27998.0)
(290, 20.257259607315063, -67374.41428571429, -27998.0)
(291, 20.483596086502075, -67227.96962616824, -27998.0)
(292, 20.69932460784912, -67227.96962616824, -27998.0)
(293, 20.916963577270508, -67227.96962616824, -27998.0)
(294, 21.1514253616333, -65706.96516458932, -27998.0)
(295, 21.360023736953735, -65706.96516458932, -27998.0)
(296, 21.603661060333252, -64343.33018867925, -27998.0)
(297, 21.78033471107483, -63938.500000000015, -27998.0)
(298, 22.041877031326294, -63938.500000000015, -27998.0)
(299, 22.280189275741577, -61961.443708609266, -27998.0)
(300, 22.53571391105652, -61961.443708609266, -27998.0)
(301, 22.751126289367676, -61695.366666666676, -27998.0)
(302, 22.990695476531982, -61695.366666666676, -27998.0)
(303, 23.188497304916382, -61695.366666666676, -27998.0)
(304, 23.455966472625732, -59562.484175084166, -27998.0)
(305, 23.660850286483765, -58657.96978851964, -27998.0)
(306, 23.87195062637329, -57854.04419889502, -27998.0)
(307, 24.091638565063477, -57048.374877330745, -27998.0)
(308, 24.284085750579834, -56581.26341463416, -27998.0)
(309, 24.54237461090088, -56207.464406779734, -27998.0)
(310, 24.855253219604492, -55010.612474857364, -27998.0)
(311, 25.07465362548828, -53658.81735985533, -27998.0)
(312, 25.307018995285034, -53658.81735985533, -27998.0)
(313, 25.61572027206421, -40310.78688524593, -40310.7868852459)
(314, 25.672077178955078, -40310.78688524593, -40310.7868852459)
