(1, 0.07327151298522949, -609908.0, -16129.0)
(2, 0.13965630531311035, -604631.7916666666, -16129.0)
(3, 0.20665502548217773, -604631.7916666666, -16129.0)
(4, 0.2742607593536377, -604631.7916666666, -16129.0)
(5, 0.3412613868713379, -604631.7916666666, -16129.0)
(6, 0.4084200859069824, -604631.7916666666, -16129.0)
(7, 0.4907865524291992, -604631.7916666666, -16129.0)
(8, 0.559168815612793, -528958.7083333334, -16129.0)
(9, 0.6274292469024658, -519111.7916666667, -16129.0)
(10, 0.6960303783416748, -494833.0416666667, -16129.0)
(11, 0.7646667957305908, -469183.7916666667, -16129.0)
(12, 0.8337361812591553, -441181.1666666667, -16129.0)
(13, 0.9043004512786865, -404068.4166666667, -16129.0)
(14, 0.975379467010498, -370374.3333333333, -16129.0)
(15, 1.046386957168579, -366338.125, -16129.0)
(16, 1.1184120178222656, -329645.4166666667, -16129.0)
(17, 1.1924476623535156, -288826.4583333333, -16129.0)
(18, 1.2685489654541016, -248331.6666666667, -16129.0)
(19, 1.3461618423461914, -208792.875, -16129.0)
(20, 1.429168701171875, -169141.91666666666, -16129.0)
(21, 1.5116758346557617, -155525.625, -16129.0)
(22, 1.5925393104553223, -136640.625, -16129.0)
(23, 1.6728827953338623, -129135.625, -16129.0)
(24, 1.753509521484375, -91759.79166666666, -16129.0)
(25, 1.8338932991027832, -82395.125, -16129.0)
(26, 1.916365385055542, -49956.0, -16129.0)
(27, 2.019351005554199, -37734.0, -35005.0)
(28, 2.1039340496063232, -35011.0, -35005.0)
(29, 2.1864640712738037, -35005.0, -35005.0)
(30, 2.268341302871704, -35005.0, -35005.0)
