(1, 0.09261631965637207, -629297.0, -24576.0)
(2, 0.19814109802246094, -300968.3948430888, -24576.0)
(3, 0.29065728187561035, -158115.11954620937, -24576.0)
(4, 0.3883974552154541, -91162.80270794433, -24576.0)
(5, 0.49593544006347656, -62994.540489208935, -24576.0)
(6, 0.6396231651306152, -48802.480160518564, -24576.0)
(7, 0.8205714225769043, -45358.33745913548, -24576.0)
(8, 1.0213587284088135, -41816.763009451795, -40078.53846153847)
(9, 1.2286972999572754, -40723.186995997465, -40097.16129032258)
(10, 1.4494924545288086, -40292.95362966363, -40108.56790123456)
(11, 1.6629853248596191, -40174.090658455985, -40108.56790123456)
(12, 1.8740544319152832, -40156.437344668724, -40108.56790123456)
(13, 2.100762128829956, -40135.31188715148, -40126.25811965815)
(14, 2.3174681663513184, -40128.97424990623, -40126.25811965813)
(15, 2.545534372329712, -40127.07295873305, -40126.258119658145)
(16, 2.766165018081665, -40127.07295873305, -40126.25811965815)
(17, 2.9953835010528564, -40126.502571380755, -40126.25811965814)
(18, 3.222118854522705, -40126.331455174986, -40126.25811965814)
(19, 3.4512147903442383, -40126.28012031329, -40126.258119658145)
(20, 3.676739454269409, -40126.264719854786, -40126.25811965813)
