(1, 0.1645345687866211, -1976849.0, -36358.0)
(2, 0.3173799514770508, -1976849.0, -36358.0)
(3, 0.4692203998565674, -1976849.0, -36358.0)
(4, 0.6210715770721436, -1976849.0, -36358.0)
(5, 0.7727100849151611, -1976849.0, -36358.0)
(6, 0.9239768981933594, -1976849.0, -36358.0)
(7, 1.0752975940704346, -1976849.0, -36358.0)
(8, 1.226747989654541, -1976849.0, -36358.0)
(9, 1.3777763843536377, -1976849.0, -36358.0)
(10, 1.5296001434326172, -1976849.0, -36358.0)
(11, 1.6832730770111084, -1961390.0714285714, -36358.0)
(12, 1.836731195449829, -1951922.0, -36358.0)
(13, 1.9896299839019775, -1951922.0, -36358.0)
(14, 2.143068313598633, -1951922.0, -36358.0)
(15, 2.2953996658325195, -1951922.0, -36358.0)
(16, 2.4488768577575684, -1951922.0, -36358.0)
(17, 2.6013596057891846, -1951922.0, -36358.0)
(18, 2.754701614379883, -1885227.5185185184, -36358.0)
(19, 2.9083669185638428, -1885227.5185185184, -36358.0)
(20, 3.0626633167266846, -1885227.5185185184, -36358.0)
(21, 3.2175092697143555, -1885227.5185185184, -36358.0)
(22, 3.3734047412872314, -1885227.5185185184, -36358.0)
(23, 3.5294594764709473, -1885227.5185185184, -36358.0)
(24, 3.685263156890869, -1885227.5185185184, -36358.0)
(25, 3.8414645195007324, -1885227.5185185184, -36358.0)
(26, 3.9990901947021484, -1885227.5185185184, -36358.0)
(27, 4.156046628952026, -1842182.9259259258, -36358.0)
(28, 4.3123462200164795, -1842182.9259259258, -36358.0)
(29, 4.468714475631714, -1842182.9259259258, -36358.0)
(30, 4.624648332595825, -1842182.9259259258, -36358.0)
(31, 4.78005576133728, -1842182.9259259258, -36358.0)
(32, 4.936897039413452, -1842182.9259259258, -36358.0)
(33, 5.095827341079712, -1842182.9259259258, -36358.0)
(34, 5.25528359413147, -1842182.9259259258, -36358.0)
(35, 5.4131247997283936, -1842182.9259259258, -36358.0)
(36, 5.57134747505188, -1842182.9259259258, -36358.0)
(37, 5.73037576675415, -1842182.9259259258, -36358.0)
(38, 5.889384031295776, -1842182.9259259258, -36358.0)
(39, 6.049710035324097, -1842182.9259259258, -36358.0)
(40, 6.212025165557861, -1842182.9259259258, -36358.0)
(41, 6.373352527618408, -1842182.9259259258, -36358.0)
(42, 6.5348570346832275, -1783074.7037037038, -36358.0)
(43, 6.695314884185791, -1783074.7037037038, -36358.0)
(44, 6.8557634353637695, -1783074.7037037038, -36358.0)
(45, 7.016775131225586, -1783074.7037037038, -36358.0)
(46, 7.176609516143799, -1783074.7037037038, -36358.0)
(47, 7.33831524848938, -1783074.7037037038, -36358.0)
(48, 7.500126838684082, -1783074.7037037038, -36358.0)
(49, 7.6653523445129395, -1783074.7037037038, -36358.0)
(50, 7.830499649047852, -1783074.7037037038, -36358.0)
(51, 7.9946348667144775, -1783074.7037037038, -36358.0)
(52, 8.158983707427979, -1783074.7037037038, -36358.0)
(53, 8.322938442230225, -1723421.148148148, -36358.0)
(54, 8.48727798461914, -1723421.148148148, -36358.0)
(55, 8.652124881744385, -1723421.148148148, -36358.0)
(56, 8.816658020019531, -1723421.148148148, -36358.0)
(57, 8.980121612548828, -1723421.148148148, -36358.0)
(58, 9.145830154418945, -1723421.148148148, -36358.0)
(59, 9.3131742477417, -1723421.148148148, -36358.0)
(60, 9.480589628219604, -1723421.148148148, -36358.0)
(61, 9.668241024017334, -1723421.148148148, -36358.0)
(62, 9.840428352355957, -1723421.148148148, -36358.0)
(63, 10.008040428161621, -1723421.148148148, -36358.0)
(64, 10.178809881210327, -1723421.148148148, -36358.0)
(65, 10.347135782241821, -1664422.0, -36358.0)
(66, 10.516092777252197, -1664422.0, -36358.0)
(67, 10.684647560119629, -1664422.0, -36358.0)
(68, 10.8525550365448, -1664422.0, -36358.0)
(69, 11.020884037017822, -1664422.0, -36358.0)
(70, 11.189659118652344, -1664422.0, -36358.0)
(71, 11.358321905136108, -1664422.0, -36358.0)
(72, 11.528775453567505, -1664422.0, -36358.0)
(73, 11.701350927352905, -1664422.0, -36358.0)
(74, 11.8749258518219, -1664422.0, -36358.0)
(75, 12.04725694656372, -1664422.0, -36358.0)
(76, 12.219697713851929, -1664422.0, -36358.0)
(77, 12.391650438308716, -1614489.5555555555, -36358.0)
(78, 12.566515922546387, -1614489.5555555555, -36358.0)
(79, 12.740488529205322, -1614489.5555555555, -36358.0)
(80, 12.917793989181519, -1614489.5555555555, -36358.0)
(81, 13.095088005065918, -1614489.5555555555, -36358.0)
(82, 13.269625663757324, -1614489.5555555555, -36358.0)
(83, 13.44655466079712, -1614489.5555555555, -36358.0)
(84, 13.620580196380615, -1614489.5555555555, -36358.0)
(85, 13.793556451797485, -1614489.5555555555, -36358.0)
(86, 13.967024326324463, -1614489.5555555555, -36358.0)
(87, 14.143586158752441, -1614489.5555555555, -36358.0)
(88, 14.320878028869629, -1614489.5555555555, -36358.0)
(89, 14.4999361038208, -1527539.4814814816, -36358.0)
(90, 14.677721738815308, -1527539.4814814816, -36358.0)
(91, 14.855623960494995, -1527539.4814814816, -36358.0)
(92, 15.033235549926758, -1527539.4814814816, -36358.0)
(93, 15.214814186096191, -1527539.4814814816, -36358.0)
(94, 15.39788007736206, -1527539.4814814816, -36358.0)
(95, 15.581900119781494, -1527539.4814814816, -36358.0)
(96, 15.765608310699463, -1527539.4814814816, -36358.0)
(97, 15.948453426361084, -1527539.4814814816, -36358.0)
(98, 16.135013580322266, -1527539.4814814816, -36358.0)
(99, 16.324172496795654, -1527539.4814814816, -36358.0)
(100, 16.512215614318848, -1527539.4814814816, -36358.0)
(101, 16.70500922203064, -1469911.7037037038, -36358.0)
(102, 16.896973609924316, -1469911.7037037038, -36358.0)
(103, 17.08610510826111, -1469911.7037037038, -36358.0)
(104, 17.274808406829834, -1469911.7037037038, -36358.0)
(105, 17.46700620651245, -1469911.7037037038, -36358.0)
(106, 17.650269746780396, -1395582.962962963, -36358.0)
(107, 17.838200092315674, -1395582.962962963, -36358.0)
(108, 18.02431631088257, -1395582.962962963, -36358.0)
(109, 18.20805311203003, -1395582.962962963, -36358.0)
(110, 18.394588232040405, -1395582.962962963, -36358.0)
(111, 18.579411506652832, -1395582.962962963, -36358.0)
(112, 18.764309883117676, -1395582.962962963, -36358.0)
(113, 18.945677518844604, -1395582.962962963, -36358.0)
(114, 19.127810955047607, -1395582.962962963, -36358.0)
(115, 19.310990810394287, -1395582.962962963, -36358.0)
(116, 19.497978687286377, -1357314.9090909092, -36358.0)
(117, 19.68708324432373, -1357314.9090909092, -36358.0)
(118, 19.873659372329712, -1357314.9090909092, -36358.0)
(119, 20.06077814102173, -1357314.9090909092, -36358.0)
(120, 20.246704578399658, -1357314.9090909092, -36358.0)
(121, 20.43324565887451, -1357314.9090909092, -36358.0)
(122, 20.61806297302246, -1357314.9090909092, -36358.0)
(123, 20.830673217773438, -1357314.9090909092, -36358.0)
(124, 21.019227266311646, -1357314.9090909092, -36358.0)
(125, 21.209720134735107, -1357314.9090909092, -36358.0)
(126, 21.397220849990845, -1357314.9090909092, -36358.0)
(127, 21.585655689239502, -1308179.7407407407, -36358.0)
(128, 21.773367404937744, -1308179.7407407407, -36358.0)
(129, 21.958643436431885, -1308179.7407407407, -36358.0)
(130, 22.14522695541382, -1308179.7407407407, -36358.0)
(131, 22.334321975708008, -1308179.7407407407, -36358.0)
(132, 22.52437138557434, -1308179.7407407407, -36358.0)
(133, 22.714242935180664, -1308179.7407407407, -36358.0)
(134, 22.901836156845093, -1308179.7407407407, -36358.0)
(135, 23.093425989151, -1308179.7407407407, -36358.0)
(136, 23.28863549232483, -1308179.7407407407, -36358.0)
(137, 23.482003450393677, -1308179.7407407407, -36358.0)
(138, 23.673139572143555, -1308179.7407407407, -36358.0)
(139, 23.863521575927734, -1308179.7407407407, -36358.0)
(140, 24.056140422821045, -1308179.7407407407, -36358.0)
(141, 24.250951051712036, -1308179.7407407407, -36358.0)
(142, 24.448010683059692, -1308179.7407407407, -36358.0)
(143, 24.64286208152771, -1308179.7407407407, -36358.0)
(144, 24.83711051940918, -1308179.7407407407, -36358.0)
(145, 25.030086517333984, -1230325.5185185184, -36358.0)
(146, 25.223092555999756, -1230325.5185185184, -36358.0)
(147, 25.4154052734375, -1230325.5185185184, -36358.0)
(148, 25.6107280254364, -1230325.5185185184, -36358.0)
(149, 25.80736207962036, -1186850.4090909092, -36358.0)
(150, 26.00510573387146, -1186850.4090909092, -36358.0)
(151, 26.200366735458374, -1186850.4090909092, -36358.0)
(152, 26.39848828315735, -1186850.4090909092, -36358.0)
(153, 26.59762692451477, -1186850.4090909092, -36358.0)
(154, 26.804674863815308, -1186850.4090909092, -36358.0)
(155, 27.004574298858643, -1186850.4090909092, -36358.0)
(156, 27.204025268554688, -1186850.4090909092, -36358.0)
(157, 27.405274629592896, -1186850.4090909092, -36358.0)
(158, 27.607989072799683, -1158299.1851851852, -36358.0)
(159, 27.813910484313965, -1158299.1851851852, -36358.0)
(160, 28.028806686401367, -1158299.1851851852, -36358.0)
(161, 28.231361627578735, -1158299.1851851852, -36358.0)
(162, 28.436631441116333, -1158299.1851851852, -36358.0)
(163, 28.65208387374878, -1158299.1851851852, -36358.0)
(164, 28.861081838607788, -1158299.1851851852, -36358.0)
(165, 29.078961849212646, -1158299.1851851852, -36358.0)
(166, 29.289366722106934, -1158299.1851851852, -36358.0)
(167, 29.502892017364502, -1158299.1851851852, -36358.0)
(168, 29.729732990264893, -1108998.6666666667, -36358.0)
(169, 29.948694467544556, -1108998.6666666667, -36358.0)
(170, 30.155471563339233, -1108998.6666666667, -36358.0)
(171, 30.364901304244995, -1108998.6666666667, -36358.0)
(172, 30.584403038024902, -1108998.6666666667, -36358.0)
(173, 30.790542602539062, -1108998.6666666667, -36358.0)
(174, 31.000707149505615, -1108998.6666666667, -36358.0)
(175, 31.218199491500854, -1108998.6666666667, -36358.0)
(176, 31.431431770324707, -1108998.6666666667, -36358.0)
(177, 31.641273021697998, -1108998.6666666667, -36358.0)
(178, 31.844402551651, -1108998.6666666667, -36358.0)
(179, 32.04653859138489, -1108998.6666666667, -36358.0)
(180, 32.24897027015686, -1108998.6666666667, -36358.0)
(181, 32.48771786689758, -1095180.238095238, -36358.0)
(182, 32.7235894203186, -1025099.8518518519, -36358.0)
(183, 32.95184922218323, -1025099.8518518519, -36358.0)
(184, 33.2030074596405, -1025099.8518518519, -36358.0)
(185, 33.428699254989624, -1008562.0952380953, -36358.0)
(186, 33.64263105392456, -1008562.0952380953, -36358.0)
(187, 33.85393190383911, -1008562.0952380953, -36358.0)
(188, 34.0601019859314, -1008562.0952380953, -36358.0)
(189, 34.273446798324585, -1008562.0952380953, -36358.0)
(190, 34.48812437057495, -1008562.0952380953, -36358.0)
(191, 34.70503282546997, -945603.0370370371, -36358.0)
(192, 34.91632008552551, -933369.1851851852, -36358.0)
(193, 35.131606578826904, -933369.1851851852, -36358.0)
(194, 35.33899784088135, -933369.1851851852, -36358.0)
(195, 35.54909086227417, -933369.1851851852, -36358.0)
(196, 35.76021909713745, -910572.0370370371, -36358.0)
(197, 35.96971535682678, -910572.0370370371, -36358.0)
(198, 36.179542779922485, -910572.0370370371, -36358.0)
(199, 36.38500905036926, -910572.0370370371, -36358.0)
(200, 36.59482526779175, -904058.6153846154, -36358.0)
(201, 36.80606389045715, -904058.6153846154, -36358.0)
(202, 37.016278982162476, -904058.6153846154, -36358.0)
(203, 37.22652077674866, -904058.6153846154, -36358.0)
(204, 37.437164545059204, -834097.7037037037, -36358.0)
(205, 37.65290451049805, -811810.5185185185, -36358.0)
(206, 37.8762149810791, -811810.5185185185, -36358.0)
(207, 38.11156487464905, -811810.5185185185, -36358.0)
(208, 38.350714445114136, -811810.5185185185, -36358.0)
(209, 38.58864164352417, -811810.5185185185, -36358.0)
(210, 38.82298016548157, -811810.5185185185, -36358.0)
(211, 39.04278206825256, -811810.5185185185, -36358.0)
(212, 39.27981185913086, -811810.5185185185, -36358.0)
(213, 39.52070426940918, -811810.5185185185, -36358.0)
(214, 39.749250650405884, -811810.5185185185, -36358.0)
(215, 39.97848463058472, -811810.5185185185, -36358.0)
(216, 40.19978332519531, -811810.5185185185, -36358.0)
(217, 40.447622776031494, -749116.074074074, -36358.0)
(218, 40.668070793151855, -749116.074074074, -36358.0)
(219, 40.89219379425049, -749116.074074074, -36358.0)
(220, 41.11605167388916, -742831.3684210526, -36358.0)
(221, 41.33475041389465, -742831.3684210526, -36358.0)
(222, 41.553399085998535, -742831.3684210526, -36358.0)
(223, 41.76997637748718, -742831.3684210526, -36358.0)
(224, 41.989890575408936, -741710.3076923077, -36358.0)
(225, 42.21161675453186, -695118.1481481481, -36358.0)
(226, 42.43976545333862, -683945.3703703703, -36358.0)
(227, 42.67620873451233, -683945.3703703703, -36358.0)
(228, 42.911216735839844, -683945.3703703703, -36358.0)
(229, 43.13815379142761, -683945.3703703703, -36358.0)
(230, 43.36515021324158, -683945.3703703703, -36358.0)
(231, 43.59252381324768, -683945.3703703703, -36358.0)
(232, 43.81844973564148, -683945.3703703703, -36358.0)
(233, 44.045772552490234, -683945.3703703703, -36358.0)
(234, 44.27549862861633, -683945.3703703703, -36358.0)
(235, 44.5206253528595, -683945.3703703703, -36358.0)
(236, 44.75641059875488, -683945.3703703703, -36358.0)
(237, 44.99521470069885, -683945.3703703703, -36358.0)
(238, 45.2264301776886, -683945.3703703703, -36358.0)
(239, 45.46897315979004, -683945.3703703703, -36358.0)
(240, 45.705687284469604, -683945.3703703703, -36358.0)
(241, 45.93425703048706, -683945.3703703703, -36358.0)
(242, 46.15670371055603, -683945.3703703703, -36358.0)
(243, 46.376967906951904, -683945.3703703703, -36358.0)
(244, 46.60215783119202, -683945.3703703703, -36358.0)
(245, 46.850204944610596, -677221.3, -36358.0)
(246, 47.08402061462402, -677221.3, -36358.0)
(247, 47.31789827346802, -609916.0, -36358.0)
(248, 47.55170726776123, -609916.0, -36358.0)
(249, 47.78172492980957, -609916.0, -36358.0)
(250, 48.00257229804993, -609916.0, -36358.0)
(251, 48.2339825630188, -609916.0, -36358.0)
(252, 48.464343547821045, -609916.0, -36358.0)
(253, 48.694743633270264, -609916.0, -36358.0)
(254, 48.943541288375854, -609916.0, -36358.0)
(255, 49.191622495651245, -592314.3913043478, -36358.0)
(256, 49.43319630622864, -592314.3913043478, -36358.0)
(257, 49.66482329368591, -592314.3913043478, -36358.0)
(258, 49.89685106277466, -592314.3913043478, -36358.0)
(259, 50.12454080581665, -592314.3913043478, -36358.0)
(260, 50.353615045547485, -592314.3913043478, -36358.0)
(261, 50.58164572715759, -576764.9047619047, -36358.0)
(262, 50.84945893287659, -533133.4166666666, -36358.0)
(263, 51.093220949172974, -511792.7826086957, -36358.0)
(264, 51.33285164833069, -511792.7826086957, -36358.0)
(265, 51.56935381889343, -511792.7826086957, -36358.0)
(266, 51.807520627975464, -511792.7826086957, -36358.0)
(267, 52.05646204948425, -511792.7826086957, -36358.0)
(268, 52.29842710494995, -511792.7826086957, -36358.0)
(269, 52.534168004989624, -490979.63636363635, -36358.0)
(270, 52.771851778030396, -490979.63636363635, -36358.0)
(271, 53.0064013004303, -490979.63636363635, -36358.0)
(272, 53.23728013038635, -490979.63636363635, -36358.0)
(273, 53.472705125808716, -490979.63636363635, -36358.0)
(274, 53.705815076828, -490979.63636363635, -36358.0)
(275, 53.940876483917236, -490979.63636363635, -36358.0)
(276, 54.18577599525452, -480909.45454545453, -36358.0)
(277, 54.43189525604248, -480909.45454545453, -36358.0)
(278, 54.671210050582886, -480909.45454545453, -36358.0)
(279, 54.90815186500549, -480909.45454545453, -36358.0)
(280, 55.149850606918335, -465973.55555555556, -36358.0)
(281, 55.39141249656677, -431438.39130434784, -36358.0)
(282, 55.630489349365234, -431438.39130434784, -36358.0)
(283, 55.8647735118866, -431438.39130434784, -36358.0)
(284, 56.09639763832092, -431438.39130434784, -36358.0)
(285, 56.32836580276489, -431438.39130434784, -36358.0)
(286, 56.56343221664429, -431438.39130434784, -36358.0)
(287, 56.80381107330322, -410105.30434782605, -36358.0)
(288, 57.04867935180664, -410105.30434782605, -36358.0)
(289, 57.29487371444702, -410105.30434782605, -36358.0)
(290, 57.54346942901611, -410105.30434782605, -36358.0)
(291, 57.792667865753174, -410105.30434782605, -36358.0)
(292, 58.03888297080994, -408578.14285714284, -36358.0)
(293, 58.28120303153992, -408578.14285714284, -36358.0)
(294, 58.51938581466675, -408578.14285714284, -36358.0)
(295, 58.762924671173096, -384978.8, -36358.0)
(296, 59.00983381271362, -374389.9130434783, -36358.0)
(297, 59.25222325325012, -374389.9130434783, -36358.0)
(298, 59.49816298484802, -374389.9130434783, -36358.0)
(299, 59.74844837188721, -374389.9130434783, -36358.0)
(300, 59.98759889602661, -374389.9130434783, -36358.0)
(301, 60.23565435409546, -374389.9130434783, -36358.0)
(302, 60.48418927192688, -374389.9130434783, -36358.0)
(303, 60.73104739189148, -344482.52173913043, -36358.0)
(304, 60.9705011844635, -344482.52173913043, -36358.0)
(305, 61.20979452133179, -344482.52173913043, -36358.0)
(306, 61.44862246513367, -344482.52173913043, -36358.0)
(307, 61.695854902267456, -344482.52173913043, -36358.0)
(308, 61.94361972808838, -344482.52173913043, -36358.0)
(309, 62.19010329246521, -344482.52173913043, -36358.0)
(310, 62.4343318939209, -325867.7826086957, -36358.0)
(311, 62.69050192832947, -325867.7826086957, -36358.0)
(312, 62.946107387542725, -325867.7826086957, -36358.0)
(313, 63.1974937915802, -325867.7826086957, -36358.0)
(314, 63.44893550872803, -325867.7826086957, -36358.0)
(315, 63.6972451210022, -325867.7826086957, -36358.0)
(316, 63.9380829334259, -325867.7826086957, -36358.0)
(317, 64.18392062187195, -325867.7826086957, -36358.0)
(318, 64.43837928771973, -325867.7826086957, -36358.0)
(319, 64.69042873382568, -325867.7826086957, -36358.0)
(320, 64.94273638725281, -325867.7826086957, -36358.0)
(321, 65.19366645812988, -325867.7826086957, -36358.0)
(322, 65.46628403663635, -325867.7826086957, -36358.0)
(323, 65.73259449005127, -325867.7826086957, -36358.0)
(324, 65.98600268363953, -325867.7826086957, -36358.0)
(325, 66.23344278335571, -325867.7826086957, -36358.0)
(326, 66.49027633666992, -325867.7826086957, -36358.0)
(327, 66.73943209648132, -325867.7826086957, -36358.0)
(328, 66.99102067947388, -325867.7826086957, -36358.0)
(329, 67.24228644371033, -325867.7826086957, -36358.0)
(330, 67.48980832099915, -325867.7826086957, -36358.0)
(331, 67.7477285861969, -305485.77777777775, -36358.0)
(332, 68.01331877708435, -278920.47826086957, -36358.0)
(333, 68.30576133728027, -278920.47826086957, -36358.0)
(334, 68.56540513038635, -278920.47826086957, -36358.0)
(335, 68.85168647766113, -278920.47826086957, -36358.0)
(336, 69.120938539505, -278920.47826086957, -36358.0)
(337, 69.38613438606262, -278920.47826086957, -36358.0)
(338, 69.66938471794128, -278920.47826086957, -36358.0)
(339, 69.95311617851257, -248663.69565217392, -36358.0)
(340, 70.32218790054321, -248663.69565217392, -36358.0)
(341, 70.75714802742004, -248663.69565217392, -36358.0)
(342, 71.06443333625793, -229579.8260869565, -36358.0)
(343, 71.41289687156677, -229579.8260869565, -36358.0)
(344, 71.71891379356384, -218309.30952380953, -36358.0)
(345, 72.12150931358337, -184993.51587301586, -36358.0)
(346, 72.45978331565857, -157741.75, -36358.0)
(347, 72.87531328201294, -132396.76388888888, -36358.0)
(348, 73.1814067363739, -132396.76388888888, -36358.0)
(349, 73.50977063179016, -107421.54166666667, -36358.0)
(350, 73.77126574516296, -107421.54166666667, -36358.0)
(351, 74.06931281089783, -107421.54166666667, -36358.0)
(352, 74.37619256973267, -107421.54166666667, -36358.0)
(353, 74.66819643974304, -107421.54166666667, -36358.0)
(354, 75.03206896781921, -107421.54166666667, -36358.0)
(355, 75.35555815696716, -107421.54166666667, -36358.0)
(356, 75.7332353591919, -107421.54166666667, -36358.0)
(357, 76.17947673797607, -107421.54166666667, -36358.0)
(358, 76.52149987220764, -107421.54166666667, -36358.0)
(359, 76.94240522384644, -107421.54166666666, -36358.0)
(360, 77.41300082206726, -107421.54166666666, -36358.0)
(361, 77.66955423355103, -107421.54166666666, -36358.0)
(362, 78.28055334091187, -107421.54166666666, -36358.0)
(363, 79.13513255119324, -107421.54166666666, -36358.0)
(364, 80.28765416145325, -107421.54166666666, -36358.0)
(365, 81.13705825805664, -107421.54166666666, -36358.0)
(366, 82.16160249710083, -107421.54166666666, -36358.0)
(367, 83.5703911781311, -107421.54166666666, -36358.0)
(368, 84.82023310661316, -107421.54166666666, -36358.0)
(369, 86.30877161026001, -107421.54166666666, -36358.0)
(370, 87.25613451004028, -107421.54166666666, -36358.0)
(371, 88.7590959072113, -107421.54166666666, -36358.0)
(372, 90.88204002380371, -107421.54166666666, -36358.0)
(373, 92.65926814079285, -107421.54166666666, -36358.0)
(374, 94.52978825569153, -107421.54166666666, -36358.0)
(375, 100.36854815483093, -92543.55555555558, -83857.88888888893)
(376, 100.82406258583069, -84507.66666666664, -83883.33333333334)
(377, 101.21434617042542, -83947.625, -83885.70833333331)
(378, 101.59632110595703, -83893.86666666665, -83893.86666666662)
(379, 101.89507460594177, -83893.86666666665, -83893.86666666662)
