(1, 0.04996848106384277, -440080.0, -29809.0)
(2, 0.1022024154663086, -209103.91048060372, -29809.0)
(3, 0.15105319023132324, -149405.7701118686, -29809.0)
(4, 0.20245909690856934, -112550.60106635393, -29809.0)
(5, 0.27855539321899414, -85341.03750152564, -29809.0)
(6, 0.3587005138397217, -65722.22145184272, -29809.0)
(7, 0.456432580947876, -55761.69481961751, -29809.0)
(8, 0.5572431087493896, -55761.69481961751, -29809.0)
(9, 0.6738505363464355, -49534.91043195577, -44798.719662556796)
(10, 0.801541805267334, -47624.45349615375, -44844.21604055852)
(11, 0.9465823173522949, -46084.408498407676, -44892.92019804863)
(12, 1.1103911399841309, -45408.505521350264, -44907.38504935424)
(13, 1.283886194229126, -45156.46926474524, -44916.592242243205)
(14, 1.4413154125213623, -45035.93006164545, -44923.023640661944)
(15, 1.6150903701782227, -44965.778419349976, -44930.21139866239)
(16, 1.7814064025878906, -44945.0130236127, -44931.64624511082)
(17, 1.958606243133545, -44939.28471825162, -44932.24878148563)
(18, 2.130000352859497, -44939.28471825162, -44933.415654135104)
(19, 2.315826654434204, -44935.28786898353, -44933.57493358338)
(20, 2.4988434314727783, -44934.0888142034, -44933.57493358338)
(21, 2.7030744552612305, -44933.729097769574, -44933.57493358338)
(22, 2.879956007003784, -44933.62118283869, -44933.57493358338)
(23, 3.0699925422668457, -44933.588808366716, -44933.57493358338)
(24, 3.253854751586914, -44933.57909601799, -44933.57493358337)
