(1, 0.05009293556213379, -195575.0, -13866.0)
(2, 0.1076052188873291, -98346.74041518611, -13866.0)
(3, 0.15761494636535645, -57407.999511481685, -13866.0)
(4, 0.20935416221618652, -39283.031256755974, -13866.0)
(5, 0.2630503177642822, -26868.018559101234, -13866.0)
(6, 0.32152509689331055, -21609.02519683116, -13866.0)
(7, 0.38440871238708496, -18638.04720266745, -13866.0)
(8, 0.461118221282959, -17241.297606061453, -13866.0)
(9, 0.547738790512085, -15388.643890143336, -14061.0)
(10, 0.6378765106201172, -14706.393167042843, -14414.0)
(11, 0.7237708568572998, -14524.999371638049, -14414.0)
(12, 0.8105652332305908, -14473.19981149124, -14451.0)
(13, 0.8949363231658936, -14457.659943446564, -14451.0)
(14, 0.9771878719329834, -14453.009449379118, -14451.0)
(15, 1.0633955001831055, -14451.602834812446, -14451.0)
(16, 1.153815746307373, -14451.180850440345, -14451.0)
(17, 1.2433366775512695, -14451.054255131903, -14451.0)
(18, 1.3535687923431396, -14451.016274132146, -14451.0)
