(1, 0.033139705657958984, -316363.0, -27929.0)
(2, 0.06467604637145996, -307728.21428571426, -27929.0)
(3, 0.09676885604858398, -294977.95238095237, -27929.0)
(4, 0.12865304946899414, -294977.95238095237, -27929.0)
(5, 0.16063570976257324, -294977.95238095237, -27929.0)
(6, 0.19237923622131348, -294977.95238095237, -27929.0)
(7, 0.22442054748535156, -294977.95238095237, -27929.0)
(8, 0.2568356990814209, -294977.95238095237, -27929.0)
(9, 0.28870534896850586, -294977.95238095237, -27929.0)
(10, 0.3207588195800781, -294977.95238095237, -27929.0)
(11, 0.3527083396911621, -294977.95238095237, -27929.0)
(12, 0.3851931095123291, -294977.95238095237, -27929.0)
(13, 0.41616034507751465, -294977.95238095237, -27929.0)
(14, 0.44658875465393066, -294977.95238095237, -27929.0)
(15, 0.4767773151397705, -294977.95238095237, -27929.0)
(16, 0.5077412128448486, -294977.95238095237, -27929.0)
(17, 0.5381314754486084, -294977.95238095237, -27929.0)
(18, 0.5684988498687744, -294977.95238095237, -27929.0)
(19, 0.5993325710296631, -294977.95238095237, -27929.0)
(20, 0.6311774253845215, -294977.95238095237, -27929.0)
(21, 0.6619508266448975, -294977.95238095237, -27929.0)
(22, 0.6941025257110596, -294977.95238095237, -27929.0)
(23, 0.7263855934143066, -294977.95238095237, -27929.0)
(24, 0.7588939666748047, -294977.95238095237, -27929.0)
(25, 0.7912750244140625, -273889.8888888889, -27929.0)
(26, 0.8247485160827637, -273889.8888888889, -27929.0)
(27, 0.8576500415802002, -273889.8888888889, -27929.0)
(28, 0.8921551704406738, -273889.8888888889, -27929.0)
(29, 0.926609992980957, -273889.8888888889, -27929.0)
(30, 0.9602537155151367, -273889.8888888889, -27929.0)
(31, 0.9935557842254639, -273889.8888888889, -27929.0)
(32, 1.027275562286377, -273889.8888888889, -27929.0)
(33, 1.0617647171020508, -273889.8888888889, -27929.0)
(34, 1.0954372882843018, -273889.8888888889, -27929.0)
(35, 1.1296062469482422, -273889.8888888889, -27929.0)
(36, 1.1637234687805176, -273889.8888888889, -27929.0)
(37, 1.1964566707611084, -273889.8888888889, -27929.0)
(38, 1.2306461334228516, -273889.8888888889, -27929.0)
(39, 1.2635865211486816, -273889.8888888889, -27929.0)
(40, 1.2972662448883057, -273889.8888888889, -27929.0)
(41, 1.331519603729248, -273889.8888888889, -27929.0)
(42, 1.3677690029144287, -255163.76495726497, -27929.0)
(43, 1.4061305522918701, -255163.76495726497, -27929.0)
(44, 1.441985845565796, -255163.76495726497, -27929.0)
(45, 1.4785723686218262, -255163.76495726497, -27929.0)
(46, 1.5132646560668945, -255163.76495726497, -27929.0)
(47, 1.5481064319610596, -255163.76495726497, -27929.0)
(48, 1.581756353378296, -255163.76495726497, -27929.0)
(49, 1.6162502765655518, -255163.76495726497, -27929.0)
(50, 1.6483912467956543, -255163.76495726497, -27929.0)
(51, 1.6851699352264404, -255163.76495726497, -27929.0)
(52, 1.7187199592590332, -255163.76495726497, -27929.0)
(53, 1.7556252479553223, -255163.76495726497, -27929.0)
(54, 1.7898318767547607, -255163.76495726497, -27929.0)
(55, 1.824723482131958, -255163.76495726497, -27929.0)
(56, 1.8585760593414307, -255163.76495726497, -27929.0)
(57, 1.893486499786377, -255163.76495726497, -27929.0)
(58, 1.9335641860961914, -255163.76495726497, -27929.0)
(59, 1.9733495712280273, -255163.76495726497, -27929.0)
(60, 2.0103373527526855, -255163.76495726497, -27929.0)
(61, 2.048846483230591, -255163.76495726497, -27929.0)
(62, 2.085768222808838, -255163.76495726497, -27929.0)
(63, 2.120339870452881, -255163.76495726497, -27929.0)
(64, 2.154151678085327, -255163.76495726497, -27929.0)
(65, 2.1900417804718018, -255163.76495726497, -27929.0)
(66, 2.2292280197143555, -255163.76495726497, -27929.0)
(67, 2.270604133605957, -225682.2314814815, -27929.0)
(68, 2.3090808391571045, -225682.2314814815, -27929.0)
(69, 2.3479273319244385, -225682.2314814815, -27929.0)
(70, 2.3860344886779785, -225682.2314814815, -27929.0)
(71, 2.421734094619751, -225682.2314814815, -27929.0)
(72, 2.463473081588745, -225682.2314814815, -27929.0)
(73, 2.500706672668457, -225682.2314814815, -27929.0)
(74, 2.5368964672088623, -225682.2314814815, -27929.0)
(75, 2.5792908668518066, -225682.2314814815, -27929.0)
(76, 2.620161771774292, -225682.2314814815, -27929.0)
(77, 2.6604766845703125, -225682.2314814815, -27929.0)
(78, 2.699662446975708, -225682.2314814815, -27929.0)
(79, 2.737424373626709, -225682.2314814815, -27929.0)
(80, 2.7759907245635986, -225682.2314814815, -27929.0)
(81, 2.8114078044891357, -225682.2314814815, -27929.0)
(82, 2.8520264625549316, -225682.2314814815, -27929.0)
(83, 2.8908729553222656, -225682.2314814815, -27929.0)
(84, 2.9350223541259766, -225682.2314814815, -27929.0)
(85, 2.972538471221924, -225682.2314814815, -27929.0)
(86, 3.015658140182495, -225682.2314814815, -27929.0)
(87, 3.0585854053497314, -225682.2314814815, -27929.0)
(88, 3.0916404724121094, -225682.2314814815, -27929.0)
(89, 3.1304492950439453, -225682.2314814815, -27929.0)
(90, 3.174132823944092, -225682.2314814815, -27929.0)
(91, 3.2170231342315674, -225682.2314814815, -27929.0)
(92, 3.2593014240264893, -225682.2314814815, -27929.0)
(93, 3.299419641494751, -225682.2314814815, -27929.0)
(94, 3.337476968765259, -225682.2314814815, -27929.0)
(95, 3.3736674785614014, -225682.2314814815, -27929.0)
(96, 3.4113497734069824, -225682.2314814815, -27929.0)
(97, 3.4491543769836426, -225682.2314814815, -27929.0)
(98, 3.501224994659424, -225682.2314814815, -27929.0)
(99, 3.5534491539001465, -225682.2314814815, -27929.0)
(100, 3.6035680770874023, -225682.2314814815, -27929.0)
(101, 3.649099826812744, -225682.2314814815, -27929.0)
(102, 3.693695545196533, -225682.2314814815, -27929.0)
(103, 3.7359564304351807, -225682.2314814815, -27929.0)
(104, 3.779385805130005, -225682.2314814815, -27929.0)
(105, 3.8258585929870605, -225682.2314814815, -27929.0)
(106, 3.8684215545654297, -225682.2314814815, -27929.0)
(107, 3.9185431003570557, -225682.2314814815, -27929.0)
(108, 3.9636144638061523, -225682.2314814815, -27929.0)
(109, 4.017696142196655, -225682.2314814815, -27929.0)
(110, 4.072645664215088, -197851.6525313283, -27929.0)
(111, 4.117364168167114, -188714.38787290186, -27929.0)
(112, 4.163623094558716, -188714.38787290186, -27929.0)
(113, 4.210922718048096, -188714.38787290186, -27929.0)
(114, 4.264263868331909, -188714.38787290186, -27929.0)
(115, 4.319336175918579, -188714.38787290186, -27929.0)
(116, 4.366007566452026, -188714.38787290186, -27929.0)
(117, 4.412307977676392, -188714.38787290186, -27929.0)
(118, 4.4620232582092285, -188714.38787290186, -27929.0)
(119, 4.513405799865723, -188714.38787290186, -27929.0)
(120, 4.557788372039795, -188714.38787290186, -27929.0)
(121, 4.601603269577026, -188714.38787290186, -27929.0)
(122, 4.639422655105591, -188714.38787290186, -27929.0)
(123, 4.691256761550903, -188714.38787290186, -27929.0)
(124, 4.73803448677063, -188714.38787290186, -27929.0)
(125, 4.785112380981445, -188714.38787290186, -27929.0)
(126, 4.828148126602173, -188714.38787290186, -27929.0)
(127, 4.871542930603027, -188714.38787290186, -27929.0)
(128, 4.926466703414917, -188714.38787290186, -27929.0)
(129, 4.993092775344849, -188714.38787290186, -27929.0)
(130, 5.0432820320129395, -188714.38787290186, -27929.0)
(131, 5.098316192626953, -188714.38787290186, -27929.0)
(132, 5.161312103271484, -188714.38787290186, -27929.0)
(133, 5.2120654582977295, -188714.38787290186, -27929.0)
(134, 5.270684719085693, -188714.38787290186, -27929.0)
(135, 5.331326484680176, -188714.38787290186, -27929.0)
(136, 5.379133462905884, -188714.38787290186, -27929.0)
(137, 5.440665245056152, -188714.38787290186, -27929.0)
(138, 5.501879453659058, -188714.38787290186, -27929.0)
(139, 5.551915884017944, -188714.38787290186, -27929.0)
(140, 5.614595174789429, -188714.38787290186, -27929.0)
(141, 5.6604838371276855, -188714.38787290186, -27929.0)
(142, 5.7168662548065186, -188714.38787290186, -27929.0)
(143, 5.777485132217407, -188714.38787290186, -27929.0)
(144, 5.827578544616699, -188714.38787290186, -27929.0)
(145, 5.893808126449585, -188714.38787290186, -27929.0)
(146, 5.951695442199707, -188714.38787290186, -27929.0)
(147, 5.989549160003662, -188714.38787290186, -27929.0)
(148, 6.046758413314819, -188714.38787290186, -27929.0)
(149, 6.1091625690460205, -188714.38787290186, -27929.0)
(150, 6.167982339859009, -188714.38787290186, -27929.0)
(151, 6.232475996017456, -188714.38787290186, -27929.0)
(152, 6.28833794593811, -188714.38787290186, -27929.0)
(153, 6.3562469482421875, -188714.38787290186, -27929.0)
(154, 6.428696870803833, -188714.38787290186, -27929.0)
(155, 6.475846767425537, -188714.38787290186, -27929.0)
(156, 6.516496658325195, -188714.38787290186, -27929.0)
(157, 6.572077751159668, -188714.38787290186, -27929.0)
(158, 6.6291258335113525, -188714.38787290186, -27929.0)
(159, 6.685559988021851, -188714.38787290186, -27929.0)
(160, 6.74490761756897, -188714.38787290186, -27929.0)
(161, 6.79289698600769, -188714.38787290186, -27929.0)
(162, 6.851851940155029, -188714.38787290186, -27929.0)
(163, 6.9066855907440186, -188714.38787290186, -27929.0)
(164, 6.962507724761963, -188714.38787290186, -27929.0)
(165, 7.0197649002075195, -188714.38787290186, -27929.0)
(166, 7.077911853790283, -188714.38787290186, -27929.0)
(167, 7.126738786697388, -188714.38787290186, -27929.0)
(168, 7.178178310394287, -188714.38787290186, -27929.0)
(169, 7.245196104049683, -188714.38787290186, -27929.0)
(170, 7.307993173599243, -188714.38787290186, -27929.0)
(171, 7.383274555206299, -188714.38787290186, -27929.0)
(172, 7.441434621810913, -188714.38787290186, -27929.0)
(173, 7.500730991363525, -188714.38787290186, -27929.0)
(174, 7.568577766418457, -188714.38787290186, -27929.0)
(175, 7.625447988510132, -188714.38787290186, -27929.0)
(176, 7.687060117721558, -188714.38787290186, -27929.0)
(177, 7.742785453796387, -188714.38787290186, -27929.0)
(178, 7.814162015914917, -188714.38787290186, -27929.0)
(179, 7.866131782531738, -188714.38787290186, -27929.0)
(180, 7.908086061477661, -188714.38787290186, -27929.0)
(181, 7.9750096797943115, -188714.38787290186, -27929.0)
(182, 8.050764322280884, -188714.38787290186, -27929.0)
(183, 8.095531702041626, -188714.38787290186, -27929.0)
(184, 8.162754535675049, -188714.38787290186, -27929.0)
(185, 8.227525472640991, -188714.38787290186, -27929.0)
(186, 8.293219804763794, -188714.38787290186, -27929.0)
(187, 8.342665910720825, -188714.38787290186, -27929.0)
(188, 8.408071279525757, -188714.38787290186, -27929.0)
(189, 8.472882986068726, -188714.38787290186, -27929.0)
(190, 8.547118663787842, -188714.38787290186, -27929.0)
(191, 8.605677366256714, -188714.38787290186, -27929.0)
(192, 8.673813581466675, -188714.38787290186, -27929.0)
(193, 8.717529535293579, -188714.38787290186, -27929.0)
(194, 8.773687601089478, -188714.38787290186, -27929.0)
(195, 8.827892065048218, -188714.38787290186, -27929.0)
(196, 8.89406418800354, -188714.38787290186, -27929.0)
(197, 8.953931331634521, -188714.38787290186, -27929.0)
(198, 9.035594701766968, -188714.38787290186, -27929.0)
(199, 9.111724853515625, -188714.38787290186, -27929.0)
(200, 9.18234896659851, -188714.38787290186, -27929.0)
(201, 9.256588697433472, -188714.38787290186, -27929.0)
(202, 9.301494121551514, -188714.38787290186, -27929.0)
(203, 9.348077535629272, -188714.38787290186, -27929.0)
(204, 9.392061233520508, -188714.38787290186, -27929.0)
(205, 9.445738315582275, -188714.38787290186, -27929.0)
(206, 9.500357627868652, -188714.38787290186, -27929.0)
(207, 9.55784273147583, -188714.38787290186, -27929.0)
(208, 9.602762937545776, -188714.38787290186, -27929.0)
(209, 9.64489197731018, -188714.38787290186, -27929.0)
(210, 9.72343635559082, -188714.38787290186, -27929.0)
(211, 9.80233120918274, -188714.38787290186, -27929.0)
(212, 9.874135732650757, -188714.38787290186, -27929.0)
(213, 9.918423652648926, -188714.38787290186, -27929.0)
(214, 9.99586272239685, -188714.38787290186, -27929.0)
(215, 10.057158470153809, -188714.38787290186, -27929.0)
(216, 10.139337539672852, -188714.38787290186, -27929.0)
(217, 10.205488681793213, -188714.38787290186, -27929.0)
(218, 10.27192497253418, -188714.38787290186, -27929.0)
(219, 10.346640825271606, -188714.38787290186, -27929.0)
(220, 10.43630313873291, -188714.38787290186, -27929.0)
(221, 10.528324365615845, -188714.38787290186, -27929.0)
(222, 10.609878301620483, -188714.38787290186, -27929.0)
(223, 10.689413785934448, -188714.38787290186, -27929.0)
(224, 10.77428650856018, -188714.38787290186, -27929.0)
(225, 10.836378812789917, -188714.38787290186, -27929.0)
(226, 10.897221326828003, -188714.38787290186, -27929.0)
(227, 10.966981410980225, -188714.38787290186, -27929.0)
(228, 11.038042783737183, -188714.38787290186, -27929.0)
(229, 11.096240758895874, -188714.38787290186, -27929.0)
(230, 11.163450479507446, -188714.38787290186, -27929.0)
(231, 11.247915744781494, -188714.38787290186, -27929.0)
(232, 11.318904399871826, -188714.38787290186, -27929.0)
(233, 11.391113996505737, -188714.38787290186, -27929.0)
(234, 11.49826979637146, -188714.38787290186, -27929.0)
(235, 11.578778743743896, -188714.38787290186, -27929.0)
(236, 11.666395425796509, -188714.38787290186, -27929.0)
(237, 11.75551152229309, -188714.38787290186, -27929.0)
(238, 11.844054222106934, -158935.88775510207, -27929.0)
(239, 11.923240423202515, -158935.88775510207, -27929.0)
(240, 12.008503913879395, -158935.88775510207, -27929.0)
(241, 12.108350276947021, -158935.88775510207, -27929.0)
(242, 12.203184366226196, -158935.88775510207, -27929.0)
(243, 12.259350061416626, -158935.88775510207, -27929.0)
(244, 12.34711742401123, -158935.88775510207, -27929.0)
(245, 12.453096628189087, -158935.88775510207, -27929.0)
(246, 12.549661874771118, -147948.925925926, -27929.0)
(247, 12.624094724655151, -96188.16205531188, -27929.0)
(248, 12.716986894607544, -96188.16205531188, -27929.0)
(249, 12.799179553985596, -96188.16205531188, -27929.0)
(250, 12.887419700622559, -94422.21610845294, -27929.0)
(251, 12.96351957321167, -94422.21610845294, -27929.0)
(252, 13.035717487335205, -94422.21610845294, -27929.0)
(253, 13.106951475143433, -94422.21610845294, -27929.0)
(254, 13.166151523590088, -94422.21610845294, -27929.0)
(255, 13.226090669631958, -94422.21610845294, -27929.0)
(256, 13.295547246932983, -94422.21610845294, -27929.0)
(257, 13.369292497634888, -94422.21610845294, -27929.0)
(258, 13.437199354171753, -94422.21610845294, -27929.0)
(259, 13.5015230178833, -94422.21610845294, -27929.0)
(260, 13.572193145751953, -94422.21610845294, -27929.0)
(261, 13.632415533065796, -94422.21610845294, -27929.0)
(262, 13.711109399795532, -94422.21610845294, -27929.0)
(263, 13.807467699050903, -94422.21610845294, -27929.0)
(264, 13.880963563919067, -94422.21610845294, -27929.0)
(265, 13.964056253433228, -94422.21610845294, -27929.0)
(266, 14.066184520721436, -94422.21610845294, -27929.0)
(267, 14.140642404556274, -94422.21610845294, -27929.0)
(268, 14.21134638786316, -94422.21610845294, -27929.0)
(269, 14.280538320541382, -94422.21610845294, -27929.0)
(270, 14.36781907081604, -94422.21610845294, -27929.0)
(271, 14.438408613204956, -94422.21610845294, -27929.0)
(272, 14.543570041656494, -94422.21610845294, -27929.0)
(273, 14.660317182540894, -94422.21610845294, -27929.0)
(274, 14.737967014312744, -94422.21610845294, -27929.0)
(275, 14.829225301742554, -94422.21610845294, -27929.0)
(276, 14.905725479125977, -94422.21610845294, -27929.0)
(277, 14.9858717918396, -94422.21610845294, -27929.0)
(278, 15.077961206436157, -94422.21610845294, -27929.0)
(279, 15.15634799003601, -94422.21610845294, -27929.0)
(280, 15.231897592544556, -94422.21610845294, -27929.0)
(281, 15.317041158676147, -94422.21610845294, -27929.0)
(282, 15.384780883789062, -94422.21610845294, -27929.0)
(283, 15.462448120117188, -94422.21610845294, -27929.0)
(284, 15.53933072090149, -94422.21610845294, -27929.0)
(285, 15.63655710220337, -94422.21610845294, -27929.0)
(286, 15.73029899597168, -94422.21610845294, -27929.0)
(287, 15.828818082809448, -94422.21610845294, -27929.0)
(288, 15.92714238166809, -94422.21610845294, -27929.0)
(289, 16.03094506263733, -94422.21610845294, -27929.0)
(290, 16.138567686080933, -94422.21610845294, -27929.0)
(291, 16.228241443634033, -94422.21610845294, -27929.0)
(292, 16.33435893058777, -94422.21610845294, -27929.0)
(293, 16.422090530395508, -94422.21610845294, -27929.0)
(294, 16.52358603477478, -94422.21610845294, -27929.0)
(295, 16.645508766174316, -94422.21610845294, -27929.0)
(296, 16.75412368774414, -94422.21610845294, -27929.0)
(297, 16.842313766479492, -94422.21610845294, -27929.0)
(298, 16.94194459915161, -94422.21610845294, -27929.0)
(299, 17.02069091796875, -94422.21610845294, -27929.0)
(300, 17.11256241798401, -94422.21610845294, -27929.0)
(301, 17.191336154937744, -94422.21610845294, -27929.0)
(302, 17.314650058746338, -94422.21610845294, -27929.0)
(303, 17.4395534992218, -94422.21610845294, -27929.0)
(304, 17.593505382537842, -94422.21610845294, -27929.0)
(305, 17.72589421272278, -94422.21610845294, -27929.0)
(306, 17.851872205734253, -94422.21610845294, -27929.0)
(307, 17.96683168411255, -94422.21610845294, -27929.0)
(308, 18.089004039764404, -94422.21610845294, -27929.0)
(309, 18.195252418518066, -94422.21610845294, -27929.0)
(310, 18.324305295944214, -94422.21610845294, -27929.0)
(311, 18.46751594543457, -85742.0, -27929.0)
(312, 18.65664029121399, -85742.0, -27929.0)
(313, 18.812609910964966, -81994.72000000002, -27929.0)
(314, 18.97231411933899, -81994.72000000002, -27929.0)
(315, 19.087552309036255, -81994.72000000002, -27929.0)
(316, 19.244725704193115, -78959.39860139861, -27929.0)
(317, 19.394638776779175, -74577.46341463414, -27929.0)
(318, 19.6235134601593, -74008.71627860163, -27929.0)
(319, 19.84672236442566, -70783.00251083932, -27929.0)
(320, 20.178570985794067, -69935.42002823536, -27929.0)
(321, 20.403435230255127, -67759.49014948827, -27929.0)
(322, 20.7572979927063, -67759.49014948827, -27929.0)
(323, 21.055589199066162, -66179.62342625902, -27929.0)
(324, 21.31641125679016, -65154.38023578196, -27929.0)
(325, 21.563976049423218, -64688.0362885049, -27929.0)
(326, 21.817482709884644, -63284.758222677505, -27929.0)
(327, 22.114359855651855, -62218.206989653256, -27929.0)
(328, 22.37711787223816, -61270.358181311276, -27929.0)
(329, 22.654942750930786, -59694.922638194366, -27929.0)
(330, 22.919005632400513, -59694.922638194366, -27929.0)
(331, 23.244558572769165, -57791.9128930114, -27929.0)
(332, 23.51540780067444, -55966.57451994813, -27929.0)
(333, 23.823907136917114, -55899.9944760275, -27929.0)
(334, 24.119096040725708, -54866.57738357507, -27929.0)
(335, 24.382550477981567, -54486.05503561134, -27929.0)
(336, 24.708364248275757, -53483.65214069106, -27929.0)
(337, 25.07586979866028, -53285.136459711845, -27929.0)
(338, 25.30700421333313, -40576.091163149285, -40570.967331598746)
(339, 25.375478506088257, -40573.22741328673, -40571.53061967523)
(340, 25.43606448173523, -40572.688266008445, -40571.603786330365)
(341, 25.497088193893433, -40571.973079954616, -40571.65913727493)
(342, 25.548991918563843, -40571.659371282854, -40571.659371282854)
(343, 25.596033334732056, -40571.659371282854, -40571.65937128284)
