(1, 0.019283056259155273, -100088.0, -17812.0)
(2, 0.036794424057006836, -98425.10344827586, -17812.0)
(3, 0.05446767807006836, -96302.22222222222, -17812.0)
(4, 0.07152223587036133, -74317.14814814815, -17812.0)
(5, 0.09050607681274414, -74317.14814814815, -17812.0)
(6, 0.10766243934631348, -74317.14814814815, -17812.0)
(7, 0.125, -74317.14814814815, -17812.0)
(8, 0.1416313648223877, -74317.14814814815, -17812.0)
(9, 0.1588602066040039, -74317.14814814815, -17812.0)
(10, 0.17549991607666016, -74317.14814814815, -17812.0)
(11, 0.1922471523284912, -74317.14814814815, -17812.0)
(12, 0.20859861373901367, -74317.14814814815, -17812.0)
(13, 0.22456049919128418, -74317.14814814815, -17812.0)
(14, 0.24059677124023438, -74317.14814814815, -17812.0)
(15, 0.2564971446990967, -74317.14814814815, -17812.0)
(16, 0.27243828773498535, -74317.14814814815, -17812.0)
(17, 0.2881343364715576, -74317.14814814815, -17812.0)
(18, 0.3061339855194092, -42471.14285714286, -17812.0)
(19, 0.3224525451660156, -42471.14285714286, -17812.0)
(20, 0.33893680572509766, -42471.14285714286, -17812.0)
(21, 0.35494089126586914, -42471.14285714286, -17812.0)
(22, 0.37165331840515137, -42471.14285714286, -17812.0)
(23, 0.3874063491821289, -42471.14285714286, -17812.0)
(24, 0.4039487838745117, -42471.14285714286, -17812.0)
(25, 0.42160701751708984, -42471.14285714286, -17812.0)
(26, 0.43850016593933105, -42471.14285714286, -17812.0)
(27, 0.4561941623687744, -42471.14285714286, -17812.0)
(28, 0.4730415344238281, -42471.14285714286, -17812.0)
(29, 0.49152565002441406, -42471.14285714286, -17812.0)
(30, 0.5093784332275391, -42471.14285714286, -17812.0)
(31, 0.5259125232696533, -32329.0, -17812.0)
(32, 0.5432226657867432, -32329.0, -17812.0)
(33, 0.5594091415405273, -25320.0, -17812.0)
(34, 0.5776174068450928, -25320.0, -17812.0)
(35, 0.5935218334197998, -25320.0, -17812.0)
(36, 0.6081454753875732, -25320.0, -17812.0)
(37, 0.6230778694152832, -25123.0, -17812.0)
(38, 0.6379377841949463, -25123.0, -17812.0)
(39, 0.6527612209320068, -25123.0, -17812.0)
(40, 0.6675364971160889, -24493.0, -17812.0)
(41, 0.6824102401733398, -23798.0, -17812.0)
(42, 0.6972033977508545, -23798.0, -17812.0)
(43, 0.7119991779327393, -23798.0, -17812.0)
(44, 0.7267632484436035, -23798.0, -17812.0)
(45, 0.7415854930877686, -23798.0, -17812.0)
(46, 0.7564475536346436, -23798.0, -17812.0)
(47, 0.7713544368743896, -23798.0, -17812.0)
(48, 0.7867608070373535, -23798.0, -17812.0)
(49, 0.8018639087677002, -23798.0, -17812.0)
(50, 0.8169102668762207, -23798.0, -17812.0)
(51, 0.8344857692718506, -23645.5, -17812.0)
(52, 0.8518176078796387, -23645.5, -17812.0)
(53, 0.8676066398620605, -22730.0, -17812.0)
(54, 0.8824934959411621, -22730.0, -17812.0)
(55, 0.8976116180419922, -22730.0, -17812.0)
(56, 0.9129815101623535, -22730.0, -17812.0)
(57, 0.9282076358795166, -21734.0, -17812.0)
(58, 0.9432830810546875, -21428.0, -17812.0)
(59, 0.9631772041320801, -21428.0, -17812.0)
(60, 0.9833276271820068, -19620.0, -19620.0)
(61, 1.0001497268676758, -19620.0, -19620.0)
