(1, 0.014587640762329102, -51167.0, -10950.0)
(2, 0.02846240997314453, -49527.27777777778, -10950.0)
(3, 0.04249405860900879, -48067.666666666664, -10950.0)
(4, 0.056288719177246094, -48067.666666666664, -10950.0)
(5, 0.06989693641662598, -48067.666666666664, -10950.0)
(6, 0.08376455307006836, -48067.666666666664, -10950.0)
(7, 0.09782528877258301, -48067.666666666664, -10950.0)
(8, 0.11158108711242676, -48067.666666666664, -10950.0)
(9, 0.12559175491333008, -48067.666666666664, -10950.0)
(10, 0.1395583152770996, -48067.666666666664, -10950.0)
(11, 0.15322470664978027, -48067.666666666664, -10950.0)
(12, 0.16727066040039062, -48067.666666666664, -10950.0)
(13, 0.18122172355651855, -48067.666666666664, -10950.0)
(14, 0.19450736045837402, -48067.666666666664, -10950.0)
(15, 0.20784449577331543, -48067.666666666664, -10950.0)
(16, 0.2212982177734375, -48067.666666666664, -10950.0)
(17, 0.23482656478881836, -48067.666666666664, -10950.0)
(18, 0.24887752532958984, -48067.666666666664, -10950.0)
(19, 0.2625102996826172, -48067.666666666664, -10950.0)
(20, 0.27628540992736816, -48067.666666666664, -10950.0)
(21, 0.28969645500183105, -48067.666666666664, -10950.0)
(22, 0.30367541313171387, -44715.0, -10950.0)
(23, 0.3178722858428955, -33958.73214285714, -10950.0)
(24, 0.33321237564086914, -33958.73214285714, -10950.0)
(25, 0.3477954864501953, -33958.73214285714, -10950.0)
(26, 0.361478328704834, -33958.73214285714, -10950.0)
(27, 0.37644171714782715, -33958.73214285714, -10950.0)
(28, 0.39026403427124023, -33958.73214285714, -10950.0)
(29, 0.40394091606140137, -33958.73214285714, -10950.0)
(30, 0.4179201126098633, -33958.73214285714, -10950.0)
(31, 0.43129515647888184, -33958.73214285714, -10950.0)
(32, 0.44379377365112305, -33958.73214285714, -10950.0)
(33, 0.45650434494018555, -33958.73214285714, -10950.0)
(34, 0.4706227779388428, -33958.73214285714, -10950.0)
(35, 0.4844696521759033, -33958.73214285714, -10950.0)
(36, 0.4991757869720459, -33958.73214285714, -10950.0)
(37, 0.5130338668823242, -33958.73214285714, -10950.0)
(38, 0.529010534286499, -33958.73214285714, -10950.0)
(39, 0.5447065830230713, -27120.46153846154, -10950.0)
(40, 0.5588524341583252, -27120.46153846154, -10950.0)
(41, 0.574714183807373, -27120.46153846154, -10950.0)
(42, 0.5886449813842773, -27120.46153846154, -10950.0)
(43, 0.6028342247009277, -27120.46153846154, -10950.0)
(44, 0.6178381443023682, -27120.46153846154, -10950.0)
(45, 0.6328277587890625, -27120.46153846154, -10950.0)
(46, 0.6454322338104248, -27120.46153846154, -10950.0)
(47, 0.6593928337097168, -27120.46153846154, -10950.0)
(48, 0.673443078994751, -27120.46153846154, -10950.0)
(49, 0.686168909072876, -27120.46153846154, -10950.0)
(50, 0.7006936073303223, -27120.46153846154, -10950.0)
(51, 0.7162861824035645, -27120.46153846154, -10950.0)
(52, 0.7324874401092529, -27120.46153846154, -10950.0)
(53, 0.7493200302124023, -27120.46153846154, -10950.0)
(54, 0.7668304443359375, -27120.46153846154, -10950.0)
(55, 0.78645920753479, -27120.46153846154, -10950.0)
(56, 0.8013510704040527, -27120.46153846154, -10950.0)
(57, 0.8167786598205566, -27120.46153846154, -10950.0)
(58, 0.8310115337371826, -27120.46153846154, -10950.0)
(59, 0.8452589511871338, -27120.46153846154, -10950.0)
(60, 0.8618602752685547, -27120.46153846154, -10950.0)
(61, 0.8843090534210205, -26559.611111111117, -10950.0)
(62, 0.906121015548706, -25236.833333333332, -10950.0)
(63, 0.9255683422088623, -23456.44444444444, -10950.0)
(64, 0.9448337554931641, -22403.75, -10950.0)
(65, 0.9668166637420654, -21821.833333333332, -10950.0)
(66, 0.9862825870513916, -21521.357142857145, -10950.0)
(67, 1.0056471824645996, -19753.125, -10950.0)
(68, 1.025932788848877, -19171.134556574925, -10950.0)
(69, 1.047398328781128, -18067.04, -10950.0)
(70, 1.0675313472747803, -18067.04, -10950.0)
(71, 1.088824987411499, -14057.166666666668, -14050.583333333332)
(72, 1.104933261871338, -14050.583333333332, -14050.583333333332)
(73, 1.121096134185791, -14050.583333333332, -14050.583333333334)
