(1, 0.18972563743591309, -350905.0, -78858.0)
(2, 0.3325176239013672, -350905.0, -78858.0)
(3, 0.48514699935913086, -350905.0, -78858.0)
(4, 0.6553950309753418, -350905.0, -78858.0)
(5, 0.826000452041626, -350905.0, -78858.0)
(6, 0.9936192035675049, -350905.0, -78858.0)
(7, 1.15545654296875, -350905.0, -78858.0)
(8, 1.3184466361999512, -350905.0, -78858.0)
(9, 1.461536169052124, -350905.0, -78858.0)
(10, 1.6026127338409424, -350905.0, -78858.0)
(11, 1.754533290863037, -350905.0, -78858.0)
(12, 1.9108169078826904, -350905.0, -78858.0)
(13, 2.070873498916626, -350905.0, -78858.0)
(14, 2.2287120819091797, -350905.0, -78858.0)
(15, 2.3874170780181885, -350905.0, -78858.0)
(16, 2.539543867111206, -350905.0, -78858.0)
(17, 2.710763454437256, -350905.0, -78858.0)
(18, 2.882103443145752, -350905.0, -78858.0)
(19, 3.0379281044006348, -350905.0, -78858.0)
(20, 3.1866934299468994, -350905.0, -78858.0)
(21, 3.3423423767089844, -350905.0, -78858.0)
(22, 3.489208459854126, -350905.0, -78858.0)
(23, 3.642707109451294, -350905.0, -78858.0)
(24, 3.8011157512664795, -350905.0, -78858.0)
(25, 3.9520115852355957, -350905.0, -78858.0)
(26, 4.110265016555786, -350905.0, -78858.0)
(27, 4.267484903335571, -350905.0, -78858.0)
(28, 4.4288506507873535, -350905.0, -78858.0)
(29, 4.591000080108643, -350905.0, -78858.0)
(30, 4.747652053833008, -350905.0, -78858.0)
(31, 4.909399509429932, -350905.0, -78858.0)
(32, 5.065764665603638, -350905.0, -78858.0)
(33, 5.218265533447266, -350905.0, -78858.0)
(34, 5.376089811325073, -350905.0, -78858.0)
(35, 5.529513120651245, -350905.0, -78858.0)
(36, 5.696944236755371, -350905.0, -78858.0)
(37, 5.853979110717773, -350905.0, -78858.0)
(38, 6.009442090988159, -350905.0, -78858.0)
(39, 6.1673266887664795, -350905.0, -78858.0)
(40, 6.3312060832977295, -350905.0, -78858.0)
(41, 6.497791290283203, -350905.0, -78858.0)
(42, 6.653104305267334, -350905.0, -78858.0)
(43, 6.82191014289856, -350905.0, -78858.0)
(44, 6.974270820617676, -350905.0, -78858.0)
(45, 7.136756181716919, -350905.0, -78858.0)
(46, 7.282118558883667, -350905.0, -78858.0)
(47, 7.442582845687866, -350905.0, -78858.0)
(48, 7.599115371704102, -350905.0, -78858.0)
(49, 7.76988673210144, -350905.0, -78858.0)
(50, 7.931540250778198, -350905.0, -78858.0)
(51, 8.094098329544067, -350905.0, -78858.0)
(52, 8.251983165740967, -350905.0, -78858.0)
(53, 8.413286447525024, -350905.0, -78858.0)
(54, 8.579349040985107, -350905.0, -78858.0)
(55, 8.749332904815674, -350905.0, -78858.0)
(56, 8.908710718154907, -350905.0, -78858.0)
(57, 9.075997114181519, -350905.0, -78858.0)
(58, 9.238288879394531, -350905.0, -78858.0)
(59, 9.396526098251343, -350905.0, -78858.0)
(60, 9.565954208374023, -350905.0, -78858.0)
(61, 9.732315063476562, -350905.0, -78858.0)
(62, 9.894833326339722, -350905.0, -78858.0)
(63, 10.06952166557312, -350905.0, -78858.0)
(64, 10.249653816223145, -350905.0, -78858.0)
(65, 10.432230949401855, -350905.0, -78858.0)
(66, 10.595582962036133, -350905.0, -78858.0)
(67, 10.743945837020874, -350905.0, -78858.0)
(68, 10.911255836486816, -350905.0, -78858.0)
(69, 11.080969095230103, -350905.0, -78858.0)
(70, 11.253979444503784, -350905.0, -78858.0)
(71, 11.419900894165039, -350905.0, -78858.0)
(72, 11.589740514755249, -350905.0, -78858.0)
(73, 11.762260675430298, -350905.0, -78858.0)
(74, 11.926021814346313, -350905.0, -78858.0)
(75, 12.08740496635437, -350905.0, -78858.0)
(76, 12.25718092918396, -350905.0, -78858.0)
(77, 12.422868251800537, -350905.0, -78858.0)
(78, 12.589851140975952, -350905.0, -78858.0)
(79, 12.757431268692017, -350905.0, -78858.0)
(80, 12.918269634246826, -350905.0, -78858.0)
(81, 13.083968877792358, -350905.0, -78858.0)
(82, 13.251094579696655, -350905.0, -78858.0)
(83, 13.416598558425903, -350905.0, -78858.0)
(84, 13.582571506500244, -350905.0, -78858.0)
(85, 13.743555784225464, -350905.0, -78858.0)
(86, 13.911005020141602, -350905.0, -78858.0)
(87, 14.084673404693604, -350905.0, -78858.0)
(88, 14.261210680007935, -350905.0, -78858.0)
(89, 14.426491975784302, -350905.0, -78858.0)
(90, 14.585116863250732, -350905.0, -78858.0)
(91, 14.753674507141113, -350905.0, -78858.0)
(92, 14.920644760131836, -350905.0, -78858.0)
(93, 15.089158773422241, -350905.0, -78858.0)
(94, 15.25708556175232, -350905.0, -78858.0)
(95, 15.424935579299927, -350905.0, -78858.0)
(96, 15.594342470169067, -350905.0, -78858.0)
(97, 15.779654264450073, -350905.0, -78858.0)
(98, 15.969409704208374, -350905.0, -78858.0)
(99, 16.145280361175537, -350905.0, -78858.0)
(100, 16.316062450408936, -350905.0, -78858.0)
(101, 16.486652851104736, -350905.0, -78858.0)
(102, 16.654401540756226, -350905.0, -78858.0)
(103, 16.818323135375977, -350905.0, -78858.0)
(104, 16.987544775009155, -350905.0, -78858.0)
(105, 17.154074668884277, -350905.0, -78858.0)
(106, 17.32118320465088, -350905.0, -78858.0)
(107, 17.520143270492554, -341931.193615185, -78858.0)
(108, 17.697851419448853, -341931.193615185, -78858.0)
(109, 17.885717630386353, -341931.193615185, -78858.0)
(110, 18.102968454360962, -341931.193615185, -78858.0)
(111, 18.286794662475586, -341931.193615185, -78858.0)
(112, 18.470531225204468, -341931.193615185, -78858.0)
(113, 18.657028198242188, -341931.193615185, -78858.0)
(114, 18.83789873123169, -341931.193615185, -78858.0)
(115, 19.021816730499268, -341931.193615185, -78858.0)
(116, 19.19495964050293, -341931.193615185, -78858.0)
(117, 19.374948501586914, -341931.193615185, -78858.0)
(118, 19.549219369888306, -341931.193615185, -78858.0)
(119, 19.74520492553711, -341931.193615185, -78858.0)
(120, 19.92434597015381, -341931.193615185, -78858.0)
(121, 20.12715792655945, -341931.193615185, -78858.0)
(122, 20.32900047302246, -341931.193615185, -78858.0)
(123, 20.527161598205566, -341931.193615185, -78858.0)
(124, 20.73529314994812, -341931.193615185, -78858.0)
(125, 20.915786266326904, -341931.193615185, -78858.0)
(126, 21.09963059425354, -341931.193615185, -78858.0)
(127, 21.28967833518982, -341931.193615185, -78858.0)
(128, 21.47807478904724, -341931.193615185, -78858.0)
(129, 21.66458249092102, -341931.193615185, -78858.0)
(130, 21.83776593208313, -341931.193615185, -78858.0)
(131, 22.007090091705322, -341931.193615185, -78858.0)
(132, 22.204294443130493, -341931.193615185, -78858.0)
(133, 22.395108222961426, -341931.193615185, -78858.0)
(134, 22.57699203491211, -341931.193615185, -78858.0)
(135, 22.765024185180664, -341931.193615185, -78858.0)
(136, 22.95656967163086, -341931.193615185, -78858.0)
(137, 23.142509698867798, -341931.193615185, -78858.0)
(138, 23.3274986743927, -341931.193615185, -78858.0)
(139, 23.517109394073486, -341931.193615185, -78858.0)
(140, 23.708977699279785, -341931.193615185, -78858.0)
(141, 23.898342609405518, -341931.193615185, -78858.0)
(142, 24.094165086746216, -341931.193615185, -78858.0)
(143, 24.28218698501587, -341931.193615185, -78858.0)
(144, 24.45747995376587, -341931.193615185, -78858.0)
(145, 24.658095359802246, -341931.193615185, -78858.0)
(146, 24.85008668899536, -341931.193615185, -78858.0)
(147, 25.042523860931396, -341931.193615185, -78858.0)
(148, 25.222050428390503, -341931.193615185, -78858.0)
(149, 25.411537885665894, -341931.193615185, -78858.0)
(150, 25.594017028808594, -341931.193615185, -78858.0)
(151, 25.78680157661438, -341931.193615185, -78858.0)
(152, 25.958793878555298, -341931.193615185, -78858.0)
(153, 26.145738124847412, -341931.193615185, -78858.0)
(154, 26.322821378707886, -341931.193615185, -78858.0)
(155, 26.498064517974854, -341931.193615185, -78858.0)
(156, 26.675559043884277, -341931.193615185, -78858.0)
(157, 26.86289930343628, -341931.193615185, -78858.0)
(158, 27.049943685531616, -341931.193615185, -78858.0)
(159, 27.229726791381836, -341931.193615185, -78858.0)
(160, 27.41567349433899, -341931.193615185, -78858.0)
(161, 27.595589876174927, -341931.193615185, -78858.0)
(162, 27.779696941375732, -341931.193615185, -78858.0)
(163, 27.957603931427002, -341931.193615185, -78858.0)
(164, 28.118728637695312, -341931.193615185, -78858.0)
(165, 28.289191722869873, -341931.193615185, -78858.0)
(166, 28.46517825126648, -341931.193615185, -78858.0)
(167, 28.655072927474976, -341931.193615185, -78858.0)
(168, 28.85267186164856, -341931.193615185, -78858.0)
(169, 29.031811952590942, -341931.193615185, -78858.0)
(170, 29.2063467502594, -341931.193615185, -78858.0)
(171, 29.371036052703857, -341931.193615185, -78858.0)
(172, 29.551053047180176, -341931.193615185, -78858.0)
(173, 29.726617097854614, -341931.193615185, -78858.0)
(174, 29.899951457977295, -341931.193615185, -78858.0)
(175, 30.098462104797363, -341931.193615185, -78858.0)
(176, 30.27455711364746, -341931.193615185, -78858.0)
(177, 30.453432321548462, -341931.193615185, -78858.0)
(178, 30.629302501678467, -341931.193615185, -78858.0)
(179, 30.815776348114014, -341931.193615185, -78858.0)
(180, 31.0032217502594, -341931.193615185, -78858.0)
(181, 31.17182183265686, -341931.193615185, -78858.0)
(182, 31.35474967956543, -341931.193615185, -78858.0)
(183, 31.550057411193848, -341931.193615185, -78858.0)
(184, 31.720460891723633, -341931.193615185, -78858.0)
(185, 31.917144060134888, -341931.193615185, -78858.0)
(186, 32.14138174057007, -329064.72032306844, -78858.0)
(187, 32.34565258026123, -329064.72032306844, -78858.0)
(188, 32.539543867111206, -329064.72032306844, -78858.0)
(189, 32.73732280731201, -329064.72032306844, -78858.0)
(190, 32.946282386779785, -329064.72032306844, -78858.0)
(191, 33.15425157546997, -329064.72032306844, -78858.0)
(192, 33.34179353713989, -329064.72032306844, -78858.0)
(193, 33.55896544456482, -329064.72032306844, -78858.0)
(194, 33.76670813560486, -329064.72032306844, -78858.0)
(195, 33.9439492225647, -329064.72032306844, -78858.0)
(196, 34.13485813140869, -329064.72032306844, -78858.0)
(197, 34.30478382110596, -329064.72032306844, -78858.0)
(198, 34.49442768096924, -329064.72032306844, -78858.0)
(199, 34.67924737930298, -329064.72032306844, -78858.0)
(200, 34.86176347732544, -329064.72032306844, -78858.0)
(201, 35.04828715324402, -329064.72032306844, -78858.0)
(202, 35.23656344413757, -329064.72032306844, -78858.0)
(203, 35.409831285476685, -329064.72032306844, -78858.0)
(204, 35.590840339660645, -329064.72032306844, -78858.0)
(205, 35.76352572441101, -329064.72032306844, -78858.0)
(206, 35.94494843482971, -329064.72032306844, -78858.0)
(207, 36.13011646270752, -329064.72032306844, -78858.0)
(208, 36.31215262413025, -329064.72032306844, -78858.0)
(209, 36.48431158065796, -329064.72032306844, -78858.0)
(210, 36.67219948768616, -329064.72032306844, -78858.0)
(211, 36.84182262420654, -329064.72032306844, -78858.0)
(212, 37.015480279922485, -329064.72032306844, -78858.0)
(213, 37.19176459312439, -329064.72032306844, -78858.0)
(214, 37.36862349510193, -329064.72032306844, -78858.0)
(215, 37.54332160949707, -329064.72032306844, -78858.0)
(216, 37.73863768577576, -329064.72032306844, -78858.0)
(217, 37.90685153007507, -329064.72032306844, -78858.0)
(218, 38.09414720535278, -329064.72032306844, -78858.0)
(219, 38.28283643722534, -329064.72032306844, -78858.0)
(220, 38.45670557022095, -329064.72032306844, -78858.0)
(221, 38.645097494125366, -329064.72032306844, -78858.0)
(222, 38.823203802108765, -329064.72032306844, -78858.0)
(223, 39.00643706321716, -329064.72032306844, -78858.0)
(224, 39.182454109191895, -329064.72032306844, -78858.0)
(225, 39.372594356536865, -329064.72032306844, -78858.0)
(226, 39.56531810760498, -329064.72032306844, -78858.0)
(227, 39.78282618522644, -329064.72032306844, -78858.0)
(228, 39.966620683670044, -329064.72032306844, -78858.0)
(229, 40.159258127212524, -329064.72032306844, -78858.0)
(230, 40.368004322052, -329064.72032306844, -78858.0)
(231, 40.556886434555054, -329064.72032306844, -78858.0)
(232, 40.74950957298279, -329064.72032306844, -78858.0)
(233, 40.93384599685669, -329064.72032306844, -78858.0)
(234, 41.10707092285156, -329064.72032306844, -78858.0)
(235, 41.288493633270264, -329064.72032306844, -78858.0)
(236, 41.46434688568115, -329064.72032306844, -78858.0)
(237, 41.64354419708252, -329064.72032306844, -78858.0)
(238, 41.83317279815674, -329064.72032306844, -78858.0)
(239, 42.017258644104004, -329064.72032306844, -78858.0)
(240, 42.19423770904541, -329064.72032306844, -78858.0)
(241, 42.40017056465149, -329064.72032306844, -78858.0)
(242, 42.582825899124146, -329064.72032306844, -78858.0)
(243, 42.76820683479309, -329064.72032306844, -78858.0)
(244, 42.96007561683655, -329064.72032306844, -78858.0)
(245, 43.16027045249939, -329064.72032306844, -78858.0)
(246, 43.34750962257385, -329064.72032306844, -78858.0)
(247, 43.53409028053284, -329064.72032306844, -78858.0)
(248, 43.728100299835205, -329064.72032306844, -78858.0)
(249, 43.92642831802368, -329064.72032306844, -78858.0)
(250, 44.14014792442322, -329064.72032306844, -78858.0)
(251, 44.349106788635254, -329064.72032306844, -78858.0)
(252, 44.54938745498657, -329064.72032306844, -78858.0)
(253, 44.751943826675415, -329064.72032306844, -78858.0)
(254, 44.9440701007843, -329064.72032306844, -78858.0)
(255, 45.13499474525452, -329064.72032306844, -78858.0)
(256, 45.31190323829651, -329064.72032306844, -78858.0)
(257, 45.49496579170227, -329064.72032306844, -78858.0)
(258, 45.714308738708496, -329064.72032306844, -78858.0)
(259, 45.92418813705444, -329064.72032306844, -78858.0)
(260, 46.10800361633301, -329064.72032306844, -78858.0)
(261, 46.289602518081665, -329064.72032306844, -78858.0)
(262, 46.47924470901489, -329064.72032306844, -78858.0)
(263, 46.68467903137207, -329064.72032306844, -78858.0)
(264, 46.87661147117615, -329064.72032306844, -78858.0)
(265, 47.07049345970154, -329064.72032306844, -78858.0)
(266, 47.268277645111084, -329064.72032306844, -78858.0)
(267, 47.45517301559448, -329064.72032306844, -78858.0)
(268, 47.63430619239807, -329064.72032306844, -78858.0)
(269, 47.81854605674744, -329064.72032306844, -78858.0)
(270, 48.009255170822144, -329064.72032306844, -78858.0)
(271, 48.213406562805176, -329064.72032306844, -78858.0)
(272, 48.43388652801514, -329064.72032306844, -78858.0)
(273, 48.631330251693726, -329064.72032306844, -78858.0)
(274, 48.8140013217926, -329064.72032306844, -78858.0)
(275, 49.00383448600769, -329064.72032306844, -78858.0)
(276, 49.205737590789795, -329064.72032306844, -78858.0)
(277, 49.39615321159363, -329064.72032306844, -78858.0)
(278, 49.58657383918762, -329064.72032306844, -78858.0)
(279, 49.76650881767273, -329064.72032306844, -78858.0)
(280, 49.96602916717529, -329064.72032306844, -78858.0)
(281, 50.160768032073975, -329064.72032306844, -78858.0)
(282, 50.37103748321533, -329064.72032306844, -78858.0)
(283, 50.565701723098755, -329064.72032306844, -78858.0)
(284, 50.762635946273804, -329064.72032306844, -78858.0)
(285, 50.97707390785217, -329064.72032306844, -78858.0)
(286, 51.1802179813385, -329064.72032306844, -78858.0)
(287, 51.39913988113403, -329064.72032306844, -78858.0)
(288, 51.604673862457275, -329064.72032306844, -78858.0)
(289, 51.826648235321045, -329064.72032306844, -78858.0)
(290, 52.01548147201538, -329064.72032306844, -78858.0)
(291, 52.204840660095215, -329064.72032306844, -78858.0)
(292, 52.40161442756653, -329064.72032306844, -78858.0)
(293, 52.61287569999695, -329064.72032306844, -78858.0)
(294, 52.832802295684814, -329064.72032306844, -78858.0)
(295, 53.04109072685242, -329064.72032306844, -78858.0)
(296, 53.25741791725159, -329064.72032306844, -78858.0)
(297, 53.46074724197388, -329064.72032306844, -78858.0)
(298, 53.66953372955322, -329064.72032306844, -78858.0)
(299, 53.857832193374634, -329064.72032306844, -78858.0)
(300, 54.050387382507324, -329064.72032306844, -78858.0)
(301, 54.24885082244873, -329064.72032306844, -78858.0)
(302, 54.44053864479065, -329064.72032306844, -78858.0)
(303, 54.62790846824646, -329064.72032306844, -78858.0)
(304, 54.82209539413452, -329064.72032306844, -78858.0)
(305, 55.03786587715149, -329064.72032306844, -78858.0)
(306, 55.25380730628967, -329064.72032306844, -78858.0)
(307, 55.46947526931763, -329064.72032306844, -78858.0)
(308, 55.68808126449585, -329064.72032306844, -78858.0)
(309, 55.870217084884644, -329064.72032306844, -78858.0)
(310, 56.089850664138794, -329064.72032306844, -78858.0)
(311, 56.27418303489685, -329064.72032306844, -78858.0)
(312, 56.48360300064087, -329064.72032306844, -78858.0)
(313, 56.70474600791931, -329064.72032306844, -78858.0)
(314, 56.9188768863678, -329064.72032306844, -78858.0)
(315, 57.13002943992615, -329064.72032306844, -78858.0)
(316, 57.308512926101685, -329064.72032306844, -78858.0)
(317, 57.52899789810181, -329064.72032306844, -78858.0)
(318, 57.73389768600464, -329064.72032306844, -78858.0)
(319, 57.935826539993286, -329064.72032306844, -78858.0)
(320, 58.148109674453735, -329064.72032306844, -78858.0)
(321, 58.373947858810425, -329064.72032306844, -78858.0)
(322, 58.578933000564575, -329064.72032306844, -78858.0)
(323, 58.78669190406799, -329064.72032306844, -78858.0)
(324, 59.00198531150818, -329064.72032306844, -78858.0)
(325, 59.22715401649475, -329064.72032306844, -78858.0)
(326, 59.4631290435791, -329064.72032306844, -78858.0)
(327, 59.69371175765991, -329064.72032306844, -78858.0)
(328, 59.89711904525757, -329064.72032306844, -78858.0)
(329, 60.08613443374634, -329064.72032306844, -78858.0)
(330, 60.28124666213989, -329064.72032306844, -78858.0)
(331, 60.4978506565094, -329064.72032306844, -78858.0)
(332, 60.72476649284363, -329064.72032306844, -78858.0)
(333, 60.94789218902588, -329064.72032306844, -78858.0)
(334, 61.15333914756775, -329064.72032306844, -78858.0)
(335, 61.381192684173584, -329064.72032306844, -78858.0)
(336, 61.57677459716797, -329064.72032306844, -78858.0)
(337, 61.79903721809387, -329064.72032306844, -78858.0)
(338, 61.98464846611023, -329064.72032306844, -78858.0)
(339, 62.200052976608276, -329064.72032306844, -78858.0)
(340, 62.39773917198181, -329064.72032306844, -78858.0)
(341, 62.61397123336792, -329064.72032306844, -78858.0)
(342, 62.8248770236969, -329064.72032306844, -78858.0)
(343, 63.03517818450928, -329064.72032306844, -78858.0)
(344, 63.26234531402588, -329064.72032306844, -78858.0)
(345, 63.484421253204346, -329064.72032306844, -78858.0)
(346, 63.70664572715759, -329064.72032306844, -78858.0)
(347, 63.919090032577515, -329064.72032306844, -78858.0)
(348, 64.12336325645447, -329064.72032306844, -78858.0)
(349, 64.34802532196045, -329064.72032306844, -78858.0)
(350, 64.54541206359863, -329064.72032306844, -78858.0)
(351, 64.75801086425781, -329064.72032306844, -78858.0)
(352, 65.0088357925415, -329064.72032306844, -78858.0)
(353, 65.2258505821228, -329064.72032306844, -78858.0)
(354, 65.45817995071411, -329064.72032306844, -78858.0)
(355, 65.67127346992493, -329064.72032306844, -78858.0)
(356, 65.9064884185791, -329064.72032306844, -78858.0)
(357, 66.12695121765137, -329064.72032306844, -78858.0)
(358, 66.3488221168518, -329064.72032306844, -78858.0)
(359, 66.55166363716125, -329064.72032306844, -78858.0)
(360, 66.77458953857422, -329064.72032306844, -78858.0)
(361, 66.97297096252441, -329064.72032306844, -78858.0)
(362, 67.2184853553772, -329064.72032306844, -78858.0)
(363, 67.46425342559814, -329064.72032306844, -78858.0)
(364, 67.73192548751831, -329064.72032306844, -78858.0)
(365, 67.95984411239624, -329064.72032306844, -78858.0)
(366, 68.16279935836792, -329064.72032306844, -78858.0)
(367, 68.37127137184143, -329064.72032306844, -78858.0)
(368, 68.57618999481201, -329064.72032306844, -78858.0)
(369, 68.79475712776184, -329064.72032306844, -78858.0)
(370, 69.02190470695496, -329064.72032306844, -78858.0)
(371, 69.23969674110413, -329064.72032306844, -78858.0)
(372, 69.44573974609375, -329064.72032306844, -78858.0)
(373, 69.64940738677979, -329064.72032306844, -78858.0)
(374, 69.87521886825562, -329064.72032306844, -78858.0)
(375, 70.09756183624268, -329064.72032306844, -78858.0)
(376, 70.31149411201477, -329064.72032306844, -78858.0)
(377, 70.54824352264404, -329064.72032306844, -78858.0)
(378, 70.78018355369568, -329064.72032306844, -78858.0)
(379, 70.9792206287384, -329064.72032306844, -78858.0)
(380, 71.19186973571777, -329064.72032306844, -78858.0)
(381, 71.4004180431366, -329064.72032306844, -78858.0)
(382, 71.62503337860107, -329064.72032306844, -78858.0)
(383, 71.83360958099365, -329064.72032306844, -78858.0)
(384, 72.05435705184937, -329064.72032306844, -78858.0)
(385, 72.27894163131714, -329064.72032306844, -78858.0)
(386, 72.49288964271545, -329064.72032306844, -78858.0)
(387, 72.70719742774963, -329064.72032306844, -78858.0)
(388, 72.90133476257324, -329064.72032306844, -78858.0)
(389, 73.11002254486084, -329064.72032306844, -78858.0)
(390, 73.34974265098572, -329064.72032306844, -78858.0)
(391, 73.57580232620239, -329064.72032306844, -78858.0)
(392, 73.78354907035828, -329064.72032306844, -78858.0)
(393, 74.01724004745483, -329064.72032306844, -78858.0)
(394, 74.20941543579102, -329064.72032306844, -78858.0)
(395, 74.45083951950073, -329064.72032306844, -78858.0)
(396, 74.66425919532776, -329064.72032306844, -78858.0)
(397, 74.90138530731201, -329064.72032306844, -78858.0)
(398, 75.12186741828918, -329064.72032306844, -78858.0)
(399, 75.35570859909058, -329064.72032306844, -78858.0)
(400, 75.58768773078918, -329064.72032306844, -78858.0)
(401, 75.8132221698761, -329064.72032306844, -78858.0)
(402, 76.03953504562378, -329064.72032306844, -78858.0)
(403, 76.29611420631409, -329064.72032306844, -78858.0)
(404, 76.55766987800598, -329064.72032306844, -78858.0)
(405, 76.81763625144958, -329064.72032306844, -78858.0)
(406, 77.0561535358429, -329064.72032306844, -78858.0)
(407, 77.29113674163818, -329064.72032306844, -78858.0)
(408, 77.53936743736267, -329064.72032306844, -78858.0)
(409, 77.79365253448486, -329064.72032306844, -78858.0)
(410, 78.03321266174316, -329064.72032306844, -78858.0)
(411, 78.29473662376404, -329064.72032306844, -78858.0)
(412, 78.53964471817017, -329064.72032306844, -78858.0)
(413, 78.78739762306213, -329064.72032306844, -78858.0)
(414, 79.03772854804993, -329064.72032306844, -78858.0)
(415, 79.24838709831238, -329064.72032306844, -78858.0)
(416, 79.45230960845947, -329064.72032306844, -78858.0)
(417, 79.67488384246826, -329064.72032306844, -78858.0)
(418, 79.90422749519348, -329064.72032306844, -78858.0)
(419, 80.10316276550293, -329064.72032306844, -78858.0)
(420, 80.30326771736145, -329064.72032306844, -78858.0)
(421, 80.48549771308899, -329064.72032306844, -78858.0)
(422, 80.68816328048706, -329064.72032306844, -78858.0)
(423, 80.88836598396301, -329064.72032306844, -78858.0)
(424, 81.10595655441284, -329064.72032306844, -78858.0)
(425, 81.34041118621826, -329064.72032306844, -78858.0)
(426, 81.56661629676819, -329064.72032306844, -78858.0)
(427, 81.78325724601746, -329064.72032306844, -78858.0)
(428, 82.01362538337708, -329064.72032306844, -78858.0)
(429, 82.21027445793152, -329064.72032306844, -78858.0)
(430, 82.44739842414856, -329064.72032306844, -78858.0)
(431, 82.67645835876465, -329064.72032306844, -78858.0)
(432, 82.91949510574341, -329064.72032306844, -78858.0)
(433, 83.13405084609985, -329064.72032306844, -78858.0)
(434, 83.36229038238525, -329064.72032306844, -78858.0)
(435, 83.58761143684387, -329064.72032306844, -78858.0)
(436, 83.82267332077026, -329064.72032306844, -78858.0)
(437, 84.0354950428009, -329064.72032306844, -78858.0)
(438, 84.26769161224365, -329064.72032306844, -78858.0)
(439, 84.50158333778381, -329064.72032306844, -78858.0)
(440, 84.73239803314209, -329064.72032306844, -78858.0)
(441, 84.95420956611633, -329064.72032306844, -78858.0)
(442, 85.19613981246948, -329064.72032306844, -78858.0)
(443, 85.42344331741333, -329064.72032306844, -78858.0)
(444, 85.62847757339478, -329064.72032306844, -78858.0)
(445, 85.8293309211731, -329064.72032306844, -78858.0)
(446, 86.05090427398682, -329064.72032306844, -78858.0)
(447, 86.30426454544067, -329064.72032306844, -78858.0)
(448, 86.56760740280151, -329064.72032306844, -78858.0)
(449, 86.79930114746094, -329064.72032306844, -78858.0)
(450, 87.04814410209656, -329064.72032306844, -78858.0)
(451, 87.24741411209106, -329064.72032306844, -78858.0)
(452, 87.48820853233337, -329064.72032306844, -78858.0)
(453, 87.74376010894775, -329064.72032306844, -78858.0)
(454, 87.9802463054657, -329064.72032306844, -78858.0)
(455, 88.24332356452942, -329064.72032306844, -78858.0)
(456, 88.49396395683289, -329064.72032306844, -78858.0)
(457, 88.74737524986267, -329064.72032306844, -78858.0)
(458, 88.9826238155365, -329064.72032306844, -78858.0)
(459, 89.22889876365662, -329064.72032306844, -78858.0)
(460, 89.49915623664856, -329064.72032306844, -78858.0)
(461, 89.74527788162231, -329064.72032306844, -78858.0)
(462, 90.00917458534241, -329064.72032306844, -78858.0)
(463, 90.25486826896667, -329064.72032306844, -78858.0)
(464, 90.49281597137451, -329064.72032306844, -78858.0)
(465, 90.7632908821106, -329064.72032306844, -78858.0)
(466, 91.043536901474, -329064.72032306844, -78858.0)
(467, 91.29533386230469, -329064.72032306844, -78858.0)
(468, 91.57720518112183, -329064.72032306844, -78858.0)
(469, 91.8420877456665, -329064.72032306844, -78858.0)
(470, 92.06710195541382, -329064.72032306844, -78858.0)
(471, 92.30851888656616, -329064.72032306844, -78858.0)
(472, 92.5741856098175, -329064.72032306844, -78858.0)
(473, 92.82800483703613, -329064.72032306844, -78858.0)
(474, 93.07027912139893, -329064.72032306844, -78858.0)
(475, 93.33603715896606, -329064.72032306844, -78858.0)
(476, 93.59325695037842, -329064.72032306844, -78858.0)
(477, 93.88089227676392, -329064.72032306844, -78858.0)
(478, 94.19242525100708, -329064.72032306844, -78858.0)
(479, 94.47354531288147, -329064.72032306844, -78858.0)
(480, 94.70555233955383, -329064.72032306844, -78858.0)
(481, 94.93672847747803, -329064.72032306844, -78858.0)
(482, 95.17149925231934, -329064.72032306844, -78858.0)
(483, 95.38324689865112, -329064.72032306844, -78858.0)
(484, 95.5769522190094, -329064.72032306844, -78858.0)
(485, 95.77921867370605, -329064.72032306844, -78858.0)
(486, 95.9891927242279, -329064.72032306844, -78858.0)
(487, 96.19908380508423, -329064.72032306844, -78858.0)
(488, 96.40736246109009, -329064.72032306844, -78858.0)
(489, 96.64163994789124, -329064.72032306844, -78858.0)
(490, 96.84261393547058, -329064.72032306844, -78858.0)
(491, 97.07645750045776, -329064.72032306844, -78858.0)
(492, 97.28521871566772, -329064.72032306844, -78858.0)
(493, 97.49463200569153, -329064.72032306844, -78858.0)
(494, 97.70519614219666, -329064.72032306844, -78858.0)
(495, 97.92193913459778, -329064.72032306844, -78858.0)
(496, 98.12013292312622, -329064.72032306844, -78858.0)
(497, 98.35201644897461, -329064.72032306844, -78858.0)
(498, 98.55543375015259, -329064.72032306844, -78858.0)
(499, 98.80029535293579, -329064.72032306844, -78858.0)
(500, 99.04046201705933, -329064.72032306844, -78858.0)
(501, 99.293137550354, -329064.72032306844, -78858.0)
(502, 99.54867744445801, -329064.72032306844, -78858.0)
(503, 99.8075065612793, -329064.72032306844, -78858.0)
(504, 100.04502582550049, -329064.72032306844, -78858.0)
(505, 100.28140902519226, -329064.72032306844, -78858.0)
(506, 100.5211980342865, -329064.72032306844, -78858.0)
(507, 100.76923775672913, -329064.72032306844, -78858.0)
(508, 100.97523808479309, -329064.72032306844, -78858.0)
(509, 101.23877811431885, -329064.72032306844, -78858.0)
(510, 101.48108887672424, -329064.72032306844, -78858.0)
(511, 101.73054552078247, -329064.72032306844, -78858.0)
(512, 101.96713519096375, -329064.72032306844, -78858.0)
(513, 102.22105050086975, -329064.72032306844, -78858.0)
(514, 102.47285485267639, -329064.72032306844, -78858.0)
(515, 102.74111580848694, -329064.72032306844, -78858.0)
(516, 102.99284219741821, -329064.72032306844, -78858.0)
(517, 103.23550629615784, -329064.72032306844, -78858.0)
(518, 103.50359964370728, -329064.72032306844, -78858.0)
(519, 103.75270962715149, -329064.72032306844, -78858.0)
(520, 104.03224754333496, -329064.72032306844, -78858.0)
(521, 104.30151224136353, -329064.72032306844, -78858.0)
(522, 104.56640124320984, -329064.72032306844, -78858.0)
(523, 104.83042192459106, -329064.72032306844, -78858.0)
(524, 105.07601881027222, -329064.72032306844, -78858.0)
(525, 105.31995892524719, -329064.72032306844, -78858.0)
(526, 105.61272621154785, -329064.72032306844, -78858.0)
(527, 105.86074662208557, -329064.72032306844, -78858.0)
(528, 106.14291000366211, -329064.72032306844, -78858.0)
(529, 106.41211271286011, -329064.72032306844, -78858.0)
(530, 106.72648167610168, -322265.6077293644, -78858.0)
(531, 107.00576972961426, -322265.6077293644, -78858.0)
(532, 107.26366257667542, -322265.6077293644, -78858.0)
(533, 107.55159640312195, -322265.6077293644, -78858.0)
(534, 107.77205801010132, -322265.6077293644, -78858.0)
(535, 108.00046277046204, -322265.6077293644, -78858.0)
(536, 108.2061517238617, -322265.6077293644, -78858.0)
(537, 108.3912181854248, -322265.6077293644, -78858.0)
(538, 108.65384578704834, -322265.6077293644, -78858.0)
(539, 108.88258290290833, -322265.6077293644, -78858.0)
(540, 109.10231876373291, -322265.6077293644, -78858.0)
(541, 109.32501530647278, -322265.6077293644, -78858.0)
(542, 109.55905199050903, -322265.6077293644, -78858.0)
(543, 109.8902895450592, -322265.6077293644, -78858.0)
(544, 110.16887211799622, -322265.6077293644, -78858.0)
(545, 110.4244270324707, -322265.6077293644, -78858.0)
(546, 110.65458869934082, -322265.6077293644, -78858.0)
(547, 110.89393043518066, -322265.6077293644, -78858.0)
(548, 111.14822697639465, -322265.6077293644, -78858.0)
(549, 111.40598511695862, -322265.6077293644, -78858.0)
(550, 111.63014841079712, -322265.6077293644, -78858.0)
(551, 111.85358262062073, -322265.6077293644, -78858.0)
(552, 112.09232926368713, -322265.6077293644, -78858.0)
(553, 112.31448936462402, -322265.6077293644, -78858.0)
(554, 112.52963328361511, -322265.6077293644, -78858.0)
(555, 112.75189304351807, -322265.6077293644, -78858.0)
(556, 112.97788333892822, -322265.6077293644, -78858.0)
(557, 113.2001781463623, -322265.6077293644, -78858.0)
(558, 113.40764379501343, -322265.6077293644, -78858.0)
(559, 113.61112332344055, -322265.6077293644, -78858.0)
(560, 113.81613349914551, -322265.6077293644, -78858.0)
(561, 114.0247175693512, -322265.6077293644, -78858.0)
(562, 114.23914289474487, -322265.6077293644, -78858.0)
(563, 114.43944311141968, -322265.6077293644, -78858.0)
(564, 114.63300251960754, -322265.6077293644, -78858.0)
(565, 114.85874438285828, -322265.6077293644, -78858.0)
(566, 115.12243223190308, -322265.6077293644, -78858.0)
(567, 115.34738111495972, -322265.6077293644, -78858.0)
(568, 115.57270503044128, -322265.6077293644, -78858.0)
(569, 115.7860996723175, -322265.6077293644, -78858.0)
(570, 115.99830961227417, -322265.6077293644, -78858.0)
(571, 116.21402382850647, -322265.6077293644, -78858.0)
(572, 116.4322657585144, -322265.6077293644, -78858.0)
(573, 116.63981318473816, -322265.6077293644, -78858.0)
(574, 116.85643148422241, -322265.6077293644, -78858.0)
(575, 117.0736837387085, -322265.6077293644, -78858.0)
(576, 117.28551959991455, -322265.6077293644, -78858.0)
(577, 117.48945736885071, -322265.6077293644, -78858.0)
(578, 117.7323145866394, -322265.6077293644, -78858.0)
(579, 117.96534943580627, -322265.6077293644, -78858.0)
(580, 118.21746039390564, -322265.6077293644, -78858.0)
(581, 118.49239110946655, -322265.6077293644, -78858.0)
(582, 118.71445608139038, -322265.6077293644, -78858.0)
(583, 118.98465991020203, -322265.6077293644, -78858.0)
(584, 119.2396330833435, -322265.6077293644, -78858.0)
(585, 119.4977912902832, -322265.6077293644, -78858.0)
(586, 119.74607229232788, -322265.6077293644, -78858.0)
(587, 119.97687554359436, -322265.6077293644, -78858.0)
(588, 120.23010754585266, -322265.6077293644, -78858.0)
(589, 120.47369003295898, -322265.6077293644, -78858.0)
(590, 120.74946212768555, -322265.6077293644, -78858.0)
(591, 121.01176905632019, -322265.6077293644, -78858.0)
(592, 121.25107789039612, -322265.6077293644, -78858.0)
(593, 121.48822379112244, -322265.6077293644, -78858.0)
(594, 121.73415160179138, -322265.6077293644, -78858.0)
(595, 121.98242497444153, -322265.6077293644, -78858.0)
(596, 122.23876523971558, -322265.6077293644, -78858.0)
(597, 122.48834729194641, -322265.6077293644, -78858.0)
(598, 122.74549627304077, -322265.6077293644, -78858.0)
(599, 122.95384311676025, -322265.6077293644, -78858.0)
(600, 123.16080164909363, -322265.6077293644, -78858.0)
(601, 123.39822387695312, -322265.6077293644, -78858.0)
(602, 123.65607261657715, -322265.6077293644, -78858.0)
(603, 123.87123250961304, -322265.6077293644, -78858.0)
(604, 124.10789704322815, -322265.6077293644, -78858.0)
(605, 124.37462520599365, -322265.6077293644, -78858.0)
(606, 124.656982421875, -322265.6077293644, -78858.0)
(607, 124.90930652618408, -322265.6077293644, -78858.0)
(608, 125.15504550933838, -322265.6077293644, -78858.0)
(609, 125.3893973827362, -322265.6077293644, -78858.0)
(610, 125.63659763336182, -322265.6077293644, -78858.0)
(611, 125.8796284198761, -322265.6077293644, -78858.0)
(612, 126.13999438285828, -322265.6077293644, -78858.0)
(613, 126.35967206954956, -322265.6077293644, -78858.0)
(614, 126.62239527702332, -322265.6077293644, -78858.0)
(615, 126.91073942184448, -322265.6077293644, -78858.0)
(616, 127.21928238868713, -322265.6077293644, -78858.0)
(617, 127.49931073188782, -322265.6077293644, -78858.0)
(618, 127.77443599700928, -322265.6077293644, -78858.0)
(619, 128.0728895664215, -322265.6077293644, -78858.0)
(620, 128.3596785068512, -322265.6077293644, -78858.0)
(621, 128.6790018081665, -322265.6077293644, -78858.0)
(622, 128.9530313014984, -322265.6077293644, -78858.0)
(623, 129.19418263435364, -322265.6077293644, -78858.0)
(624, 129.45763397216797, -322265.6077293644, -78858.0)
(625, 129.73342275619507, -322265.6077293644, -78858.0)
(626, 129.97885656356812, -322265.6077293644, -78858.0)
(627, 130.2202582359314, -322265.6077293644, -78858.0)
(628, 130.49135732650757, -322265.6077293644, -78858.0)
(629, 130.74372220039368, -322265.6077293644, -78858.0)
(630, 131.01359724998474, -322265.6077293644, -78858.0)
(631, 131.30492305755615, -322265.6077293644, -78858.0)
(632, 131.56609797477722, -322265.6077293644, -78858.0)
(633, 131.84110689163208, -322265.6077293644, -78858.0)
(634, 132.11289262771606, -322265.6077293644, -78858.0)
(635, 132.37809348106384, -322265.6077293644, -78858.0)
(636, 132.64027047157288, -322265.6077293644, -78858.0)
(637, 132.9022250175476, -322265.6077293644, -78858.0)
(638, 133.1923315525055, -322265.6077293644, -78858.0)
(639, 133.46765279769897, -322265.6077293644, -78858.0)
(640, 133.7540943622589, -322265.6077293644, -78858.0)
(641, 134.04971289634705, -322265.6077293644, -78858.0)
(642, 134.30602169036865, -322265.6077293644, -78858.0)
(643, 134.5364809036255, -322265.6077293644, -78858.0)
(644, 134.77918457984924, -322265.6077293644, -78858.0)
(645, 135.0112807750702, -322265.6077293644, -78858.0)
(646, 135.23829913139343, -322265.6077293644, -78858.0)
(647, 135.47245979309082, -322265.6077293644, -78858.0)
(648, 135.7113392353058, -322265.6077293644, -78858.0)
(649, 135.93776440620422, -322265.6077293644, -78858.0)
(650, 136.16016602516174, -322265.6077293644, -78858.0)
(651, 136.41449213027954, -322265.6077293644, -78858.0)
(652, 136.6852035522461, -322265.6077293644, -78858.0)
(653, 136.92020773887634, -322265.6077293644, -78858.0)
(654, 137.18957257270813, -322265.6077293644, -78858.0)
(655, 137.3964867591858, -322265.6077293644, -78858.0)
(656, 137.6620156764984, -322265.6077293644, -78858.0)
(657, 137.89343929290771, -322265.6077293644, -78858.0)
(658, 138.1255362033844, -322265.6077293644, -78858.0)
(659, 138.3776195049286, -322265.6077293644, -78858.0)
(660, 138.5798351764679, -322265.6077293644, -78858.0)
(661, 138.80689311027527, -322265.6077293644, -78858.0)
(662, 139.06722617149353, -322265.6077293644, -78858.0)
(663, 139.30894327163696, -322265.6077293644, -78858.0)
(664, 139.5799970626831, -322265.6077293644, -78858.0)
(665, 139.7996597290039, -322265.6077293644, -78858.0)
(666, 140.07108116149902, -322265.6077293644, -78858.0)
(667, 140.30711030960083, -322265.6077293644, -78858.0)
(668, 140.5596935749054, -322265.6077293644, -78858.0)
(669, 140.79257011413574, -322265.6077293644, -78858.0)
(670, 141.0353980064392, -322265.6077293644, -78858.0)
(671, 141.3015902042389, -322265.6077293644, -78858.0)
(672, 141.58210444450378, -322265.6077293644, -78858.0)
(673, 141.86282348632812, -322265.6077293644, -78858.0)
(674, 142.15727877616882, -322265.6077293644, -78858.0)
(675, 142.4557876586914, -322265.6077293644, -78858.0)
(676, 142.75362920761108, -322265.6077293644, -78858.0)
(677, 143.06885433197021, -322265.6077293644, -78858.0)
(678, 143.36460876464844, -322265.6077293644, -78858.0)
(679, 143.6161332130432, -322265.6077293644, -78858.0)
(680, 143.85336232185364, -322265.6077293644, -78858.0)
(681, 144.10221004486084, -322265.6077293644, -78858.0)
(682, 144.3576157093048, -322265.6077293644, -78858.0)
(683, 144.65607714653015, -322265.6077293644, -78858.0)
(684, 144.93623614311218, -322265.6077293644, -78858.0)
(685, 145.23143076896667, -322265.6077293644, -78858.0)
(686, 145.5121500492096, -322265.6077293644, -78858.0)
(687, 145.79303407669067, -322265.6077293644, -78858.0)
(688, 146.07699990272522, -322265.6077293644, -78858.0)
(689, 146.35485649108887, -322265.6077293644, -78858.0)
(690, 146.65822792053223, -322265.6077293644, -78858.0)
(691, 146.93553829193115, -322265.6077293644, -78858.0)
(692, 147.21349549293518, -322265.6077293644, -78858.0)
(693, 147.51231741905212, -322265.6077293644, -78858.0)
(694, 147.81359601020813, -322265.6077293644, -78858.0)
(695, 148.1144163608551, -322265.6077293644, -78858.0)
(696, 148.3694863319397, -322265.6077293644, -78858.0)
(697, 148.6570634841919, -322265.6077293644, -78858.0)
(698, 148.9487533569336, -322265.6077293644, -78858.0)
(699, 149.25458455085754, -322265.6077293644, -78858.0)
(700, 149.540917634964, -322265.6077293644, -78858.0)
(701, 149.76863622665405, -322265.6077293644, -78858.0)
(702, 150.02255415916443, -322265.6077293644, -78858.0)
(703, 150.3088719844818, -322265.6077293644, -78858.0)
(704, 150.54065680503845, -322265.6077293644, -78858.0)
(705, 150.7958629131317, -322265.6077293644, -78858.0)
(706, 151.0289387702942, -322265.6077293644, -78858.0)
(707, 151.2540364265442, -322265.6077293644, -78858.0)
(708, 151.52949261665344, -322265.6077293644, -78858.0)
(709, 151.74594831466675, -322265.6077293644, -78858.0)
(710, 151.99279642105103, -322265.6077293644, -78858.0)
(711, 152.24405598640442, -322265.6077293644, -78858.0)
(712, 152.49981951713562, -322265.6077293644, -78858.0)
(713, 152.72865557670593, -322265.6077293644, -78858.0)
(714, 152.9665858745575, -322265.6077293644, -78858.0)
(715, 153.1900897026062, -322265.6077293644, -78858.0)
(716, 153.43949675559998, -322265.6077293644, -78858.0)
(717, 153.68518257141113, -322265.6077293644, -78858.0)
(718, 153.9194118976593, -322265.6077293644, -78858.0)
(719, 154.1379749774933, -322265.6077293644, -78858.0)
(720, 154.38535284996033, -322265.6077293644, -78858.0)
(721, 154.61239576339722, -322265.6077293644, -78858.0)
(722, 154.8960292339325, -322265.6077293644, -78858.0)
(723, 155.13487672805786, -322265.6077293644, -78858.0)
(724, 155.43657994270325, -322265.6077293644, -78858.0)
(725, 155.6799614429474, -322265.6077293644, -78858.0)
(726, 155.9736897945404, -322265.6077293644, -78858.0)
(727, 156.28290486335754, -322265.6077293644, -78858.0)
(728, 156.5827009677887, -322265.6077293644, -78858.0)
(729, 156.86217784881592, -322265.6077293644, -78858.0)
(730, 157.15676927566528, -322265.6077293644, -78858.0)
(731, 157.39946603775024, -322265.6077293644, -78858.0)
(732, 157.67783737182617, -322265.6077293644, -78858.0)
(733, 157.93838500976562, -322265.6077293644, -78858.0)
(734, 158.16463160514832, -322265.6077293644, -78858.0)
(735, 158.3960418701172, -322265.6077293644, -78858.0)
(736, 158.64245438575745, -322265.6077293644, -78858.0)
(737, 158.8962619304657, -322265.6077293644, -78858.0)
(738, 159.16540050506592, -322265.6077293644, -78858.0)
(739, 159.40712141990662, -322265.6077293644, -78858.0)
(740, 159.65826177597046, -322265.6077293644, -78858.0)
(741, 159.97655510902405, -322265.6077293644, -78858.0)
(742, 160.2146611213684, -322265.6077293644, -78858.0)
(743, 160.47151565551758, -322265.6077293644, -78858.0)
(744, 160.719087600708, -322265.6077293644, -78858.0)
(745, 161.02671337127686, -322265.6077293644, -78858.0)
(746, 161.30534863471985, -322265.6077293644, -78858.0)
(747, 161.60675144195557, -322265.6077293644, -78858.0)
(748, 161.8891887664795, -322265.6077293644, -78858.0)
(749, 162.20102429389954, -322265.6077293644, -78858.0)
(750, 162.50796937942505, -322265.6077293644, -78858.0)
(751, 162.81980872154236, -322265.6077293644, -78858.0)
(752, 163.14707255363464, -322265.6077293644, -78858.0)
(753, 163.44029068946838, -322265.6077293644, -78858.0)
(754, 163.76086235046387, -322265.6077293644, -78858.0)
(755, 164.09172344207764, -322265.6077293644, -78858.0)
(756, 164.40351152420044, -322265.6077293644, -78858.0)
(757, 164.75409317016602, -322265.6077293644, -78858.0)
(758, 165.10350060462952, -322265.6077293644, -78858.0)
(759, 165.4535710811615, -322265.6077293644, -78858.0)
(760, 165.8279106616974, -322265.6077293644, -78858.0)
(761, 166.14857840538025, -322265.6077293644, -78858.0)
(762, 166.40355014801025, -322265.6077293644, -78858.0)
(763, 166.70004057884216, -322265.6077293644, -78858.0)
(764, 167.0632975101471, -322265.6077293644, -78858.0)
(765, 167.37757468223572, -322265.6077293644, -78858.0)
(766, 167.68998837471008, -322265.6077293644, -78858.0)
(767, 167.92667436599731, -322265.6077293644, -78858.0)
(768, 168.15477013587952, -322265.6077293644, -78858.0)
(769, 168.3795747756958, -322265.6077293644, -78858.0)
(770, 168.62341856956482, -322265.6077293644, -78858.0)
(771, 168.84777331352234, -322265.6077293644, -78858.0)
(772, 169.10838437080383, -322265.6077293644, -78858.0)
(773, 169.38450264930725, -322265.6077293644, -78858.0)
(774, 169.6730351448059, -322265.6077293644, -78858.0)
(775, 169.90418243408203, -322265.6077293644, -78858.0)
(776, 170.167471408844, -322265.6077293644, -78858.0)
(777, 170.4164845943451, -322265.6077293644, -78858.0)
(778, 170.64616131782532, -322265.6077293644, -78858.0)
(779, 170.87341165542603, -322265.6077293644, -78858.0)
(780, 171.1526918411255, -322265.6077293644, -78858.0)
(781, 171.41691899299622, -322265.6077293644, -78858.0)
(782, 171.6676766872406, -322265.6077293644, -78858.0)
(783, 171.90574193000793, -322265.6077293644, -78858.0)
(784, 172.1598505973816, -322265.6077293644, -78858.0)
(785, 172.4755256175995, -322265.6077293644, -78858.0)
(786, 172.72301411628723, -322265.6077293644, -78858.0)
(787, 172.97071981430054, -322265.6077293644, -78858.0)
(788, 173.2283992767334, -322265.6077293644, -78858.0)
(789, 173.4648733139038, -322265.6077293644, -78858.0)
(790, 173.73899841308594, -322265.6077293644, -78858.0)
(791, 173.99011826515198, -322265.6077293644, -78858.0)
(792, 174.25532627105713, -322265.6077293644, -78858.0)
(793, 174.51110553741455, -322265.6077293644, -78858.0)
(794, 174.80362725257874, -322265.6077293644, -78858.0)
(795, 175.11305832862854, -322265.6077293644, -78858.0)
(796, 175.42126989364624, -322265.6077293644, -78858.0)
(797, 175.67290115356445, -322265.6077293644, -78858.0)
(798, 175.913649559021, -322265.6077293644, -78858.0)
(799, 176.2002284526825, -322265.6077293644, -78858.0)
(800, 176.52105808258057, -322265.6077293644, -78858.0)
(801, 176.79346013069153, -322265.6077293644, -78858.0)
(802, 177.09951329231262, -322265.6077293644, -78858.0)
(803, 177.35209465026855, -322265.6077293644, -78858.0)
(804, 177.6563355922699, -322265.6077293644, -78858.0)
(805, 177.91366982460022, -322265.6077293644, -78858.0)
(806, 178.16784167289734, -322265.6077293644, -78858.0)
(807, 178.42138123512268, -322265.6077293644, -78858.0)
(808, 178.67838191986084, -322265.6077293644, -78858.0)
(809, 178.9255874156952, -322265.6077293644, -78858.0)
(810, 179.25793290138245, -322265.6077293644, -78858.0)
(811, 179.52176880836487, -322265.6077293644, -78858.0)
(812, 179.79673624038696, -322265.6077293644, -78858.0)
(813, 180.02930307388306, -322265.6077293644, -78858.0)
(814, 180.29963612556458, -322265.6077293644, -78858.0)
(815, 180.58142375946045, -322265.6077293644, -78858.0)
(816, 180.87831139564514, -322265.6077293644, -78858.0)
(817, 181.12644815444946, -322265.6077293644, -78858.0)
(818, 181.4265661239624, -322265.6077293644, -78858.0)
(819, 181.76168656349182, -322265.6077293644, -78858.0)
(820, 182.02442741394043, -322265.6077293644, -78858.0)
(821, 182.34706711769104, -322265.6077293644, -78858.0)
(822, 182.60975575447083, -322265.6077293644, -78858.0)
(823, 182.94396209716797, -322265.6077293644, -78858.0)
(824, 183.26140713691711, -322265.6077293644, -78858.0)
(825, 183.58605647087097, -322265.6077293644, -78858.0)
(826, 183.92840433120728, -322265.6077293644, -78858.0)
(827, 184.25572991371155, -322265.6077293644, -78858.0)
(828, 184.5855269432068, -322265.6077293644, -78858.0)
(829, 184.9593346118927, -322265.6077293644, -78858.0)
(830, 185.3170039653778, -322265.6077293644, -78858.0)
(831, 185.6293749809265, -322265.6077293644, -78858.0)
(832, 185.95670294761658, -322265.6077293644, -78858.0)
(833, 186.29797101020813, -322265.6077293644, -78858.0)
(834, 186.61159563064575, -322265.6077293644, -78858.0)
(835, 186.95355820655823, -322265.6077293644, -78858.0)
(836, 187.34640502929688, -322265.6077293644, -78858.0)
(837, 187.6817328929901, -322265.6077293644, -78858.0)
(838, 188.02643704414368, -322265.6077293644, -78858.0)
(839, 188.25913667678833, -322265.6077293644, -78858.0)
(840, 188.53946948051453, -322265.6077293644, -78858.0)
(841, 188.77887392044067, -322265.6077293644, -78858.0)
(842, 189.03419423103333, -322265.6077293644, -78858.0)
(843, 189.34484028816223, -322265.6077293644, -78858.0)
(844, 189.59362483024597, -322265.6077293644, -78858.0)
(845, 189.8612780570984, -322265.6077293644, -78858.0)
(846, 190.09827041625977, -322265.6077293644, -78858.0)
(847, 190.38979482650757, -322265.6077293644, -78858.0)
(848, 190.66135835647583, -322265.6077293644, -78858.0)
(849, 190.98082494735718, -322265.6077293644, -78858.0)
(850, 191.3341178894043, -322265.6077293644, -78858.0)
(851, 191.64445614814758, -322265.6077293644, -78858.0)
(852, 191.90771770477295, -322265.6077293644, -78858.0)
(853, 192.22599697113037, -322265.6077293644, -78858.0)
(854, 192.55576181411743, -322265.6077293644, -78858.0)
(855, 192.92008090019226, -322265.6077293644, -78858.0)
(856, 193.2438199520111, -322265.6077293644, -78858.0)
(857, 193.5916805267334, -322265.6077293644, -78858.0)
(858, 193.93023991584778, -322265.6077293644, -78858.0)
(859, 194.27214169502258, -322265.6077293644, -78858.0)
(860, 194.59766483306885, -322265.6077293644, -78858.0)
(861, 194.9571132659912, -322265.6077293644, -78858.0)
(862, 195.3585729598999, -322265.6077293644, -78858.0)
(863, 195.71125292778015, -322265.6077293644, -78858.0)
(864, 196.00708770751953, -322265.6077293644, -78858.0)
(865, 196.35051441192627, -322265.6077293644, -78858.0)
(866, 196.78397011756897, -322265.6077293644, -78858.0)
(867, 197.1304590702057, -322265.6077293644, -78858.0)
(868, 197.46459317207336, -322265.6077293644, -78858.0)
(869, 197.79498982429504, -322265.6077293644, -78858.0)
(870, 198.11737823486328, -322265.6077293644, -78858.0)
(871, 198.399005651474, -322265.6077293644, -78858.0)
(872, 198.7402262687683, -322265.6077293644, -78858.0)
(873, 199.00728559494019, -322265.6077293644, -78858.0)
(874, 199.26329493522644, -322265.6077293644, -78858.0)
(875, 199.5442774295807, -322265.6077293644, -78858.0)
(876, 199.83264636993408, -322265.6077293644, -78858.0)
(877, 200.11071228981018, -322265.6077293644, -78858.0)
(878, 200.4001123905182, -322265.6077293644, -78858.0)
(879, 200.73048090934753, -322265.6077293644, -78858.0)
(880, 201.07810854911804, -322265.6077293644, -78858.0)
(881, 201.37489795684814, -322265.6077293644, -78858.0)
(882, 201.64853954315186, -322265.6077293644, -78858.0)
(883, 201.9260802268982, -322265.6077293644, -78858.0)
(884, 202.23390436172485, -322265.6077293644, -78858.0)
(885, 202.62027645111084, -322265.6077293644, -78858.0)
(886, 202.97405290603638, -322265.6077293644, -78858.0)
(887, 203.30637431144714, -322265.6077293644, -78858.0)
(888, 203.7899112701416, -322075.31479717896, -78858.0)
(889, 204.16390681266785, -322075.31479717896, -78858.0)
(890, 204.458233833313, -322075.31479717896, -78858.0)
(891, 204.91927337646484, -322075.31479717896, -78858.0)
(892, 205.29950499534607, -319115.055704245, -78858.0)
(893, 205.63294315338135, -319115.055704245, -78858.0)
(894, 205.93358755111694, -319115.055704245, -78858.0)
(895, 206.25011706352234, -319115.055704245, -78858.0)
(896, 206.59144616127014, -319115.055704245, -78858.0)
(897, 206.8907871246338, -319115.055704245, -78858.0)
(898, 207.1838982105255, -319115.055704245, -78858.0)
(899, 207.48009943962097, -319115.055704245, -78858.0)
(900, 207.75640392303467, -319115.055704245, -78858.0)
(901, 208.01730179786682, -319115.055704245, -78858.0)
(902, 208.27294182777405, -319115.055704245, -78858.0)
(903, 208.51707887649536, -319115.055704245, -78858.0)
(904, 208.84723711013794, -319115.055704245, -78858.0)
(905, 209.10894131660461, -319115.055704245, -78858.0)
(906, 209.3565514087677, -319115.055704245, -78858.0)
(907, 209.60549449920654, -319115.055704245, -78858.0)
(908, 209.8570191860199, -319115.055704245, -78858.0)
(909, 210.09479093551636, -319115.055704245, -78858.0)
(910, 210.34642124176025, -319115.055704245, -78858.0)
(911, 210.62816214561462, -319115.055704245, -78858.0)
(912, 210.88870549201965, -319115.055704245, -78858.0)
(913, 211.1524679660797, -319115.055704245, -78858.0)
(914, 211.40691351890564, -319115.055704245, -78858.0)
(915, 211.74541783332825, -319115.055704245, -78858.0)
(916, 212.04789400100708, -319115.055704245, -78858.0)
(917, 212.35314917564392, -319115.055704245, -78858.0)
(918, 212.6787555217743, -319115.055704245, -78858.0)
(919, 213.00657105445862, -319115.055704245, -78858.0)
(920, 213.3852334022522, -319115.055704245, -78858.0)
(921, 213.73199939727783, -319115.055704245, -78858.0)
(922, 214.02896857261658, -319115.055704245, -78858.0)
(923, 214.3270275592804, -319115.055704245, -78858.0)
(924, 214.82208585739136, -319115.055704245, -78858.0)
(925, 215.20395421981812, -319115.055704245, -78858.0)
(926, 215.56065440177917, -319115.055704245, -78858.0)
(927, 215.83926606178284, -319115.055704245, -78858.0)
(928, 216.1867151260376, -319115.055704245, -78858.0)
(929, 216.50445222854614, -319115.055704245, -78858.0)
(930, 216.84166383743286, -319115.055704245, -78858.0)
(931, 217.17972922325134, -319115.055704245, -78858.0)
(932, 217.45652270317078, -319115.055704245, -78858.0)
(933, 217.74564933776855, -319115.055704245, -78858.0)
(934, 218.06371760368347, -319115.055704245, -78858.0)
(935, 218.36962151527405, -319115.055704245, -78858.0)
(936, 218.6807713508606, -319115.055704245, -78858.0)
(937, 218.99612283706665, -319115.055704245, -78858.0)
(938, 219.34084177017212, -319115.055704245, -78858.0)
(939, 219.61713027954102, -319115.055704245, -78858.0)
(940, 219.88352465629578, -319115.055704245, -78858.0)
(941, 220.25845289230347, -319115.055704245, -78858.0)
(942, 220.55757904052734, -319115.055704245, -78858.0)
(943, 220.87969994544983, -319115.055704245, -78858.0)
(944, 221.1721510887146, -319115.055704245, -78858.0)
(945, 221.50295519828796, -319115.055704245, -78858.0)
(946, 221.8463933467865, -319115.055704245, -78858.0)
(947, 222.22740578651428, -319115.055704245, -78858.0)
(948, 222.6394350528717, -319115.055704245, -78858.0)
(949, 222.93385767936707, -319115.055704245, -78858.0)
(950, 223.30137014389038, -319115.055704245, -78858.0)
(951, 223.61561679840088, -319115.055704245, -78858.0)
(952, 223.9866316318512, -319115.055704245, -78858.0)
(953, 224.28641891479492, -319115.055704245, -78858.0)
(954, 224.57243371009827, -319115.055704245, -78858.0)
(955, 224.92771291732788, -319115.055704245, -78858.0)
(956, 225.2933967113495, -319115.055704245, -78858.0)
(957, 225.66423153877258, -319115.055704245, -78858.0)
(958, 226.02655816078186, -319115.055704245, -78858.0)
(959, 226.3702564239502, -319115.055704245, -78858.0)
(960, 226.72223377227783, -319115.055704245, -78858.0)
(961, 227.10814666748047, -319115.055704245, -78858.0)
(962, 227.39071607589722, -319115.055704245, -78858.0)
(963, 227.74248147010803, -319115.055704245, -78858.0)
(964, 228.03891563415527, -319115.055704245, -78858.0)
(965, 228.3941605091095, -319115.055704245, -78858.0)
(966, 228.75081157684326, -319115.055704245, -78858.0)
(967, 229.10153460502625, -319115.055704245, -78858.0)
(968, 229.4414005279541, -319115.055704245, -78858.0)
(969, 229.7780957221985, -319115.055704245, -78858.0)
(970, 230.17342376708984, -319115.055704245, -78858.0)
(971, 230.5289807319641, -319115.055704245, -78858.0)
(972, 230.86116647720337, -319115.055704245, -78858.0)
(973, 231.2037582397461, -319115.055704245, -78858.0)
(974, 231.62201809883118, -319115.055704245, -78858.0)
(975, 232.07518553733826, -319115.055704245, -78858.0)
(976, 232.45863914489746, -319115.055704245, -78858.0)
(977, 232.8052248954773, -319115.055704245, -78858.0)
(978, 233.16289687156677, -319115.055704245, -78858.0)
(979, 233.43877530097961, -319115.055704245, -78858.0)
(980, 233.7644898891449, -319115.055704245, -78858.0)
(981, 234.04908323287964, -319115.055704245, -78858.0)
(982, 234.32511353492737, -319115.055704245, -78858.0)
(983, 234.59100437164307, -319115.055704245, -78858.0)
(984, 234.85522174835205, -319115.055704245, -78858.0)
(985, 235.14489316940308, -319115.055704245, -78858.0)
(986, 235.48241806030273, -319115.055704245, -78858.0)
(987, 235.77742791175842, -319115.055704245, -78858.0)
(988, 236.06853103637695, -319115.055704245, -78858.0)
(989, 236.41640496253967, -319115.055704245, -78858.0)
(990, 236.75630521774292, -319115.055704245, -78858.0)
(991, 237.15035772323608, -319115.055704245, -78858.0)
(992, 237.5324366092682, -319115.055704245, -78858.0)
(993, 237.90183210372925, -319115.055704245, -78858.0)
(994, 238.31195449829102, -319115.055704245, -78858.0)
(995, 238.59589791297913, -319115.055704245, -78858.0)
(996, 238.86817026138306, -319115.055704245, -78858.0)
(997, 239.16504621505737, -319115.055704245, -78858.0)
(998, 239.43387269973755, -319115.055704245, -78858.0)
(999, 239.82243466377258, -319115.055704245, -78858.0)
(1000, 240.15098190307617, -319115.055704245, -78858.0)
