(1, 0.05003619194030762, -363390.0, -21620.0)
(2, 0.09629511833190918, -363390.0, -21620.0)
(3, 0.14282846450805664, -363390.0, -21620.0)
(4, 0.18945932388305664, -363390.0, -21620.0)
(5, 0.23585200309753418, -363390.0, -21620.0)
(6, 0.28247618675231934, -363390.0, -21620.0)
(7, 0.3297557830810547, -363390.0, -21620.0)
(8, 0.3757185935974121, -363390.0, -21620.0)
(9, 0.4206099510192871, -363390.0, -21620.0)
(10, 0.4651463031768799, -359696.84210526315, -21620.0)
(11, 0.5100324153900146, -357484.94444444444, -21620.0)
(12, 0.5545501708984375, -357484.94444444444, -21620.0)
(13, 0.5986559391021729, -357484.94444444444, -21620.0)
(14, 0.6427803039550781, -357484.94444444444, -21620.0)
(15, 0.686753511428833, -357484.94444444444, -21620.0)
(16, 0.7305784225463867, -357484.94444444444, -21620.0)
(17, 0.7747197151184082, -357484.94444444444, -21620.0)
(18, 0.8188991546630859, -357484.94444444444, -21620.0)
(19, 0.8636817932128906, -357484.94444444444, -21620.0)
(20, 0.9083068370819092, -357484.94444444444, -21620.0)
(21, 0.9529240131378174, -357484.94444444444, -21620.0)
(22, 0.9976227283477783, -357484.94444444444, -21620.0)
(23, 1.0422468185424805, -357484.94444444444, -21620.0)
(24, 1.0867547988891602, -357484.94444444444, -21620.0)
(25, 1.1323118209838867, -357484.94444444444, -21620.0)
(26, 1.1769580841064453, -357484.94444444444, -21620.0)
(27, 1.221832036972046, -357484.94444444444, -21620.0)
(28, 1.266493558883667, -357484.94444444444, -21620.0)
(29, 1.3112883567810059, -323677.55555555556, -21620.0)
(30, 1.35707688331604, -323677.55555555556, -21620.0)
(31, 1.402899980545044, -323677.55555555556, -21620.0)
(32, 1.4485373497009277, -323677.55555555556, -21620.0)
(33, 1.493964672088623, -323677.55555555556, -21620.0)
(34, 1.5396881103515625, -323677.55555555556, -21620.0)
(35, 1.5848264694213867, -323677.55555555556, -21620.0)
(36, 1.6294834613800049, -323677.55555555556, -21620.0)
(37, 1.6746635437011719, -323677.55555555556, -21620.0)
(38, 1.7201545238494873, -323677.55555555556, -21620.0)
(39, 1.7658500671386719, -323677.55555555556, -21620.0)
(40, 1.8122830390930176, -323677.55555555556, -21620.0)
(41, 1.858356237411499, -323677.55555555556, -21620.0)
(42, 1.9043445587158203, -323677.55555555556, -21620.0)
(43, 1.950986623764038, -323677.55555555556, -21620.0)
(44, 1.9970011711120605, -323677.55555555556, -21620.0)
(45, 2.0429604053497314, -323677.55555555556, -21620.0)
(46, 2.0885841846466064, -323677.55555555556, -21620.0)
(47, 2.1348841190338135, -323677.55555555556, -21620.0)
(48, 2.180921792984009, -323677.55555555556, -21620.0)
(49, 2.225825309753418, -302605.1111111111, -21620.0)
(50, 2.2705788612365723, -302605.1111111111, -21620.0)
(51, 2.3150041103363037, -302605.1111111111, -21620.0)
(52, 2.359276056289673, -302605.1111111111, -21620.0)
(53, 2.4030675888061523, -302605.1111111111, -21620.0)
(54, 2.447162389755249, -302605.1111111111, -21620.0)
(55, 2.4916398525238037, -302605.1111111111, -21620.0)
(56, 2.536036252975464, -302605.1111111111, -21620.0)
(57, 2.580160617828369, -302605.1111111111, -21620.0)
(58, 2.625026226043701, -302605.1111111111, -21620.0)
(59, 2.6700141429901123, -302605.1111111111, -21620.0)
(60, 2.71512508392334, -302605.1111111111, -21620.0)
(61, 2.7603323459625244, -302605.1111111111, -21620.0)
(62, 2.805743455886841, -302605.1111111111, -21620.0)
(63, 2.850882053375244, -302605.1111111111, -21620.0)
(64, 2.8955483436584473, -302605.1111111111, -21620.0)
(65, 2.9407236576080322, -302605.1111111111, -21620.0)
(66, 2.9852709770202637, -302605.1111111111, -21620.0)
(67, 3.0309717655181885, -302605.1111111111, -21620.0)
(68, 3.0922508239746094, -302605.1111111111, -21620.0)
(69, 3.1389362812042236, -302605.1111111111, -21620.0)
(70, 3.1849100589752197, -302605.1111111111, -21620.0)
(71, 3.2308154106140137, -302605.1111111111, -21620.0)
(72, 3.2756307125091553, -271472.1666666667, -21620.0)
(73, 3.3200976848602295, -271472.1666666667, -21620.0)
(74, 3.3640575408935547, -271472.1666666667, -21620.0)
(75, 3.407737970352173, -271472.1666666667, -21620.0)
(76, 3.4506099224090576, -271472.1666666667, -21620.0)
(77, 3.494093656539917, -271472.1666666667, -21620.0)
(78, 3.5392701625823975, -271472.1666666667, -21620.0)
(79, 3.5839953422546387, -271472.1666666667, -21620.0)
(80, 3.628740072250366, -271472.1666666667, -21620.0)
(81, 3.672726631164551, -271472.1666666667, -21620.0)
(82, 3.7166554927825928, -271472.1666666667, -21620.0)
(83, 3.761016845703125, -271472.1666666667, -21620.0)
(84, 3.805636405944824, -271472.1666666667, -21620.0)
(85, 3.8495335578918457, -271472.1666666667, -21620.0)
(86, 3.89377498626709, -271472.1666666667, -21620.0)
(87, 3.937717914581299, -255654.46666666667, -21620.0)
(88, 3.983102321624756, -255654.46666666667, -21620.0)
(89, 4.0295569896698, -255654.46666666667, -21620.0)
(90, 4.075052738189697, -255654.46666666667, -21620.0)
(91, 4.120804786682129, -255654.46666666667, -21620.0)
(92, 4.165511846542358, -255654.46666666667, -21620.0)
(93, 4.210471153259277, -255654.46666666667, -21620.0)
(94, 4.255100727081299, -255654.46666666667, -21620.0)
(95, 4.299916744232178, -255654.46666666667, -21620.0)
(96, 4.345988035202026, -255654.46666666667, -21620.0)
(97, 4.3905580043792725, -255654.46666666667, -21620.0)
(98, 4.436617374420166, -255654.46666666667, -21620.0)
(99, 4.482371091842651, -255654.46666666667, -21620.0)
(100, 4.527639389038086, -255654.46666666667, -21620.0)
(101, 4.57121467590332, -255654.46666666667, -21620.0)
(102, 4.614737510681152, -255654.46666666667, -21620.0)
(103, 4.65666389465332, -255654.46666666667, -21620.0)
(104, 4.699404001235962, -255654.46666666667, -21620.0)
(105, 4.744600296020508, -255654.46666666667, -21620.0)
(106, 4.788588523864746, -255654.46666666667, -21620.0)
(107, 4.833282709121704, -255654.46666666667, -21620.0)
(108, 4.8781633377075195, -255654.46666666667, -21620.0)
(109, 4.922651767730713, -255654.46666666667, -21620.0)
(110, 4.966628789901733, -255654.46666666667, -21620.0)
(111, 5.00964093208313, -255654.46666666667, -21620.0)
(112, 5.053730487823486, -255654.46666666667, -21620.0)
(113, 5.096687078475952, -255654.46666666667, -21620.0)
(114, 5.140401363372803, -255654.46666666667, -21620.0)
(115, 5.183626174926758, -255654.46666666667, -21620.0)
(116, 5.228649854660034, -255654.46666666667, -21620.0)
(117, 5.274404048919678, -255654.46666666667, -21620.0)
(118, 5.319102764129639, -255654.46666666667, -21620.0)
(119, 5.3635759353637695, -210517.94444444444, -21620.0)
(120, 5.406856298446655, -210517.94444444444, -21620.0)
(121, 5.4536027908325195, -210517.94444444444, -21620.0)
(122, 5.499130964279175, -210517.94444444444, -21620.0)
(123, 5.543718576431274, -210517.94444444444, -21620.0)
(124, 5.5882227420806885, -210517.94444444444, -21620.0)
(125, 5.635327100753784, -210517.94444444444, -21620.0)
(126, 5.6809587478637695, -210517.94444444444, -21620.0)
(127, 5.7284324169158936, -210517.94444444444, -21620.0)
(128, 5.775869607925415, -210517.94444444444, -21620.0)
(129, 5.819929361343384, -210517.94444444444, -21620.0)
(130, 5.86600661277771, -210517.94444444444, -21620.0)
(131, 5.910319089889526, -210517.94444444444, -21620.0)
(132, 5.953370809555054, -210517.94444444444, -21620.0)
(133, 5.994830131530762, -210517.94444444444, -21620.0)
(134, 6.037808418273926, -197218.35714285716, -21620.0)
(135, 6.080043315887451, -197218.35714285716, -21620.0)
(136, 6.123997211456299, -197218.35714285716, -21620.0)
(137, 6.168181419372559, -197218.35714285716, -21620.0)
(138, 6.21206259727478, -197218.35714285716, -21620.0)
(139, 6.255785226821899, -197218.35714285716, -21620.0)
(140, 6.299840927124023, -197218.35714285716, -21620.0)
(141, 6.342526435852051, -197218.35714285716, -21620.0)
(142, 6.385684967041016, -197218.35714285716, -21620.0)
(143, 6.428018093109131, -197218.35714285716, -21620.0)
(144, 6.471031904220581, -197218.35714285716, -21620.0)
(145, 6.5157856941223145, -197218.35714285716, -21620.0)
(146, 6.558027029037476, -164690.0588235294, -21620.0)
(147, 6.600067377090454, -164690.0588235294, -21620.0)
(148, 6.641816854476929, -164690.0588235294, -21620.0)
(149, 6.683362245559692, -164690.0588235294, -21620.0)
(150, 6.723855495452881, -164690.0588235294, -21620.0)
(151, 6.764244794845581, -164690.0588235294, -21620.0)
(152, 6.806051254272461, -164690.0588235294, -21620.0)
(153, 6.847661733627319, -164690.0588235294, -21620.0)
(154, 6.89072322845459, -164690.0588235294, -21620.0)
(155, 6.933745384216309, -164690.0588235294, -21620.0)
(156, 6.976454496383667, -164690.0588235294, -21620.0)
(157, 7.018493890762329, -164690.0588235294, -21620.0)
(158, 7.060428142547607, -164690.0588235294, -21620.0)
(159, 7.102176189422607, -164690.0588235294, -21620.0)
(160, 7.1436052322387695, -164690.0588235294, -21620.0)
(161, 7.187283754348755, -164690.0588235294, -21620.0)
(162, 7.229572057723999, -164690.0588235294, -21620.0)
(163, 7.272249460220337, -159614.42857142858, -21620.0)
(164, 7.313766241073608, -132987.0625, -21620.0)
(165, 7.354357004165649, -132987.0625, -21620.0)
(166, 7.394667148590088, -132987.0625, -21620.0)
(167, 7.435629606246948, -132987.0625, -21620.0)
(168, 7.476544380187988, -132987.0625, -21620.0)
(169, 7.517065048217773, -132987.0625, -21620.0)
(170, 7.558202028274536, -132987.0625, -21620.0)
(171, 7.597714185714722, -132987.0625, -21620.0)
(172, 7.639246702194214, -132987.0625, -21620.0)
(173, 7.6808600425720215, -132987.0625, -21620.0)
(174, 7.72290563583374, -132987.0625, -21620.0)
(175, 7.765778064727783, -132987.0625, -21620.0)
(176, 7.808722257614136, -132987.0625, -21620.0)
(177, 7.850265026092529, -132987.0625, -21620.0)
(178, 7.89293098449707, -119970.9296875, -21620.0)
(179, 7.936457872390747, -119970.9296875, -21620.0)
(180, 7.978523254394531, -119970.9296875, -21620.0)
(181, 8.02341628074646, -119970.9296875, -21620.0)
(182, 8.066354036331177, -119970.9296875, -21620.0)
(183, 8.108238220214844, -119970.9296875, -21620.0)
(184, 8.150795936584473, -119970.9296875, -21620.0)
(185, 8.194856643676758, -109864.0, -21620.0)
(186, 8.237123966217041, -108283.66666666666, -21620.0)
(187, 8.278132438659668, -108283.66666666666, -21620.0)
(188, 8.318472862243652, -108283.66666666666, -21620.0)
(189, 8.359348058700562, -108283.66666666666, -21620.0)
(190, 8.400390625, -108283.66666666666, -21620.0)
(191, 8.44183611869812, -108283.66666666666, -21620.0)
(192, 8.484010457992554, -108283.66666666666, -21620.0)
(193, 8.525697231292725, -108283.66666666666, -21620.0)
(194, 8.567820072174072, -108283.66666666666, -21620.0)
(195, 8.608915567398071, -108283.66666666666, -21620.0)
(196, 8.649704694747925, -108283.66666666666, -21620.0)
(197, 8.691801071166992, -108283.66666666666, -21620.0)
(198, 8.740840911865234, -108283.66666666666, -21620.0)
(199, 8.786123752593994, -104998.20000000001, -21620.0)
(200, 8.826474905014038, -104998.20000000001, -21620.0)
(201, 8.869066715240479, -96580.48780487804, -21620.0)
(202, 8.908296585083008, -74899.23076923078, -21620.0)
(203, 8.946192979812622, -74899.23076923078, -21620.0)
(204, 8.983423233032227, -74899.23076923078, -21620.0)
(205, 9.021337747573853, -74899.23076923078, -21620.0)
(206, 9.059152603149414, -74899.23076923078, -21620.0)
(207, 9.0964035987854, -74899.23076923078, -21620.0)
(208, 9.134669065475464, -74899.23076923078, -21620.0)
(209, 9.172746658325195, -74899.23076923078, -21620.0)
(210, 9.210055351257324, -74899.23076923078, -21620.0)
(211, 9.247057437896729, -74899.23076923078, -21620.0)
(212, 9.286227941513062, -67752.83333333334, -21620.0)
(213, 9.32660984992981, -67752.83333333334, -21620.0)
(214, 9.366814136505127, -67752.83333333334, -21620.0)
(215, 9.40554404258728, -67752.83333333334, -21620.0)
(216, 9.44374394416809, -67752.83333333334, -21620.0)
(217, 9.482698440551758, -67752.83333333334, -21620.0)
(218, 9.521414518356323, -67752.83333333334, -21620.0)
(219, 9.55968952178955, -67752.83333333334, -21620.0)
(220, 9.59913420677185, -67752.83333333334, -21620.0)
(221, 9.639805316925049, -67752.83333333334, -21620.0)
(222, 9.679161071777344, -67752.83333333334, -21620.0)
(223, 9.716421842575073, -57436.66666666667, -21620.0)
(224, 9.758051633834839, -57436.66666666667, -21620.0)
(225, 9.79733681678772, -57436.666666666664, -21620.0)
(226, 9.85187840461731, -57436.666666666664, -21620.0)
(227, 9.925451755523682, -57436.666666666664, -21620.0)
(228, 9.980654001235962, -57436.666666666664, -21620.0)
(229, 10.024727582931519, -57436.666666666664, -21620.0)
(230, 10.066014051437378, -57436.666666666664, -21620.0)
(231, 10.123471021652222, -57436.666666666664, -21620.0)
(232, 10.183091640472412, -57436.666666666664, -21620.0)
(233, 10.264809370040894, -57436.666666666664, -21620.0)
(234, 10.338332414627075, -57436.666666666664, -21620.0)
(235, 10.42188286781311, -57436.666666666664, -21620.0)
(236, 10.50852656364441, -57436.666666666664, -21620.0)
(237, 10.743528127670288, -57436.666666666664, -21620.0)
(238, 11.05005955696106, -57436.666666666664, -21620.0)
(239, 11.300034761428833, -57436.666666666664, -21620.0)
(240, 11.53473949432373, -57436.666666666664, -21620.0)
(241, 11.798083305358887, -44887.75370370371, -21620.0)
(242, 12.103310346603394, -36462.424818748936, -21620.0)
(243, 12.387937545776367, -33881.42263992147, -33298.40363304811)
(244, 12.486332654953003, -33429.766724039015, -33330.29000286861)
(245, 12.574933052062988, -33346.08644906035, -33340.42917903066)
(246, 12.646488428115845, -33345.81388316151, -33340.79945017182)
(247, 12.718309164047241, -33340.95029446408, -33340.95029446407)
(248, 12.781073093414307, -33340.95029446407, -33340.95029446407)
