(1, 0.04958081245422363, -339134.0, -21515.0)
(2, 0.09541177749633789, -339134.0, -21515.0)
(3, 0.1410994529724121, -339134.0, -21515.0)
(4, 0.18665456771850586, -339134.0, -21515.0)
(5, 0.23267054557800293, -339134.0, -21515.0)
(6, 0.278289794921875, -339134.0, -21515.0)
(7, 0.32352399826049805, -339134.0, -21515.0)
(8, 0.36995482444763184, -339134.0, -21515.0)
(9, 0.41541504859924316, -339134.0, -21515.0)
(10, 0.4607560634613037, -339134.0, -21515.0)
(11, 0.5065844058990479, -339134.0, -21515.0)
(12, 0.5520501136779785, -339134.0, -21515.0)
(13, 0.5980613231658936, -339134.0, -21515.0)
(14, 0.6439104080200195, -339134.0, -21515.0)
(15, 0.6897289752960205, -339134.0, -21515.0)
(16, 0.7354953289031982, -339134.0, -21515.0)
(17, 0.7813282012939453, -339134.0, -21515.0)
(18, 0.8281338214874268, -339134.0, -21515.0)
(19, 0.8746507167816162, -339134.0, -21515.0)
(20, 0.9210002422332764, -339134.0, -21515.0)
(21, 0.9677064418792725, -339134.0, -21515.0)
(22, 1.0146105289459229, -339134.0, -21515.0)
(23, 1.0608551502227783, -339134.0, -21515.0)
(24, 1.1071670055389404, -339134.0, -21515.0)
(25, 1.1543171405792236, -339134.0, -21515.0)
(26, 1.2018861770629883, -339134.0, -21515.0)
(27, 1.2486798763275146, -339134.0, -21515.0)
(28, 1.2954628467559814, -339134.0, -21515.0)
(29, 1.3424301147460938, -339134.0, -21515.0)
(30, 1.3888616561889648, -339134.0, -21515.0)
(31, 1.436607837677002, -339134.0, -21515.0)
(32, 1.483867883682251, -339134.0, -21515.0)
(33, 1.531313180923462, -339134.0, -21515.0)
(34, 1.5769813060760498, -320178.3333333333, -21515.0)
(35, 1.6228318214416504, -320178.3333333333, -21515.0)
(36, 1.6684668064117432, -320178.3333333333, -21515.0)
(37, 1.7139685153961182, -320178.3333333333, -21515.0)
(38, 1.759390115737915, -320178.3333333333, -21515.0)
(39, 1.8046112060546875, -320178.3333333333, -21515.0)
(40, 1.8490972518920898, -320178.3333333333, -21515.0)
(41, 1.8948040008544922, -320178.3333333333, -21515.0)
(42, 1.9398894309997559, -320178.3333333333, -21515.0)
(43, 1.9856131076812744, -320178.3333333333, -21515.0)
(44, 2.0312602519989014, -320178.3333333333, -21515.0)
(45, 2.076556444168091, -320178.3333333333, -21515.0)
(46, 2.1217756271362305, -320178.3333333333, -21515.0)
(47, 2.167531728744507, -293861.0, -21515.0)
(48, 2.2141568660736084, -293861.0, -21515.0)
(49, 2.2611639499664307, -293861.0, -21515.0)
(50, 2.3077409267425537, -293861.0, -21515.0)
(51, 2.3547356128692627, -293861.0, -21515.0)
(52, 2.402268886566162, -293861.0, -21515.0)
(53, 2.4490606784820557, -293861.0, -21515.0)
(54, 2.4954583644866943, -293861.0, -21515.0)
(55, 2.541778564453125, -293861.0, -21515.0)
(56, 2.5880043506622314, -293861.0, -21515.0)
(57, 2.6349823474884033, -293861.0, -21515.0)
(58, 2.6813602447509766, -293861.0, -21515.0)
(59, 2.7280590534210205, -293861.0, -21515.0)
(60, 2.7753376960754395, -293861.0, -21515.0)
(61, 2.8201944828033447, -293861.0, -21515.0)
(62, 2.865070104598999, -293861.0, -21515.0)
(63, 2.909454822540283, -293861.0, -21515.0)
(64, 2.9545154571533203, -264835.29411764705, -21515.0)
(65, 2.9973928928375244, -264835.29411764705, -21515.0)
(66, 3.0400822162628174, -264835.29411764705, -21515.0)
(67, 3.0831851959228516, -264835.29411764705, -21515.0)
(68, 3.125605821609497, -264835.29411764705, -21515.0)
(69, 3.1683027744293213, -264835.29411764705, -21515.0)
(70, 3.2107176780700684, -264835.29411764705, -21515.0)
(71, 3.253410577774048, -264835.29411764705, -21515.0)
(72, 3.2973814010620117, -264835.29411764705, -21515.0)
(73, 3.341029644012451, -264835.29411764705, -21515.0)
(74, 3.383786916732788, -264835.29411764705, -21515.0)
(75, 3.426694631576538, -264835.29411764705, -21515.0)
(76, 3.46964168548584, -264835.29411764705, -21515.0)
(77, 3.5137088298797607, -264835.29411764705, -21515.0)
(78, 3.5566635131835938, -264835.29411764705, -21515.0)
(79, 3.600001573562622, -262796.5517241379, -21515.0)
(80, 3.6443870067596436, -250546.91176470587, -21515.0)
(81, 3.6891348361968994, -250546.91176470587, -21515.0)
(82, 3.7342042922973633, -250546.91176470587, -21515.0)
(83, 3.779047966003418, -250546.91176470587, -21515.0)
(84, 3.8248183727264404, -250546.91176470587, -21515.0)
(85, 3.869255304336548, -250546.91176470587, -21515.0)
(86, 3.914889335632324, -250546.91176470587, -21515.0)
(87, 3.9603042602539062, -250546.91176470587, -21515.0)
(88, 4.007205486297607, -250546.91176470587, -21515.0)
(89, 4.051399230957031, -250546.91176470587, -21515.0)
(90, 4.097513675689697, -250546.91176470587, -21515.0)
(91, 4.141923189163208, -250546.91176470587, -21515.0)
(92, 4.186350345611572, -250546.91176470587, -21515.0)
(93, 4.230029106140137, -250546.91176470587, -21515.0)
(94, 4.278052806854248, -250546.91176470587, -21515.0)
(95, 4.322524070739746, -243650.6875, -21515.0)
(96, 4.366558313369751, -243650.6875, -21515.0)
(97, 4.4095001220703125, -243650.6875, -21515.0)
(98, 4.45325493812561, -243650.6875, -21515.0)
(99, 4.4964516162872314, -243650.6875, -21515.0)
(100, 4.539424419403076, -243650.6875, -21515.0)
(101, 4.581457853317261, -243650.6875, -21515.0)
(102, 4.624438762664795, -243650.6875, -21515.0)
(103, 4.667496919631958, -243650.6875, -21515.0)
(104, 4.7100160121917725, -243650.6875, -21515.0)
(105, 4.753643751144409, -243650.6875, -21515.0)
(106, 4.799029588699341, -215218.58823529413, -21515.0)
(107, 4.843629360198975, -215218.58823529413, -21515.0)
(108, 4.885732412338257, -212108.5, -21515.0)
(109, 4.927085876464844, -212108.5, -21515.0)
(110, 4.984074115753174, -203368.7142857143, -21515.0)
(111, 5.027394533157349, -203368.7142857143, -21515.0)
(112, 5.0690460205078125, -203368.7142857143, -21515.0)
(113, 5.110240697860718, -203368.7142857143, -21515.0)
(114, 5.151392936706543, -203368.7142857143, -21515.0)
(115, 5.191735506057739, -203368.7142857143, -21515.0)
(116, 5.231690168380737, -203368.7142857143, -21515.0)
(117, 5.272869348526001, -203368.7142857143, -21515.0)
(118, 5.3149707317352295, -203368.7142857143, -21515.0)
(119, 5.3569135665893555, -203368.7142857143, -21515.0)
(120, 5.3979151248931885, -203368.7142857143, -21515.0)
(121, 5.438570022583008, -203368.7142857143, -21515.0)
(122, 5.480178117752075, -172458.84615384616, -21515.0)
(123, 5.522985935211182, -172181.125, -21515.0)
(124, 5.56800651550293, -172181.125, -21515.0)
(125, 5.611144781112671, -172181.125, -21515.0)
(126, 5.654132127761841, -172181.125, -21515.0)
(127, 5.697633504867554, -172181.125, -21515.0)
(128, 5.73968505859375, -172181.125, -21515.0)
(129, 5.781565189361572, -172181.125, -21515.0)
(130, 5.826476097106934, -172181.125, -21515.0)
(131, 5.871138095855713, -172181.125, -21515.0)
(132, 5.916126489639282, -172181.125, -21515.0)
(133, 5.958107948303223, -172181.125, -21515.0)
(134, 5.999104261398315, -172181.125, -21515.0)
(135, 6.039821624755859, -172181.125, -21515.0)
(136, 6.079725503921509, -172181.125, -21515.0)
(137, 6.120247840881348, -172181.125, -21515.0)
(138, 6.161501884460449, -172181.125, -21515.0)
(139, 6.203173398971558, -172181.125, -21515.0)
(140, 6.24535059928894, -172181.125, -21515.0)
(141, 6.286132574081421, -172181.125, -21515.0)
(142, 6.32810378074646, -172181.125, -21515.0)
(143, 6.369218111038208, -172181.125, -21515.0)
(144, 6.410666465759277, -172181.125, -21515.0)
(145, 6.451775789260864, -172181.125, -21515.0)
(146, 6.493413686752319, -172181.125, -21515.0)
(147, 6.538293123245239, -137159.73333333334, -21515.0)
(148, 6.580613374710083, -137159.73333333334, -21515.0)
(149, 6.623836278915405, -137159.73333333334, -21515.0)
(150, 6.6654767990112305, -137159.73333333334, -21515.0)
(151, 6.70671534538269, -137159.73333333334, -21515.0)
(152, 6.746224880218506, -137159.73333333334, -21515.0)
(153, 6.78535008430481, -137159.73333333334, -21515.0)
(154, 6.824997186660767, -137159.73333333334, -21515.0)
(155, 6.864117383956909, -137159.73333333334, -21515.0)
(156, 6.90266227722168, -137159.73333333334, -21515.0)
(157, 6.941974878311157, -137159.73333333334, -21515.0)
(158, 6.98254132270813, -132291.2857142857, -21515.0)
(159, 7.024686574935913, -132291.2857142857, -21515.0)
(160, 7.0653767585754395, -132291.2857142857, -21515.0)
(161, 7.10753607749939, -132291.2857142857, -21515.0)
(162, 7.148930549621582, -132291.2857142857, -21515.0)
(163, 7.189626932144165, -132291.2857142857, -21515.0)
(164, 7.230304479598999, -132291.2857142857, -21515.0)
(165, 7.270581960678101, -132291.2857142857, -21515.0)
(166, 7.312060356140137, -132291.2857142857, -21515.0)
(167, 7.353140592575073, -118250.6, -21515.0)
(168, 7.401135206222534, -118098.1, -21515.0)
(169, 7.445413112640381, -118098.1, -21515.0)
(170, 7.487698554992676, -118098.1, -21515.0)
(171, 7.527099370956421, -118098.1, -21515.0)
(172, 7.566072702407837, -118098.1, -21515.0)
(173, 7.604848623275757, -118098.1, -21515.0)
(174, 7.643327474594116, -118098.1, -21515.0)
(175, 7.682168960571289, -118098.1, -21515.0)
(176, 7.72048807144165, -118098.1, -21515.0)
(177, 7.760478496551514, -111468.22222222222, -21515.0)
(178, 7.80143928527832, -111468.22222222222, -21515.0)
(179, 7.840668678283691, -111468.22222222222, -21515.0)
(180, 7.881231784820557, -111468.22222222222, -21515.0)
(181, 7.922322034835815, -111468.22222222222, -21515.0)
(182, 7.961720705032349, -111468.22222222222, -21515.0)
(183, 8.00094485282898, -111468.22222222222, -21515.0)
(184, 8.042057275772095, -111468.22222222222, -21515.0)
(185, 8.082889080047607, -111468.22222222222, -21515.0)
(186, 8.122674465179443, -106899.5, -21515.0)
(187, 8.161123275756836, -80656.92857142858, -21515.0)
(188, 8.198660135269165, -80656.92857142858, -21515.0)
(189, 8.235775709152222, -80656.92857142858, -21515.0)
(190, 8.271749019622803, -80656.92857142858, -21515.0)
(191, 8.308586359024048, -80656.92857142858, -21515.0)
(192, 8.344303131103516, -80656.92857142858, -21515.0)
(193, 8.380422115325928, -80656.92857142858, -21515.0)
(194, 8.416727542877197, -80656.92857142858, -21515.0)
(195, 8.455434799194336, -80656.92857142858, -21515.0)
(196, 8.494083404541016, -80656.92857142858, -21515.0)
(197, 8.532195329666138, -80656.92857142858, -21515.0)
(198, 8.569957494735718, -80656.92857142858, -21515.0)
(199, 8.607400178909302, -80656.92857142858, -21515.0)
(200, 8.646476745605469, -80656.92857142858, -21515.0)
(201, 8.685909748077393, -77076.23076923077, -21515.0)
(202, 8.725067377090454, -76702.71428571429, -21515.0)
(203, 8.763168096542358, -76702.71428571429, -21515.0)
(204, 8.801952362060547, -74130.25, -21515.0)
(205, 8.84113073348999, -74130.25, -21515.0)
(206, 8.877967357635498, -57058.333333333336, -21515.0)
(207, 8.918046474456787, -57058.333333333336, -21515.0)
(208, 8.958133935928345, -57058.333333333336, -21515.0)
(209, 8.996779441833496, -57058.333333333336, -21515.0)
(210, 9.039085626602173, -57058.333333333336, -21515.0)
(211, 9.083614826202393, -57058.333333333336, -21515.0)
(212, 9.138415098190308, -57058.333333333336, -21515.0)
(213, 9.209756851196289, -57058.333333333336, -21515.0)
(214, 9.268507242202759, -57058.333333333336, -21515.0)
(215, 9.312563419342041, -57058.333333333336, -21515.0)
(216, 9.377526998519897, -57058.333333333336, -21515.0)
(217, 9.437243700027466, -57058.333333333336, -21515.0)
(218, 9.47985315322876, -57058.333333333336, -21515.0)
(219, 9.527170419692993, -57058.333333333336, -21515.0)
(220, 9.566694498062134, -57058.333333333336, -21515.0)
(221, 9.620967626571655, -57058.333333333336, -21515.0)
(222, 9.690104961395264, -57058.333333333336, -21515.0)
(223, 9.926324844360352, -57058.333333333336, -21515.0)
(224, 10.208356380462646, -57058.333333333336, -21515.0)
(225, 10.503329992294312, -42157.259259259255, -21515.0)
(226, 10.74051308631897, -33807.49922839508, -32541.458333333336)
(227, 10.833760499954224, -32635.309720236135, -32600.497928354063)
(228, 10.905572891235352, -32629.5667312453, -32604.511516521365)
(229, 10.979857683181763, -32607.323867996936, -32607.323867996925)
(230, 11.03972578048706, -32607.323867996936, -32607.323867996918)
