(1, 0.06316471099853516, -194626.0, -11518.0)
(2, 0.1192770004272461, -194626.0, -11518.0)
(3, 0.1763472557067871, -185231.5, -11518.0)
(4, 0.23351287841796875, -180328.625, -11518.0)
(5, 0.2914135456085205, -170878.0, -11518.0)
(6, 0.34989166259765625, -166111.125, -11518.0)
(7, 0.40953636169433594, -146796.70833333334, -11518.0)
(8, 0.4704113006591797, -131465.5, -11518.0)
(9, 0.5314483642578125, -126413.125, -11518.0)
(10, 0.59269118309021, -125565.04166666667, -11518.0)
(11, 0.654125452041626, -118003.0, -11518.0)
(12, 0.7158980369567871, -116724.91666666667, -11518.0)
(13, 0.7780876159667969, -105647.83333333333, -11518.0)
(14, 0.8416266441345215, -88972.125, -11518.0)
(15, 0.9058797359466553, -77347.25, -11518.0)
(16, 0.971343994140625, -60649.20833333333, -11518.0)
(17, 1.0370960235595703, -47769.333333333336, -11518.0)
(18, 1.1033930778503418, -43077.791666666664, -11518.0)
(19, 1.1705846786499023, -31425.375, -11518.0)
(20, 1.238508939743042, -19774.333333333336, -11518.0)
(21, 1.3075456619262695, -14993.083333333334, -11518.0)
(22, 1.3759305477142334, -14009.8, -11518.0)
(23, 1.4472665786743164, -12905.0, -12905.0)
(24, 1.5149543285369873, -12905.0, -12905.0)
