(1, 0.01430654525756836, -103649.0, -24230.0)
(2, 0.028165578842163086, -103649.0, -24230.0)
(3, 0.042087554931640625, -103649.0, -24230.0)
(4, 0.05687522888183594, -103649.0, -24230.0)
(5, 0.07080769538879395, -103649.0, -24230.0)
(6, 0.08485293388366699, -103649.0, -24230.0)
(7, 0.09890127182006836, -103649.0, -24230.0)
(8, 0.11310553550720215, -103649.0, -24230.0)
(9, 0.1273362636566162, -103649.0, -24230.0)
(10, 0.14121460914611816, -103649.0, -24230.0)
(11, 0.15530800819396973, -103649.0, -24230.0)
(12, 0.16936421394348145, -103649.0, -24230.0)
(13, 0.1834883689880371, -103649.0, -24230.0)
(14, 0.19745850563049316, -103649.0, -24230.0)
(15, 0.21158695220947266, -103649.0, -24230.0)
(16, 0.22547554969787598, -103649.0, -24230.0)
(17, 0.23941636085510254, -103649.0, -24230.0)
(18, 0.25348663330078125, -103649.0, -24230.0)
(19, 0.26732683181762695, -103649.0, -24230.0)
(20, 0.2812483310699463, -103649.0, -24230.0)
(21, 0.29521989822387695, -103649.0, -24230.0)
(22, 0.30936288833618164, -103649.0, -24230.0)
(23, 0.3233640193939209, -103649.0, -24230.0)
(24, 0.33746337890625, -103649.0, -24230.0)
(25, 0.35143136978149414, -103649.0, -24230.0)
(26, 0.365997314453125, -103649.0, -24230.0)
(27, 0.381303071975708, -103649.0, -24230.0)
(28, 0.396381139755249, -103649.0, -24230.0)
(29, 0.4121088981628418, -103649.0, -24230.0)
(30, 0.4269847869873047, -103649.0, -24230.0)
(31, 0.441178560256958, -103649.0, -24230.0)
(32, 0.4557061195373535, -103649.0, -24230.0)
(33, 0.4695589542388916, -103649.0, -24230.0)
(34, 0.48435235023498535, -103649.0, -24230.0)
(35, 0.4987187385559082, -103649.0, -24230.0)
(36, 0.5136196613311768, -103649.0, -24230.0)
(37, 0.5283432006835938, -103649.0, -24230.0)
(38, 0.5434396266937256, -103649.0, -24230.0)
(39, 0.5584092140197754, -103649.0, -24230.0)
(40, 0.5739336013793945, -99052.46324715656, -24230.0)
(41, 0.5888071060180664, -99052.46324715656, -24230.0)
(42, 0.6031842231750488, -99052.46324715656, -24230.0)
(43, 0.618541955947876, -99052.46324715656, -24230.0)
(44, 0.6340663433074951, -99052.46324715656, -24230.0)
(45, 0.6499102115631104, -99052.46324715656, -24230.0)
(46, 0.6652400493621826, -99052.46324715656, -24230.0)
(47, 0.6803338527679443, -99052.46324715656, -24230.0)
(48, 0.6963772773742676, -99052.46324715656, -24230.0)
(49, 0.7125406265258789, -99052.46324715656, -24230.0)
(50, 0.7279741764068604, -99052.46324715656, -24230.0)
(51, 0.7442529201507568, -99052.46324715656, -24230.0)
(52, 0.7595806121826172, -99052.46324715656, -24230.0)
(53, 0.7752180099487305, -99052.46324715656, -24230.0)
(54, 0.7925989627838135, -97792.44675090264, -24230.0)
(55, 0.8083889484405518, -97792.44675090264, -24230.0)
(56, 0.8234157562255859, -97792.44675090264, -24230.0)
(57, 0.839407205581665, -97792.44675090264, -24230.0)
(58, 0.8556342124938965, -97792.44675090264, -24230.0)
(59, 0.871121883392334, -97792.44675090264, -24230.0)
(60, 0.8856909275054932, -97792.44675090264, -24230.0)
(61, 0.9016544818878174, -97792.44675090264, -24230.0)
(62, 0.917548418045044, -97792.44675090264, -24230.0)
(63, 0.9340260028839111, -97792.44675090264, -24230.0)
(64, 0.9505612850189209, -97792.44675090264, -24230.0)
(65, 0.9673078060150146, -97792.44675090264, -24230.0)
(66, 0.9820904731750488, -97792.44675090264, -24230.0)
(67, 0.9982969760894775, -97792.44675090264, -24230.0)
(68, 1.0140385627746582, -97792.44675090264, -24230.0)
(69, 1.0300371646881104, -97792.44675090264, -24230.0)
(70, 1.0458614826202393, -97792.44675090264, -24230.0)
(71, 1.0623011589050293, -97792.44675090264, -24230.0)
(72, 1.0789332389831543, -97792.44675090264, -24230.0)
(73, 1.0942344665527344, -97792.44675090264, -24230.0)
(74, 1.1106927394866943, -97792.44675090264, -24230.0)
(75, 1.127143383026123, -97792.44675090264, -24230.0)
(76, 1.1419568061828613, -97792.44675090264, -24230.0)
(77, 1.1584246158599854, -97792.44675090264, -24230.0)
(78, 1.1752452850341797, -97792.44675090264, -24230.0)
(79, 1.1922845840454102, -97792.44675090264, -24230.0)
(80, 1.2092363834381104, -97792.44675090264, -24230.0)
(81, 1.228957176208496, -97792.44675090264, -24230.0)
(82, 1.2462024688720703, -97792.44675090264, -24230.0)
(83, 1.2633061408996582, -97792.44675090264, -24230.0)
(84, 1.2801296710968018, -97792.44675090264, -24230.0)
(85, 1.296433925628662, -97792.44675090264, -24230.0)
(86, 1.3135483264923096, -97792.44675090264, -24230.0)
(87, 1.3284871578216553, -97792.44675090264, -24230.0)
(88, 1.3446424007415771, -97792.44675090264, -24230.0)
(89, 1.3621137142181396, -97792.44675090264, -24230.0)
(90, 1.3775932788848877, -97792.44675090264, -24230.0)
(91, 1.3945693969726562, -97792.44675090264, -24230.0)
(92, 1.411787509918213, -97792.44675090264, -24230.0)
(93, 1.4279098510742188, -97792.44675090264, -24230.0)
(94, 1.442997932434082, -97792.44675090264, -24230.0)
(95, 1.458204746246338, -97792.44675090264, -24230.0)
(96, 1.4748456478118896, -97792.44675090264, -24230.0)
(97, 1.4902002811431885, -97792.44675090264, -24230.0)
(98, 1.5060033798217773, -97792.44675090264, -24230.0)
(99, 1.5221683979034424, -97792.44675090264, -24230.0)
(100, 1.5373964309692383, -97792.44675090264, -24230.0)
(101, 1.552682638168335, -97792.44675090264, -24230.0)
(102, 1.5685856342315674, -97792.44675090264, -24230.0)
(103, 1.5840871334075928, -97792.44675090264, -24230.0)
(104, 1.5996334552764893, -97792.44675090264, -24230.0)
(105, 1.6155834197998047, -97792.44675090264, -24230.0)
(106, 1.631779670715332, -97792.44675090264, -24230.0)
(107, 1.648864507675171, -97792.44675090264, -24230.0)
(108, 1.664717674255371, -97792.44675090264, -24230.0)
(109, 1.680260181427002, -97792.44675090264, -24230.0)
(110, 1.6969361305236816, -97792.44675090264, -24230.0)
(111, 1.7124462127685547, -97792.44675090264, -24230.0)
(112, 1.7279837131500244, -97792.44675090264, -24230.0)
(113, 1.7435495853424072, -97792.44675090264, -24230.0)
(114, 1.7589643001556396, -97792.44675090264, -24230.0)
(115, 1.773958683013916, -97792.44675090264, -24230.0)
(116, 1.7911906242370605, -97792.44675090264, -24230.0)
(117, 1.807328224182129, -97792.44675090264, -24230.0)
(118, 1.8222994804382324, -97792.44675090264, -24230.0)
(119, 1.8380546569824219, -97792.44675090264, -24230.0)
(120, 1.8538801670074463, -97792.44675090264, -24230.0)
(121, 1.8696398735046387, -97792.44675090264, -24230.0)
(122, 1.8852698802947998, -97792.44675090264, -24230.0)
(123, 1.900832176208496, -97792.44675090264, -24230.0)
(124, 1.9167330265045166, -97792.44675090264, -24230.0)
(125, 1.933506727218628, -97792.44675090264, -24230.0)
(126, 1.9491090774536133, -97792.44675090264, -24230.0)
(127, 1.965895414352417, -97792.44675090264, -24230.0)
(128, 1.9829165935516357, -97792.44675090264, -24230.0)
(129, 2.0013647079467773, -97792.44675090264, -24230.0)
(130, 2.0191285610198975, -97792.44675090264, -24230.0)
(131, 2.037038803100586, -97792.44675090264, -24230.0)
(132, 2.053326368331909, -97792.44675090264, -24230.0)
(133, 2.06840181350708, -97792.44675090264, -24230.0)
(134, 2.0849101543426514, -97792.44675090264, -24230.0)
(135, 2.101283073425293, -97792.44675090264, -24230.0)
(136, 2.117616891860962, -97792.44675090264, -24230.0)
(137, 2.1351892948150635, -97792.44675090264, -24230.0)
(138, 2.15313982963562, -97792.44675090264, -24230.0)
(139, 2.1695971488952637, -97792.44675090264, -24230.0)
(140, 2.185511827468872, -97792.44675090264, -24230.0)
(141, 2.2016918659210205, -97792.44675090264, -24230.0)
(142, 2.217275619506836, -97792.44675090264, -24230.0)
(143, 2.233100414276123, -97792.44675090264, -24230.0)
(144, 2.2487335205078125, -97792.44675090264, -24230.0)
(145, 2.2651257514953613, -97792.44675090264, -24230.0)
(146, 2.281168222427368, -97792.44675090264, -24230.0)
(147, 2.2975001335144043, -97792.44675090264, -24230.0)
(148, 2.313875436782837, -97792.44675090264, -24230.0)
(149, 2.3302173614501953, -97792.44675090264, -24230.0)
(150, 2.3464436531066895, -97792.44675090264, -24230.0)
(151, 2.3628180027008057, -97792.44675090264, -24230.0)
(152, 2.380715847015381, -97792.44675090264, -24230.0)
(153, 2.3983752727508545, -97792.44675090264, -24230.0)
(154, 2.4166934490203857, -97792.44675090264, -24230.0)
(155, 2.434260368347168, -97792.44675090264, -24230.0)
(156, 2.4521963596343994, -97792.44675090264, -24230.0)
(157, 2.470757007598877, -97792.44675090264, -24230.0)
(158, 2.4870429039001465, -97792.44675090264, -24230.0)
(159, 2.504610776901245, -97792.44675090264, -24230.0)
(160, 2.5228538513183594, -97792.44675090264, -24230.0)
(161, 2.541400194168091, -97792.44675090264, -24230.0)
(162, 2.5596327781677246, -97792.44675090264, -24230.0)
(163, 2.5769734382629395, -97792.44675090264, -24230.0)
(164, 2.5964691638946533, -97792.44675090264, -24230.0)
(165, 2.613865375518799, -97792.44675090264, -24230.0)
(166, 2.6339199542999268, -97792.44675090264, -24230.0)
(167, 2.6514925956726074, -97792.44675090264, -24230.0)
(168, 2.66970157623291, -97792.44675090264, -24230.0)
(169, 2.6862869262695312, -97792.44675090264, -24230.0)
(170, 2.7047669887542725, -97792.44675090264, -24230.0)
(171, 2.7235777378082275, -97792.44675090264, -24230.0)
(172, 2.743100881576538, -97792.44675090264, -24230.0)
(173, 2.763150930404663, -97792.44675090264, -24230.0)
(174, 2.7830753326416016, -97792.44675090264, -24230.0)
(175, 2.8007607460021973, -97792.44675090264, -24230.0)
(176, 2.8195111751556396, -97792.44675090264, -24230.0)
(177, 2.8380930423736572, -97792.44675090264, -24230.0)
(178, 2.8574533462524414, -97792.44675090264, -24230.0)
(179, 2.8766133785247803, -97792.44675090264, -24230.0)
(180, 2.8961846828460693, -97792.44675090264, -24230.0)
(181, 2.915626287460327, -97792.44675090264, -24230.0)
(182, 2.935784101486206, -97792.44675090264, -24230.0)
(183, 2.952664852142334, -97792.44675090264, -24230.0)
(184, 2.9721245765686035, -97792.44675090264, -24230.0)
(185, 2.9910213947296143, -97792.44675090264, -24230.0)
(186, 3.010664463043213, -97792.44675090264, -24230.0)
(187, 3.0275657176971436, -97792.44675090264, -24230.0)
(188, 3.044182300567627, -97792.44675090264, -24230.0)
(189, 3.062800645828247, -97792.44675090264, -24230.0)
(190, 3.080385208129883, -97792.44675090264, -24230.0)
(191, 3.0994386672973633, -97792.44675090264, -24230.0)
(192, 3.118058681488037, -97792.44675090264, -24230.0)
(193, 3.137150287628174, -97792.44675090264, -24230.0)
(194, 3.1563236713409424, -97792.44675090264, -24230.0)
(195, 3.1757538318634033, -97792.44675090264, -24230.0)
(196, 3.1950316429138184, -97792.44675090264, -24230.0)
(197, 3.214503526687622, -97792.44675090264, -24230.0)
(198, 3.235280752182007, -97792.44675090264, -24230.0)
(199, 3.2549846172332764, -97792.44675090264, -24230.0)
(200, 3.2749855518341064, -97792.44675090264, -24230.0)
(201, 3.295447826385498, -97792.44675090264, -24230.0)
(202, 3.31492018699646, -97792.44675090264, -24230.0)
(203, 3.3348793983459473, -97792.44675090264, -24230.0)
(204, 3.3547215461730957, -97792.44675090264, -24230.0)
(205, 3.374046802520752, -97792.44675090264, -24230.0)
(206, 3.3963921070098877, -97792.44675090264, -24230.0)
(207, 3.414494752883911, -97792.44675090264, -24230.0)
(208, 3.4339725971221924, -97792.44675090264, -24230.0)
(209, 3.4509339332580566, -97792.44675090264, -24230.0)
(210, 3.4686150550842285, -97792.44675090264, -24230.0)
(211, 3.4861462116241455, -97792.44675090264, -24230.0)
(212, 3.503838300704956, -97792.44675090264, -24230.0)
(213, 3.5233962535858154, -97792.44675090264, -24230.0)
(214, 3.544095754623413, -97792.44675090264, -24230.0)
(215, 3.56380295753479, -97792.44675090264, -24230.0)
(216, 3.584747314453125, -97792.44675090264, -24230.0)
(217, 3.6058754920959473, -97792.44675090264, -24230.0)
(218, 3.6253156661987305, -97792.44675090264, -24230.0)
(219, 3.645244836807251, -97792.44675090264, -24230.0)
(220, 3.6652379035949707, -97792.44675090264, -24230.0)
(221, 3.687105178833008, -97792.44675090264, -24230.0)
(222, 3.7107083797454834, -97792.44675090264, -24230.0)
(223, 3.7310400009155273, -97792.44675090264, -24230.0)
(224, 3.749055862426758, -97792.44675090264, -24230.0)
(225, 3.7695045471191406, -97792.44675090264, -24230.0)
(226, 3.7902956008911133, -97792.44675090264, -24230.0)
(227, 3.811575412750244, -97792.44675090264, -24230.0)
(228, 3.8324649333953857, -97792.44675090264, -24230.0)
(229, 3.8540256023406982, -97792.44675090264, -24230.0)
(230, 3.873796224594116, -97792.44675090264, -24230.0)
(231, 3.894690752029419, -97792.44675090264, -24230.0)
(232, 3.9169013500213623, -97792.44675090264, -24230.0)
(233, 3.938018321990967, -97792.44675090264, -24230.0)
(234, 3.9625391960144043, -97792.44675090264, -24230.0)
(235, 3.9882888793945312, -97792.44675090264, -24230.0)
(236, 4.013976573944092, -97792.44675090264, -24230.0)
(237, 4.0379767417907715, -97792.44675090264, -24230.0)
(238, 4.059732437133789, -97792.44675090264, -24230.0)
(239, 4.0775415897369385, -97792.44675090264, -24230.0)
(240, 4.1034581661224365, -97792.44675090264, -24230.0)
(241, 4.1257710456848145, -97792.44675090264, -24230.0)
(242, 4.149644374847412, -97792.44675090264, -24230.0)
(243, 4.171676158905029, -97792.44675090264, -24230.0)
(244, 4.19291353225708, -97792.44675090264, -24230.0)
(245, 4.214862823486328, -97792.44675090264, -24230.0)
(246, 4.236905574798584, -97792.44675090264, -24230.0)
(247, 4.259702682495117, -97792.44675090264, -24230.0)
(248, 4.283243417739868, -97792.44675090264, -24230.0)
(249, 4.3048248291015625, -97792.44675090264, -24230.0)
(250, 4.326635360717773, -97792.44675090264, -24230.0)
(251, 4.35018253326416, -97792.44675090264, -24230.0)
(252, 4.373674154281616, -97792.44675090264, -24230.0)
(253, 4.398634910583496, -97792.44675090264, -24230.0)
(254, 4.422508239746094, -97792.44675090264, -24230.0)
(255, 4.445198059082031, -97792.44675090264, -24230.0)
(256, 4.466825485229492, -97792.44675090264, -24230.0)
(257, 4.489078044891357, -97792.44675090264, -24230.0)
(258, 4.5129992961883545, -97792.44675090264, -24230.0)
(259, 4.538940906524658, -97792.44675090264, -24230.0)
(260, 4.563434600830078, -97792.44675090264, -24230.0)
(261, 4.595000743865967, -97792.44675090264, -24230.0)
(262, 4.6240129470825195, -97792.44675090264, -24230.0)
(263, 4.645889520645142, -97792.44675090264, -24230.0)
(264, 4.669945478439331, -97792.44675090264, -24230.0)
(265, 4.694811820983887, -97792.44675090264, -24230.0)
(266, 4.724468469619751, -97792.44675090264, -24230.0)
(267, 4.7523109912872314, -97792.44675090264, -24230.0)
(268, 4.7743682861328125, -97792.44675090264, -24230.0)
(269, 4.801486968994141, -97792.44675090264, -24230.0)
(270, 4.824665784835815, -97792.44675090264, -24230.0)
(271, 4.844543933868408, -97792.44675090264, -24230.0)
(272, 4.872573614120483, -97792.44675090264, -24230.0)
(273, 4.90087628364563, -97792.44675090264, -24230.0)
(274, 4.922091007232666, -97792.44675090264, -24230.0)
(275, 4.951958894729614, -97792.44675090264, -24230.0)
(276, 4.975827217102051, -97792.44675090264, -24230.0)
(277, 5.008831024169922, -97792.44675090264, -24230.0)
(278, 5.037877082824707, -97792.44675090264, -24230.0)
(279, 5.066725015640259, -97792.44675090264, -24230.0)
(280, 5.092012405395508, -97792.44675090264, -24230.0)
(281, 5.120474576950073, -97792.44675090264, -24230.0)
(282, 5.14776611328125, -97792.44675090264, -24230.0)
(283, 5.168713331222534, -97792.44675090264, -24230.0)
(284, 5.194766521453857, -97792.44675090264, -24230.0)
(285, 5.215276002883911, -97792.44675090264, -24230.0)
(286, 5.243335962295532, -97792.44675090264, -24230.0)
(287, 5.27040433883667, -97792.44675090264, -24230.0)
(288, 5.289179086685181, -97792.44675090264, -24230.0)
(289, 5.324447154998779, -97792.44675090264, -24230.0)
(290, 5.3453099727630615, -97792.44675090264, -24230.0)
(291, 5.374674320220947, -97792.44675090264, -24230.0)
(292, 5.406037092208862, -97792.44675090264, -24230.0)
(293, 5.44108510017395, -97792.44675090264, -24230.0)
(294, 5.4707190990448, -97792.44675090264, -24230.0)
(295, 5.500643491744995, -97792.44675090264, -24230.0)
(296, 5.5392420291900635, -97792.44675090264, -24230.0)
(297, 5.5692760944366455, -97792.44675090264, -24230.0)
(298, 5.607441663742065, -97792.44675090264, -24230.0)
(299, 5.6353676319122314, -92208.41000732394, -24230.0)
(300, 5.663365364074707, -92208.41000732394, -24230.0)
(301, 5.691283226013184, -92208.41000732394, -24230.0)
(302, 5.7171430587768555, -92208.41000732394, -24230.0)
(303, 5.741888523101807, -92208.41000732394, -24230.0)
(304, 5.7666730880737305, -92208.41000732394, -24230.0)
(305, 5.791196346282959, -92208.41000732394, -24230.0)
(306, 5.81132435798645, -92208.41000732394, -24230.0)
(307, 5.83472752571106, -92208.41000732394, -24230.0)
(308, 5.857794523239136, -92208.41000732394, -24230.0)
(309, 5.882026195526123, -92208.41000732394, -24230.0)
(310, 5.90676736831665, -92208.41000732394, -24230.0)
(311, 5.931338310241699, -92208.41000732394, -24230.0)
(312, 5.955986738204956, -92208.41000732394, -24230.0)
(313, 5.980411767959595, -92208.41000732394, -24230.0)
(314, 6.002176523208618, -92208.41000732394, -24230.0)
(315, 6.027085542678833, -92208.41000732394, -24230.0)
(316, 6.053849220275879, -92208.41000732394, -24230.0)
(317, 6.080117225646973, -92208.41000732394, -24230.0)
(318, 6.1066625118255615, -92208.41000732394, -24230.0)
(319, 6.134821891784668, -92208.41000732394, -24230.0)
(320, 6.166789531707764, -92208.41000732394, -24230.0)
(321, 6.198715686798096, -92208.41000732394, -24230.0)
(322, 6.232666492462158, -92208.41000732394, -24230.0)
(323, 6.262205362319946, -92208.41000732394, -24230.0)
(324, 6.288827896118164, -92208.41000732394, -24230.0)
(325, 6.316617727279663, -92208.41000732394, -24230.0)
(326, 6.342534303665161, -92208.41000732394, -24230.0)
(327, 6.372557640075684, -92208.41000732394, -24230.0)
(328, 6.4066002368927, -92208.41000732394, -24230.0)
(329, 6.439477205276489, -92208.41000732394, -24230.0)
(330, 6.466617584228516, -92208.41000732394, -24230.0)
(331, 6.494932413101196, -92208.41000732394, -24230.0)
(332, 6.525681495666504, -92208.41000732394, -24230.0)
(333, 6.554968595504761, -92208.41000732394, -24230.0)
(334, 6.581165075302124, -92208.41000732394, -24230.0)
(335, 6.6074230670928955, -92208.41000732394, -24230.0)
(336, 6.637053489685059, -92208.41000732394, -24230.0)
(337, 6.668593645095825, -92208.41000732394, -24230.0)
(338, 6.698171615600586, -92208.41000732394, -24230.0)
(339, 6.72887396812439, -92208.41000732394, -24230.0)
(340, 6.761833429336548, -92208.41000732394, -24230.0)
(341, 6.797667026519775, -92208.41000732394, -24230.0)
(342, 6.835942268371582, -92208.41000732394, -24230.0)
(343, 6.870011806488037, -92208.41000732394, -24230.0)
(344, 6.909567832946777, -92208.41000732394, -24230.0)
(345, 6.946884870529175, -92208.41000732394, -24230.0)
(346, 6.988619565963745, -92208.41000732394, -24230.0)
(347, 7.02453088760376, -92208.41000732394, -24230.0)
(348, 7.0658228397369385, -92208.41000732394, -24230.0)
(349, 7.103093862533569, -92208.41000732394, -24230.0)
(350, 7.13109564781189, -92208.41000732394, -24230.0)
(351, 7.163257360458374, -92208.41000732394, -24230.0)
(352, 7.191648960113525, -92208.41000732394, -24230.0)
(353, 7.211983919143677, -92208.41000732394, -24230.0)
(354, 7.2488627433776855, -92208.41000732394, -24230.0)
(355, 7.283979654312134, -92208.41000732394, -24230.0)
(356, 7.319726943969727, -92208.41000732394, -24230.0)
(357, 7.342438697814941, -92208.41000732394, -24230.0)
(358, 7.380863666534424, -92208.41000732394, -24230.0)
(359, 7.41627836227417, -92208.41000732394, -24230.0)
(360, 7.451132535934448, -92208.41000732394, -24230.0)
(361, 7.478295564651489, -92208.41000732394, -24230.0)
(362, 7.49945855140686, -92208.41000732394, -24230.0)
(363, 7.533432483673096, -92208.41000732394, -24230.0)
(364, 7.554669141769409, -92208.41000732394, -24230.0)
(365, 7.588561534881592, -92208.41000732394, -24230.0)
(366, 7.620491027832031, -92208.41000732394, -24230.0)
(367, 7.647855758666992, -92208.41000732394, -24230.0)
(368, 7.681650876998901, -92208.41000732394, -24230.0)
(369, 7.719702959060669, -92208.41000732394, -24230.0)
(370, 7.755996465682983, -92208.41000732394, -24230.0)
(371, 7.795712232589722, -92208.41000732394, -24230.0)
(372, 7.819884538650513, -92208.41000732394, -24230.0)
(373, 7.852149248123169, -92208.41000732394, -24230.0)
(374, 7.882204055786133, -92208.41000732394, -24230.0)
(375, 7.914086580276489, -92208.41000732394, -24230.0)
(376, 7.946629285812378, -92208.41000732394, -24230.0)
(377, 7.987836599349976, -92208.41000732394, -24230.0)
(378, 8.03047490119934, -92208.41000732394, -24230.0)
(379, 8.070756196975708, -92208.41000732394, -24230.0)
(380, 8.117637872695923, -92208.41000732394, -24230.0)
(381, 8.152134895324707, -92208.41000732394, -24230.0)
(382, 8.197072267532349, -92208.41000732394, -24230.0)
(383, 8.221834659576416, -92208.41000732394, -24230.0)
(384, 8.255920648574829, -92208.41000732394, -24230.0)
(385, 8.276198387145996, -92208.41000732394, -24230.0)
(386, 8.306972742080688, -92208.41000732394, -24230.0)
(387, 8.326802253723145, -92208.41000732394, -24230.0)
(388, 8.355529069900513, -92208.41000732394, -24230.0)
(389, 8.386988878250122, -92208.41000732394, -24230.0)
(390, 8.421990871429443, -92208.41000732394, -24230.0)
(391, 8.452125072479248, -92208.41000732394, -24230.0)
(392, 8.492254257202148, -92208.41000732394, -24230.0)
(393, 8.528650283813477, -92208.41000732394, -24230.0)
(394, 8.556774377822876, -92208.41000732394, -24230.0)
(395, 8.588481664657593, -92208.41000732394, -24230.0)
(396, 8.628818988800049, -92208.41000732394, -24230.0)
(397, 8.669395685195923, -92208.41000732394, -24230.0)
(398, 8.697872638702393, -92208.41000732394, -24230.0)
(399, 8.737061500549316, -92208.41000732394, -24230.0)
(400, 8.764364242553711, -92208.41000732394, -24230.0)
(401, 8.799090385437012, -92208.41000732394, -24230.0)
(402, 8.831220149993896, -92208.41000732394, -24230.0)
(403, 8.852071285247803, -92208.41000732394, -24230.0)
(404, 8.884571313858032, -92208.41000732394, -24230.0)
(405, 8.92051100730896, -92208.41000732394, -24230.0)
(406, 8.953773260116577, -92208.41000732394, -24230.0)
(407, 8.997251033782959, -92208.41000732394, -24230.0)
(408, 9.03952145576477, -92208.41000732394, -24230.0)
(409, 9.082256078720093, -92208.41000732394, -24230.0)
(410, 9.118070125579834, -92208.41000732394, -24230.0)
(411, 9.164067506790161, -92208.41000732394, -24230.0)
(412, 9.21123218536377, -92208.41000732394, -24230.0)
(413, 9.236754655838013, -92208.41000732394, -24230.0)
(414, 9.261294841766357, -92208.41000732394, -24230.0)
(415, 9.293439626693726, -92208.41000732394, -24230.0)
(416, 9.329612016677856, -92208.41000732394, -24230.0)
(417, 9.353992938995361, -92208.41000732394, -24230.0)
(418, 9.387351989746094, -92208.41000732394, -24230.0)
(419, 9.419506788253784, -92208.41000732394, -24230.0)
(420, 9.456186771392822, -92208.41000732394, -24230.0)
(421, 9.497292757034302, -92208.41000732394, -24230.0)
(422, 9.534136056900024, -92208.41000732394, -24230.0)
(423, 9.575891971588135, -92208.41000732394, -24230.0)
(424, 9.61466670036316, -92208.41000732394, -24230.0)
(425, 9.66688323020935, -92208.41000732394, -24230.0)
(426, 9.715824604034424, -92208.41000732394, -24230.0)
(427, 9.75420355796814, -92208.41000732394, -24230.0)
(428, 9.790088653564453, -92208.41000732394, -24230.0)
(429, 9.812944412231445, -92208.41000732394, -24230.0)
(430, 9.849735260009766, -92208.41000732394, -24230.0)
(431, 9.891745567321777, -92208.41000732394, -24230.0)
(432, 9.916078090667725, -92208.41000732394, -24230.0)
(433, 9.937600374221802, -92208.41000732394, -24230.0)
(434, 9.971118688583374, -92208.41000732394, -24230.0)
(435, 10.003870725631714, -92208.41000732394, -24230.0)
(436, 10.025898218154907, -92208.41000732394, -24230.0)
(437, 10.058825492858887, -92208.41000732394, -24230.0)
(438, 10.095366477966309, -92208.41000732394, -24230.0)
(439, 10.120756149291992, -92208.41000732394, -24230.0)
(440, 10.152419328689575, -92208.41000732394, -24230.0)
(441, 10.188915491104126, -92208.41000732394, -24230.0)
(442, 10.227378606796265, -92208.41000732394, -24230.0)
(443, 10.269358158111572, -92208.41000732394, -24230.0)
(444, 10.310052394866943, -92208.41000732394, -24230.0)
(445, 10.348306655883789, -92208.41000732394, -24230.0)
(446, 10.384425163269043, -92208.41000732394, -24230.0)
(447, 10.409292936325073, -92208.41000732394, -24230.0)
(448, 10.444616317749023, -92208.41000732394, -24230.0)
(449, 10.479258298873901, -92208.41000732394, -24230.0)
(450, 10.506167650222778, -92208.41000732394, -24230.0)
(451, 10.540822505950928, -92208.41000732394, -24230.0)
(452, 10.585320234298706, -92208.41000732394, -24230.0)
(453, 10.62066650390625, -92208.41000732394, -24230.0)
(454, 10.647578716278076, -92208.41000732394, -24230.0)
(455, 10.672170400619507, -92208.41000732394, -24230.0)
(456, 10.697836637496948, -92208.41000732394, -24230.0)
(457, 10.725035667419434, -92208.41000732394, -24230.0)
(458, 10.74956226348877, -92208.41000732394, -24230.0)
(459, 10.775766611099243, -92208.41000732394, -24230.0)
(460, 10.800098657608032, -92208.41000732394, -24230.0)
(461, 10.825889587402344, -92208.41000732394, -24230.0)
(462, 10.851326942443848, -92208.41000732394, -24230.0)
(463, 10.877970218658447, -92208.41000732394, -24230.0)
(464, 10.904541730880737, -92208.41000732394, -24230.0)
(465, 10.92926573753357, -92208.41000732394, -24230.0)
(466, 10.954801082611084, -92208.41000732394, -24230.0)
(467, 10.979035377502441, -92208.41000732394, -24230.0)
(468, 11.010414600372314, -92208.41000732394, -24230.0)
(469, 11.034129619598389, -92208.41000732394, -24230.0)
(470, 11.058526039123535, -92208.41000732394, -24230.0)
(471, 11.086890459060669, -92208.41000732394, -24230.0)
(472, 11.114850759506226, -92208.41000732394, -24230.0)
(473, 11.148180961608887, -92208.41000732394, -24230.0)
(474, 11.177099704742432, -92208.41000732394, -24230.0)
(475, 11.20294451713562, -92208.41000732394, -24230.0)
(476, 11.225785970687866, -92208.41000732394, -24230.0)
(477, 11.251628637313843, -92208.41000732394, -24230.0)
(478, 11.286703824996948, -92208.41000732394, -24230.0)
(479, 11.323230504989624, -92208.41000732394, -24230.0)
(480, 11.359804630279541, -92208.41000732394, -24230.0)
(481, 11.394461393356323, -92208.41000732394, -24230.0)
(482, 11.433253526687622, -92208.41000732394, -24230.0)
(483, 11.471193552017212, -92208.41000732394, -24230.0)
(484, 11.514662504196167, -92208.41000732394, -24230.0)
(485, 11.553192853927612, -92208.41000732394, -24230.0)
(486, 11.591066598892212, -92208.41000732394, -24230.0)
(487, 11.636543989181519, -92208.41000732394, -24230.0)
(488, 11.674807786941528, -92208.41000732394, -24230.0)
(489, 11.70828628540039, -92208.41000732394, -24230.0)
(490, 11.735619068145752, -92208.41000732394, -24230.0)
(491, 11.763722896575928, -92208.41000732394, -24230.0)
(492, 11.79901671409607, -92208.41000732394, -24230.0)
(493, 11.83410096168518, -92208.41000732394, -24230.0)
(494, 11.86913013458252, -92208.41000732394, -24230.0)
(495, 11.904322385787964, -92208.41000732394, -24230.0)
(496, 11.940688610076904, -92208.41000732394, -24230.0)
(497, 11.98370099067688, -92208.41000732394, -24230.0)
(498, 12.040805339813232, -92208.41000732394, -24230.0)
(499, 12.09261155128479, -92208.41000732394, -24230.0)
(500, 12.15124249458313, -92208.41000732394, -24230.0)
(501, 12.19912600517273, -92208.41000732394, -24230.0)
(502, 12.243196964263916, -92208.41000732394, -24230.0)
(503, 12.29979658126831, -92208.41000732394, -24230.0)
(504, 12.352434873580933, -92208.41000732394, -24230.0)
(505, 12.402501583099365, -92208.41000732394, -24230.0)
(506, 12.440778970718384, -92208.41000732394, -24230.0)
(507, 12.47799563407898, -92208.41000732394, -24230.0)
(508, 12.518530130386353, -92208.41000732394, -24230.0)
(509, 12.55676555633545, -92208.41000732394, -24230.0)
(510, 12.58468770980835, -92208.41000732394, -24230.0)
(511, 12.62353229522705, -92208.41000732394, -24230.0)
(512, 12.663186073303223, -92208.41000732394, -24230.0)
(513, 12.701446771621704, -92208.41000732394, -24230.0)
(514, 12.738147258758545, -92208.41000732394, -24230.0)
(515, 12.77489972114563, -92208.41000732394, -24230.0)
(516, 12.817821979522705, -92208.41000732394, -24230.0)
(517, 12.860074996948242, -92208.41000732394, -24230.0)
(518, 12.899333715438843, -92208.41000732394, -24230.0)
(519, 12.95419716835022, -92208.41000732394, -24230.0)
(520, 13.000620126724243, -92208.41000732394, -24230.0)
(521, 13.055632591247559, -92208.41000732394, -24230.0)
(522, 13.112164974212646, -92208.41000732394, -24230.0)
(523, 13.152899742126465, -92208.41000732394, -24230.0)
(524, 13.22703742980957, -92208.41000732394, -24230.0)
(525, 13.285208702087402, -92208.41000732394, -24230.0)
(526, 13.35263729095459, -77128.795164954, -24230.0)
(527, 13.415059566497803, -77128.795164954, -24230.0)
(528, 13.464494705200195, -77128.795164954, -24230.0)
(529, 13.512045860290527, -77128.795164954, -24230.0)
(530, 13.548139095306396, -77128.795164954, -24230.0)
(531, 13.577855587005615, -77128.795164954, -24230.0)
(532, 13.605438232421875, -77128.795164954, -24230.0)
(533, 13.629621982574463, -77128.795164954, -24230.0)
(534, 13.653966665267944, -77128.795164954, -24230.0)
(535, 13.679728746414185, -77128.795164954, -24230.0)
(536, 13.705584526062012, -77128.795164954, -24230.0)
(537, 13.731221437454224, -77128.795164954, -24230.0)
(538, 13.754481792449951, -77128.795164954, -24230.0)
(539, 13.779390573501587, -77128.795164954, -24230.0)
(540, 13.803175926208496, -77128.795164954, -24230.0)
(541, 13.825689554214478, -77128.795164954, -24230.0)
(542, 13.849046230316162, -77128.795164954, -24230.0)
(543, 13.87389612197876, -77128.795164954, -24230.0)
(544, 13.897225141525269, -77128.795164954, -24230.0)
(545, 13.92314600944519, -77128.795164954, -24230.0)
(546, 13.958645105361938, -77128.795164954, -24230.0)
(547, 13.986273288726807, -77128.795164954, -24230.0)
(548, 14.015615224838257, -77128.795164954, -24230.0)
(549, 14.041359901428223, -77128.795164954, -24230.0)
(550, 14.07560133934021, -77128.795164954, -24230.0)
(551, 14.10063886642456, -77128.795164954, -24230.0)
(552, 14.12893557548523, -77128.795164954, -24230.0)
(553, 14.1639404296875, -77128.795164954, -24230.0)
(554, 14.201786279678345, -77128.795164954, -24230.0)
(555, 14.228837490081787, -77128.795164954, -24230.0)
(556, 14.25650405883789, -77128.795164954, -24230.0)
(557, 14.292438983917236, -77128.795164954, -24230.0)
(558, 14.329345703125, -77128.795164954, -24230.0)
(559, 14.357008934020996, -77128.795164954, -24230.0)
(560, 14.415310859680176, -77128.795164954, -24230.0)
(561, 14.446268558502197, -77128.795164954, -24230.0)
(562, 14.49585509300232, -77128.795164954, -24230.0)
(563, 14.551806449890137, -77128.795164954, -24230.0)
(564, 14.598177433013916, -77128.795164954, -24230.0)
(565, 14.638524770736694, -77128.795164954, -24230.0)
(566, 14.679490566253662, -77128.795164954, -24230.0)
(567, 14.725194931030273, -77128.795164954, -24230.0)
(568, 14.770256042480469, -77128.795164954, -24230.0)
(569, 14.813156366348267, -77128.795164954, -24230.0)
(570, 14.860534906387329, -77128.795164954, -24230.0)
(571, 14.90210485458374, -77128.795164954, -24230.0)
(572, 14.94811463356018, -77128.795164954, -24230.0)
(573, 15.004412651062012, -77128.795164954, -24230.0)
(574, 15.064980506896973, -77128.795164954, -24230.0)
(575, 15.112656116485596, -77128.795164954, -24230.0)
(576, 15.151541233062744, -77128.795164954, -24230.0)
(577, 15.18665337562561, -77128.795164954, -24230.0)
(578, 15.225422382354736, -77128.795164954, -24230.0)
(579, 15.263198375701904, -77128.795164954, -24230.0)
(580, 15.302422285079956, -77128.795164954, -24230.0)
(581, 15.337416410446167, -77128.795164954, -24230.0)
(582, 15.367770195007324, -77128.795164954, -24230.0)
(583, 15.393826484680176, -77128.795164954, -24230.0)
(584, 15.431225299835205, -77128.795164954, -24230.0)
(585, 15.46843671798706, -77128.795164954, -24230.0)
(586, 15.497686386108398, -77128.795164954, -24230.0)
(587, 15.535033941268921, -77128.795164954, -24230.0)
(588, 15.568877696990967, -77128.795164954, -24230.0)
(589, 15.598118782043457, -77128.795164954, -24230.0)
(590, 15.624417066574097, -77128.795164954, -24230.0)
(591, 15.660446405410767, -77128.795164954, -24230.0)
(592, 15.698993682861328, -77128.795164954, -24230.0)
(593, 15.723486423492432, -77128.795164954, -24230.0)
(594, 15.759599924087524, -77128.795164954, -24230.0)
(595, 15.802100419998169, -77128.795164954, -24230.0)
(596, 15.839364767074585, -77128.795164954, -24230.0)
(597, 15.874976873397827, -77128.795164954, -24230.0)
(598, 15.911542177200317, -77128.795164954, -24230.0)
(599, 15.954568147659302, -77128.795164954, -24230.0)
(600, 16.000767469406128, -77128.795164954, -24230.0)
(601, 16.039756059646606, -77128.795164954, -24230.0)
(602, 16.08731746673584, -77128.795164954, -24230.0)
(603, 16.131049633026123, -77128.795164954, -24230.0)
(604, 16.16199541091919, -77128.795164954, -24230.0)
(605, 16.198397397994995, -77128.795164954, -24230.0)
(606, 16.248775959014893, -77128.795164954, -24230.0)
(607, 16.290630102157593, -77128.795164954, -24230.0)
(608, 16.331746578216553, -77128.795164954, -24230.0)
(609, 16.37834334373474, -77128.795164954, -24230.0)
(610, 16.418962478637695, -77128.795164954, -24230.0)
(611, 16.461528539657593, -77128.795164954, -24230.0)
(612, 16.50098466873169, -77128.795164954, -24230.0)
(613, 16.550825595855713, -77128.795164954, -24230.0)
(614, 16.590977430343628, -77128.795164954, -24230.0)
(615, 16.631392240524292, -77128.795164954, -24230.0)
(616, 16.686628103256226, -77128.795164954, -24230.0)
(617, 16.73705554008484, -77128.795164954, -24230.0)
(618, 16.78836464881897, -77128.795164954, -24230.0)
(619, 16.828771114349365, -77128.795164954, -24230.0)
(620, 16.86642837524414, -77128.795164954, -24230.0)
(621, 16.9081130027771, -77128.795164954, -24230.0)
(622, 16.946932315826416, -77128.795164954, -24230.0)
(623, 16.989919662475586, -77128.795164954, -24230.0)
(624, 17.032339096069336, -77128.795164954, -24230.0)
(625, 17.075020790100098, -77128.795164954, -24230.0)
(626, 17.127469062805176, -77128.795164954, -24230.0)
(627, 17.178758144378662, -77128.795164954, -24230.0)
(628, 17.23257827758789, -77128.795164954, -24230.0)
(629, 17.293083429336548, -77128.795164954, -24230.0)
(630, 17.358484506607056, -77128.795164954, -24230.0)
(631, 17.426576614379883, -77128.795164954, -24230.0)
(632, 17.471227884292603, -77128.795164954, -24230.0)
(633, 17.530853986740112, -77128.795164954, -24230.0)
(634, 17.59083843231201, -77128.795164954, -24230.0)
(635, 17.664501667022705, -77128.795164954, -24230.0)
(636, 17.730457067489624, -77128.795164954, -24230.0)
(637, 17.807498455047607, -77128.795164954, -24230.0)
(638, 17.87655520439148, -77128.795164954, -24230.0)
(639, 17.953288316726685, -77128.795164954, -24230.0)
(640, 18.005512237548828, -77128.795164954, -24230.0)
(641, 18.04702639579773, -77128.795164954, -24230.0)
(642, 18.123334407806396, -77128.795164954, -24230.0)
(643, 18.17936635017395, -77128.795164954, -24230.0)
(644, 18.23385500907898, -77128.795164954, -24230.0)
(645, 18.284225463867188, -77128.795164954, -24230.0)
(646, 18.34645390510559, -77128.795164954, -24230.0)
(647, 18.372806549072266, -77128.795164954, -24230.0)
(648, 18.437130451202393, -77128.795164954, -24230.0)
(649, 18.477186679840088, -77128.795164954, -24230.0)
(650, 18.538073301315308, -77128.795164954, -24230.0)
(651, 18.6076238155365, -77128.795164954, -24230.0)
(652, 18.680434942245483, -77128.795164954, -24230.0)
(653, 18.73572278022766, -77128.795164954, -24230.0)
(654, 18.80258560180664, -77128.795164954, -24230.0)
(655, 18.874841928482056, -77128.795164954, -24230.0)
(656, 18.907269716262817, -77128.795164954, -24230.0)
(657, 18.971171617507935, -77128.795164954, -24230.0)
(658, 19.001970767974854, -77128.795164954, -24230.0)
(659, 19.056626081466675, -77128.795164954, -24230.0)
(660, 19.12230896949768, -77128.795164954, -24230.0)
(661, 19.203092575073242, -77128.795164954, -24230.0)
(662, 19.28250217437744, -77128.795164954, -24230.0)
(663, 19.329421758651733, -77128.795164954, -24230.0)
(664, 19.403714895248413, -77128.795164954, -24230.0)
(665, 19.466267824172974, -77128.795164954, -24230.0)
(666, 19.52651572227478, -77128.795164954, -24230.0)
(667, 19.56979990005493, -77128.795164954, -24230.0)
(668, 19.60173201560974, -77128.795164954, -24230.0)
(669, 19.647576093673706, -77128.795164954, -24230.0)
(670, 19.702418565750122, -77128.795164954, -24230.0)
(671, 19.764127016067505, -77128.795164954, -24230.0)
(672, 19.805389404296875, -77128.795164954, -24230.0)
(673, 19.85136866569519, -77128.795164954, -24230.0)
(674, 19.904865980148315, -77128.795164954, -24230.0)
(675, 19.971190214157104, -77128.795164954, -24230.0)
(676, 20.051236391067505, -77128.795164954, -24230.0)
(677, 20.115426540374756, -77128.795164954, -24230.0)
(678, 20.165170907974243, -77128.795164954, -24230.0)
(679, 20.22211217880249, -77128.795164954, -24230.0)
(680, 20.279566526412964, -77128.795164954, -24230.0)
(681, 20.35565948486328, -77128.795164954, -24230.0)
(682, 20.414674758911133, -77128.795164954, -24230.0)
(683, 20.484676122665405, -77128.795164954, -24230.0)
(684, 20.55889105796814, -77128.795164954, -24230.0)
(685, 20.635478496551514, -77128.795164954, -24230.0)
(686, 20.7102153301239, -77128.795164954, -24230.0)
(687, 20.756776809692383, -77128.795164954, -24230.0)
(688, 20.78560471534729, -77128.795164954, -24230.0)
(689, 20.832881450653076, -77128.795164954, -24230.0)
(690, 20.866562604904175, -77128.795164954, -24230.0)
(691, 20.936789512634277, -77128.795164954, -24230.0)
(692, 21.00914239883423, -77128.795164954, -24230.0)
(693, 21.05794596672058, -77128.795164954, -24230.0)
(694, 21.111457109451294, -77128.795164954, -24230.0)
(695, 21.152700424194336, -77128.795164954, -24230.0)
(696, 21.195539474487305, -77128.795164954, -24230.0)
(697, 21.248432636260986, -77128.795164954, -24230.0)
(698, 21.29546546936035, -77128.795164954, -24230.0)
(699, 21.34583282470703, -77128.795164954, -24230.0)
(700, 21.399723768234253, -77128.795164954, -24230.0)
(701, 21.454225778579712, -77128.795164954, -24230.0)
(702, 21.507972478866577, -77128.795164954, -24230.0)
(703, 21.59076166152954, -77128.795164954, -24230.0)
(704, 21.674312353134155, -77128.795164954, -24230.0)
(705, 21.740131378173828, -77128.795164954, -24230.0)
(706, 21.814419984817505, -77128.795164954, -24230.0)
(707, 21.878315210342407, -77128.795164954, -24230.0)
(708, 21.931992769241333, -77128.795164954, -24230.0)
(709, 21.990413188934326, -77128.795164954, -24230.0)
(710, 22.042108297348022, -77128.795164954, -24230.0)
(711, 22.089807510375977, -77128.795164954, -24230.0)
(712, 22.13583254814148, -77128.795164954, -24230.0)
(713, 22.187236547470093, -77128.795164954, -24230.0)
(714, 22.235283851623535, -77128.795164954, -24230.0)
(715, 22.285130262374878, -77128.795164954, -24230.0)
(716, 22.335755825042725, -77128.795164954, -24230.0)
(717, 22.3816921710968, -77128.795164954, -24230.0)
(718, 22.432066679000854, -77128.795164954, -24230.0)
(719, 22.485437393188477, -77128.795164954, -24230.0)
(720, 22.532524585723877, -77128.795164954, -24230.0)
(721, 22.590259790420532, -77128.795164954, -24230.0)
(722, 22.648473262786865, -77128.795164954, -24230.0)
(723, 22.710389375686646, -77128.795164954, -24230.0)
(724, 22.787153482437134, -77128.795164954, -24230.0)
(725, 22.85971760749817, -77128.795164954, -24230.0)
(726, 22.922650575637817, -77128.795164954, -24230.0)
(727, 22.984561681747437, -77128.795164954, -24230.0)
(728, 23.039489269256592, -77128.795164954, -24230.0)
(729, 23.12379288673401, -77128.795164954, -24230.0)
(730, 23.200581073760986, -77128.795164954, -24230.0)
(731, 23.278002738952637, -77128.795164954, -24230.0)
(732, 23.351313591003418, -77128.795164954, -24230.0)
(733, 23.42369294166565, -77128.795164954, -24230.0)
(734, 23.477676391601562, -77128.795164954, -24230.0)
(735, 23.544408082962036, -77128.795164954, -24230.0)
(736, 23.598211526870728, -77128.795164954, -24230.0)
(737, 23.67648720741272, -77128.795164954, -24230.0)
(738, 23.750871658325195, -77128.795164954, -24230.0)
(739, 23.85745096206665, -77128.795164954, -24230.0)
(740, 23.926611185073853, -77128.795164954, -24230.0)
(741, 23.996355772018433, -77128.795164954, -24230.0)
(742, 24.04860019683838, -77128.795164954, -24230.0)
(743, 24.118602752685547, -77128.795164954, -24230.0)
(744, 24.16835355758667, -77128.795164954, -24230.0)
(745, 24.21286129951477, -77128.795164954, -24230.0)
(746, 24.266956567764282, -77128.795164954, -24230.0)
(747, 24.30408477783203, -77128.795164954, -24230.0)
(748, 24.360127925872803, -77128.795164954, -24230.0)
(749, 24.397538900375366, -77128.795164954, -24230.0)
(750, 24.461090803146362, -77128.795164954, -24230.0)
(751, 24.533658266067505, -77128.795164954, -24230.0)
(752, 24.602630376815796, -77128.795164954, -24230.0)
(753, 24.657421827316284, -77128.795164954, -24230.0)
(754, 24.719724893569946, -77128.795164954, -24230.0)
(755, 24.787856817245483, -77128.795164954, -24230.0)
(756, 24.857329845428467, -77128.795164954, -24230.0)
(757, 24.93902850151062, -77128.795164954, -24230.0)
(758, 25.018673181533813, -77128.795164954, -24230.0)
(759, 25.116133451461792, -77128.795164954, -24230.0)
(760, 25.201398611068726, -77128.795164954, -24230.0)
(761, 25.288471460342407, -77128.795164954, -24230.0)
(762, 25.40138864517212, -77128.795164954, -24230.0)
(763, 25.469077348709106, -77128.795164954, -24230.0)
(764, 25.53330159187317, -77128.795164954, -24230.0)
(765, 25.58334970474243, -77128.795164954, -24230.0)
(766, 25.627199411392212, -77128.795164954, -24230.0)
(767, 25.66954779624939, -77128.795164954, -24230.0)
(768, 25.71251344680786, -77128.795164954, -24230.0)
(769, 25.758116960525513, -77128.795164954, -24230.0)
(770, 25.804991960525513, -77128.795164954, -24230.0)
(771, 25.854407787322998, -77128.795164954, -24230.0)
(772, 25.9121150970459, -77128.795164954, -24230.0)
(773, 25.978625059127808, -77128.795164954, -24230.0)
(774, 26.042486906051636, -77128.795164954, -24230.0)
(775, 26.115126371383667, -77128.795164954, -24230.0)
(776, 26.188481330871582, -77128.795164954, -24230.0)
(777, 26.25891399383545, -77128.795164954, -24230.0)
(778, 26.324756622314453, -77128.795164954, -24230.0)
(779, 26.391544818878174, -77128.795164954, -24230.0)
(780, 26.469634532928467, -77128.795164954, -24230.0)
(781, 26.555904150009155, -77128.795164954, -24230.0)
(782, 26.62359094619751, -77128.795164954, -24230.0)
(783, 26.697102069854736, -77128.795164954, -24230.0)
(784, 26.767476320266724, -77128.795164954, -24230.0)
(785, 26.810858249664307, -77128.795164954, -24230.0)
(786, 26.847220420837402, -77128.795164954, -24230.0)
(787, 26.878657579421997, -77128.795164954, -24230.0)
(788, 26.918631076812744, -77128.795164954, -24230.0)
(789, 26.975847005844116, -77128.795164954, -24230.0)
(790, 27.02448034286499, -77128.795164954, -24230.0)
(791, 27.072296380996704, -77128.795164954, -24230.0)
(792, 27.12191343307495, -77128.795164954, -24230.0)
(793, 27.175342559814453, -77128.795164954, -24230.0)
(794, 27.225829601287842, -77128.795164954, -24230.0)
(795, 27.29225754737854, -77128.795164954, -24230.0)
(796, 27.34110164642334, -77128.795164954, -24230.0)
(797, 27.402631759643555, -77128.795164954, -24230.0)
(798, 27.455050468444824, -77128.795164954, -24230.0)
(799, 27.526665210723877, -77128.795164954, -24230.0)
(800, 27.58057165145874, -77128.795164954, -24230.0)
(801, 27.65448236465454, -77128.795164954, -24230.0)
(802, 27.718109846115112, -77128.795164954, -24230.0)
(803, 27.780552625656128, -77128.795164954, -24230.0)
(804, 27.831443786621094, -77128.795164954, -24230.0)
(805, 27.880945682525635, -77128.795164954, -24230.0)
(806, 27.95332360267639, -77128.795164954, -24230.0)
(807, 28.023313522338867, -77128.795164954, -24230.0)
(808, 28.078646898269653, -77128.795164954, -24230.0)
(809, 28.135921478271484, -77128.795164954, -24230.0)
(810, 28.18306612968445, -77128.795164954, -24230.0)
(811, 28.244852304458618, -77128.795164954, -24230.0)
(812, 28.319474935531616, -77128.795164954, -24230.0)
(813, 28.376709461212158, -77128.795164954, -24230.0)
(814, 28.446204900741577, -77128.795164954, -24230.0)
(815, 28.523817777633667, -77128.795164954, -24230.0)
(816, 28.590419054031372, -77128.795164954, -24230.0)
(817, 28.64285922050476, -77128.795164954, -24230.0)
(818, 28.70130228996277, -77128.795164954, -24230.0)
(819, 28.754785776138306, -77128.795164954, -24230.0)
(820, 28.813504219055176, -77128.795164954, -24230.0)
(821, 28.878013134002686, -77128.795164954, -24230.0)
(822, 28.965083837509155, -77128.795164954, -24230.0)
(823, 29.036278247833252, -77128.795164954, -24230.0)
(824, 29.10441780090332, -77128.795164954, -24230.0)
(825, 29.158320665359497, -77128.795164954, -24230.0)
(826, 29.219922304153442, -77128.795164954, -24230.0)
(827, 29.284998655319214, -77128.795164954, -24230.0)
(828, 29.357953786849976, -77128.795164954, -24230.0)
(829, 29.418238162994385, -77128.795164954, -24230.0)
(830, 29.47979712486267, -77128.795164954, -24230.0)
(831, 29.53956913948059, -77128.795164954, -24230.0)
(832, 29.610302925109863, -77128.795164954, -24230.0)
(833, 29.69071054458618, -77128.795164954, -24230.0)
(834, 29.761863470077515, -77128.795164954, -24230.0)
(835, 29.831091165542603, -77128.795164954, -24230.0)
(836, 29.902262687683105, -77128.795164954, -24230.0)
(837, 29.97527003288269, -77128.795164954, -24230.0)
(838, 30.035213470458984, -77128.795164954, -24230.0)
(839, 30.086257457733154, -77128.795164954, -24230.0)
(840, 30.15833282470703, -77128.795164954, -24230.0)
(841, 30.215624570846558, -77128.795164954, -24230.0)
(842, 30.287762880325317, -77128.795164954, -24230.0)
(843, 30.377027988433838, -77128.795164954, -24230.0)
(844, 30.46526288986206, -77128.795164954, -24230.0)
(845, 30.546400785446167, -77128.795164954, -24230.0)
(846, 30.610027551651, -77128.795164954, -24230.0)
(847, 30.713298797607422, -77128.795164954, -24230.0)
(848, 30.80212950706482, -77128.795164954, -24230.0)
(849, 30.86776614189148, -77128.795164954, -24230.0)
(850, 30.94386100769043, -77128.795164954, -24230.0)
(851, 31.00135588645935, -77128.795164954, -24230.0)
(852, 31.04918074607849, -77128.795164954, -24230.0)
(853, 31.097023487091064, -77128.795164954, -24230.0)
(854, 31.155574321746826, -77128.795164954, -24230.0)
(855, 31.191986083984375, -77128.795164954, -24230.0)
(856, 31.23897624015808, -77128.795164954, -24230.0)
(857, 31.287752628326416, -77128.795164954, -24230.0)
(858, 31.336297750473022, -77128.795164954, -24230.0)
(859, 31.38816785812378, -77128.795164954, -24230.0)
(860, 31.433684587478638, -77128.795164954, -24230.0)
(861, 31.48580312728882, -77128.795164954, -24230.0)
(862, 31.52694797515869, -77128.795164954, -24230.0)
(863, 31.58090591430664, -77128.795164954, -24230.0)
(864, 31.631046772003174, -77128.795164954, -24230.0)
(865, 31.692769765853882, -77128.795164954, -24230.0)
(866, 31.74203634262085, -77128.795164954, -24230.0)
(867, 31.804003953933716, -77128.795164954, -24230.0)
(868, 31.855432271957397, -77128.795164954, -24230.0)
(869, 31.907793760299683, -77128.795164954, -24230.0)
(870, 31.946672677993774, -77128.795164954, -24230.0)
(871, 31.997048139572144, -77128.795164954, -24230.0)
(872, 32.04614472389221, -77128.795164954, -24230.0)
(873, 32.095272064208984, -77128.795164954, -24230.0)
(874, 32.15916180610657, -77128.795164954, -24230.0)
(875, 32.233720779418945, -77128.795164954, -24230.0)
(876, 32.32421588897705, -77128.795164954, -24230.0)
(877, 32.40137577056885, -77128.795164954, -24230.0)
(878, 32.4761176109314, -77128.795164954, -24230.0)
(879, 32.561657190322876, -77128.795164954, -24230.0)
(880, 32.63456630706787, -77128.795164954, -24230.0)
(881, 32.69194316864014, -77128.795164954, -24230.0)
(882, 32.74834132194519, -77128.795164954, -24230.0)
(883, 32.81346893310547, -77128.795164954, -24230.0)
(884, 32.87049388885498, -77128.795164954, -24230.0)
(885, 32.92521047592163, -77128.795164954, -24230.0)
(886, 32.987905979156494, -77128.795164954, -24230.0)
(887, 33.04430913925171, -77128.795164954, -24230.0)
(888, 33.101553201675415, -77128.795164954, -24230.0)
(889, 33.17308259010315, -77128.795164954, -24230.0)
(890, 33.23566246032715, -77128.795164954, -24230.0)
(891, 33.29963278770447, -77128.795164954, -24230.0)
(892, 33.35384726524353, -77128.795164954, -24230.0)
(893, 33.40638709068298, -77128.795164954, -24230.0)
(894, 33.468369245529175, -77128.795164954, -24230.0)
(895, 33.534488677978516, -77128.795164954, -24230.0)
(896, 33.57643747329712, -77128.795164954, -24230.0)
(897, 33.63076210021973, -77128.795164954, -24230.0)
(898, 33.699589014053345, -77128.795164954, -24230.0)
(899, 33.78065061569214, -77128.795164954, -24230.0)
(900, 33.85566997528076, -77128.795164954, -24230.0)
(901, 33.9422242641449, -77128.795164954, -24230.0)
(902, 34.042572021484375, -77128.795164954, -24230.0)
(903, 34.14840364456177, -77128.795164954, -24230.0)
(904, 34.235838651657104, -77128.795164954, -24230.0)
(905, 34.31368160247803, -77128.795164954, -24230.0)
(906, 34.38328742980957, -77128.795164954, -24230.0)
(907, 34.46170258522034, -77128.795164954, -24230.0)
(908, 34.53108239173889, -77128.795164954, -24230.0)
(909, 34.61105537414551, -77128.795164954, -24230.0)
(910, 34.68322944641113, -77128.795164954, -24230.0)
(911, 34.7480902671814, -77128.795164954, -24230.0)
(912, 34.82321000099182, -77128.795164954, -24230.0)
(913, 34.907811403274536, -77128.795164954, -24230.0)
(914, 34.96838045120239, -77128.795164954, -24230.0)
(915, 35.06552577018738, -77128.795164954, -24230.0)
(916, 35.14538097381592, -77128.795164954, -24230.0)
(917, 35.22978496551514, -77128.795164954, -24230.0)
(918, 35.32646989822388, -77128.795164954, -24230.0)
(919, 35.4085431098938, -77128.795164954, -24230.0)
(920, 35.45598483085632, -77128.795164954, -24230.0)
(921, 35.53023815155029, -77128.795164954, -24230.0)
(922, 35.59795546531677, -77128.795164954, -24230.0)
(923, 35.657360553741455, -77128.795164954, -24230.0)
(924, 35.72402048110962, -77128.795164954, -24230.0)
(925, 35.79665231704712, -77128.795164954, -24230.0)
(926, 35.878522872924805, -77128.795164954, -24230.0)
(927, 35.974284172058105, -77128.795164954, -24230.0)
(928, 36.06728434562683, -77128.795164954, -24230.0)
(929, 36.14563250541687, -77128.795164954, -24230.0)
(930, 36.23306584358215, -77128.795164954, -24230.0)
(931, 36.343022108078, -77128.795164954, -24230.0)
(932, 36.43499732017517, -77128.795164954, -24230.0)
(933, 36.51784944534302, -77128.795164954, -24230.0)
(934, 36.58152723312378, -77128.795164954, -24230.0)
(935, 36.64279222488403, -77128.795164954, -24230.0)
(936, 36.70824193954468, -77128.795164954, -24230.0)
(937, 36.78694725036621, -77128.795164954, -24230.0)
(938, 36.88499212265015, -77128.795164954, -24230.0)
(939, 36.95808172225952, -77128.795164954, -24230.0)
(940, 37.05169868469238, -77128.795164954, -24230.0)
(941, 37.15215492248535, -77128.795164954, -24230.0)
(942, 37.22659969329834, -77128.795164954, -24230.0)
(943, 37.34281945228577, -77128.795164954, -24230.0)
(944, 37.438902139663696, -77128.795164954, -24230.0)
(945, 37.54066705703735, -77128.795164954, -24230.0)
(946, 37.637550354003906, -77128.795164954, -24230.0)
(947, 37.724650144577026, -77128.795164954, -24230.0)
(948, 37.843427658081055, -77128.795164954, -24230.0)
(949, 37.95099854469299, -77128.795164954, -24230.0)
(950, 38.06388521194458, -77128.795164954, -24230.0)
(951, 38.17721962928772, -77128.795164954, -24230.0)
(952, 38.3511688709259, -77128.795164954, -24230.0)
(953, 38.459800481796265, -77128.795164954, -24230.0)
(954, 38.54576754570007, -77128.795164954, -24230.0)
(955, 38.65588688850403, -77128.795164954, -24230.0)
(956, 38.73654532432556, -77128.795164954, -24230.0)
(957, 38.80591559410095, -77128.795164954, -24230.0)
(958, 38.95713424682617, -77128.795164954, -24230.0)
(959, 39.04589867591858, -77128.795164954, -24230.0)
(960, 39.15421509742737, -77128.795164954, -24230.0)
(961, 39.294841051101685, -77128.795164954, -24230.0)
(962, 39.405437707901, -77128.795164954, -24230.0)
(963, 39.52554678916931, -77128.795164954, -24230.0)
(964, 39.707542181015015, -77128.795164954, -24230.0)
(965, 39.93173837661743, -76687.1427364896, -24230.0)
(966, 40.358222007751465, -33690.40117879672, -31633.49504859843)
(967, 40.49237632751465, -32047.425593991295, -31675.897799568273)
(968, 40.59021258354187, -31791.20319890014, -31686.906144888064)
(969, 40.70199394226074, -31727.03703240512, -31691.3170613446)
(970, 40.803842544555664, -31705.22437940636, -31691.996144592747)
(971, 40.84508943557739, -31692.076923077795, -31692.076923076915)
(972, 40.871978521347046, -31692.076923077795, -31692.07692307693)
