(1, 0.0465703010559082, -258804.0, -23243.0)
(2, 0.09082150459289551, -258804.0, -23243.0)
(3, 0.1348261833190918, -255583.5, -23243.0)
(4, 0.1791858673095703, -255583.5, -23243.0)
(5, 0.22309231758117676, -255583.5, -23243.0)
(6, 0.26899075508117676, -255583.5, -23243.0)
(7, 0.31328511238098145, -255583.5, -23243.0)
(8, 0.35723447799682617, -255583.5, -23243.0)
(9, 0.40141892433166504, -255583.5, -23243.0)
(10, 0.4452247619628906, -255583.5, -23243.0)
(11, 0.48881983757019043, -255583.5, -23243.0)
(12, 0.533334493637085, -255583.5, -23243.0)
(13, 0.5768218040466309, -255583.5, -23243.0)
(14, 0.620046854019165, -255583.5, -23243.0)
(15, 0.6649336814880371, -255583.5, -23243.0)
(16, 0.7093515396118164, -255583.5, -23243.0)
(17, 0.7529048919677734, -255583.5, -23243.0)
(18, 0.7969765663146973, -255583.5, -23243.0)
(19, 0.8421084880828857, -255583.5, -23243.0)
(20, 0.8865573406219482, -255583.5, -23243.0)
(21, 0.9323713779449463, -255583.5, -23243.0)
(22, 0.9773843288421631, -255583.5, -23243.0)
(23, 1.02170991897583, -255583.5, -23243.0)
(24, 1.0658268928527832, -255583.5, -23243.0)
(25, 1.1098012924194336, -255583.5, -23243.0)
(26, 1.1542131900787354, -255583.5, -23243.0)
(27, 1.1990916728973389, -255583.5, -23243.0)
(28, 1.2427008152008057, -255583.5, -23243.0)
(29, 1.2883076667785645, -255583.5, -23243.0)
(30, 1.3342928886413574, -255583.5, -23243.0)
(31, 1.380300760269165, -255583.5, -23243.0)
(32, 1.4260485172271729, -255583.5, -23243.0)
(33, 1.4718103408813477, -255583.5, -23243.0)
(34, 1.5179719924926758, -255583.5, -23243.0)
(35, 1.5638947486877441, -255583.5, -23243.0)
(36, 1.6094508171081543, -255583.5, -23243.0)
(37, 1.6553802490234375, -255583.5, -23243.0)
(38, 1.7006664276123047, -255583.5, -23243.0)
(39, 1.7467260360717773, -255583.5, -23243.0)
(40, 1.7921459674835205, -255583.5, -23243.0)
(41, 1.8393855094909668, -255583.5, -23243.0)
(42, 1.8854930400848389, -255583.5, -23243.0)
(43, 1.9302456378936768, -255583.5, -23243.0)
(44, 1.9746437072753906, -255583.5, -23243.0)
(45, 2.0205283164978027, -255583.5, -23243.0)
(46, 2.0633978843688965, -231829.5, -23243.0)
(47, 2.1070752143859863, -231829.5, -23243.0)
(48, 2.1499507427215576, -231829.5, -23243.0)
(49, 2.192669630050659, -231829.5, -23243.0)
(50, 2.235269784927368, -231829.5, -23243.0)
(51, 2.278653144836426, -231829.5, -23243.0)
(52, 2.322047233581543, -231829.5, -23243.0)
(53, 2.364496946334839, -231829.5, -23243.0)
(54, 2.406348466873169, -231829.5, -23243.0)
(55, 2.44803524017334, -231829.5, -23243.0)
(56, 2.490323543548584, -231829.5, -23243.0)
(57, 2.532783031463623, -231829.5, -23243.0)
(58, 2.5759785175323486, -231829.5, -23243.0)
(59, 2.619706630706787, -231829.5, -23243.0)
(60, 2.6625587940216064, -231829.5, -23243.0)
(61, 2.70648455619812, -231829.5, -23243.0)
(62, 2.749854564666748, -231829.5, -23243.0)
(63, 2.7936391830444336, -231829.5, -23243.0)
(64, 2.8358113765716553, -231829.5, -23243.0)
(65, 2.8781838417053223, -231829.5, -23243.0)
(66, 2.920574903488159, -231829.5, -23243.0)
(67, 2.964958429336548, -231829.5, -23243.0)
(68, 3.009039878845215, -231829.5, -23243.0)
(69, 3.054980993270874, -231829.5, -23243.0)
(70, 3.100226402282715, -231829.5, -23243.0)
(71, 3.1444458961486816, -231829.5, -23243.0)
(72, 3.1884450912475586, -231829.5, -23243.0)
(73, 3.233281373977661, -231829.5, -23243.0)
(74, 3.2795231342315674, -231829.5, -23243.0)
(75, 3.3244876861572266, -231829.5, -23243.0)
(76, 3.3690879344940186, -231829.5, -23243.0)
(77, 3.4140212535858154, -231829.5, -23243.0)
(78, 3.459548234939575, -231829.5, -23243.0)
(79, 3.5046732425689697, -231829.5, -23243.0)
(80, 3.5498077869415283, -231829.5, -23243.0)
(81, 3.5943291187286377, -231829.5, -23243.0)
(82, 3.639268159866333, -231829.5, -23243.0)
(83, 3.6839139461517334, -231829.5, -23243.0)
(84, 3.728220224380493, -231829.5, -23243.0)
(85, 3.7713890075683594, -231829.5, -23243.0)
(86, 3.8177902698516846, -231829.5, -23243.0)
(87, 3.8678505420684814, -231829.5, -23243.0)
(88, 3.9135847091674805, -231829.5, -23243.0)
(89, 3.9590747356414795, -231829.5, -23243.0)
(90, 4.0053160190582275, -231829.5, -23243.0)
(91, 4.0504724979400635, -231829.5, -23243.0)
(92, 4.093881607055664, -231829.5, -23243.0)
(93, 4.141401290893555, -231829.5, -23243.0)
(94, 4.185936450958252, -231829.5, -23243.0)
(95, 4.227636337280273, -192300.55172413794, -23243.0)
(96, 4.271358251571655, -192300.55172413794, -23243.0)
(97, 4.313467025756836, -192300.55172413794, -23243.0)
(98, 4.354542016983032, -192300.55172413794, -23243.0)
(99, 4.39586615562439, -192300.55172413794, -23243.0)
(100, 4.43640923500061, -192300.55172413794, -23243.0)
(101, 4.478273630142212, -192300.55172413794, -23243.0)
(102, 4.519116640090942, -192300.55172413794, -23243.0)
(103, 4.561223268508911, -192300.55172413794, -23243.0)
(104, 4.603829622268677, -192300.55172413794, -23243.0)
(105, 4.6459267139434814, -192300.55172413794, -23243.0)
(106, 4.6879723072052, -192300.55172413794, -23243.0)
(107, 4.7296459674835205, -192300.55172413794, -23243.0)
(108, 4.771238088607788, -192300.55172413794, -23243.0)
(109, 4.814839839935303, -192300.55172413794, -23243.0)
(110, 4.858736515045166, -192300.55172413794, -23243.0)
(111, 4.901832103729248, -192300.55172413794, -23243.0)
(112, 4.944276571273804, -192300.55172413794, -23243.0)
(113, 4.986744403839111, -192300.55172413794, -23243.0)
(114, 5.030405044555664, -192300.55172413794, -23243.0)
(115, 5.073752164840698, -192300.55172413794, -23243.0)
(116, 5.116936206817627, -192300.55172413794, -23243.0)
(117, 5.159632921218872, -192300.55172413794, -23243.0)
(118, 5.206623077392578, -192300.55172413794, -23243.0)
(119, 5.250246047973633, -192300.55172413794, -23243.0)
(120, 5.294846773147583, -192300.55172413794, -23243.0)
(121, 5.340147972106934, -192300.55172413794, -23243.0)
(122, 5.382579326629639, -192300.55172413794, -23243.0)
(123, 5.426015853881836, -192300.55172413794, -23243.0)
(124, 5.4695398807525635, -192300.55172413794, -23243.0)
(125, 5.510821580886841, -192300.55172413794, -23243.0)
(126, 5.555698394775391, -192300.55172413794, -23243.0)
(127, 5.600555181503296, -185621.78637770898, -23243.0)
(128, 5.647858381271362, -185621.78637770898, -23243.0)
(129, 5.69268012046814, -185621.78637770898, -23243.0)
(130, 5.735864639282227, -185621.78637770898, -23243.0)
(131, 5.780807733535767, -185621.78637770898, -23243.0)
(132, 5.824447154998779, -185621.78637770898, -23243.0)
(133, 5.868706226348877, -185621.78637770898, -23243.0)
(134, 5.915777921676636, -185621.78637770898, -23243.0)
(135, 5.961400508880615, -185621.78637770898, -23243.0)
(136, 6.005427122116089, -185621.78637770898, -23243.0)
(137, 6.048552751541138, -185621.78637770898, -23243.0)
(138, 6.0936970710754395, -185621.78637770898, -23243.0)
(139, 6.135889768600464, -185621.78637770898, -23243.0)
(140, 6.1817381381988525, -185621.78637770898, -23243.0)
(141, 6.2250542640686035, -185621.78637770898, -23243.0)
(142, 6.271874904632568, -185621.78637770898, -23243.0)
(143, 6.316817045211792, -185621.78637770898, -23243.0)
(144, 6.3679282665252686, -185621.78637770898, -23243.0)
(145, 6.413680791854858, -185621.78637770898, -23243.0)
(146, 6.463418006896973, -185621.78637770898, -23243.0)
(147, 6.510526418685913, -185621.78637770898, -23243.0)
(148, 6.557126522064209, -185621.78637770898, -23243.0)
(149, 6.60416579246521, -185621.78637770898, -23243.0)
(150, 6.650378227233887, -185621.78637770898, -23243.0)
(151, 6.697956800460815, -185621.78637770898, -23243.0)
(152, 6.746542453765869, -185621.78637770898, -23243.0)
(153, 6.794581174850464, -185621.78637770898, -23243.0)
(154, 6.83896279335022, -185621.78637770898, -23243.0)
(155, 6.88947868347168, -185621.78637770898, -23243.0)
(156, 6.938525915145874, -185490.0, -23243.0)
(157, 6.991604328155518, -185490.0, -23243.0)
(158, 7.039806842803955, -185490.0, -23243.0)
(159, 7.08691668510437, -185490.0, -23243.0)
(160, 7.135024070739746, -185490.0, -23243.0)
(161, 7.180814743041992, -185490.0, -23243.0)
(162, 7.227205991744995, -185490.0, -23243.0)
(163, 7.277162551879883, -185490.0, -23243.0)
(164, 7.325190782546997, -185490.0, -23243.0)
(165, 7.3740458488464355, -185490.0, -23243.0)
(166, 7.421257495880127, -185490.0, -23243.0)
(167, 7.467318773269653, -185490.0, -23243.0)
(168, 7.514815330505371, -185490.0, -23243.0)
(169, 7.563308477401733, -185490.0, -23243.0)
(170, 7.614245414733887, -185490.0, -23243.0)
(171, 7.6641130447387695, -185490.0, -23243.0)
(172, 7.7110795974731445, -185490.0, -23243.0)
(173, 7.759026288986206, -185490.0, -23243.0)
(174, 7.805940389633179, -185490.0, -23243.0)
(175, 7.850537538528442, -185490.0, -23243.0)
(176, 7.898777008056641, -185490.0, -23243.0)
(177, 7.945584297180176, -185490.0, -23243.0)
(178, 7.990675449371338, -185490.0, -23243.0)
(179, 8.04189157485962, -185490.0, -23243.0)
(180, 8.090778827667236, -185490.0, -23243.0)
(181, 8.136882066726685, -185490.0, -23243.0)
(182, 8.18401837348938, -185490.0, -23243.0)
(183, 8.229580163955688, -185490.0, -23243.0)
(184, 8.277346134185791, -185490.0, -23243.0)
(185, 8.324241161346436, -185490.0, -23243.0)
(186, 8.37767767906189, -185490.0, -23243.0)
(187, 8.426742792129517, -185490.0, -23243.0)
(188, 8.478829145431519, -185490.0, -23243.0)
(189, 8.525975465774536, -185490.0, -23243.0)
(190, 8.575750350952148, -185490.0, -23243.0)
(191, 8.629794120788574, -185490.0, -23243.0)
(192, 8.682621479034424, -185490.0, -23243.0)
(193, 8.73310399055481, -185490.0, -23243.0)
(194, 8.783256769180298, -185490.0, -23243.0)
(195, 8.83231258392334, -185490.0, -23243.0)
(196, 8.883169889450073, -185490.0, -23243.0)
(197, 8.934380054473877, -185490.0, -23243.0)
(198, 8.980297088623047, -185490.0, -23243.0)
(199, 9.03323483467102, -185490.0, -23243.0)
(200, 9.08607268333435, -185490.0, -23243.0)
(201, 9.136438846588135, -185490.0, -23243.0)
(202, 9.18731164932251, -185490.0, -23243.0)
(203, 9.23634386062622, -185490.0, -23243.0)
(204, 9.291428565979004, -185490.0, -23243.0)
(205, 9.344021558761597, -185490.0, -23243.0)
(206, 9.394169807434082, -185490.0, -23243.0)
(207, 9.452799081802368, -185490.0, -23243.0)
(208, 9.503598928451538, -185490.0, -23243.0)
(209, 9.55616044998169, -185490.0, -23243.0)
(210, 9.603787899017334, -185490.0, -23243.0)
(211, 9.656211137771606, -185490.0, -23243.0)
(212, 9.71106743812561, -185490.0, -23243.0)
(213, 9.758362293243408, -143069.8620689655, -23243.0)
(214, 9.806113958358765, -143069.8620689655, -23243.0)
(215, 9.850891590118408, -143069.8620689655, -23243.0)
(216, 9.895116329193115, -143069.8620689655, -23243.0)
(217, 9.939950942993164, -143069.8620689655, -23243.0)
(218, 9.985429763793945, -143069.8620689655, -23243.0)
(219, 10.030495166778564, -143069.8620689655, -23243.0)
(220, 10.075061321258545, -143069.8620689655, -23243.0)
(221, 10.120160818099976, -143069.8620689655, -23243.0)
(222, 10.16597867012024, -143069.8620689655, -23243.0)
(223, 10.210079908370972, -143069.8620689655, -23243.0)
(224, 10.256515264511108, -143069.8620689655, -23243.0)
(225, 10.305160760879517, -143069.8620689655, -23243.0)
(226, 10.351134300231934, -143069.8620689655, -23243.0)
(227, 10.398093461990356, -143069.8620689655, -23243.0)
(228, 10.451720714569092, -143069.8620689655, -23243.0)
(229, 10.501898527145386, -143069.8620689655, -23243.0)
(230, 10.550512075424194, -143069.8620689655, -23243.0)
(231, 10.598928213119507, -143069.8620689655, -23243.0)
(232, 10.647600173950195, -143069.8620689655, -23243.0)
(233, 10.696190118789673, -143069.8620689655, -23243.0)
(234, 10.746262550354004, -143069.8620689655, -23243.0)
(235, 10.797943353652954, -143069.8620689655, -23243.0)
(236, 10.847970724105835, -143069.8620689655, -23243.0)
(237, 10.898365497589111, -143069.8620689655, -23243.0)
(238, 10.950937509536743, -143069.8620689655, -23243.0)
(239, 10.99879002571106, -143069.8620689655, -23243.0)
(240, 11.045342922210693, -143069.8620689655, -23243.0)
(241, 11.099233150482178, -143069.8620689655, -23243.0)
(242, 11.147926568984985, -143069.8620689655, -23243.0)
(243, 11.19414210319519, -143069.8620689655, -23243.0)
(244, 11.248694658279419, -143069.8620689655, -23243.0)
(245, 11.303755044937134, -143069.8620689655, -23243.0)
(246, 11.35501480102539, -143069.8620689655, -23243.0)
(247, 11.405376672744751, -143069.8620689655, -23243.0)
(248, 11.455872058868408, -143069.8620689655, -23243.0)
(249, 11.508257150650024, -143069.8620689655, -23243.0)
(250, 11.563383102416992, -143069.8620689655, -23243.0)
(251, 11.613541841506958, -143069.8620689655, -23243.0)
(252, 11.665177345275879, -143069.8620689655, -23243.0)
(253, 11.717040061950684, -143069.8620689655, -23243.0)
(254, 11.768889427185059, -132822.0, -23243.0)
(255, 11.825993061065674, -132822.0, -23243.0)
(256, 11.883110761642456, -132822.0, -23243.0)
(257, 11.935800313949585, -132822.0, -23243.0)
(258, 11.987683773040771, -132822.0, -23243.0)
(259, 12.041456460952759, -132822.0, -23243.0)
(260, 12.093549013137817, -132822.0, -23243.0)
(261, 12.148046016693115, -132822.0, -23243.0)
(262, 12.202831506729126, -132822.0, -23243.0)
(263, 12.254348754882812, -132822.0, -23243.0)
(264, 12.310693502426147, -132822.0, -23243.0)
(265, 12.371030807495117, -132822.0, -23243.0)
(266, 12.430814743041992, -132822.0, -23243.0)
(267, 12.489943504333496, -132822.0, -23243.0)
(268, 12.544708728790283, -132822.0, -23243.0)
(269, 12.59607219696045, -132822.0, -23243.0)
(270, 12.653045892715454, -132822.0, -23243.0)
(271, 12.709248542785645, -132822.0, -23243.0)
(272, 12.765027523040771, -132822.0, -23243.0)
(273, 12.824870586395264, -132822.0, -23243.0)
(274, 12.881083488464355, -132822.0, -23243.0)
(275, 12.935679912567139, -132822.0, -23243.0)
(276, 12.991040468215942, -132822.0, -23243.0)
(277, 13.075498342514038, -132822.0, -23243.0)
(278, 13.138641595840454, -132822.0, -23243.0)
(279, 13.19986605644226, -132822.0, -23243.0)
(280, 13.256117582321167, -99783.68, -23243.0)
(281, 13.319298267364502, -99783.68, -23243.0)
(282, 13.38083529472351, -99783.68, -23243.0)
(283, 13.43546462059021, -99783.68, -23243.0)
(284, 13.498836517333984, -99783.68, -23243.0)
(285, 13.565891027450562, -99783.68, -23243.0)
(286, 13.629872560501099, -99783.68, -23243.0)
(287, 13.686994075775146, -99783.68, -23243.0)
(288, 13.759105443954468, -99783.68, -23243.0)
(289, 13.832685232162476, -99783.68, -23243.0)
(290, 13.89903974533081, -99783.68, -23243.0)
(291, 13.965212106704712, -99783.68, -23243.0)
(292, 14.031993627548218, -99783.68, -23243.0)
(293, 14.102311849594116, -99783.68, -23243.0)
(294, 14.16880488395691, -99783.68, -23243.0)
(295, 14.236632347106934, -99783.68, -23243.0)
(296, 14.305727005004883, -99783.68, -23243.0)
(297, 14.363427877426147, -99783.68, -23243.0)
(298, 14.419195890426636, -99783.68, -23243.0)
(299, 14.471936464309692, -99783.68, -23243.0)
(300, 14.527270793914795, -99783.68, -23243.0)
(301, 14.576690196990967, -99783.68, -23243.0)
(302, 14.629692316055298, -99783.68, -23243.0)
(303, 14.681414365768433, -99783.68, -23243.0)
(304, 14.732105016708374, -99783.68, -23243.0)
(305, 14.783878326416016, -99783.68, -23243.0)
(306, 14.834893465042114, -99783.68, -23243.0)
(307, 14.882591485977173, -99783.68, -23243.0)
(308, 14.931026697158813, -99783.68, -23243.0)
(309, 14.983651161193848, -99783.68, -23243.0)
(310, 15.041056394577026, -99783.68, -23243.0)
(311, 15.093496084213257, -99783.68, -23243.0)
(312, 15.148396253585815, -99783.68, -23243.0)
(313, 15.203123807907104, -99783.68, -23243.0)
(314, 15.254420280456543, -99783.68, -23243.0)
(315, 15.306746006011963, -99783.68, -23243.0)
(316, 15.355429649353027, -99783.68, -23243.0)
(317, 15.411049365997314, -83056.79999999999, -23243.0)
(318, 15.473490715026855, -83056.79999999999, -23243.0)
(319, 15.533252000808716, -83056.79999999999, -23243.0)
(320, 15.587637186050415, -83056.79999999999, -23243.0)
(321, 15.646772384643555, -83056.79999999999, -23243.0)
(322, 15.700075626373291, -83056.79999999999, -23243.0)
(323, 15.763105630874634, -83056.79999999999, -23243.0)
(324, 15.817174196243286, -83056.79999999999, -23243.0)
(325, 15.868146419525146, -83056.79999999999, -23243.0)
(326, 15.92313027381897, -83056.79999999999, -23243.0)
(327, 15.97962760925293, -83056.79999999999, -23243.0)
(328, 16.03646183013916, -83056.79999999999, -23243.0)
(329, 16.097281455993652, -83056.79999999999, -23243.0)
(330, 16.153576374053955, -83056.79999999999, -23243.0)
(331, 16.2078857421875, -83056.79999999999, -23243.0)
(332, 16.271844148635864, -83056.79999999999, -23243.0)
(333, 16.326563119888306, -83056.79999999999, -23243.0)
(334, 16.381136178970337, -83056.79999999999, -23243.0)
(335, 16.430991649627686, -83056.79999999999, -23243.0)
(336, 16.49107599258423, -70934.48311306901, -23243.0)
(337, 16.55340814590454, -70934.48311306901, -23243.0)
(338, 16.615371704101562, -70934.48311306901, -23243.0)
(339, 16.676979541778564, -70934.48311306901, -23243.0)
(340, 16.732969760894775, -70934.48311306901, -23243.0)
(341, 16.79219365119934, -70934.48311306901, -23243.0)
(342, 16.850303173065186, -70934.48311306901, -23243.0)
(343, 16.911439180374146, -70934.48311306901, -23243.0)
(344, 16.97436261177063, -70934.48311306901, -23243.0)
(345, 17.039210319519043, -70934.48311306901, -23243.0)
(346, 17.100833415985107, -70934.48311306901, -23243.0)
(347, 17.158915996551514, -70934.48311306901, -23243.0)
(348, 17.219194173812866, -70934.48311306901, -23243.0)
(349, 17.280289888381958, -70934.48311306901, -23243.0)
(350, 17.34338068962097, -70934.48311306901, -23243.0)
(351, 17.398311853408813, -70934.48311306901, -23243.0)
(352, 17.44641423225403, -60868.0, -23243.0)
(353, 17.49927592277527, -60868.0, -23243.0)
(354, 17.547935962677002, -60868.0, -23243.0)
(355, 17.600215673446655, -60868.0, -23243.0)
(356, 17.64867877960205, -60868.0, -23243.0)
(357, 17.705825090408325, -60868.0, -23243.0)
(358, 17.767632961273193, -60868.0, -23243.0)
(359, 17.846571445465088, -60868.0, -23243.0)
(360, 17.918909788131714, -60867.99999999999, -23243.0)
(361, 17.964511394500732, -60867.99999999999, -23243.0)
(362, 18.100783348083496, -60867.99999999999, -23243.0)
(363, 18.33102321624756, -60867.99999999999, -23243.0)
(364, 18.59417748451233, -60867.99999999999, -23243.0)
(365, 18.841314554214478, -60867.99999999999, -23243.0)
(366, 19.223594427108765, -60867.99999999999, -23243.0)
(367, 19.573307752609253, -60867.99999999999, -23243.0)
(368, 19.857473611831665, -60867.99999999999, -23243.0)
(369, 20.24901819229126, -58015.75, -23243.0)
(370, 20.571147918701172, -51736.69174757281, -23243.0)
(371, 20.927372455596924, -51736.69174757281, -23243.0)
(372, 21.18188500404358, -51736.69174757281, -23243.0)
(373, 21.581333875656128, -47646.5, -23243.0)
(374, 21.962318181991577, -46479.625, -23243.0)
(375, 22.282472610473633, -40177.025, -23243.0)
(376, 22.602898836135864, -39442.6, -23243.0)
(377, 22.871108055114746, -38893.79281345566, -23243.0)
(378, 23.325123071670532, -38893.79281345566, -23243.0)
(379, 23.74282145500183, -37668.471236390295, -23243.0)
(380, 24.11826205253601, -36774.77844311377, -23243.0)
(381, 24.602517127990723, -36315.82175183431, -23243.0)
(382, 25.018943309783936, -33084.0693892636, -32990.991545782126)
(383, 25.11515522003174, -33032.55529002259, -32995.51692339663)
(384, 25.213149309158325, -33001.18345905173, -32996.870510057466)
(385, 25.310727834701538, -32997.57170542637, -32997.39617940199)
(386, 25.391026258468628, -32997.406775343865, -32997.406775343865)
(387, 25.462477922439575, -32997.406775343865, -32997.40677534386)
