(1, 0.14397096633911133, -876423.0, -44459.0)
(2, 0.317516565322876, -468098.2840087983, -44459.0)
(3, 0.4613063335418701, -365130.7831296688, -44459.0)
(4, 0.6995072364807129, -244824.6256829671, -44459.0)
(5, 0.9929709434509277, -158881.37054341042, -44459.0)
(6, 1.3495724201202393, -109383.40999667067, -44459.0)
(7, 1.755591630935669, -93588.4766275898, -44459.0)
(8, 2.204462766647339, -86960.85499009663, -44459.0)
(9, 2.8752479553222656, -70261.23578497462, -61037.453445408275)
(10, 3.6314926147460938, -66481.17036155052, -61048.15661124558)
(11, 4.483837842941284, -63639.762900385904, -61169.89327555541)
(12, 5.503201484680176, -62055.50435405332, -61212.70331325141)
(13, 6.626819610595703, -61525.923363336384, -61221.231050958246)
(14, 7.74223780632019, -61320.148270873804, -61223.58673273924)
(15, 8.83779501914978, -61269.97772806069, -61224.198455624675)
(16, 9.987871885299683, -61239.73737541509, -61225.84261444956)
(17, 11.233778715133667, -61239.73737541509, -61228.9838985008)
(18, 12.512242794036865, -61234.51134218293, -61231.58506515417)
(19, 13.795727491378784, -61232.54940673699, -61231.622620539965)
(20, 15.166094541549683, -61232.54940673699, -61231.622620539965)
(21, 16.363641500473022, -61231.9006563997, -61231.62262053998)
(22, 17.708878755569458, -61231.70603128977, -61231.62262053999)
(23, 19.111659288406372, -61231.647643765136, -61231.62262053994)
(24, 20.359987497329712, -61231.63012750641, -61231.62262053994)
