(1, 0.10423159599304199, -787049.0, -41464.0)
(2, 0.20402002334594727, -787049.0, -41464.0)
(3, 0.3034219741821289, -787049.0, -41464.0)
(4, 0.40306854248046875, -787049.0, -41464.0)
(5, 0.5029053688049316, -787049.0, -41464.0)
(6, 0.602459192276001, -787049.0, -41464.0)
(7, 0.7018206119537354, -787049.0, -41464.0)
(8, 0.801436185836792, -787049.0, -41464.0)
(9, 0.9005241394042969, -787049.0, -41464.0)
(10, 1.0009231567382812, -787049.0, -41464.0)
(11, 1.1005356311798096, -787049.0, -41464.0)
(12, 1.1994035243988037, -787049.0, -41464.0)
(13, 1.2971627712249756, -787049.0, -41464.0)
(14, 1.3950562477111816, -787049.0, -41464.0)
(15, 1.4947640895843506, -787049.0, -41464.0)
(16, 1.5929334163665771, -787049.0, -41464.0)
(17, 1.693411111831665, -787049.0, -41464.0)
(18, 1.7944557666778564, -787049.0, -41464.0)
(19, 1.8963212966918945, -787049.0, -41464.0)
(20, 1.9979009628295898, -787049.0, -41464.0)
(21, 2.0995919704437256, -787049.0, -41464.0)
(22, 2.2006328105926514, -787049.0, -41464.0)
(23, 2.3012447357177734, -787049.0, -41464.0)
(24, 2.403531789779663, -787049.0, -41464.0)
(25, 2.503800392150879, -787049.0, -41464.0)
(26, 2.605799674987793, -787049.0, -41464.0)
(27, 2.7064156532287598, -787049.0, -41464.0)
(28, 2.808784246444702, -787049.0, -41464.0)
(29, 2.911156177520752, -787049.0, -41464.0)
(30, 3.013416051864624, -787049.0, -41464.0)
(31, 3.1144375801086426, -787049.0, -41464.0)
(32, 3.2150352001190186, -787049.0, -41464.0)
(33, 3.316223382949829, -787049.0, -41464.0)
(34, 3.416259527206421, -787049.0, -41464.0)
(35, 3.5181572437286377, -787049.0, -41464.0)
(36, 3.6209323406219482, -787049.0, -41464.0)
(37, 3.7221014499664307, -787049.0, -41464.0)
(38, 3.8235361576080322, -787049.0, -41464.0)
(39, 3.926243782043457, -787049.0, -41464.0)
(40, 4.0292744636535645, -787049.0, -41464.0)
(41, 4.131349325180054, -787049.0, -41464.0)
(42, 4.233268976211548, -787049.0, -41464.0)
(43, 4.335284233093262, -787049.0, -41464.0)
(44, 4.441974639892578, -787049.0, -41464.0)
(45, 4.548157215118408, -787049.0, -41464.0)
(46, 4.65311598777771, -787049.0, -41464.0)
(47, 4.7588419914245605, -787049.0, -41464.0)
(48, 4.864710569381714, -787049.0, -41464.0)
(49, 4.970200061798096, -787049.0, -41464.0)
(50, 5.0761566162109375, -787049.0, -41464.0)
(51, 5.181962251663208, -787049.0, -41464.0)
(52, 5.288594961166382, -787049.0, -41464.0)
(53, 5.393880367279053, -787049.0, -41464.0)
(54, 5.498872756958008, -787049.0, -41464.0)
(55, 5.604791879653931, -787049.0, -41464.0)
(56, 5.709381103515625, -787049.0, -41464.0)
(57, 5.814496040344238, -787049.0, -41464.0)
(58, 5.921843767166138, -787049.0, -41464.0)
(59, 6.026429653167725, -787049.0, -41464.0)
(60, 6.13455867767334, -787049.0, -41464.0)
(61, 6.245831251144409, -787049.0, -41464.0)
(62, 6.353825807571411, -787049.0, -41464.0)
(63, 6.462253570556641, -787049.0, -41464.0)
(64, 6.569626092910767, -787049.0, -41464.0)
(65, 6.678383827209473, -787049.0, -41464.0)
(66, 6.785728216171265, -787049.0, -41464.0)
(67, 6.892904043197632, -787049.0, -41464.0)
(68, 6.998991012573242, -787049.0, -41464.0)
(69, 7.106621980667114, -787049.0, -41464.0)
(70, 7.215386390686035, -787049.0, -41464.0)
(71, 7.3232810497283936, -787049.0, -41464.0)
(72, 7.430622100830078, -787049.0, -41464.0)
(73, 7.539798736572266, -787049.0, -41464.0)
(74, 7.649168252944946, -787049.0, -41464.0)
(75, 7.7582550048828125, -787049.0, -41464.0)
(76, 7.867169618606567, -787049.0, -41464.0)
(77, 7.979987859725952, -787049.0, -41464.0)
(78, 8.092542886734009, -787049.0, -41464.0)
(79, 8.205735206604004, -787049.0, -41464.0)
(80, 8.31869626045227, -787049.0, -41464.0)
(81, 8.431224584579468, -787049.0, -41464.0)
(82, 8.54528546333313, -787049.0, -41464.0)
(83, 8.66161060333252, -787049.0, -41464.0)
(84, 8.775453090667725, -787049.0, -41464.0)
(85, 8.889363527297974, -787049.0, -41464.0)
(86, 9.004660844802856, -787049.0, -41464.0)
(87, 9.119130373001099, -787049.0, -41464.0)
(88, 9.232908487319946, -787049.0, -41464.0)
(89, 9.348609685897827, -787049.0, -41464.0)
(90, 9.461980819702148, -787049.0, -41464.0)
(91, 9.57945704460144, -787049.0, -41464.0)
(92, 9.710773944854736, -787049.0, -41464.0)
(93, 9.828925848007202, -787049.0, -41464.0)
(94, 9.943694353103638, -787049.0, -41464.0)
(95, 10.060688972473145, -787049.0, -41464.0)
(96, 10.175432920455933, -787049.0, -41464.0)
(97, 10.293727397918701, -787049.0, -41464.0)
(98, 10.409508466720581, -787049.0, -41464.0)
(99, 10.524755239486694, -787049.0, -41464.0)
(100, 10.642791271209717, -787049.0, -41464.0)
(101, 10.758155822753906, -787049.0, -41464.0)
(102, 10.876515626907349, -787049.0, -41464.0)
(103, 10.994147062301636, -787049.0, -41464.0)
(104, 11.115249156951904, -787049.0, -41464.0)
(105, 11.234901666641235, -787049.0, -41464.0)
(106, 11.353712558746338, -787049.0, -41464.0)
(107, 11.477738857269287, -787049.0, -41464.0)
(108, 11.596192359924316, -787049.0, -41464.0)
(109, 11.7128324508667, -787049.0, -41464.0)
(110, 11.832314252853394, -787049.0, -41464.0)
(111, 11.951961994171143, -787049.0, -41464.0)
(112, 12.074860095977783, -787049.0, -41464.0)
(113, 12.19390058517456, -787049.0, -41464.0)
(114, 12.320024013519287, -787049.0, -41464.0)
(115, 12.443953275680542, -787049.0, -41464.0)
(116, 12.566390991210938, -787049.0, -41464.0)
(117, 12.690509557723999, -787049.0, -41464.0)
(118, 12.816360473632812, -787049.0, -41464.0)
(119, 12.942347764968872, -787049.0, -41464.0)
(120, 13.06826400756836, -787049.0, -41464.0)
(121, 13.194106101989746, -787049.0, -41464.0)
(122, 13.321394681930542, -787049.0, -41464.0)
(123, 13.445058345794678, -787049.0, -41464.0)
(124, 13.572401523590088, -787049.0, -41464.0)
(125, 13.696133613586426, -787049.0, -41464.0)
(126, 13.822719097137451, -787049.0, -41464.0)
(127, 13.947561979293823, -787049.0, -41464.0)
(128, 14.075004816055298, -787049.0, -41464.0)
(129, 14.202608585357666, -787049.0, -41464.0)
(130, 14.334625482559204, -787049.0, -41464.0)
(131, 14.464415073394775, -787049.0, -41464.0)
(132, 14.593375444412231, -787049.0, -41464.0)
(133, 14.721652269363403, -787049.0, -41464.0)
(134, 14.847411394119263, -787049.0, -41464.0)
(135, 14.979977369308472, -787049.0, -41464.0)
(136, 15.112766027450562, -787049.0, -41464.0)
(137, 15.242387533187866, -787049.0, -41464.0)
(138, 15.37495470046997, -787049.0, -41464.0)
(139, 15.507081031799316, -787049.0, -41464.0)
(140, 15.635454893112183, -787049.0, -41464.0)
(141, 15.76748538017273, -787049.0, -41464.0)
(142, 15.903543472290039, -787049.0, -41464.0)
(143, 16.04219365119934, -787049.0, -41464.0)
(144, 16.17365598678589, -787049.0, -41464.0)
(145, 16.307162761688232, -787049.0, -41464.0)
(146, 16.441985607147217, -787049.0, -41464.0)
(147, 16.57894253730774, -787049.0, -41464.0)
(148, 16.71438217163086, -787049.0, -41464.0)
(149, 16.848345279693604, -787049.0, -41464.0)
(150, 16.984949111938477, -787049.0, -41464.0)
(151, 17.118950605392456, -787049.0, -41464.0)
(152, 17.255529403686523, -787049.0, -41464.0)
(153, 17.393619775772095, -787049.0, -41464.0)
(154, 17.527288675308228, -787049.0, -41464.0)
(155, 17.662453174591064, -787049.0, -41464.0)
(156, 17.800302028656006, -787049.0, -41464.0)
(157, 17.935729503631592, -787049.0, -41464.0)
(158, 18.075157642364502, -787049.0, -41464.0)
(159, 18.212676763534546, -787049.0, -41464.0)
(160, 18.34984564781189, -787049.0, -41464.0)
(161, 18.4909451007843, -787049.0, -41464.0)
(162, 18.630306482315063, -787049.0, -41464.0)
(163, 18.76825475692749, -787049.0, -41464.0)
(164, 18.91082501411438, -787049.0, -41464.0)
(165, 19.049612283706665, -787049.0, -41464.0)
(166, 19.190038919448853, -787049.0, -41464.0)
(167, 19.325589179992676, -787049.0, -41464.0)
(168, 19.465129375457764, -787049.0, -41464.0)
(169, 19.6132230758667, -787049.0, -41464.0)
(170, 19.75437068939209, -787049.0, -41464.0)
(171, 19.896970987319946, -787049.0, -41464.0)
(172, 20.039525747299194, -787049.0, -41464.0)
(173, 20.178850889205933, -787049.0, -41464.0)
(174, 20.320893049240112, -787049.0, -41464.0)
(175, 20.467904090881348, -787049.0, -41464.0)
(176, 20.61447286605835, -787049.0, -41464.0)
(177, 20.757697820663452, -787049.0, -41464.0)
(178, 20.903040170669556, -787049.0, -41464.0)
(179, 21.047462463378906, -787049.0, -41464.0)
(180, 21.189749240875244, -787049.0, -41464.0)
(181, 21.33226227760315, -787049.0, -41464.0)
(182, 21.475437879562378, -787049.0, -41464.0)
(183, 21.62393856048584, -787049.0, -41464.0)
(184, 21.76891779899597, -787049.0, -41464.0)
(185, 21.91098666191101, -787049.0, -41464.0)
(186, 22.053717613220215, -787049.0, -41464.0)
(187, 22.19931983947754, -787049.0, -41464.0)
(188, 22.350154876708984, -787049.0, -41464.0)
(189, 22.498372077941895, -787049.0, -41464.0)
(190, 22.64413595199585, -787049.0, -41464.0)
(191, 22.791671752929688, -787049.0, -41464.0)
(192, 22.942858695983887, -787049.0, -41464.0)
(193, 23.090725660324097, -787049.0, -41464.0)
(194, 23.238755226135254, -787049.0, -41464.0)
(195, 23.39060878753662, -787049.0, -41464.0)
(196, 23.54034686088562, -787049.0, -41464.0)
(197, 23.687150955200195, -787049.0, -41464.0)
(198, 23.834641218185425, -787049.0, -41464.0)
(199, 23.98273205757141, -787049.0, -41464.0)
(200, 24.13218879699707, -787049.0, -41464.0)
(201, 24.27790880203247, -787049.0, -41464.0)
(202, 24.423516511917114, -787049.0, -41464.0)
(203, 24.577529430389404, -787049.0, -41464.0)
(204, 24.729984283447266, -787049.0, -41464.0)
(205, 24.883471727371216, -787049.0, -41464.0)
(206, 25.035181045532227, -787049.0, -41464.0)
(207, 25.18456482887268, -787049.0, -41464.0)
(208, 25.33989381790161, -787049.0, -41464.0)
(209, 25.490221738815308, -787049.0, -41464.0)
(210, 25.63788676261902, -787049.0, -41464.0)
(211, 25.796532154083252, -787049.0, -41464.0)
(212, 25.94923973083496, -787049.0, -41464.0)
(213, 26.098104238510132, -787049.0, -41464.0)
(214, 26.259767293930054, -787049.0, -41464.0)
(215, 26.415566205978394, -787049.0, -41464.0)
(216, 26.574567556381226, -787049.0, -41464.0)
(217, 26.73216938972473, -787049.0, -41464.0)
(218, 26.893258094787598, -787049.0, -41464.0)
(219, 27.05040431022644, -787049.0, -41464.0)
(220, 27.206316232681274, -787049.0, -41464.0)
(221, 27.366148710250854, -787049.0, -41464.0)
(222, 27.526422262191772, -787049.0, -41464.0)
(223, 27.68474531173706, -787049.0, -41464.0)
(224, 27.842909336090088, -787049.0, -41464.0)
(225, 28.003230094909668, -787049.0, -41464.0)
(226, 28.16462993621826, -787049.0, -41464.0)
(227, 28.324585676193237, -787049.0, -41464.0)
(228, 28.482593059539795, -787049.0, -41464.0)
(229, 28.64586043357849, -787049.0, -41464.0)
(230, 28.805066108703613, -787049.0, -41464.0)
(231, 28.969066381454468, -787049.0, -41464.0)
(232, 29.13408088684082, -787049.0, -41464.0)
(233, 29.29277205467224, -787049.0, -41464.0)
(234, 29.460156440734863, -787049.0, -41464.0)
(235, 29.62030863761902, -787049.0, -41464.0)
(236, 29.779353857040405, -787049.0, -41464.0)
(237, 29.94472646713257, -787049.0, -41464.0)
(238, 30.10556173324585, -787049.0, -41464.0)
(239, 30.272892713546753, -787049.0, -41464.0)
(240, 30.43185544013977, -787049.0, -41464.0)
(241, 30.597558736801147, -787049.0, -41464.0)
(242, 30.759601831436157, -787049.0, -41464.0)
(243, 30.919538736343384, -787049.0, -41464.0)
(244, 31.087727785110474, -787049.0, -41464.0)
(245, 31.27375602722168, -787049.0, -41464.0)
(246, 31.449260473251343, -787049.0, -41464.0)
(247, 31.61834406852722, -787049.0, -41464.0)
(248, 31.783798933029175, -787049.0, -41464.0)
(249, 31.944409132003784, -787049.0, -41464.0)
(250, 32.11653399467468, -787049.0, -41464.0)
(251, 32.28196334838867, -787049.0, -41464.0)
(252, 32.44883346557617, -787049.0, -41464.0)
(253, 32.61046314239502, -787049.0, -41464.0)
(254, 32.77331757545471, -787049.0, -41464.0)
(255, 32.941993713378906, -787049.0, -41464.0)
(256, 33.11414313316345, -787049.0, -41464.0)
(257, 33.28575873374939, -787049.0, -41464.0)
(258, 33.453222036361694, -787049.0, -41464.0)
(259, 33.63486862182617, -787049.0, -41464.0)
(260, 33.810818910598755, -787049.0, -41464.0)
(261, 33.98094177246094, -787049.0, -41464.0)
(262, 34.15088772773743, -787049.0, -41464.0)
(263, 34.326687812805176, -787049.0, -41464.0)
(264, 34.49462175369263, -787049.0, -41464.0)
(265, 34.65991520881653, -787049.0, -41464.0)
(266, 34.8266658782959, -787049.0, -41464.0)
(267, 35.00267434120178, -787049.0, -41464.0)
(268, 35.176795959472656, -787049.0, -41464.0)
(269, 35.34689140319824, -787049.0, -41464.0)
(270, 35.518134355545044, -787049.0, -41464.0)
(271, 35.68520140647888, -787049.0, -41464.0)
(272, 35.85408926010132, -787049.0, -41464.0)
(273, 36.02746033668518, -787049.0, -41464.0)
(274, 36.196725845336914, -787049.0, -41464.0)
(275, 36.36858034133911, -787049.0, -41464.0)
(276, 36.53712439537048, -787049.0, -41464.0)
(277, 36.705317735672, -787049.0, -41464.0)
(278, 36.87520694732666, -787049.0, -41464.0)
(279, 37.04548478126526, -787049.0, -41464.0)
(280, 37.214694023132324, -787049.0, -41464.0)
(281, 37.382577419281006, -787049.0, -41464.0)
(282, 37.564008474349976, -787049.0, -41464.0)
(283, 37.74762511253357, -787049.0, -41464.0)
(284, 37.92207908630371, -787049.0, -41464.0)
(285, 38.09314012527466, -787049.0, -41464.0)
(286, 38.26607537269592, -787049.0, -41464.0)
(287, 38.43975377082825, -787049.0, -41464.0)
(288, 38.62034869194031, -787049.0, -41464.0)
(289, 38.7916841506958, -787049.0, -41464.0)
(290, 38.96434211730957, -787049.0, -41464.0)
(291, 39.141706705093384, -787049.0, -41464.0)
(292, 39.31591868400574, -787049.0, -41464.0)
(293, 39.49887299537659, -787049.0, -41464.0)
(294, 39.685227155685425, -787049.0, -41464.0)
(295, 39.85685634613037, -787049.0, -41464.0)
(296, 40.03323197364807, -787049.0, -41464.0)
(297, 40.21030950546265, -787049.0, -41464.0)
(298, 40.38912916183472, -787049.0, -41464.0)
(299, 40.58390498161316, -787049.0, -41464.0)
(300, 40.763700008392334, -787049.0, -41464.0)
(301, 40.93809914588928, -787049.0, -41464.0)
(302, 41.12352967262268, -787049.0, -41464.0)
(303, 41.31511425971985, -787049.0, -41464.0)
(304, 41.50114297866821, -787049.0, -41464.0)
(305, 41.68272137641907, -787049.0, -41464.0)
(306, 41.86109519004822, -787049.0, -41464.0)
(307, 42.04852890968323, -787049.0, -41464.0)
(308, 42.231313943862915, -787049.0, -41464.0)
(309, 42.40837383270264, -787049.0, -41464.0)
(310, 42.60138010978699, -787049.0, -41464.0)
(311, 42.783209562301636, -787049.0, -41464.0)
(312, 42.966721057891846, -787049.0, -41464.0)
(313, 43.15129733085632, -787049.0, -41464.0)
(314, 43.3310489654541, -787049.0, -41464.0)
(315, 43.51850700378418, -787049.0, -41464.0)
(316, 43.711288928985596, -787049.0, -41464.0)
(317, 43.89988422393799, -787049.0, -41464.0)
(318, 44.0867817401886, -787049.0, -41464.0)
(319, 44.271132707595825, -787049.0, -41464.0)
(320, 44.470507860183716, -787049.0, -41464.0)
(321, 44.67076110839844, -787049.0, -41464.0)
(322, 44.87056827545166, -787049.0, -41464.0)
(323, 45.06468725204468, -787049.0, -41464.0)
(324, 45.25562930107117, -787049.0, -41464.0)
(325, 45.462382078170776, -787049.0, -41464.0)
(326, 45.65381646156311, -787049.0, -41464.0)
(327, 45.847580432891846, -787049.0, -41464.0)
(328, 46.033947706222534, -787049.0, -41464.0)
(329, 46.220248222351074, -787049.0, -41464.0)
(330, 46.40388059616089, -787049.0, -41464.0)
(331, 46.591421127319336, -787049.0, -41464.0)
(332, 46.78179144859314, -787049.0, -41464.0)
(333, 46.96782040596008, -787049.0, -41464.0)
(334, 47.153987407684326, -787049.0, -41464.0)
(335, 47.33897566795349, -787049.0, -41464.0)
(336, 47.5267493724823, -787049.0, -41464.0)
(337, 47.716453313827515, -787049.0, -41464.0)
(338, 47.904085874557495, -787049.0, -41464.0)
(339, 48.09762907028198, -787049.0, -41464.0)
(340, 48.286603927612305, -787049.0, -41464.0)
(341, 48.483288049697876, -787049.0, -41464.0)
(342, 48.67352867126465, -787049.0, -41464.0)
(343, 48.85857844352722, -787049.0, -41464.0)
(344, 49.05065965652466, -787049.0, -41464.0)
(345, 49.24204134941101, -787049.0, -41464.0)
(346, 49.43117022514343, -787049.0, -41464.0)
(347, 49.626060247421265, -787049.0, -41464.0)
(348, 49.82354426383972, -787049.0, -41464.0)
(349, 50.02467942237854, -787049.0, -41464.0)
(350, 50.21888065338135, -787049.0, -41464.0)
(351, 50.41598439216614, -787049.0, -41464.0)
(352, 50.60611438751221, -787049.0, -41464.0)
(353, 50.804484128952026, -787049.0, -41464.0)
(354, 51.000824213027954, -787049.0, -41464.0)
(355, 51.194007873535156, -787049.0, -41464.0)
(356, 51.38515901565552, -787049.0, -41464.0)
(357, 51.58500909805298, -787049.0, -41464.0)
(358, 51.783830404281616, -787049.0, -41464.0)
(359, 51.97359585762024, -787049.0, -41464.0)
(360, 52.16768264770508, -787049.0, -41464.0)
(361, 52.362672328948975, -787049.0, -41464.0)
(362, 52.556777000427246, -787049.0, -41464.0)
(363, 52.75265693664551, -787049.0, -41464.0)
(364, 52.94887399673462, -787049.0, -41464.0)
(365, 53.14958047866821, -787049.0, -41464.0)
(366, 53.345253229141235, -787049.0, -41464.0)
(367, 53.55654954910278, -787049.0, -41464.0)
(368, 53.76938033103943, -787049.0, -41464.0)
(369, 53.97100520133972, -787049.0, -41464.0)
(370, 54.175578117370605, -787049.0, -41464.0)
(371, 54.3824679851532, -787049.0, -41464.0)
(372, 54.58925771713257, -787049.0, -41464.0)
(373, 54.79278111457825, -787049.0, -41464.0)
(374, 55.00730895996094, -787049.0, -41464.0)
(375, 55.21301293373108, -787049.0, -41464.0)
(376, 55.421700954437256, -787049.0, -41464.0)
(377, 55.630168437957764, -787049.0, -41464.0)
(378, 55.83695936203003, -787049.0, -41464.0)
(379, 56.04375243186951, -787049.0, -41464.0)
(380, 56.25277137756348, -787049.0, -41464.0)
(381, 56.45478415489197, -787049.0, -41464.0)
(382, 56.658310651779175, -787049.0, -41464.0)
(383, 56.86867356300354, -787049.0, -41464.0)
(384, 57.068864822387695, -787049.0, -41464.0)
(385, 57.26656699180603, -787049.0, -41464.0)
(386, 57.47330355644226, -787049.0, -41464.0)
(387, 57.67154407501221, -787049.0, -41464.0)
(388, 57.872267723083496, -787049.0, -41464.0)
(389, 58.075077295303345, -787049.0, -41464.0)
(390, 58.2748544216156, -787049.0, -41464.0)
(391, 58.49162554740906, -787049.0, -41464.0)
(392, 58.69703006744385, -787049.0, -41464.0)
(393, 58.90365028381348, -787049.0, -41464.0)
(394, 59.124056339263916, -787049.0, -41464.0)
(395, 59.33137607574463, -787049.0, -41464.0)
(396, 59.53648567199707, -787049.0, -41464.0)
(397, 59.74736523628235, -787049.0, -41464.0)
(398, 59.95268368721008, -787049.0, -41464.0)
(399, 60.1822772026062, -787049.0, -41464.0)
(400, 60.383673429489136, -787049.0, -41464.0)
(401, 60.591121435165405, -787049.0, -41464.0)
(402, 60.80520725250244, -787049.0, -41464.0)
(403, 61.01453185081482, -787049.0, -41464.0)
(404, 61.22124910354614, -787049.0, -41464.0)
(405, 61.42703819274902, -787049.0, -41464.0)
(406, 61.63132977485657, -787049.0, -41464.0)
(407, 61.836267948150635, -787049.0, -41464.0)
(408, 62.05526924133301, -787049.0, -41464.0)
(409, 62.27436113357544, -787049.0, -41464.0)
(410, 62.48855972290039, -787049.0, -41464.0)
(411, 62.703787088394165, -787049.0, -41464.0)
(412, 62.9188129901886, -787049.0, -41464.0)
(413, 63.141960859298706, -787049.0, -41464.0)
(414, 63.35544967651367, -787049.0, -41464.0)
(415, 63.588871717453, -787049.0, -41464.0)
(416, 63.80972075462341, -787049.0, -41464.0)
(417, 64.02521467208862, -787049.0, -41464.0)
(418, 64.24138522148132, -787049.0, -41464.0)
(419, 64.4599027633667, -787049.0, -41464.0)
(420, 64.67741107940674, -787049.0, -41464.0)
(421, 64.89768147468567, -787049.0, -41464.0)
(422, 65.11779546737671, -787049.0, -41464.0)
(423, 65.33140087127686, -787049.0, -41464.0)
(424, 65.5445008277893, -787049.0, -41464.0)
(425, 65.76879405975342, -787049.0, -41464.0)
(426, 65.99591827392578, -787049.0, -41464.0)
(427, 66.21665668487549, -787049.0, -41464.0)
(428, 66.44359350204468, -787049.0, -41464.0)
(429, 66.66407537460327, -787049.0, -41464.0)
(430, 66.87969040870667, -787049.0, -41464.0)
(431, 67.09228014945984, -787049.0, -41464.0)
(432, 67.32180070877075, -787049.0, -41464.0)
(433, 67.54224371910095, -787049.0, -41464.0)
(434, 67.75845575332642, -787049.0, -41464.0)
(435, 67.98075699806213, -787049.0, -41464.0)
(436, 68.19818592071533, -787049.0, -41464.0)
(437, 68.4124128818512, -787049.0, -41464.0)
(438, 68.64327812194824, -787049.0, -41464.0)
(439, 68.871346950531, -787049.0, -41464.0)
(440, 69.10422945022583, -787049.0, -41464.0)
(441, 69.32944107055664, -787049.0, -41464.0)
(442, 69.55229139328003, -787049.0, -41464.0)
(443, 69.76788663864136, -787049.0, -41464.0)
(444, 69.99253153800964, -787049.0, -41464.0)
(445, 70.23226141929626, -787049.0, -41464.0)
(446, 70.45095872879028, -787049.0, -41464.0)
(447, 70.7002785205841, -787049.0, -41464.0)
(448, 70.93449902534485, -787049.0, -41464.0)
(449, 71.16334080696106, -787049.0, -41464.0)
(450, 71.39863586425781, -787049.0, -41464.0)
(451, 71.62472772598267, -787049.0, -41464.0)
(452, 71.85327243804932, -787049.0, -41464.0)
(453, 72.08150863647461, -787049.0, -41464.0)
(454, 72.30901002883911, -787049.0, -41464.0)
(455, 72.53226041793823, -787049.0, -41464.0)
(456, 72.75895953178406, -787049.0, -41464.0)
(457, 72.9983217716217, -787049.0, -41464.0)
(458, 73.23459553718567, -787049.0, -41464.0)
(459, 73.45599007606506, -787049.0, -41464.0)
(460, 73.69009399414062, -787049.0, -41464.0)
(461, 73.9235520362854, -787049.0, -41464.0)
(462, 74.14988803863525, -787049.0, -41464.0)
(463, 74.38576531410217, -787049.0, -41464.0)
(464, 74.60979676246643, -787049.0, -41464.0)
(465, 74.8564624786377, -787049.0, -41464.0)
(466, 75.09294295310974, -787049.0, -41464.0)
(467, 75.32856225967407, -787049.0, -41464.0)
(468, 75.55600881576538, -787049.0, -41464.0)
(469, 75.7877368927002, -787049.0, -41464.0)
(470, 76.03078866004944, -787049.0, -41464.0)
(471, 76.26516389846802, -787049.0, -41464.0)
(472, 76.50428891181946, -787049.0, -41464.0)
(473, 76.73858714103699, -787049.0, -41464.0)
(474, 76.98221492767334, -787049.0, -41464.0)
(475, 77.21716785430908, -787049.0, -41464.0)
(476, 77.45270919799805, -787049.0, -41464.0)
(477, 77.68077349662781, -787049.0, -41464.0)
(478, 77.91986560821533, -787049.0, -41464.0)
(479, 78.14617490768433, -787049.0, -41464.0)
(480, 78.3930594921112, -787049.0, -41464.0)
(481, 78.63814783096313, -787049.0, -41464.0)
(482, 78.87508416175842, -787049.0, -41464.0)
(483, 79.11108469963074, -787049.0, -41464.0)
(484, 79.36931228637695, -787049.0, -41464.0)
(485, 79.61365747451782, -787049.0, -41464.0)
(486, 79.85095596313477, -787049.0, -41464.0)
(487, 80.10354971885681, -787049.0, -41464.0)
(488, 80.34594058990479, -787049.0, -41464.0)
(489, 80.58557224273682, -787049.0, -41464.0)
(490, 80.82682538032532, -787049.0, -41464.0)
(491, 81.0660502910614, -787049.0, -41464.0)
(492, 81.30489230155945, -787049.0, -41464.0)
(493, 81.5396671295166, -787049.0, -41464.0)
(494, 81.79793334007263, -787049.0, -41464.0)
(495, 82.04213547706604, -787049.0, -41464.0)
(496, 82.28037285804749, -787049.0, -41464.0)
(497, 82.54782795906067, -787049.0, -41464.0)
(498, 82.78583669662476, -787049.0, -41464.0)
(499, 83.0347330570221, -787049.0, -41464.0)
(500, 83.29214310646057, -787049.0, -41464.0)
(501, 83.54034209251404, -787049.0, -41464.0)
(502, 83.79286599159241, -787049.0, -41464.0)
(503, 84.03812742233276, -787049.0, -41464.0)
(504, 84.28985261917114, -787049.0, -41464.0)
(505, 84.53854155540466, -787049.0, -41464.0)
(506, 84.78157186508179, -787049.0, -41464.0)
(507, 85.04332399368286, -787049.0, -41464.0)
(508, 85.30477380752563, -787049.0, -41464.0)
(509, 85.56135678291321, -787049.0, -41464.0)
(510, 85.81810355186462, -787049.0, -41464.0)
(511, 86.06471610069275, -787049.0, -41464.0)
(512, 86.31712746620178, -787049.0, -41464.0)
(513, 86.56607365608215, -787049.0, -41464.0)
(514, 86.82014727592468, -787049.0, -41464.0)
(515, 87.08332085609436, -787049.0, -41464.0)
(516, 87.33103132247925, -787049.0, -41464.0)
(517, 87.5755181312561, -787049.0, -41464.0)
(518, 87.83562111854553, -787049.0, -41464.0)
(519, 88.09167671203613, -787049.0, -41464.0)
(520, 88.3350281715393, -787049.0, -41464.0)
(521, 88.58983373641968, -787049.0, -41464.0)
(522, 88.84455966949463, -787049.0, -41464.0)
(523, 89.10866475105286, -787049.0, -41464.0)
(524, 89.37220740318298, -787049.0, -41464.0)
(525, 89.634845495224, -787049.0, -41464.0)
(526, 89.8831398487091, -787049.0, -41464.0)
(527, 90.13391351699829, -787049.0, -41464.0)
(528, 90.3823390007019, -787049.0, -41464.0)
(529, 90.62939095497131, -787049.0, -41464.0)
(530, 90.89272856712341, -787049.0, -41464.0)
(531, 91.15463829040527, -787049.0, -41464.0)
(532, 91.41646981239319, -787049.0, -41464.0)
(533, 91.68508434295654, -787049.0, -41464.0)
(534, 91.9469723701477, -787049.0, -41464.0)
(535, 92.19823503494263, -787049.0, -41464.0)
(536, 92.44800901412964, -787049.0, -41464.0)
(537, 92.69853162765503, -787049.0, -41464.0)
(538, 92.95396423339844, -787049.0, -41464.0)
(539, 93.20594429969788, -787049.0, -41464.0)
(540, 93.45554304122925, -787049.0, -41464.0)
(541, 93.70123720169067, -787049.0, -41464.0)
(542, 93.96867489814758, -787049.0, -41464.0)
(543, 94.21999335289001, -787049.0, -41464.0)
(544, 94.46721076965332, -787049.0, -41464.0)
(545, 94.7324891090393, -787049.0, -41464.0)
(546, 95.00473666191101, -787049.0, -41464.0)
(547, 95.27081489562988, -787049.0, -41464.0)
(548, 95.52829694747925, -787049.0, -41464.0)
(549, 95.78818488121033, -787049.0, -41464.0)
(550, 96.06086087226868, -787049.0, -41464.0)
(551, 96.35741138458252, -787049.0, -41464.0)
(552, 96.62065052986145, -787049.0, -41464.0)
(553, 96.88183331489563, -787049.0, -41464.0)
(554, 97.15042519569397, -787049.0, -41464.0)
(555, 97.41926741600037, -787049.0, -41464.0)
(556, 97.7149875164032, -787049.0, -41464.0)
(557, 98.00408720970154, -787049.0, -41464.0)
(558, 98.27682590484619, -787049.0, -41464.0)
(559, 98.55067372322083, -787049.0, -41464.0)
(560, 98.81206178665161, -787049.0, -41464.0)
(561, 99.09254312515259, -787049.0, -41464.0)
(562, 99.3587052822113, -787049.0, -41464.0)
(563, 99.61954808235168, -787049.0, -41464.0)
(564, 99.87713193893433, -787049.0, -41464.0)
(565, 100.1636688709259, -787049.0, -41464.0)
(566, 100.44904565811157, -787049.0, -41464.0)
(567, 100.71931433677673, -787049.0, -41464.0)
(568, 100.992840051651, -787049.0, -41464.0)
(569, 101.25517559051514, -787049.0, -41464.0)
(570, 101.53818917274475, -787049.0, -41464.0)
(571, 101.80407238006592, -787049.0, -41464.0)
(572, 102.08010983467102, -787049.0, -41464.0)
(573, 102.35289788246155, -787049.0, -41464.0)
(574, 102.61025261878967, -787049.0, -41464.0)
(575, 102.88239431381226, -787049.0, -41464.0)
(576, 103.15356802940369, -787049.0, -41464.0)
(577, 103.41595530509949, -787049.0, -41464.0)
(578, 103.70906209945679, -787049.0, -41464.0)
(579, 103.97919845581055, -787049.0, -41464.0)
(580, 104.29265022277832, -787049.0, -41464.0)
(581, 104.58537793159485, -787049.0, -41464.0)
(582, 104.867604970932, -787049.0, -41464.0)
(583, 105.14390516281128, -787049.0, -41464.0)
(584, 105.42266726493835, -787049.0, -41464.0)
(585, 105.69200706481934, -787049.0, -41464.0)
(586, 105.95837259292603, -787049.0, -41464.0)
(587, 106.24000811576843, -787049.0, -41464.0)
(588, 106.53946948051453, -787049.0, -41464.0)
(589, 106.82914423942566, -787049.0, -41464.0)
(590, 107.11480355262756, -787049.0, -41464.0)
(591, 107.38638806343079, -787049.0, -41464.0)
(592, 107.67563152313232, -787049.0, -41464.0)
(593, 107.96496915817261, -787049.0, -41464.0)
(594, 108.26821231842041, -787049.0, -41464.0)
(595, 108.54514646530151, -787049.0, -41464.0)
(596, 108.8419737815857, -787049.0, -41464.0)
(597, 109.1290853023529, -787049.0, -41464.0)
(598, 109.39579606056213, -787049.0, -41464.0)
(599, 109.69545531272888, -787049.0, -41464.0)
(600, 109.98779582977295, -787049.0, -41464.0)
(601, 110.27543044090271, -787049.0, -41464.0)
(602, 110.56317663192749, -787049.0, -41464.0)
(603, 110.8370852470398, -787049.0, -41464.0)
(604, 111.13250279426575, -787049.0, -41464.0)
(605, 111.4360249042511, -787049.0, -41464.0)
(606, 111.71643257141113, -787049.0, -41464.0)
(607, 111.99644136428833, -718107.6206896552, -41464.0)
(608, 112.2768383026123, -718107.6206896552, -41464.0)
(609, 112.5457124710083, -718107.6206896552, -41464.0)
(610, 112.81403994560242, -718107.6206896552, -41464.0)
(611, 113.08557295799255, -718107.6206896552, -41464.0)
(612, 113.35910177230835, -718107.6206896552, -41464.0)
(613, 113.63058304786682, -718107.6206896552, -41464.0)
(614, 113.90247678756714, -718107.6206896552, -41464.0)
(615, 114.17656755447388, -718107.6206896552, -41464.0)
(616, 114.4498496055603, -718107.6206896552, -41464.0)
(617, 114.72459006309509, -718107.6206896552, -41464.0)
(618, 114.99596309661865, -718107.6206896552, -41464.0)
(619, 115.28439831733704, -718107.6206896552, -41464.0)
(620, 115.57342386245728, -718107.6206896552, -41464.0)
(621, 115.85479521751404, -718107.6206896552, -41464.0)
(622, 116.12990689277649, -718107.6206896552, -41464.0)
(623, 116.40994048118591, -718107.6206896552, -41464.0)
(624, 116.68758130073547, -718107.6206896552, -41464.0)
(625, 116.96641373634338, -718107.6206896552, -41464.0)
(626, 117.24449467658997, -718107.6206896552, -41464.0)
(627, 117.52383637428284, -718107.6206896552, -41464.0)
(628, 117.80251049995422, -718107.6206896552, -41464.0)
(629, 118.07921361923218, -718107.6206896552, -41464.0)
(630, 118.36148452758789, -718107.6206896552, -41464.0)
(631, 118.65781140327454, -718107.6206896552, -41464.0)
(632, 118.94642448425293, -718107.6206896552, -41464.0)
(633, 119.23026871681213, -718107.6206896552, -41464.0)
(634, 119.52126121520996, -718107.6206896552, -41464.0)
(635, 119.80408835411072, -718107.6206896552, -41464.0)
(636, 120.08789587020874, -718107.6206896552, -41464.0)
(637, 120.39752173423767, -718107.6206896552, -41464.0)
(638, 120.70062923431396, -718107.6206896552, -41464.0)
(639, 121.00247406959534, -718107.6206896552, -41464.0)
(640, 121.29691505432129, -718107.6206896552, -41464.0)
(641, 121.5891797542572, -718107.6206896552, -41464.0)
(642, 121.8844826221466, -718107.6206896552, -41464.0)
(643, 122.17142462730408, -718107.6206896552, -41464.0)
(644, 122.46132612228394, -718107.6206896552, -41464.0)
(645, 122.75082421302795, -718107.6206896552, -41464.0)
(646, 123.04615235328674, -718107.6206896552, -41464.0)
(647, 123.33973121643066, -718107.6206896552, -41464.0)
(648, 123.63208079338074, -718107.6206896552, -41464.0)
(649, 123.92495274543762, -718107.6206896552, -41464.0)
(650, 124.21962547302246, -718107.6206896552, -41464.0)
(651, 124.51102447509766, -718107.6206896552, -41464.0)
(652, 124.80278539657593, -718107.6206896552, -41464.0)
(653, 125.0921540260315, -718107.6206896552, -41464.0)
(654, 125.38824939727783, -718107.6206896552, -41464.0)
(655, 125.70805954933167, -718107.6206896552, -41464.0)
(656, 126.00370287895203, -718107.6206896552, -41464.0)
(657, 126.29961705207825, -718107.6206896552, -41464.0)
(658, 126.5964286327362, -718107.6206896552, -41464.0)
(659, 126.88044881820679, -718107.6206896552, -41464.0)
(660, 127.1869158744812, -718107.6206896552, -41464.0)
(661, 127.47728824615479, -718107.6206896552, -41464.0)
(662, 127.79786324501038, -718107.6206896552, -41464.0)
(663, 128.0957555770874, -718107.6206896552, -41464.0)
(664, 128.39402318000793, -718107.6206896552, -41464.0)
(665, 128.70287919044495, -718107.6206896552, -41464.0)
(666, 129.00575065612793, -718107.6206896552, -41464.0)
(667, 129.30366587638855, -718107.6206896552, -41464.0)
(668, 129.6122019290924, -718107.6206896552, -41464.0)
(669, 129.91988897323608, -718107.6206896552, -41464.0)
(670, 130.2212462425232, -718107.6206896552, -41464.0)
(671, 130.5295057296753, -718107.6206896552, -41464.0)
(672, 130.82876777648926, -718107.6206896552, -41464.0)
(673, 131.12867140769958, -718107.6206896552, -41464.0)
(674, 131.42536544799805, -718107.6206896552, -41464.0)
(675, 131.7319405078888, -718107.6206896552, -41464.0)
(676, 132.03211569786072, -718107.6206896552, -41464.0)
(677, 132.32764148712158, -718107.6206896552, -41464.0)
(678, 132.64113330841064, -718107.6206896552, -41464.0)
(679, 132.95711040496826, -718107.6206896552, -41464.0)
(680, 133.27925062179565, -718107.6206896552, -41464.0)
(681, 133.58047652244568, -718107.6206896552, -41464.0)
(682, 133.90443396568298, -718107.6206896552, -41464.0)
(683, 134.24365735054016, -718107.6206896552, -41464.0)
(684, 134.56850361824036, -718107.6206896552, -41464.0)
(685, 134.87962007522583, -718107.6206896552, -41464.0)
(686, 135.18837547302246, -718107.6206896552, -41464.0)
(687, 135.5062153339386, -718107.6206896552, -41464.0)
(688, 135.81385684013367, -718107.6206896552, -41464.0)
(689, 136.12255215644836, -718107.6206896552, -41464.0)
(690, 136.42853331565857, -718107.6206896552, -41464.0)
(691, 136.7363579273224, -718107.6206896552, -41464.0)
(692, 137.04386806488037, -718107.6206896552, -41464.0)
(693, 137.35047125816345, -718107.6206896552, -41464.0)
(694, 137.65989875793457, -718107.6206896552, -41464.0)
(695, 137.97090983390808, -718107.6206896552, -41464.0)
(696, 138.28935360908508, -718107.6206896552, -41464.0)
(697, 138.62572979927063, -718107.6206896552, -41464.0)
(698, 138.94015336036682, -718107.6206896552, -41464.0)
(699, 139.24904870986938, -718107.6206896552, -41464.0)
(700, 139.57487320899963, -718107.6206896552, -41464.0)
(701, 139.88880348205566, -718107.6206896552, -41464.0)
(702, 140.20727109909058, -718107.6206896552, -41464.0)
(703, 140.51759314537048, -718107.6206896552, -41464.0)
(704, 140.8360779285431, -718107.6206896552, -41464.0)
(705, 141.14365887641907, -718107.6206896552, -41464.0)
(706, 141.45903277397156, -718107.6206896552, -41464.0)
(707, 141.78706407546997, -718107.6206896552, -41464.0)
(708, 142.11279678344727, -718107.6206896552, -41464.0)
(709, 142.44675135612488, -718107.6206896552, -41464.0)
(710, 142.77045035362244, -718107.6206896552, -41464.0)
(711, 143.10078120231628, -718107.6206896552, -41464.0)
(712, 143.42248010635376, -718107.6206896552, -41464.0)
(713, 143.74118185043335, -718107.6206896552, -41464.0)
(714, 144.0759027004242, -718107.6206896552, -41464.0)
(715, 144.40828013420105, -718107.6206896552, -41464.0)
(716, 144.73627734184265, -718107.6206896552, -41464.0)
(717, 145.0499153137207, -718107.6206896552, -41464.0)
(718, 145.39069032669067, -718107.6206896552, -41464.0)
(719, 145.73911929130554, -718107.6206896552, -41464.0)
(720, 146.10030317306519, -718107.6206896552, -41464.0)
(721, 146.43800973892212, -718107.6206896552, -41464.0)
(722, 146.7932152748108, -718107.6206896552, -41464.0)
(723, 147.13538265228271, -718107.6206896552, -41464.0)
(724, 147.48213410377502, -718107.6206896552, -41464.0)
(725, 147.82871294021606, -718107.6206896552, -41464.0)
(726, 148.17865324020386, -718107.6206896552, -41464.0)
(727, 148.52273654937744, -718107.6206896552, -41464.0)
(728, 148.86486840248108, -718107.6206896552, -41464.0)
(729, 149.2032492160797, -718107.6206896552, -41464.0)
(730, 149.55443739891052, -718107.6206896552, -41464.0)
(731, 149.9005663394928, -718107.6206896552, -41464.0)
(732, 150.23995351791382, -718107.6206896552, -41464.0)
(733, 150.61153554916382, -718107.6206896552, -41464.0)
(734, 150.96638417243958, -718107.6206896552, -41464.0)
(735, 151.31819128990173, -718107.6206896552, -41464.0)
(736, 151.66876769065857, -718107.6206896552, -41464.0)
(737, 152.02584195137024, -718107.6206896552, -41464.0)
(738, 152.37814593315125, -718107.6206896552, -41464.0)
(739, 152.71398425102234, -718107.6206896552, -41464.0)
(740, 153.05433464050293, -718107.6206896552, -41464.0)
(741, 153.39476990699768, -718107.6206896552, -41464.0)
(742, 153.7416410446167, -718107.6206896552, -41464.0)
(743, 154.0726854801178, -718107.6206896552, -41464.0)
(744, 154.41231036186218, -718107.6206896552, -41464.0)
(745, 154.76393485069275, -718107.6206896552, -41464.0)
(746, 155.11239218711853, -718107.6206896552, -41464.0)
(747, 155.4586009979248, -718107.6206896552, -41464.0)
(748, 155.7933373451233, -718107.6206896552, -41464.0)
(749, 156.12508010864258, -718107.6206896552, -41464.0)
(750, 156.49813437461853, -718107.6206896552, -41464.0)
(751, 156.87970662117004, -718107.6206896552, -41464.0)
(752, 157.2356834411621, -718107.6206896552, -41464.0)
(753, 157.59218502044678, -718107.6206896552, -41464.0)
(754, 157.93843007087708, -718107.6206896552, -41464.0)
(755, 158.28513526916504, -718107.6206896552, -41464.0)
(756, 158.63379168510437, -718107.6206896552, -41464.0)
(757, 158.98713660240173, -718107.6206896552, -41464.0)
(758, 159.33108711242676, -718107.6206896552, -41464.0)
(759, 159.67421913146973, -718107.6206896552, -41464.0)
(760, 160.01782083511353, -718107.6206896552, -41464.0)
(761, 160.355774641037, -718107.6206896552, -41464.0)
(762, 160.72120642662048, -718107.6206896552, -41464.0)
(763, 161.0661861896515, -718107.6206896552, -41464.0)
(764, 161.41958355903625, -718107.6206896552, -41464.0)
(765, 161.76189017295837, -718107.6206896552, -41464.0)
(766, 162.09942746162415, -718107.6206896552, -41464.0)
(767, 162.4660403728485, -718107.6206896552, -41464.0)
(768, 162.81168293952942, -718107.6206896552, -41464.0)
(769, 163.15072751045227, -718107.6206896552, -41464.0)
(770, 163.48532676696777, -718107.6206896552, -41464.0)
(771, 163.83915662765503, -718107.6206896552, -41464.0)
(772, 164.1848599910736, -718107.6206896552, -41464.0)
(773, 164.5270755290985, -718107.6206896552, -41464.0)
(774, 164.87775301933289, -718107.6206896552, -41464.0)
(775, 165.27609705924988, -718107.6206896552, -41464.0)
(776, 165.63533473014832, -718107.6206896552, -41464.0)
(777, 165.99903988838196, -718107.6206896552, -41464.0)
(778, 166.35184502601624, -718107.6206896552, -41464.0)
(779, 166.7029836177826, -718107.6206896552, -41464.0)
(780, 167.06004333496094, -718107.6206896552, -41464.0)
(781, 167.4047064781189, -718107.6206896552, -41464.0)
(782, 167.7650842666626, -718107.6206896552, -41464.0)
(783, 168.11279010772705, -718107.6206896552, -41464.0)
(784, 168.50414323806763, -718107.6206896552, -41464.0)
(785, 168.86353492736816, -718107.6206896552, -41464.0)
(786, 169.20700573921204, -718107.6206896552, -41464.0)
(787, 169.57364535331726, -718107.6206896552, -41464.0)
(788, 169.92863488197327, -718107.6206896552, -41464.0)
(789, 170.28595066070557, -718107.6206896552, -41464.0)
(790, 170.65884470939636, -718107.6206896552, -41464.0)
(791, 171.06470227241516, -718107.6206896552, -41464.0)
(792, 171.43368363380432, -718107.6206896552, -41464.0)
(793, 171.774108171463, -718107.6206896552, -41464.0)
(794, 172.11623573303223, -718107.6206896552, -41464.0)
(795, 172.4515414237976, -718107.6206896552, -41464.0)
(796, 172.7900266647339, -718107.6206896552, -41464.0)
(797, 173.1384379863739, -718107.6206896552, -41464.0)
(798, 173.5052547454834, -718107.6206896552, -41464.0)
(799, 173.8847336769104, -718107.6206896552, -41464.0)
(800, 174.23562717437744, -718107.6206896552, -41464.0)
(801, 174.58448767662048, -718107.6206896552, -41464.0)
(802, 174.93059301376343, -718107.6206896552, -41464.0)
(803, 175.31718635559082, -718107.6206896552, -41464.0)
(804, 175.66904473304749, -718107.6206896552, -41464.0)
(805, 176.03298544883728, -718107.6206896552, -41464.0)
(806, 176.39065051078796, -718107.6206896552, -41464.0)
(807, 176.73574924468994, -718107.6206896552, -41464.0)
(808, 177.08140754699707, -718107.6206896552, -41464.0)
(809, 177.42443656921387, -718107.6206896552, -41464.0)
(810, 177.77854776382446, -718107.6206896552, -41464.0)
(811, 178.12677001953125, -718107.6206896552, -41464.0)
(812, 178.48461413383484, -718107.6206896552, -41464.0)
(813, 178.84413242340088, -718107.6206896552, -41464.0)
(814, 179.20483088493347, -718107.6206896552, -41464.0)
(815, 179.55753087997437, -718107.6206896552, -41464.0)
(816, 179.90591859817505, -718107.6206896552, -41464.0)
(817, 180.2553629875183, -718107.6206896552, -41464.0)
(818, 180.60520243644714, -718107.6206896552, -41464.0)
(819, 180.96002435684204, -718107.6206896552, -41464.0)
(820, 181.30987071990967, -718107.6206896552, -41464.0)
(821, 181.67475700378418, -718107.6206896552, -41464.0)
(822, 182.044109582901, -718107.6206896552, -41464.0)
(823, 182.43128871917725, -718107.6206896552, -41464.0)
(824, 182.79692006111145, -718107.6206896552, -41464.0)
(825, 183.19500875473022, -718107.6206896552, -41464.0)
(826, 183.57114934921265, -718107.6206896552, -41464.0)
(827, 183.93120121955872, -718107.6206896552, -41464.0)
(828, 184.30195784568787, -718107.6206896552, -41464.0)
(829, 184.66525554656982, -718107.6206896552, -41464.0)
(830, 185.02877593040466, -718107.6206896552, -41464.0)
(831, 185.38562393188477, -718107.6206896552, -41464.0)
(832, 185.75318884849548, -718107.6206896552, -41464.0)
(833, 186.10987854003906, -718107.6206896552, -41464.0)
(834, 186.48486804962158, -718107.6206896552, -41464.0)
(835, 186.84949207305908, -718107.6206896552, -41464.0)
(836, 187.19928097724915, -718107.6206896552, -41464.0)
(837, 187.5871992111206, -718107.6206896552, -41464.0)
(838, 187.97470617294312, -718107.6206896552, -41464.0)
(839, 188.37848114967346, -718107.6206896552, -41464.0)
(840, 188.76754021644592, -718107.6206896552, -41464.0)
(841, 189.15403366088867, -718107.6206896552, -41464.0)
(842, 189.54307746887207, -718107.6206896552, -41464.0)
(843, 189.91674971580505, -718107.6206896552, -41464.0)
(844, 190.28021430969238, -718107.6206896552, -41464.0)
(845, 190.64402985572815, -718107.6206896552, -41464.0)
(846, 191.0326488018036, -718107.6206896552, -41464.0)
(847, 191.42724609375, -718107.6206896552, -41464.0)
(848, 191.8044102191925, -718107.6206896552, -41464.0)
(849, 192.18860244750977, -718107.6206896552, -41464.0)
(850, 192.6003360748291, -718107.6206896552, -41464.0)
(851, 193.01228785514832, -718107.6206896552, -41464.0)
(852, 193.398451089859, -718107.6206896552, -41464.0)
(853, 193.78232789039612, -718107.6206896552, -41464.0)
(854, 194.18029856681824, -718107.6206896552, -41464.0)
(855, 194.5630247592926, -718107.6206896552, -41464.0)
(856, 194.9667432308197, -718107.6206896552, -41464.0)
(857, 195.34649062156677, -718107.6206896552, -41464.0)
(858, 195.7405297756195, -718107.6206896552, -41464.0)
(859, 196.13006901741028, -718107.6206896552, -41464.0)
(860, 196.51733779907227, -718107.6206896552, -41464.0)
(861, 196.9164571762085, -718107.6206896552, -41464.0)
(862, 197.3092246055603, -718107.6206896552, -41464.0)
(863, 197.69657945632935, -718107.6206896552, -41464.0)
(864, 198.10638070106506, -718107.6206896552, -41464.0)
(865, 198.5231397151947, -718107.6206896552, -41464.0)
(866, 198.899986743927, -718107.6206896552, -41464.0)
(867, 199.30852484703064, -718107.6206896552, -41464.0)
(868, 199.7082498073578, -718107.6206896552, -41464.0)
(869, 200.1054608821869, -718107.6206896552, -41464.0)
(870, 200.50872159004211, -718107.6206896552, -41464.0)
(871, 200.9093132019043, -718107.6206896552, -41464.0)
(872, 201.33877754211426, -661980.0344827586, -41464.0)
(873, 201.76064157485962, -661980.0344827586, -41464.0)
(874, 202.19543719291687, -661980.0344827586, -41464.0)
(875, 202.63539719581604, -661980.0344827586, -41464.0)
(876, 203.0783360004425, -661980.0344827586, -41464.0)
(877, 203.48954248428345, -661980.0344827586, -41464.0)
(878, 203.9297318458557, -661980.0344827586, -41464.0)
(879, 204.34424114227295, -661980.0344827586, -41464.0)
(880, 204.7558469772339, -661980.0344827586, -41464.0)
(881, 205.1620683670044, -661980.0344827586, -41464.0)
(882, 205.58495807647705, -661980.0344827586, -41464.0)
(883, 206.01340556144714, -661980.0344827586, -41464.0)
(884, 206.44870519638062, -661980.0344827586, -41464.0)
(885, 206.88514018058777, -661980.0344827586, -41464.0)
(886, 207.38585782051086, -661980.0344827586, -41464.0)
(887, 207.83165311813354, -661980.0344827586, -41464.0)
(888, 208.33726239204407, -661980.0344827586, -41464.0)
(889, 208.74113368988037, -661980.0344827586, -41464.0)
(890, 209.16010212898254, -661980.0344827586, -41464.0)
(891, 209.60637760162354, -661980.0344827586, -41464.0)
(892, 210.00213027000427, -661980.0344827586, -41464.0)
(893, 210.45143747329712, -661980.0344827586, -41464.0)
(894, 210.9270215034485, -661980.0344827586, -41464.0)
(895, 211.34966921806335, -661980.0344827586, -41464.0)
(896, 211.81986927986145, -661980.0344827586, -41464.0)
(897, 212.2534418106079, -661980.0344827586, -41464.0)
(898, 212.6745309829712, -661980.0344827586, -41464.0)
(899, 213.08231854438782, -661980.0344827586, -41464.0)
(900, 213.51290202140808, -661980.0344827586, -41464.0)
(901, 214.04445433616638, -661980.0344827586, -41464.0)
(902, 214.4660255908966, -661980.0344827586, -41464.0)
(903, 214.8640637397766, -661980.0344827586, -41464.0)
(904, 215.2621669769287, -661980.0344827586, -41464.0)
(905, 215.66121220588684, -661980.0344827586, -41464.0)
(906, 216.0516757965088, -661980.0344827586, -41464.0)
(907, 216.43903732299805, -661980.0344827586, -41464.0)
(908, 216.8235569000244, -661980.0344827586, -41464.0)
(909, 217.2195544242859, -661980.0344827586, -41464.0)
(910, 217.64814400672913, -661980.0344827586, -41464.0)
(911, 218.05888962745667, -661980.0344827586, -41464.0)
(912, 218.47651958465576, -661980.0344827586, -41464.0)
(913, 218.8743290901184, -661980.0344827586, -41464.0)
(914, 219.28361892700195, -661980.0344827586, -41464.0)
(915, 219.69271755218506, -661980.0344827586, -41464.0)
(916, 220.1067066192627, -661980.0344827586, -41464.0)
(917, 220.50638151168823, -661980.0344827586, -41464.0)
(918, 220.91158437728882, -661980.0344827586, -41464.0)
(919, 221.3095943927765, -661980.0344827586, -41464.0)
(920, 221.70698189735413, -661980.0344827586, -41464.0)
(921, 222.121479511261, -661980.0344827586, -41464.0)
(922, 222.55037450790405, -661980.0344827586, -41464.0)
(923, 222.94957065582275, -661980.0344827586, -41464.0)
(924, 223.39299654960632, -661980.0344827586, -41464.0)
(925, 223.82322549819946, -661980.0344827586, -41464.0)
(926, 224.2272765636444, -661980.0344827586, -41464.0)
(927, 224.6393506526947, -661980.0344827586, -41464.0)
(928, 225.04227828979492, -661980.0344827586, -41464.0)
(929, 225.4597361087799, -661980.0344827586, -41464.0)
(930, 225.87799453735352, -661980.0344827586, -41464.0)
(931, 226.27599167823792, -661980.0344827586, -41464.0)
(932, 226.67227983474731, -661980.0344827586, -41464.0)
(933, 227.07560181617737, -661980.0344827586, -41464.0)
(934, 227.4734525680542, -661980.0344827586, -41464.0)
(935, 227.88481068611145, -661980.0344827586, -41464.0)
(936, 228.2978389263153, -661980.0344827586, -41464.0)
(937, 228.70660662651062, -661980.0344827586, -41464.0)
(938, 229.15204548835754, -661980.0344827586, -41464.0)
(939, 229.58991026878357, -661980.0344827586, -41464.0)
(940, 230.02639532089233, -661980.0344827586, -41464.0)
(941, 230.44673204421997, -661980.0344827586, -41464.0)
(942, 230.85377383232117, -661980.0344827586, -41464.0)
(943, 231.28637218475342, -661980.0344827586, -41464.0)
(944, 231.69918751716614, -661980.0344827586, -41464.0)
(945, 232.11090803146362, -661980.0344827586, -41464.0)
(946, 232.5461926460266, -661980.0344827586, -41464.0)
(947, 232.96330642700195, -661980.0344827586, -41464.0)
(948, 233.3724799156189, -661980.0344827586, -41464.0)
(949, 233.81331610679626, -661980.0344827586, -41464.0)
(950, 234.2474513053894, -661980.0344827586, -41464.0)
(951, 234.67754292488098, -661980.0344827586, -41464.0)
(952, 235.0963020324707, -661980.0344827586, -41464.0)
(953, 235.50378704071045, -661980.0344827586, -41464.0)
(954, 235.90605759620667, -661980.0344827586, -41464.0)
(955, 236.36259508132935, -661980.0344827586, -41464.0)
(956, 236.78260493278503, -661980.0344827586, -41464.0)
(957, 237.19128155708313, -661980.0344827586, -41464.0)
(958, 237.63592410087585, -661980.0344827586, -41464.0)
(959, 238.06164693832397, -661980.0344827586, -41464.0)
(960, 238.48258876800537, -661980.0344827586, -41464.0)
(961, 238.91078972816467, -661980.0344827586, -41464.0)
(962, 239.3532657623291, -661980.0344827586, -41464.0)
(963, 239.77785992622375, -661980.0344827586, -41464.0)
(964, 240.17981123924255, -661980.0344827586, -41464.0)
(965, 240.63848757743835, -661980.0344827586, -41464.0)
(966, 241.1110339164734, -661980.0344827586, -41464.0)
(967, 241.57782530784607, -661980.0344827586, -41464.0)
(968, 242.00132131576538, -661980.0344827586, -41464.0)
(969, 242.42191243171692, -661980.0344827586, -41464.0)
(970, 242.84113264083862, -661980.0344827586, -41464.0)
(971, 243.26070642471313, -661980.0344827586, -41464.0)
(972, 243.6883749961853, -661980.0344827586, -41464.0)
(973, 244.12714982032776, -661980.0344827586, -41464.0)
(974, 244.5440056324005, -661980.0344827586, -41464.0)
(975, 244.95665860176086, -661980.0344827586, -41464.0)
(976, 245.36421179771423, -661980.0344827586, -41464.0)
(977, 245.81530952453613, -661980.0344827586, -41464.0)
(978, 246.27507662773132, -661980.0344827586, -41464.0)
(979, 246.6997709274292, -661980.0344827586, -41464.0)
(980, 247.1633596420288, -661980.0344827586, -41464.0)
(981, 247.5979688167572, -661980.0344827586, -41464.0)
(982, 248.01451444625854, -661980.0344827586, -41464.0)
(983, 248.44065642356873, -661980.0344827586, -41464.0)
(984, 248.86953568458557, -661980.0344827586, -41464.0)
(985, 249.28268098831177, -661980.0344827586, -41464.0)
(986, 249.71282839775085, -661980.0344827586, -41464.0)
(987, 250.12332582473755, -661980.0344827586, -41464.0)
(988, 250.57837533950806, -661980.0344827586, -41464.0)
(989, 251.01970028877258, -661980.0344827586, -41464.0)
(990, 251.45673847198486, -661980.0344827586, -41464.0)
(991, 251.87965965270996, -661980.0344827586, -41464.0)
(992, 252.29557991027832, -661980.0344827586, -41464.0)
(993, 252.74988293647766, -661980.0344827586, -41464.0)
(994, 253.1832995414734, -661980.0344827586, -41464.0)
(995, 253.60421895980835, -661980.0344827586, -41464.0)
(996, 254.07329297065735, -661980.0344827586, -41464.0)
(997, 254.51616311073303, -661980.0344827586, -41464.0)
(998, 254.98234248161316, -661980.0344827586, -41464.0)
(999, 255.46491813659668, -661980.0344827586, -41464.0)
(1000, 255.9248993396759, -661980.0344827586, -41464.0)
