(1, 0.03423428535461426, -213846.0, -23225.0)
(2, 0.06941366195678711, -119093.8336625926, -23225.0)
(3, 0.10942792892456055, -100529.29752318012, -23225.0)
(4, 0.1561288833618164, -79092.6411639786, -23225.0)
(5, 0.214097261428833, -60700.60272169697, -23225.0)
(6, 0.282426118850708, -48620.07203155799, -23225.0)
(7, 0.34329938888549805, -44139.235246407545, -23225.0)
(8, 0.410921573638916, -38787.18883166235, -29933.436893203885)
(9, 0.4934065341949463, -34062.17284417113, -29981.42484803064)
(10, 0.5899519920349121, -32843.41690621275, -30003.598239809427)
(11, 0.6927897930145264, -31559.53365042191, -30052.942559566185)
(12, 0.8108036518096924, -30928.98500257453, -30087.749497932396)
(13, 0.9392125606536865, -30490.37964357792, -30117.510697533464)
(14, 1.079726219177246, -30297.345998334033, -30136.121412970173)
(15, 1.2276759147644043, -30224.727572685217, -30142.28035692641)
(16, 1.3876302242279053, -30208.137733337848, -30150.079844172462)
(17, 1.5518877506256104, -30182.766430626492, -30152.44858112544)
(18, 1.715421438217163, -30165.676865361867, -30154.382904116104)
(19, 1.8926095962524414, -30158.740304012503, -30155.181444116457)
(20, 2.0511910915374756, -30158.740304012503, -30155.389189906193)
(21, 2.2257280349731445, -30156.72552562793, -30155.759096418155)
(22, 2.3821377754211426, -30156.057862872563, -30155.77172169163)
(23, 2.537994623184204, -30155.94549550183, -30155.771721691654)
(24, 2.68982195854187, -30155.836809036286, -30155.79022912264)
(25, 2.8455262184143066, -30155.804203096697, -30155.790229122642)
(26, 3.0020859241485596, -30155.794421314946, -30155.790229122646)
