(1, 0.13073325157165527, -835307.0, -47215.0)
(2, 0.2554183006286621, -835307.0, -47215.0)
(3, 0.37941575050354004, -835307.0, -47215.0)
(4, 0.5034728050231934, -835307.0, -47215.0)
(5, 0.6273910999298096, -835307.0, -47215.0)
(6, 0.7508394718170166, -835307.0, -47215.0)
(7, 0.8743433952331543, -835307.0, -47215.0)
(8, 0.9976558685302734, -835307.0, -47215.0)
(9, 1.1220135688781738, -835307.0, -47215.0)
(10, 1.245896577835083, -835307.0, -47215.0)
(11, 1.3705320358276367, -835307.0, -47215.0)
(12, 1.494987964630127, -835307.0, -47215.0)
(13, 1.6193771362304688, -835307.0, -47215.0)
(14, 1.7436792850494385, -835307.0, -47215.0)
(15, 1.8658385276794434, -835307.0, -47215.0)
(16, 1.9926376342773438, -835307.0, -47215.0)
(17, 2.1186656951904297, -835307.0, -47215.0)
(18, 2.244097948074341, -835307.0, -47215.0)
(19, 2.370237112045288, -835307.0, -47215.0)
(20, 2.4963886737823486, -835307.0, -47215.0)
(21, 2.623972177505493, -835307.0, -47215.0)
(22, 2.750676393508911, -835307.0, -47215.0)
(23, 2.877951145172119, -835307.0, -47215.0)
(24, 3.005108594894409, -835307.0, -47215.0)
(25, 3.1320338249206543, -835307.0, -47215.0)
(26, 3.2596583366394043, -835307.0, -47215.0)
(27, 3.388124465942383, -835307.0, -47215.0)
(28, 3.5149266719818115, -835307.0, -47215.0)
(29, 3.640789031982422, -835307.0, -47215.0)
(30, 3.7686822414398193, -835307.0, -47215.0)
(31, 3.895268678665161, -835307.0, -47215.0)
(32, 4.02410364151001, -835307.0, -47215.0)
(33, 4.150901794433594, -835307.0, -47215.0)
(34, 4.278112173080444, -835307.0, -47215.0)
(35, 4.4092488288879395, -835307.0, -47215.0)
(36, 4.541311502456665, -835307.0, -47215.0)
(37, 4.671973943710327, -835307.0, -47215.0)
(38, 4.8021228313446045, -835307.0, -47215.0)
(39, 4.933775186538696, -835307.0, -47215.0)
(40, 5.06471061706543, -835307.0, -47215.0)
(41, 5.196379899978638, -835307.0, -47215.0)
(42, 5.328028678894043, -835307.0, -47215.0)
(43, 5.460089445114136, -835307.0, -47215.0)
(44, 5.591900110244751, -835307.0, -47215.0)
(45, 5.723971128463745, -835307.0, -47215.0)
(46, 5.856881380081177, -835307.0, -47215.0)
(47, 5.990282773971558, -835307.0, -47215.0)
(48, 6.124180555343628, -835307.0, -47215.0)
(49, 6.257301568984985, -835307.0, -47215.0)
(50, 6.3898608684539795, -835307.0, -47215.0)
(51, 6.522215843200684, -835307.0, -47215.0)
(52, 6.655112266540527, -835307.0, -47215.0)
(53, 6.7869250774383545, -835307.0, -47215.0)
(54, 6.920444965362549, -835307.0, -47215.0)
(55, 7.057432413101196, -835307.0, -47215.0)
(56, 7.200514316558838, -835307.0, -47215.0)
(57, 7.335343360900879, -835307.0, -47215.0)
(58, 7.468918085098267, -835307.0, -47215.0)
(59, 7.604079961776733, -835307.0, -47215.0)
(60, 7.738924026489258, -835307.0, -47215.0)
(61, 7.874297618865967, -809865.0810810811, -47215.0)
(62, 8.024148225784302, -809865.0810810811, -47215.0)
(63, 8.163642168045044, -809865.0810810811, -47215.0)
(64, 8.302673578262329, -809865.0810810811, -47215.0)
(65, 8.44215703010559, -809865.0810810811, -47215.0)
(66, 8.580302000045776, -809865.0810810811, -47215.0)
(67, 8.718257427215576, -809865.0810810811, -47215.0)
(68, 8.856425046920776, -809865.0810810811, -47215.0)
(69, 8.997344017028809, -809865.0810810811, -47215.0)
(70, 9.13866114616394, -809865.0810810811, -47215.0)
(71, 9.28039264678955, -809865.0810810811, -47215.0)
(72, 9.422044515609741, -809865.0810810811, -47215.0)
(73, 9.56382942199707, -809865.0810810811, -47215.0)
(74, 9.70396637916565, -809865.0810810811, -47215.0)
(75, 9.845935106277466, -809865.0810810811, -47215.0)
(76, 9.988648414611816, -809865.0810810811, -47215.0)
(77, 10.132832527160645, -809865.0810810811, -47215.0)
(78, 10.276824712753296, -809865.0810810811, -47215.0)
(79, 10.419235229492188, -809865.0810810811, -47215.0)
(80, 10.561391592025757, -809865.0810810811, -47215.0)
(81, 10.704720973968506, -809865.0810810811, -47215.0)
(82, 10.849026203155518, -809865.0810810811, -47215.0)
(83, 10.992841243743896, -809865.0810810811, -47215.0)
(84, 11.13559865951538, -809865.0810810811, -47215.0)
(85, 11.283061981201172, -809865.0810810811, -47215.0)
(86, 11.432398080825806, -809865.0810810811, -47215.0)
(87, 11.582518815994263, -809865.0810810811, -47215.0)
(88, 11.729929447174072, -809865.0810810811, -47215.0)
(89, 11.87904977798462, -809865.0810810811, -47215.0)
(90, 12.02822208404541, -809865.0810810811, -47215.0)
(91, 12.175868034362793, -809865.0810810811, -47215.0)
(92, 12.328889846801758, -809865.0810810811, -47215.0)
(93, 12.482839107513428, -809865.0810810811, -47215.0)
(94, 12.633293867111206, -809865.0810810811, -47215.0)
(95, 12.780975818634033, -809865.0810810811, -47215.0)
(96, 12.932599067687988, -809865.0810810811, -47215.0)
(97, 13.078867435455322, -809865.0810810811, -47215.0)
(98, 13.231537580490112, -809865.0810810811, -47215.0)
(99, 13.388797044754028, -809865.0810810811, -47215.0)
(100, 13.54097032546997, -809865.0810810811, -47215.0)
(101, 13.689155101776123, -809865.0810810811, -47215.0)
(102, 13.841079711914062, -809865.0810810811, -47215.0)
(103, 13.999318361282349, -809865.0810810811, -47215.0)
(104, 14.155383586883545, -809865.0810810811, -47215.0)
(105, 14.309756755828857, -809865.0810810811, -47215.0)
(106, 14.46638011932373, -809865.0810810811, -47215.0)
(107, 14.623460292816162, -809865.0810810811, -47215.0)
(108, 14.778395175933838, -809865.0810810811, -47215.0)
(109, 14.938451051712036, -809865.0810810811, -47215.0)
(110, 15.095608949661255, -809865.0810810811, -47215.0)
(111, 15.250039100646973, -809865.0810810811, -47215.0)
(112, 15.404589176177979, -809865.0810810811, -47215.0)
(113, 15.559057712554932, -750778.4615384615, -47215.0)
(114, 15.71204948425293, -750778.4615384615, -47215.0)
(115, 15.862297296524048, -750778.4615384615, -47215.0)
(116, 16.01139235496521, -750778.4615384615, -47215.0)
(117, 16.160922527313232, -750778.4615384615, -47215.0)
(118, 16.31195306777954, -750778.4615384615, -47215.0)
(119, 16.46420454978943, -750778.4615384615, -47215.0)
(120, 16.617850065231323, -750778.4615384615, -47215.0)
(121, 16.769492149353027, -750778.4615384615, -47215.0)
(122, 16.920875549316406, -750778.4615384615, -47215.0)
(123, 17.07621955871582, -750778.4615384615, -47215.0)
(124, 17.256237983703613, -750778.4615384615, -47215.0)
(125, 17.412518739700317, -750778.4615384615, -47215.0)
(126, 17.567039251327515, -750778.4615384615, -47215.0)
(127, 17.72166681289673, -750778.4615384615, -47215.0)
(128, 17.875099897384644, -750778.4615384615, -47215.0)
(129, 18.030165672302246, -750778.4615384615, -47215.0)
(130, 18.18339705467224, -750778.4615384615, -47215.0)
(131, 18.341289043426514, -750778.4615384615, -47215.0)
(132, 18.500144958496094, -750778.4615384615, -47215.0)
(133, 18.65923047065735, -750778.4615384615, -47215.0)
(134, 18.81661343574524, -750778.4615384615, -47215.0)
(135, 18.973381757736206, -750778.4615384615, -47215.0)
(136, 19.132710933685303, -750778.4615384615, -47215.0)
(137, 19.29150128364563, -750778.4615384615, -47215.0)
(138, 19.449723958969116, -750778.4615384615, -47215.0)
(139, 19.607563495635986, -750778.4615384615, -47215.0)
(140, 19.764857292175293, -750778.4615384615, -47215.0)
(141, 19.92011857032776, -750778.4615384615, -47215.0)
(142, 20.07718825340271, -750778.4615384615, -47215.0)
(143, 20.235201597213745, -750778.4615384615, -47215.0)
(144, 20.39300298690796, -750778.4615384615, -47215.0)
(145, 20.557814598083496, -750778.4615384615, -47215.0)
(146, 20.721455812454224, -750778.4615384615, -47215.0)
(147, 20.884778022766113, -750778.4615384615, -47215.0)
(148, 21.047556400299072, -750778.4615384615, -47215.0)
(149, 21.208157300949097, -750778.4615384615, -47215.0)
(150, 21.3677339553833, -750778.4615384615, -47215.0)
(151, 21.527647972106934, -750778.4615384615, -47215.0)
(152, 21.689839839935303, -750778.4615384615, -47215.0)
(153, 21.847933053970337, -750778.4615384615, -47215.0)
(154, 22.009616136550903, -750778.4615384615, -47215.0)
(155, 22.17611002922058, -750778.4615384615, -47215.0)
(156, 22.337315559387207, -750778.4615384615, -47215.0)
(157, 22.500924587249756, -750778.4615384615, -47215.0)
(158, 22.668179512023926, -750778.4615384615, -47215.0)
(159, 22.830952167510986, -750778.4615384615, -47215.0)
(160, 22.994519472122192, -750778.4615384615, -47215.0)
(161, 23.159955501556396, -750778.4615384615, -47215.0)
(162, 23.322768449783325, -750778.4615384615, -47215.0)
(163, 23.489019632339478, -750778.4615384615, -47215.0)
(164, 23.657771348953247, -750778.4615384615, -47215.0)
(165, 23.83118200302124, -750778.4615384615, -47215.0)
(166, 24.000646352767944, -750778.4615384615, -47215.0)
(167, 24.172536373138428, -750778.4615384615, -47215.0)
(168, 24.34451174736023, -750778.4615384615, -47215.0)
(169, 24.516775608062744, -750778.4615384615, -47215.0)
(170, 24.688024044036865, -750778.4615384615, -47215.0)
(171, 24.8559467792511, -750778.4615384615, -47215.0)
(172, 25.026509284973145, -750778.4615384615, -47215.0)
(173, 25.199188232421875, -750778.4615384615, -47215.0)
(174, 25.366652488708496, -750778.4615384615, -47215.0)
(175, 25.537049293518066, -750778.4615384615, -47215.0)
(176, 25.70802927017212, -750778.4615384615, -47215.0)
(177, 25.883203744888306, -750778.4615384615, -47215.0)
(178, 26.052528142929077, -750778.4615384615, -47215.0)
(179, 26.22750496864319, -750778.4615384615, -47215.0)
(180, 26.405946016311646, -750778.4615384615, -47215.0)
(181, 26.580681085586548, -723516.2352941176, -47215.0)
(182, 26.768313884735107, -723516.2352941176, -47215.0)
(183, 26.949304819107056, -723516.2352941176, -47215.0)
(184, 27.130069971084595, -723516.2352941176, -47215.0)
(185, 27.307619094848633, -723516.2352941176, -47215.0)
(186, 27.485933303833008, -723516.2352941176, -47215.0)
(187, 27.66113543510437, -723516.2352941176, -47215.0)
(188, 27.83962106704712, -723516.2352941176, -47215.0)
(189, 28.01700496673584, -723516.2352941176, -47215.0)
(190, 28.193004608154297, -723516.2352941176, -47215.0)
(191, 28.369813442230225, -723516.2352941176, -47215.0)
(192, 28.54887104034424, -723516.2352941176, -47215.0)
(193, 28.72785258293152, -723516.2352941176, -47215.0)
(194, 28.905701160430908, -723516.2352941176, -47215.0)
(195, 29.080899953842163, -723516.2352941176, -47215.0)
(196, 29.257157564163208, -723516.2352941176, -47215.0)
(197, 29.437636613845825, -723516.2352941176, -47215.0)
(198, 29.61764121055603, -723516.2352941176, -47215.0)
(199, 29.805901288986206, -723516.2352941176, -47215.0)
(200, 29.988250970840454, -723516.2352941176, -47215.0)
(201, 30.173240661621094, -723516.2352941176, -47215.0)
(202, 30.36181926727295, -723516.2352941176, -47215.0)
(203, 30.54315686225891, -723516.2352941176, -47215.0)
(204, 30.727773427963257, -723516.2352941176, -47215.0)
(205, 30.91200089454651, -723516.2352941176, -47215.0)
(206, 31.094566106796265, -723516.2352941176, -47215.0)
(207, 31.280374765396118, -723516.2352941176, -47215.0)
(208, 31.469970703125, -723516.2352941176, -47215.0)
(209, 31.652864456176758, -723516.2352941176, -47215.0)
(210, 31.833232879638672, -723516.2352941176, -47215.0)
(211, 32.01857137680054, -723516.2352941176, -47215.0)
(212, 32.203826904296875, -723516.2352941176, -47215.0)
(213, 32.38722586631775, -723516.2352941176, -47215.0)
(214, 32.56765127182007, -723516.2352941176, -47215.0)
(215, 32.759899854660034, -723516.2352941176, -47215.0)
(216, 32.944822549819946, -723516.2352941176, -47215.0)
(217, 33.132620096206665, -723516.2352941176, -47215.0)
(218, 33.32302403450012, -723516.2352941176, -47215.0)
(219, 33.51389002799988, -723516.2352941176, -47215.0)
(220, 33.70193290710449, -723516.2352941176, -47215.0)
(221, 33.88970375061035, -723516.2352941176, -47215.0)
(222, 34.075116872787476, -723516.2352941176, -47215.0)
(223, 34.26972484588623, -723516.2352941176, -47215.0)
(224, 34.45819115638733, -723516.2352941176, -47215.0)
(225, 34.643067598342896, -723516.2352941176, -47215.0)
(226, 34.831754207611084, -723516.2352941176, -47215.0)
(227, 35.02529430389404, -723516.2352941176, -47215.0)
(228, 35.2209894657135, -723516.2352941176, -47215.0)
(229, 35.41380739212036, -723516.2352941176, -47215.0)
(230, 35.61031937599182, -723516.2352941176, -47215.0)
(231, 35.8038489818573, -723516.2352941176, -47215.0)
(232, 35.99732947349548, -723516.2352941176, -47215.0)
(233, 36.19113874435425, -723516.2352941176, -47215.0)
(234, 36.38824224472046, -723516.2352941176, -47215.0)
(235, 36.58817481994629, -723516.2352941176, -47215.0)
(236, 36.78380465507507, -723516.2352941176, -47215.0)
(237, 36.978206634521484, -723516.2352941176, -47215.0)
(238, 37.189871072769165, -716396.8846153845, -47215.0)
(239, 37.4332799911499, -716396.8846153845, -47215.0)
(240, 37.63755512237549, -716396.8846153845, -47215.0)
(241, 37.84590172767639, -716396.8846153845, -47215.0)
(242, 38.05579137802124, -716396.8846153845, -47215.0)
(243, 38.27711486816406, -716396.8846153845, -47215.0)
(244, 38.48632502555847, -716396.8846153845, -47215.0)
(245, 38.69067430496216, -716396.8846153845, -47215.0)
(246, 38.92203068733215, -716396.8846153845, -47215.0)
(247, 39.1366548538208, -716396.8846153845, -47215.0)
(248, 39.34843587875366, -716396.8846153845, -47215.0)
(249, 39.554266929626465, -716396.8846153845, -47215.0)
(250, 39.76954436302185, -716396.8846153845, -47215.0)
(251, 39.9739727973938, -716396.8846153845, -47215.0)
(252, 40.182191610336304, -716396.8846153845, -47215.0)
(253, 40.40705633163452, -716396.8846153845, -47215.0)
(254, 40.613256216049194, -716396.8846153845, -47215.0)
(255, 40.859209299087524, -716396.8846153845, -47215.0)
(256, 41.07187485694885, -716396.8846153845, -47215.0)
(257, 41.29172325134277, -716396.8846153845, -47215.0)
(258, 41.514389991760254, -716396.8846153845, -47215.0)
(259, 41.72715735435486, -716396.8846153845, -47215.0)
(260, 41.94435000419617, -716396.8846153845, -47215.0)
(261, 42.151124000549316, -716396.8846153845, -47215.0)
(262, 42.359617710113525, -716396.8846153845, -47215.0)
(263, 42.56362724304199, -716396.8846153845, -47215.0)
(264, 42.76541018486023, -716396.8846153845, -47215.0)
(265, 42.966620445251465, -716396.8846153845, -47215.0)
(266, 43.242297649383545, -716396.8846153845, -47215.0)
(267, 43.47214341163635, -716396.8846153845, -47215.0)
(268, 43.70595717430115, -716396.8846153845, -47215.0)
(269, 43.940027952194214, -716396.8846153845, -47215.0)
(270, 44.18328261375427, -716396.8846153845, -47215.0)
(271, 44.39367151260376, -716396.8846153845, -47215.0)
(272, 44.62661957740784, -716396.8846153845, -47215.0)
(273, 44.85871481895447, -716396.8846153845, -47215.0)
(274, 45.10121488571167, -716396.8846153845, -47215.0)
(275, 45.36606740951538, -716396.8846153845, -47215.0)
(276, 45.592933177948, -716396.8846153845, -47215.0)
(277, 45.83943462371826, -716396.8846153845, -47215.0)
(278, 46.064697265625, -716396.8846153845, -47215.0)
(279, 46.303043842315674, -716396.8846153845, -47215.0)
(280, 46.53529620170593, -716396.8846153845, -47215.0)
(281, 46.765519857406616, -716396.8846153845, -47215.0)
(282, 46.994258403778076, -716396.8846153845, -47215.0)
(283, 47.25835061073303, -716396.8846153845, -47215.0)
(284, 47.48164987564087, -716396.8846153845, -47215.0)
(285, 47.69333505630493, -716396.8846153845, -47215.0)
(286, 47.92077565193176, -716396.8846153845, -47215.0)
(287, 48.18886399269104, -716396.8846153845, -47215.0)
(288, 48.4255747795105, -716396.8846153845, -47215.0)
(289, 48.6523072719574, -716396.8846153845, -47215.0)
(290, 48.873958110809326, -716396.8846153845, -47215.0)
(291, 49.08481812477112, -716396.8846153845, -47215.0)
(292, 49.29504942893982, -716396.8846153845, -47215.0)
(293, 49.506566524505615, -716396.8846153845, -47215.0)
(294, 49.71261954307556, -716396.8846153845, -47215.0)
(295, 49.91558909416199, -716396.8846153845, -47215.0)
(296, 50.12089920043945, -716396.8846153845, -47215.0)
(297, 50.337087869644165, -716396.8846153845, -47215.0)
(298, 50.55684018135071, -716396.8846153845, -47215.0)
(299, 50.76838040351868, -716396.8846153845, -47215.0)
(300, 50.983147621154785, -716396.8846153845, -47215.0)
(301, 51.20651364326477, -716396.8846153845, -47215.0)
(302, 51.42370629310608, -716396.8846153845, -47215.0)
(303, 51.63125538825989, -716396.8846153845, -47215.0)
(304, 51.84279656410217, -716396.8846153845, -47215.0)
(305, 52.05622386932373, -716396.8846153845, -47215.0)
(306, 52.2673397064209, -716396.8846153845, -47215.0)
(307, 52.475093364715576, -716396.8846153845, -47215.0)
(308, 52.69130730628967, -716396.8846153845, -47215.0)
(309, 52.94354557991028, -716396.8846153845, -47215.0)
(310, 53.156041383743286, -716396.8846153845, -47215.0)
(311, 53.42034578323364, -716396.8846153845, -47215.0)
(312, 53.649290800094604, -716396.8846153845, -47215.0)
(313, 53.933812856674194, -716396.8846153845, -47215.0)
(314, 54.168835163116455, -716396.8846153845, -47215.0)
(315, 54.38837146759033, -716396.8846153845, -47215.0)
(316, 54.624632358551025, -716396.8846153845, -47215.0)
(317, 54.854159116744995, -716396.8846153845, -47215.0)
(318, 55.07824683189392, -716396.8846153845, -47215.0)
(319, 55.30557870864868, -716396.8846153845, -47215.0)
(320, 55.53040266036987, -716396.8846153845, -47215.0)
(321, 55.75224471092224, -716396.8846153845, -47215.0)
(322, 55.97072124481201, -716396.8846153845, -47215.0)
(323, 56.181442975997925, -716396.8846153845, -47215.0)
(324, 56.40198874473572, -716396.8846153845, -47215.0)
(325, 56.6408851146698, -716396.8846153845, -47215.0)
(326, 56.87659502029419, -716396.8846153845, -47215.0)
(327, 57.10027527809143, -716396.8846153845, -47215.0)
(328, 57.336913108825684, -716396.8846153845, -47215.0)
(329, 57.557063579559326, -716396.8846153845, -47215.0)
(330, 57.79967021942139, -716396.8846153845, -47215.0)
(331, 58.05278015136719, -716396.8846153845, -47215.0)
(332, 58.28906607627869, -716396.8846153845, -47215.0)
(333, 58.52010989189148, -716396.8846153845, -47215.0)
(334, 58.7500479221344, -716396.8846153845, -47215.0)
(335, 58.98690938949585, -716396.8846153845, -47215.0)
(336, 59.22135019302368, -716396.8846153845, -47215.0)
(337, 59.447787284851074, -716396.8846153845, -47215.0)
(338, 59.68225646018982, -716396.8846153845, -47215.0)
(339, 59.90248465538025, -716396.8846153845, -47215.0)
(340, 60.127750635147095, -716396.8846153845, -47215.0)
(341, 60.36408066749573, -716396.8846153845, -47215.0)
(342, 60.584858894348145, -716396.8846153845, -47215.0)
(343, 60.8233208656311, -716396.8846153845, -47215.0)
(344, 61.06167030334473, -716396.8846153845, -47215.0)
(345, 61.29923057556152, -716396.8846153845, -47215.0)
(346, 61.522995710372925, -716396.8846153845, -47215.0)
(347, 61.74445724487305, -716396.8846153845, -47215.0)
(348, 61.98072671890259, -716396.8846153845, -47215.0)
(349, 62.217548847198486, -716396.8846153845, -47215.0)
(350, 62.44545078277588, -716396.8846153845, -47215.0)
(351, 62.67489457130432, -716396.8846153845, -47215.0)
(352, 62.916186809539795, -716396.8846153845, -47215.0)
(353, 63.149027585983276, -716396.8846153845, -47215.0)
(354, 63.389967918395996, -716396.8846153845, -47215.0)
(355, 63.65167164802551, -716396.8846153845, -47215.0)
(356, 63.87764620780945, -716396.8846153845, -47215.0)
(357, 64.11164140701294, -716396.8846153845, -47215.0)
(358, 64.35825419425964, -716396.8846153845, -47215.0)
(359, 64.618896484375, -716396.8846153845, -47215.0)
(360, 64.85971069335938, -716396.8846153845, -47215.0)
(361, 65.09194111824036, -716396.8846153845, -47215.0)
(362, 65.32872915267944, -716396.8846153845, -47215.0)
(363, 65.56344270706177, -716396.8846153845, -47215.0)
(364, 65.81115865707397, -716396.8846153845, -47215.0)
(365, 66.03932690620422, -716396.8846153845, -47215.0)
(366, 66.29223608970642, -716396.8846153845, -47215.0)
(367, 66.5422146320343, -716396.8846153845, -47215.0)
(368, 66.79153752326965, -716396.8846153845, -47215.0)
(369, 67.05009698867798, -716396.8846153845, -47215.0)
(370, 67.29851722717285, -716396.8846153845, -47215.0)
(371, 67.5359742641449, -716396.8846153845, -47215.0)
(372, 67.77955913543701, -716396.8846153845, -47215.0)
(373, 68.01929974555969, -716396.8846153845, -47215.0)
(374, 68.27426099777222, -716396.8846153845, -47215.0)
(375, 68.51507759094238, -716396.8846153845, -47215.0)
(376, 68.75845503807068, -716396.8846153845, -47215.0)
(377, 69.01179337501526, -716396.8846153845, -47215.0)
(378, 69.25796031951904, -716396.8846153845, -47215.0)
(379, 69.53170800209045, -716396.8846153845, -47215.0)
(380, 69.77933740615845, -716396.8846153845, -47215.0)
(381, 70.05500888824463, -716396.8846153845, -47215.0)
(382, 70.31821036338806, -716396.8846153845, -47215.0)
(383, 70.5825629234314, -716396.8846153845, -47215.0)
(384, 70.85352158546448, -716396.8846153845, -47215.0)
(385, 71.11584568023682, -716396.8846153845, -47215.0)
(386, 71.36780023574829, -716396.8846153845, -47215.0)
(387, 71.62279033660889, -716396.8846153845, -47215.0)
(388, 71.87188935279846, -716396.8846153845, -47215.0)
(389, 72.11335635185242, -716396.8846153845, -47215.0)
(390, 72.37060379981995, -716396.8846153845, -47215.0)
(391, 72.61195540428162, -716396.8846153845, -47215.0)
(392, 72.84792137145996, -716396.8846153845, -47215.0)
(393, 73.09934329986572, -716396.8846153845, -47215.0)
(394, 73.34122943878174, -716396.8846153845, -47215.0)
(395, 73.58150911331177, -716396.8846153845, -47215.0)
(396, 73.84250831604004, -716396.8846153845, -47215.0)
(397, 74.1075131893158, -716396.8846153845, -47215.0)
(398, 74.36884021759033, -716396.8846153845, -47215.0)
(399, 74.6424617767334, -716396.8846153845, -47215.0)
(400, 74.90238404273987, -716396.8846153845, -47215.0)
(401, 75.16971254348755, -716396.8846153845, -47215.0)
(402, 75.49882507324219, -716396.8846153845, -47215.0)
(403, 75.84615159034729, -716396.8846153845, -47215.0)
(404, 76.13931059837341, -716396.8846153845, -47215.0)
(405, 76.44898986816406, -716396.8846153845, -47215.0)
(406, 76.77707552909851, -716396.8846153845, -47215.0)
(407, 77.08670711517334, -716396.8846153845, -47215.0)
(408, 77.40827107429504, -716396.8846153845, -47215.0)
(409, 77.6992871761322, -716396.8846153845, -47215.0)
(410, 78.02786636352539, -716396.8846153845, -47215.0)
(411, 78.3620092868805, -716396.8846153845, -47215.0)
(412, 78.71615219116211, -716396.8846153845, -47215.0)
(413, 79.03801846504211, -716396.8846153845, -47215.0)
(414, 79.38639879226685, -716396.8846153845, -47215.0)
(415, 79.65943384170532, -716396.8846153845, -47215.0)
(416, 79.96324586868286, -716396.8846153845, -47215.0)
(417, 80.2955846786499, -716396.8846153845, -47215.0)
(418, 80.58814144134521, -716396.8846153845, -47215.0)
(419, 80.84952878952026, -716396.8846153845, -47215.0)
(420, 81.12189817428589, -716396.8846153845, -47215.0)
(421, 81.39639329910278, -716396.8846153845, -47215.0)
(422, 81.67854952812195, -716396.8846153845, -47215.0)
(423, 81.96720433235168, -716396.8846153845, -47215.0)
(424, 82.25637888908386, -716396.8846153845, -47215.0)
(425, 82.51483464241028, -716396.8846153845, -47215.0)
(426, 82.8447892665863, -716396.8846153845, -47215.0)
(427, 83.16462397575378, -716396.8846153845, -47215.0)
(428, 83.50086402893066, -716396.8846153845, -47215.0)
(429, 83.82661533355713, -716396.8846153845, -47215.0)
(430, 84.13282585144043, -716396.8846153845, -47215.0)
(431, 84.59539771080017, -716396.8846153845, -47215.0)
(432, 84.91736245155334, -716396.8846153845, -47215.0)
(433, 85.26067161560059, -716396.8846153845, -47215.0)
(434, 85.5633704662323, -716396.8846153845, -47215.0)
(435, 85.85450291633606, -716396.8846153845, -47215.0)
(436, 86.26768779754639, -716396.8846153845, -47215.0)
(437, 86.61996746063232, -716396.8846153845, -47215.0)
(438, 86.90416836738586, -716396.8846153845, -47215.0)
(439, 87.18589448928833, -716396.8846153845, -47215.0)
(440, 87.46847939491272, -716396.8846153845, -47215.0)
(441, 87.74353528022766, -716396.8846153845, -47215.0)
(442, 88.01289105415344, -716396.8846153845, -47215.0)
(443, 88.27955055236816, -716396.8846153845, -47215.0)
(444, 88.5515832901001, -716396.8846153845, -47215.0)
(445, 88.83467078208923, -716396.8846153845, -47215.0)
(446, 89.11200308799744, -716396.8846153845, -47215.0)
(447, 89.3908109664917, -716396.8846153845, -47215.0)
(448, 89.66432213783264, -716396.8846153845, -47215.0)
(449, 89.95626616477966, -716396.8846153845, -47215.0)
(450, 90.23404288291931, -716396.8846153845, -47215.0)
(451, 90.52124571800232, -716396.8846153845, -47215.0)
(452, 90.81584763526917, -716396.8846153845, -47215.0)
(453, 91.11988234519958, -716396.8846153845, -47215.0)
(454, 91.39555788040161, -716396.8846153845, -47215.0)
(455, 91.6786801815033, -716396.8846153845, -47215.0)
(456, 91.97058367729187, -716396.8846153845, -47215.0)
(457, 92.25622701644897, -716396.8846153845, -47215.0)
(458, 92.54707741737366, -716396.8846153845, -47215.0)
(459, 92.81278705596924, -586482.2051282051, -47215.0)
(460, 93.08294105529785, -586482.2051282051, -47215.0)
(461, 93.33731412887573, -586482.2051282051, -47215.0)
(462, 93.59263062477112, -586482.2051282051, -47215.0)
(463, 93.85038590431213, -586482.2051282051, -47215.0)
(464, 94.10738968849182, -586482.2051282051, -47215.0)
(465, 94.36315870285034, -586482.2051282051, -47215.0)
(466, 94.62704730033875, -586482.2051282051, -47215.0)
(467, 94.89000916481018, -586482.2051282051, -47215.0)
(468, 95.14968538284302, -586482.2051282051, -47215.0)
(469, 95.40689015388489, -586482.2051282051, -47215.0)
(470, 95.67074584960938, -586482.2051282051, -47215.0)
(471, 95.94092106819153, -586482.2051282051, -47215.0)
(472, 96.20250844955444, -586482.2051282051, -47215.0)
(473, 96.46199059486389, -586482.2051282051, -47215.0)
(474, 96.73155307769775, -586482.2051282051, -47215.0)
(475, 97.00221657752991, -586482.2051282051, -47215.0)
(476, 97.27019715309143, -586482.2051282051, -47215.0)
(477, 97.54022216796875, -586482.2051282051, -47215.0)
(478, 97.80438590049744, -586482.2051282051, -47215.0)
(479, 98.06497597694397, -586482.2051282051, -47215.0)
(480, 98.33362674713135, -586482.2051282051, -47215.0)
(481, 98.62077760696411, -586482.2051282051, -47215.0)
(482, 98.89115476608276, -586482.2051282051, -47215.0)
(483, 99.1640613079071, -586482.2051282051, -47215.0)
(484, 99.43498086929321, -586482.2051282051, -47215.0)
(485, 99.70744705200195, -586482.2051282051, -47215.0)
(486, 99.98110508918762, -586482.2051282051, -47215.0)
(487, 100.25760436058044, -586482.2051282051, -47215.0)
(488, 100.5287754535675, -586482.2051282051, -47215.0)
(489, 100.80249285697937, -586482.2051282051, -47215.0)
(490, 101.07143878936768, -586482.2051282051, -47215.0)
(491, 101.35447835922241, -586482.2051282051, -47215.0)
(492, 101.62605166435242, -586482.2051282051, -47215.0)
(493, 101.90200328826904, -586482.2051282051, -47215.0)
(494, 102.16894578933716, -586482.2051282051, -47215.0)
(495, 102.44905996322632, -586482.2051282051, -47215.0)
(496, 102.73671913146973, -586482.2051282051, -47215.0)
(497, 103.01844573020935, -586482.2051282051, -47215.0)
(498, 103.30205130577087, -586482.2051282051, -47215.0)
(499, 103.59175682067871, -586482.2051282051, -47215.0)
(500, 103.86931204795837, -586482.2051282051, -47215.0)
(501, 104.19319701194763, -586482.2051282051, -47215.0)
(502, 104.49124121665955, -586482.2051282051, -47215.0)
(503, 104.76650881767273, -586482.2051282051, -47215.0)
(504, 105.05595564842224, -586482.2051282051, -47215.0)
(505, 105.33428120613098, -586482.2051282051, -47215.0)
(506, 105.6150975227356, -586482.2051282051, -47215.0)
(507, 105.92694973945618, -586482.2051282051, -47215.0)
(508, 106.21747207641602, -586482.2051282051, -47215.0)
(509, 106.493567943573, -586482.2051282051, -47215.0)
(510, 106.78076171875, -586482.2051282051, -47215.0)
(511, 107.06812024116516, -586482.2051282051, -47215.0)
(512, 107.36203217506409, -586482.2051282051, -47215.0)
(513, 107.63657760620117, -586482.2051282051, -47215.0)
(514, 107.92628026008606, -586482.2051282051, -47215.0)
(515, 108.21986961364746, -586482.2051282051, -47215.0)
(516, 108.53111815452576, -586482.2051282051, -47215.0)
(517, 108.83024883270264, -586482.2051282051, -47215.0)
(518, 109.12853765487671, -586482.2051282051, -47215.0)
(519, 109.4129650592804, -586482.2051282051, -47215.0)
(520, 109.69213461875916, -586482.2051282051, -47215.0)
(521, 109.9877622127533, -586482.2051282051, -47215.0)
(522, 110.27671074867249, -586482.2051282051, -47215.0)
(523, 110.57118797302246, -586482.2051282051, -47215.0)
(524, 110.85863399505615, -586482.2051282051, -47215.0)
(525, 111.15017223358154, -586482.2051282051, -47215.0)
(526, 111.4641010761261, -586482.2051282051, -47215.0)
(527, 111.78238415718079, -586482.2051282051, -47215.0)
(528, 112.09868359565735, -586482.2051282051, -47215.0)
(529, 112.40890550613403, -586482.2051282051, -47215.0)
(530, 112.69998049736023, -586482.2051282051, -47215.0)
(531, 113.01571798324585, -586482.2051282051, -47215.0)
(532, 113.32605457305908, -586482.2051282051, -47215.0)
(533, 113.62181448936462, -586482.2051282051, -47215.0)
(534, 113.9373710155487, -586482.2051282051, -47215.0)
(535, 114.23368763923645, -586482.2051282051, -47215.0)
(536, 114.51412868499756, -586482.2051282051, -47215.0)
(537, 114.79651069641113, -586482.2051282051, -47215.0)
(538, 115.07897329330444, -586482.2051282051, -47215.0)
(539, 115.36506295204163, -586482.2051282051, -47215.0)
(540, 115.65039539337158, -586482.2051282051, -47215.0)
(541, 115.94762682914734, -586482.2051282051, -47215.0)
(542, 116.24472856521606, -586482.2051282051, -47215.0)
(543, 116.53369975090027, -586482.2051282051, -47215.0)
(544, 116.82866740226746, -586482.2051282051, -47215.0)
(545, 117.11508560180664, -586482.2051282051, -47215.0)
(546, 117.42611002922058, -586482.2051282051, -47215.0)
(547, 117.7284345626831, -586482.2051282051, -47215.0)
(548, 118.01791453361511, -586482.2051282051, -47215.0)
(549, 118.308100938797, -586482.2051282051, -47215.0)
(550, 118.62732696533203, -586482.2051282051, -47215.0)
(551, 118.93128895759583, -586482.2051282051, -47215.0)
(552, 119.2329626083374, -586482.2051282051, -47215.0)
(553, 119.53833675384521, -586482.2051282051, -47215.0)
(554, 119.86101412773132, -586482.2051282051, -47215.0)
(555, 120.16200995445251, -586482.2051282051, -47215.0)
(556, 120.46021437644958, -586482.2051282051, -47215.0)
(557, 120.77510070800781, -586482.2051282051, -47215.0)
(558, 121.09720826148987, -586482.2051282051, -47215.0)
(559, 121.44880437850952, -586482.2051282051, -47215.0)
(560, 121.76728844642639, -586482.2051282051, -47215.0)
(561, 122.06260204315186, -586482.2051282051, -47215.0)
(562, 122.36705899238586, -586482.2051282051, -47215.0)
(563, 122.67011857032776, -586482.2051282051, -47215.0)
(564, 122.96872091293335, -586482.2051282051, -47215.0)
(565, 123.29572629928589, -586482.2051282051, -47215.0)
(566, 123.60590553283691, -586482.2051282051, -47215.0)
(567, 123.9095733165741, -586482.2051282051, -47215.0)
(568, 124.20947933197021, -586482.2051282051, -47215.0)
(569, 124.5177595615387, -586482.2051282051, -47215.0)
(570, 124.82811880111694, -586482.2051282051, -47215.0)
(571, 125.14517784118652, -586482.2051282051, -47215.0)
(572, 125.45326066017151, -586482.2051282051, -47215.0)
(573, 125.76911401748657, -586482.2051282051, -47215.0)
(574, 126.0805675983429, -586482.2051282051, -47215.0)
(575, 126.38778495788574, -586482.2051282051, -47215.0)
(576, 126.68440508842468, -586482.2051282051, -47215.0)
(577, 126.9901716709137, -586482.2051282051, -47215.0)
(578, 127.29157996177673, -586482.2051282051, -47215.0)
(579, 127.61089849472046, -586482.2051282051, -47215.0)
(580, 127.92082023620605, -586482.2051282051, -47215.0)
(581, 128.26442289352417, -586482.2051282051, -47215.0)
(582, 128.602454662323, -586482.2051282051, -47215.0)
(583, 128.93378329277039, -586482.2051282051, -47215.0)
(584, 129.2530858516693, -586482.2051282051, -47215.0)
(585, 129.57602071762085, -586482.2051282051, -47215.0)
(586, 129.91127634048462, -586482.2051282051, -47215.0)
(587, 130.24103498458862, -586482.2051282051, -47215.0)
(588, 130.58042860031128, -586482.2051282051, -47215.0)
(589, 130.89866495132446, -586482.2051282051, -47215.0)
(590, 131.22340488433838, -586482.2051282051, -47215.0)
(591, 131.6005735397339, -586482.2051282051, -47215.0)
(592, 131.92583799362183, -586482.2051282051, -47215.0)
(593, 132.2291874885559, -586482.2051282051, -47215.0)
(594, 132.55110836029053, -586482.2051282051, -47215.0)
(595, 132.8604769706726, -586482.2051282051, -47215.0)
(596, 133.17651629447937, -586482.2051282051, -47215.0)
(597, 133.4948365688324, -586482.2051282051, -47215.0)
(598, 133.81375193595886, -586482.2051282051, -47215.0)
(599, 134.13462853431702, -586482.2051282051, -47215.0)
(600, 134.45105123519897, -586482.2051282051, -47215.0)
(601, 134.76781725883484, -586482.2051282051, -47215.0)
(602, 135.09911561012268, -586482.2051282051, -47215.0)
(603, 135.42078685760498, -586482.2051282051, -47215.0)
(604, 135.7539346218109, -586482.2051282051, -47215.0)
(605, 136.08446717262268, -586482.2051282051, -47215.0)
(606, 136.40975522994995, -586482.2051282051, -47215.0)
(607, 136.7266833782196, -586482.2051282051, -47215.0)
(608, 137.04239344596863, -586482.2051282051, -47215.0)
(609, 137.37364840507507, -586482.2051282051, -47215.0)
(610, 137.68784046173096, -586482.2051282051, -47215.0)
(611, 138.01587748527527, -586482.2051282051, -47215.0)
(612, 138.33399653434753, -586482.2051282051, -47215.0)
(613, 138.65790629386902, -586482.2051282051, -47215.0)
(614, 138.98528027534485, -586482.2051282051, -47215.0)
(615, 139.31282353401184, -586482.2051282051, -47215.0)
(616, 139.64839243888855, -586482.2051282051, -47215.0)
(617, 139.98182582855225, -586482.2051282051, -47215.0)
(618, 140.2976894378662, -586482.2051282051, -47215.0)
(619, 140.63797736167908, -586482.2051282051, -47215.0)
(620, 140.9657187461853, -586482.2051282051, -47215.0)
(621, 141.28253841400146, -586482.2051282051, -47215.0)
(622, 141.60784077644348, -586482.2051282051, -47215.0)
(623, 141.93157649040222, -586482.2051282051, -47215.0)
(624, 142.2554657459259, -586482.2051282051, -47215.0)
(625, 142.59191989898682, -586482.2051282051, -47215.0)
(626, 142.9455337524414, -586482.2051282051, -47215.0)
(627, 143.3068389892578, -586482.2051282051, -47215.0)
(628, 143.6416733264923, -586482.2051282051, -47215.0)
(629, 143.96995568275452, -586482.2051282051, -47215.0)
(630, 144.31638741493225, -586482.2051282051, -47215.0)
(631, 144.6670582294464, -586482.2051282051, -47215.0)
(632, 144.9955575466156, -586482.2051282051, -47215.0)
(633, 145.3354091644287, -586482.2051282051, -47215.0)
(634, 145.65810918807983, -586482.2051282051, -47215.0)
(635, 145.99942755699158, -586482.2051282051, -47215.0)
(636, 146.3406503200531, -586482.2051282051, -47215.0)
(637, 146.68313097953796, -586482.2051282051, -47215.0)
(638, 147.03110694885254, -586482.2051282051, -47215.0)
(639, 147.3718295097351, -586482.2051282051, -47215.0)
(640, 147.73823976516724, -586482.2051282051, -47215.0)
(641, 148.08864569664001, -586482.2051282051, -47215.0)
(642, 148.4385209083557, -586482.2051282051, -47215.0)
(643, 148.77420783042908, -586482.2051282051, -47215.0)
(644, 149.16436910629272, -586482.2051282051, -47215.0)
(645, 149.53696608543396, -586482.2051282051, -47215.0)
(646, 149.8960099220276, -586482.2051282051, -47215.0)
(647, 150.23669981956482, -586482.2051282051, -47215.0)
(648, 150.58333826065063, -586482.2051282051, -47215.0)
(649, 150.93108820915222, -586482.2051282051, -47215.0)
(650, 151.2667214870453, -586482.2051282051, -47215.0)
(651, 151.61131763458252, -586482.2051282051, -47215.0)
(652, 151.94571924209595, -586482.2051282051, -47215.0)
(653, 152.2985987663269, -586482.2051282051, -47215.0)
(654, 152.6409387588501, -586482.2051282051, -47215.0)
(655, 153.00455808639526, -586482.2051282051, -47215.0)
(656, 153.3531370162964, -586482.2051282051, -47215.0)
(657, 153.72603940963745, -586482.2051282051, -47215.0)
(658, 154.07765984535217, -586482.2051282051, -47215.0)
(659, 154.4329433441162, -586482.2051282051, -47215.0)
(660, 154.77741861343384, -586482.2051282051, -47215.0)
(661, 155.13389563560486, -586482.2051282051, -47215.0)
(662, 155.50189328193665, -586482.2051282051, -47215.0)
(663, 155.887464761734, -586482.2051282051, -47215.0)
(664, 156.26376700401306, -586482.2051282051, -47215.0)
(665, 156.63085222244263, -586482.2051282051, -47215.0)
(666, 157.0049111843109, -586482.2051282051, -47215.0)
(667, 157.39478707313538, -586482.2051282051, -47215.0)
(668, 157.7730679512024, -586482.2051282051, -47215.0)
(669, 158.18263459205627, -586482.2051282051, -47215.0)
(670, 158.58921766281128, -586482.2051282051, -47215.0)
(671, 158.96759700775146, -586482.2051282051, -47215.0)
(672, 159.34551072120667, -586482.2051282051, -47215.0)
(673, 159.7200984954834, -586482.2051282051, -47215.0)
(674, 160.0871603488922, -586482.2051282051, -47215.0)
(675, 160.45983219146729, -586482.2051282051, -47215.0)
(676, 160.82736349105835, -586482.2051282051, -47215.0)
(677, 161.1971471309662, -586482.2051282051, -47215.0)
(678, 161.57701444625854, -586482.2051282051, -47215.0)
(679, 161.94381594657898, -586482.2051282051, -47215.0)
(680, 162.313134431839, -586482.2051282051, -47215.0)
(681, 162.67796206474304, -586482.2051282051, -47215.0)
(682, 163.05923128128052, -586482.2051282051, -47215.0)
(683, 163.4331340789795, -586482.2051282051, -47215.0)
(684, 163.81330823898315, -586482.2051282051, -47215.0)
(685, 164.22342205047607, -586482.2051282051, -47215.0)
(686, 164.60987210273743, -586482.2051282051, -47215.0)
(687, 164.97735214233398, -586482.2051282051, -47215.0)
(688, 165.33995532989502, -586482.2051282051, -47215.0)
(689, 165.77547669410706, -586482.2051282051, -47215.0)
(690, 166.15485334396362, -586482.2051282051, -47215.0)
(691, 166.52631044387817, -586482.2051282051, -47215.0)
(692, 166.91005969047546, -586482.2051282051, -47215.0)
(693, 167.28228640556335, -586482.2051282051, -47215.0)
(694, 167.6489827632904, -586482.2051282051, -47215.0)
(695, 168.00159215927124, -586482.2051282051, -47215.0)
(696, 168.38192892074585, -586482.2051282051, -47215.0)
(697, 168.77922654151917, -586482.2051282051, -47215.0)
(698, 169.14041543006897, -586482.2051282051, -47215.0)
(699, 169.549706697464, -586482.2051282051, -47215.0)
(700, 169.96116256713867, -586482.2051282051, -47215.0)
(701, 170.34303736686707, -586482.2051282051, -47215.0)
(702, 170.74942088127136, -586482.2051282051, -47215.0)
(703, 171.1314513683319, -586482.2051282051, -47215.0)
(704, 171.51304697990417, -586482.2051282051, -47215.0)
(705, 171.91438698768616, -586482.2051282051, -47215.0)
(706, 172.27436757087708, -586482.2051282051, -47215.0)
(707, 172.67384910583496, -586482.2051282051, -47215.0)
(708, 173.0487163066864, -586482.2051282051, -47215.0)
(709, 173.45718717575073, -586482.2051282051, -47215.0)
(710, 173.86643290519714, -586482.2051282051, -47215.0)
(711, 174.233784198761, -586482.2051282051, -47215.0)
(712, 174.676677942276, -586482.2051282051, -47215.0)
(713, 175.0984399318695, -586482.2051282051, -47215.0)
(714, 175.49008870124817, -586482.2051282051, -47215.0)
(715, 175.8892047405243, -586482.2051282051, -47215.0)
(716, 176.2915437221527, -586482.2051282051, -47215.0)
(717, 176.6864368915558, -586482.2051282051, -47215.0)
(718, 177.06787633895874, -586482.2051282051, -47215.0)
(719, 177.44937801361084, -586482.2051282051, -47215.0)
(720, 177.84780263900757, -586482.2051282051, -47215.0)
(721, 178.21580743789673, -586482.2051282051, -47215.0)
(722, 178.62165427207947, -586482.2051282051, -47215.0)
(723, 179.01548218727112, -586482.2051282051, -47215.0)
(724, 179.4046277999878, -586482.2051282051, -47215.0)
(725, 179.79356217384338, -586482.2051282051, -47215.0)
(726, 180.17188692092896, -586482.2051282051, -47215.0)
(727, 180.59915494918823, -586482.2051282051, -47215.0)
(728, 181.01013731956482, -586482.2051282051, -47215.0)
(729, 181.41632080078125, -586482.2051282051, -47215.0)
(730, 181.80707144737244, -586482.2051282051, -47215.0)
(731, 182.1840751171112, -586482.2051282051, -47215.0)
(732, 182.58018326759338, -586482.2051282051, -47215.0)
(733, 182.9631416797638, -586482.2051282051, -47215.0)
(734, 183.35939621925354, -586482.2051282051, -47215.0)
(735, 183.74661087989807, -586482.2051282051, -47215.0)
(736, 184.13042378425598, -586482.2051282051, -47215.0)
(737, 184.5219168663025, -586482.2051282051, -47215.0)
(738, 184.92402911186218, -586482.2051282051, -47215.0)
(739, 185.31107234954834, -586482.2051282051, -47215.0)
(740, 185.69541716575623, -586482.2051282051, -47215.0)
(741, 186.10630536079407, -586482.2051282051, -47215.0)
(742, 186.55935621261597, -586482.2051282051, -47215.0)
(743, 186.95153713226318, -586482.2051282051, -47215.0)
(744, 187.3715922832489, -586482.2051282051, -47215.0)
(745, 187.7768542766571, -586482.2051282051, -47215.0)
(746, 188.19621324539185, -586482.2051282051, -47215.0)
(747, 188.59073328971863, -586482.2051282051, -47215.0)
(748, 188.99062585830688, -586482.2051282051, -47215.0)
(749, 189.40579223632812, -586482.2051282051, -47215.0)
(750, 189.78675079345703, -586482.2051282051, -47215.0)
(751, 190.1815733909607, -586482.2051282051, -47215.0)
(752, 190.5852723121643, -586482.2051282051, -47215.0)
(753, 190.9628391265869, -586482.2051282051, -47215.0)
(754, 191.41766166687012, -586482.2051282051, -47215.0)
(755, 191.81951022148132, -586482.2051282051, -47215.0)
(756, 192.24649310112, -586482.2051282051, -47215.0)
(757, 192.67823243141174, -586482.2051282051, -47215.0)
(758, 193.132737159729, -586482.2051282051, -47215.0)
(759, 193.57330679893494, -586482.2051282051, -47215.0)
(760, 193.97632551193237, -586482.2051282051, -47215.0)
(761, 194.37929129600525, -586482.2051282051, -47215.0)
(762, 194.8018877506256, -586482.2051282051, -47215.0)
(763, 195.21629524230957, -586482.2051282051, -47215.0)
(764, 195.60733819007874, -586482.2051282051, -47215.0)
(765, 195.98999404907227, -586482.2051282051, -47215.0)
(766, 196.40393090248108, -586482.2051282051, -47215.0)
(767, 196.80316305160522, -586482.2051282051, -47215.0)
(768, 197.19155430793762, -586482.2051282051, -47215.0)
(769, 197.59769749641418, -586482.2051282051, -47215.0)
(770, 198.03599500656128, -586482.2051282051, -47215.0)
(771, 198.4444968700409, -586482.2051282051, -47215.0)
(772, 198.88016176223755, -586482.2051282051, -47215.0)
(773, 199.29368042945862, -586482.2051282051, -47215.0)
(774, 199.69238185882568, -586482.2051282051, -47215.0)
(775, 200.10103225708008, -586482.2051282051, -47215.0)
(776, 200.51886677742004, -586482.2051282051, -47215.0)
(777, 200.94095993041992, -586482.2051282051, -47215.0)
(778, 201.3371844291687, -586482.2051282051, -47215.0)
(779, 201.73337650299072, -586482.2051282051, -47215.0)
(780, 202.13306713104248, -586482.2051282051, -47215.0)
(781, 202.51872062683105, -586482.2051282051, -47215.0)
(782, 202.9585416316986, -586482.2051282051, -47215.0)
(783, 203.3641676902771, -586482.2051282051, -47215.0)
(784, 203.81028127670288, -586482.2051282051, -47215.0)
(785, 204.19519805908203, -586482.2051282051, -47215.0)
(786, 204.6953411102295, -586482.2051282051, -47215.0)
(787, 205.122807264328, -586482.2051282051, -47215.0)
(788, 205.56043601036072, -586482.2051282051, -47215.0)
(789, 205.97437596321106, -586482.2051282051, -47215.0)
(790, 206.36913657188416, -586482.2051282051, -47215.0)
(791, 206.8009626865387, -586482.2051282051, -47215.0)
(792, 207.22576069831848, -586482.2051282051, -47215.0)
(793, 207.6384150981903, -586482.2051282051, -47215.0)
(794, 208.05503964424133, -586482.2051282051, -47215.0)
(795, 208.44884300231934, -586482.2051282051, -47215.0)
(796, 208.8593246936798, -586482.2051282051, -47215.0)
(797, 209.27037739753723, -586482.2051282051, -47215.0)
(798, 209.66541743278503, -586482.2051282051, -47215.0)
(799, 210.08397245407104, -586482.2051282051, -47215.0)
(800, 210.5043284893036, -586482.2051282051, -47215.0)
(801, 210.94069004058838, -586482.2051282051, -47215.0)
(802, 211.36301445960999, -586482.2051282051, -47215.0)
(803, 211.75720191001892, -586482.2051282051, -47215.0)
(804, 212.15669894218445, -586482.2051282051, -47215.0)
(805, 212.56884503364563, -586482.2051282051, -47215.0)
(806, 212.97934317588806, -586482.2051282051, -47215.0)
(807, 213.37722778320312, -586482.2051282051, -47215.0)
(808, 213.7950255870819, -586482.2051282051, -47215.0)
(809, 214.21555161476135, -586482.2051282051, -47215.0)
(810, 214.60676169395447, -586482.2051282051, -47215.0)
(811, 215.0346748828888, -586482.2051282051, -47215.0)
(812, 215.52431511878967, -586482.2051282051, -47215.0)
(813, 215.955904006958, -586482.2051282051, -47215.0)
(814, 216.4092185497284, -586482.2051282051, -47215.0)
(815, 216.82981610298157, -586482.2051282051, -47215.0)
(816, 217.24464058876038, -586482.2051282051, -47215.0)
(817, 217.66995286941528, -586482.2051282051, -47215.0)
(818, 218.09379887580872, -586482.2051282051, -47215.0)
(819, 218.47696995735168, -586482.2051282051, -47215.0)
(820, 218.8855049610138, -586482.2051282051, -47215.0)
(821, 219.2845208644867, -586482.2051282051, -47215.0)
(822, 219.6890151500702, -586482.2051282051, -47215.0)
(823, 220.10200715065002, -586482.2051282051, -47215.0)
(824, 220.5205841064453, -586482.2051282051, -47215.0)
(825, 220.92619824409485, -586482.2051282051, -47215.0)
(826, 221.36473321914673, -586482.2051282051, -47215.0)
(827, 221.7869358062744, -586482.2051282051, -47215.0)
(828, 222.20689177513123, -586482.2051282051, -47215.0)
(829, 222.6300675868988, -586482.2051282051, -47215.0)
(830, 223.05968379974365, -586482.2051282051, -47215.0)
(831, 223.46731615066528, -586482.2051282051, -47215.0)
(832, 223.88118195533752, -586482.2051282051, -47215.0)
(833, 224.2966685295105, -586482.2051282051, -47215.0)
(834, 224.70081496238708, -586482.2051282051, -47215.0)
(835, 225.11081457138062, -586482.2051282051, -47215.0)
(836, 225.5195701122284, -586482.2051282051, -47215.0)
(837, 225.93303775787354, -586482.2051282051, -47215.0)
(838, 226.34814476966858, -586482.2051282051, -47215.0)
(839, 226.76800155639648, -586482.2051282051, -47215.0)
(840, 227.17820024490356, -586482.2051282051, -47215.0)
(841, 227.5981330871582, -586482.2051282051, -47215.0)
(842, 228.0046260356903, -586482.2051282051, -47215.0)
(843, 228.40679740905762, -586482.2051282051, -47215.0)
(844, 228.82480716705322, -586482.2051282051, -47215.0)
(845, 229.25656867027283, -586482.2051282051, -47215.0)
(846, 229.66923117637634, -586482.2051282051, -47215.0)
(847, 230.10902380943298, -586482.2051282051, -47215.0)
(848, 230.56881976127625, -586482.2051282051, -47215.0)
(849, 231.00006413459778, -586482.2051282051, -47215.0)
(850, 231.426824092865, -586482.2051282051, -47215.0)
(851, 231.8494164943695, -586482.2051282051, -47215.0)
(852, 232.26455163955688, -586482.2051282051, -47215.0)
(853, 232.76248025894165, -586482.2051282051, -47215.0)
(854, 233.23381233215332, -586482.2051282051, -47215.0)
(855, 233.69502425193787, -586482.2051282051, -47215.0)
(856, 234.1064043045044, -586482.2051282051, -47215.0)
(857, 234.53767275810242, -586482.2051282051, -47215.0)
(858, 234.98260283470154, -586482.2051282051, -47215.0)
(859, 235.40960359573364, -586482.2051282051, -47215.0)
(860, 235.85825634002686, -586482.2051282051, -47215.0)
(861, 236.274156332016, -586482.2051282051, -47215.0)
(862, 236.69368624687195, -586482.2051282051, -47215.0)
(863, 237.12803840637207, -586482.2051282051, -47215.0)
(864, 237.55948734283447, -586482.2051282051, -47215.0)
(865, 237.98268961906433, -586482.2051282051, -47215.0)
(866, 238.4282522201538, -586482.2051282051, -47215.0)
(867, 238.90578722953796, -586482.2051282051, -47215.0)
(868, 239.33197259902954, -586482.2051282051, -47215.0)
(869, 239.7683937549591, -586482.2051282051, -47215.0)
(870, 240.22933197021484, -586482.2051282051, -47215.0)
(871, 240.6806252002716, -586482.2051282051, -47215.0)
(872, 241.133540391922, -586482.2051282051, -47215.0)
(873, 241.5534553527832, -586482.2051282051, -47215.0)
(874, 242.0074417591095, -586482.2051282051, -47215.0)
(875, 242.45646834373474, -586482.2051282051, -47215.0)
(876, 242.92251586914062, -586482.2051282051, -47215.0)
(877, 243.36693811416626, -586482.2051282051, -47215.0)
(878, 243.8024444580078, -586482.2051282051, -47215.0)
(879, 244.28707647323608, -586482.2051282051, -47215.0)
(880, 244.76712775230408, -586482.2051282051, -47215.0)
(881, 245.2398293018341, -586482.2051282051, -47215.0)
(882, 245.68724274635315, -586482.2051282051, -47215.0)
(883, 246.1488881111145, -586482.2051282051, -47215.0)
(884, 246.60709404945374, -586482.2051282051, -47215.0)
(885, 247.0794813632965, -586482.2051282051, -47215.0)
(886, 247.53800106048584, -586482.2051282051, -47215.0)
(887, 247.99213027954102, -586482.2051282051, -47215.0)
(888, 248.43106937408447, -586482.2051282051, -47215.0)
(889, 248.87298941612244, -586482.2051282051, -47215.0)
(890, 249.30406665802002, -586482.2051282051, -47215.0)
(891, 249.75611519813538, -586482.2051282051, -47215.0)
(892, 250.2011113166809, -586482.2051282051, -47215.0)
(893, 250.67605423927307, -586482.2051282051, -47215.0)
(894, 251.13743901252747, -586482.2051282051, -47215.0)
(895, 251.57633996009827, -586482.2051282051, -47215.0)
(896, 252.03853011131287, -586482.2051282051, -47215.0)
(897, 252.49897980690002, -586482.2051282051, -47215.0)
(898, 252.95363426208496, -586482.2051282051, -47215.0)
(899, 253.39237761497498, -586482.2051282051, -47215.0)
(900, 253.83556532859802, -586482.2051282051, -47215.0)
(901, 254.28011631965637, -586482.2051282051, -47215.0)
(902, 254.76683449745178, -586482.2051282051, -47215.0)
(903, 255.20612812042236, -586482.2051282051, -47215.0)
(904, 255.72040677070618, -586482.2051282051, -47215.0)
(905, 256.19741106033325, -586482.2051282051, -47215.0)
(906, 256.6461217403412, -586482.2051282051, -47215.0)
(907, 257.1804311275482, -586482.2051282051, -47215.0)
(908, 257.66013646125793, -586482.2051282051, -47215.0)
(909, 258.1410508155823, -586482.2051282051, -47215.0)
(910, 258.6062581539154, -586482.2051282051, -47215.0)
(911, 259.08518743515015, -586482.2051282051, -47215.0)
(912, 259.54206705093384, -586482.2051282051, -47215.0)
(913, 260.02340292930603, -586482.2051282051, -47215.0)
(914, 260.5017638206482, -586482.2051282051, -47215.0)
(915, 260.96021485328674, -586482.2051282051, -47215.0)
(916, 261.42024326324463, -586482.2051282051, -47215.0)
(917, 261.8990104198456, -586482.2051282051, -47215.0)
(918, 262.3637001514435, -586482.2051282051, -47215.0)
(919, 262.8702778816223, -586482.2051282051, -47215.0)
(920, 263.33019733428955, -586482.2051282051, -47215.0)
(921, 263.7675886154175, -586482.2051282051, -47215.0)
(922, 264.19426131248474, -586482.2051282051, -47215.0)
(923, 264.6740107536316, -586482.2051282051, -47215.0)
(924, 265.12483072280884, -586482.2051282051, -47215.0)
(925, 265.5913932323456, -586482.2051282051, -47215.0)
(926, 266.0537791252136, -586482.2051282051, -47215.0)
(927, 266.49676275253296, -586482.2051282051, -47215.0)
(928, 266.9773995876312, -586482.2051282051, -47215.0)
(929, 267.42990493774414, -586482.2051282051, -47215.0)
(930, 267.882443189621, -586482.2051282051, -47215.0)
(931, 268.34236216545105, -586482.2051282051, -47215.0)
(932, 268.79812812805176, -586482.2051282051, -47215.0)
(933, 269.2435164451599, -586482.2051282051, -47215.0)
(934, 269.7046627998352, -586482.2051282051, -47215.0)
(935, 270.18809485435486, -586482.2051282051, -47215.0)
(936, 270.7015907764435, -586482.2051282051, -47215.0)
(937, 271.1744477748871, -586482.2051282051, -47215.0)
(938, 271.6586890220642, -586482.2051282051, -47215.0)
(939, 272.15342903137207, -586482.2051282051, -47215.0)
(940, 272.6490797996521, -586482.2051282051, -47215.0)
(941, 273.1484384536743, -586482.2051282051, -47215.0)
(942, 273.6414794921875, -586482.2051282051, -47215.0)
(943, 274.1184051036835, -586482.2051282051, -47215.0)
(944, 274.59377574920654, -586482.2051282051, -47215.0)
(945, 275.1120226383209, -586482.2051282051, -47215.0)
(946, 275.61760234832764, -586482.2051282051, -47215.0)
(947, 276.0912661552429, -586482.2051282051, -47215.0)
(948, 276.66258335113525, -586482.2051282051, -47215.0)
(949, 277.1842555999756, -586482.2051282051, -47215.0)
(950, 277.6988728046417, -586482.2051282051, -47215.0)
(951, 278.2041027545929, -586482.2051282051, -47215.0)
(952, 278.68688011169434, -586482.2051282051, -47215.0)
(953, 279.13254594802856, -586482.2051282051, -47215.0)
(954, 279.6220180988312, -586482.2051282051, -47215.0)
(955, 280.11301016807556, -586482.2051282051, -47215.0)
(956, 280.5893895626068, -586482.2051282051, -47215.0)
(957, 281.10364389419556, -586482.2051282051, -47215.0)
(958, 281.58945083618164, -586482.2051282051, -47215.0)
(959, 282.0800869464874, -586482.2051282051, -47215.0)
(960, 282.5700316429138, -586482.2051282051, -47215.0)
(961, 283.06511306762695, -586482.2051282051, -47215.0)
(962, 283.55439257621765, -586482.2051282051, -47215.0)
(963, 284.12371802330017, -586482.2051282051, -47215.0)
(964, 284.6598575115204, -586482.2051282051, -47215.0)
(965, 285.2436945438385, -586482.2051282051, -47215.0)
(966, 285.76643443107605, -586482.2051282051, -47215.0)
(967, 286.2806134223938, -586482.2051282051, -47215.0)
(968, 286.80578541755676, -586482.2051282051, -47215.0)
(969, 287.3060336112976, -586482.2051282051, -47215.0)
(970, 287.80688095092773, -586482.2051282051, -47215.0)
(971, 288.29672145843506, -586482.2051282051, -47215.0)
(972, 288.83524107933044, -586482.2051282051, -47215.0)
(973, 289.31398725509644, -586482.2051282051, -47215.0)
(974, 289.82730317115784, -586482.2051282051, -47215.0)
(975, 290.31592559814453, -586482.2051282051, -47215.0)
(976, 290.81231904029846, -586482.2051282051, -47215.0)
(977, 291.328248500824, -586482.2051282051, -47215.0)
(978, 291.79790353775024, -586482.2051282051, -47215.0)
(979, 292.2810523509979, -586482.2051282051, -47215.0)
(980, 292.79909801483154, -586482.2051282051, -47215.0)
(981, 293.302588224411, -586482.2051282051, -47215.0)
(982, 293.8158292770386, -586482.2051282051, -47215.0)
(983, 294.3266296386719, -586482.2051282051, -47215.0)
(984, 294.8678369522095, -586482.2051282051, -47215.0)
(985, 295.37150382995605, -586482.2051282051, -47215.0)
(986, 295.9009072780609, -586482.2051282051, -47215.0)
(987, 296.4074139595032, -586482.2051282051, -47215.0)
(988, 296.8760554790497, -586482.2051282051, -47215.0)
(989, 297.38561844825745, -586482.2051282051, -47215.0)
(990, 297.8844213485718, -586482.2051282051, -47215.0)
(991, 298.33920335769653, -586482.2051282051, -47215.0)
(992, 298.90178632736206, -586482.2051282051, -47215.0)
(993, 299.4149503707886, -586482.2051282051, -47215.0)
(994, 299.88319969177246, -586482.2051282051, -47215.0)
(995, 300.39948081970215, -586482.2051282051, -47215.0)
(996, 300.9363350868225, -586482.2051282051, -47215.0)
(997, 301.46864771842957, -586482.2051282051, -47215.0)
(998, 301.9740979671478, -586482.2051282051, -47215.0)
(999, 302.49929428100586, -586482.2051282051, -47215.0)
(1000, 303.01241660118103, -586482.2051282051, -47215.0)
