(1, 0.23009204864501953, -1539244.0, -40277.0)
(2, 0.530224084854126, -759356.5272747072, -40277.0)
(3, 0.7816309928894043, -365862.6190946187, -40277.0)
(4, 1.0718026161193848, -193163.79455060547, -40277.0)
(5, 1.4870553016662598, -118590.16422590503, -40277.0)
(6, 2.2442123889923096, -97433.12509896442, -40277.0)
(7, 3.002047061920166, -76061.19897890523, -40277.0)
(8, 3.946969985961914, -67470.38937792402, -62857.36548480717)
(9, 4.948106288909912, -64285.86916948862, -62913.31702302631)
(10, 5.973217248916626, -63325.09762162739, -62913.33838683024)
(11, 6.967154026031494, -63037.782745054166, -62913.33838683025)
(12, 8.064730167388916, -62951.77003095241, -62914.90743919886)
(13, 9.143977165222168, -62944.12054583098, -62914.90743919886)
(14, 10.337814331054688, -62944.12054583098, -62917.94623904016)
(15, 11.57582688331604, -62927.47405462304, -62920.339844108224)
(16, 12.703293561935425, -62922.480107263575, -62920.33984410818)
(17, 13.978842973709106, -62920.98192305563, -62920.339844108195)
(18, 15.275318384170532, -62920.532467782716, -62920.33984410821)
(19, 16.4975802898407, -62920.397631211476, -62920.33984410819)
(20, 17.596757650375366, -62920.35718023917, -62920.3398441082)
