(1, 0.12393641471862793, -825799.0, -41820.0)
(2, 0.23161935806274414, -825799.0, -41820.0)
(3, 0.3349621295928955, -825799.0, -41820.0)
(4, 0.4418303966522217, -825799.0, -41820.0)
(5, 0.5482189655303955, -825799.0, -41820.0)
(6, 0.6508753299713135, -825799.0, -41820.0)
(7, 0.7542648315429688, -825799.0, -41820.0)
(8, 0.8561596870422363, -825799.0, -41820.0)
(9, 0.9579901695251465, -825799.0, -41820.0)
(10, 1.060403823852539, -825799.0, -41820.0)
(11, 1.1605491638183594, -825799.0, -41820.0)
(12, 1.2614140510559082, -825799.0, -41820.0)
(13, 1.3625025749206543, -825799.0, -41820.0)
(14, 1.4643299579620361, -825799.0, -41820.0)
(15, 1.5679726600646973, -825799.0, -41820.0)
(16, 1.6720995903015137, -825799.0, -41820.0)
(17, 1.776062250137329, -825799.0, -41820.0)
(18, 1.8783023357391357, -825799.0, -41820.0)
(19, 1.9817593097686768, -825799.0, -41820.0)
(20, 2.0849692821502686, -825799.0, -41820.0)
(21, 2.186354637145996, -825799.0, -41820.0)
(22, 2.287061929702759, -825799.0, -41820.0)
(23, 2.3901002407073975, -825799.0, -41820.0)
(24, 2.493306875228882, -825799.0, -41820.0)
(25, 2.596068859100342, -825799.0, -41820.0)
(26, 2.6998138427734375, -825799.0, -41820.0)
(27, 2.8040153980255127, -825799.0, -41820.0)
(28, 2.908155679702759, -825799.0, -41820.0)
(29, 3.01241135597229, -825799.0, -41820.0)
(30, 3.110670566558838, -825799.0, -41820.0)
(31, 3.2081139087677, -825799.0, -41820.0)
(32, 3.30777907371521, -825799.0, -41820.0)
(33, 3.402909755706787, -825799.0, -41820.0)
(34, 3.496711254119873, -825799.0, -41820.0)
(35, 3.595942497253418, -825799.0, -41820.0)
(36, 3.6913158893585205, -825799.0, -41820.0)
(37, 3.7856054306030273, -825799.0, -41820.0)
(38, 3.8813583850860596, -825799.0, -41820.0)
(39, 3.975595712661743, -825799.0, -41820.0)
(40, 4.070638418197632, -825799.0, -41820.0)
(41, 4.163892030715942, -825799.0, -41820.0)
(42, 4.2591493129730225, -825799.0, -41820.0)
(43, 4.353021621704102, -825799.0, -41820.0)
(44, 4.449105501174927, -825799.0, -41820.0)
(45, 4.544156074523926, -825799.0, -41820.0)
(46, 4.6388139724731445, -825799.0, -41820.0)
(47, 4.732536792755127, -825799.0, -41820.0)
(48, 4.828638553619385, -825799.0, -41820.0)
(49, 4.924943923950195, -825799.0, -41820.0)
(50, 5.020902633666992, -825799.0, -41820.0)
(51, 5.115881443023682, -825799.0, -41820.0)
(52, 5.211395740509033, -825799.0, -41820.0)
(53, 5.3094260692596436, -825799.0, -41820.0)
(54, 5.4041712284088135, -825799.0, -41820.0)
(55, 5.500694990158081, -825799.0, -41820.0)
(56, 5.596364974975586, -825799.0, -41820.0)
(57, 5.692227840423584, -825799.0, -41820.0)
(58, 5.788832187652588, -825799.0, -41820.0)
(59, 5.885660171508789, -825799.0, -41820.0)
(60, 5.981822967529297, -825799.0, -41820.0)
(61, 6.078397750854492, -825799.0, -41820.0)
(62, 6.177459716796875, -825799.0, -41820.0)
(63, 6.274267196655273, -825799.0, -41820.0)
(64, 6.371465682983398, -825799.0, -41820.0)
(65, 6.469505786895752, -825799.0, -41820.0)
(66, 6.565185785293579, -825799.0, -41820.0)
(67, 6.66247296333313, -825799.0, -41820.0)
(68, 6.761908531188965, -825799.0, -41820.0)
(69, 6.859838962554932, -825799.0, -41820.0)
(70, 6.956315040588379, -825799.0, -41820.0)
(71, 7.054768323898315, -825799.0, -41820.0)
(72, 7.153133153915405, -825799.0, -41820.0)
(73, 7.251589298248291, -825799.0, -41820.0)
(74, 7.350910186767578, -825799.0, -41820.0)
(75, 7.448180437088013, -825799.0, -41820.0)
(76, 7.549479961395264, -825799.0, -41820.0)
(77, 7.649234294891357, -825799.0, -41820.0)
(78, 7.745133399963379, -825799.0, -41820.0)
(79, 7.847724437713623, -825799.0, -41820.0)
(80, 7.9478631019592285, -825799.0, -41820.0)
(81, 8.047827243804932, -825799.0, -41820.0)
(82, 8.147891521453857, -825799.0, -41820.0)
(83, 8.247637510299683, -825799.0, -41820.0)
(84, 8.34714651107788, -825799.0, -41820.0)
(85, 8.4469153881073, -825799.0, -41820.0)
(86, 8.54773736000061, -825799.0, -41820.0)
(87, 8.647877216339111, -825799.0, -41820.0)
(88, 8.748986959457397, -825799.0, -41820.0)
(89, 8.849669933319092, -825799.0, -41820.0)
(90, 8.949321508407593, -825799.0, -41820.0)
(91, 9.048115968704224, -825799.0, -41820.0)
(92, 9.150433778762817, -825799.0, -41820.0)
(93, 9.252039909362793, -825799.0, -41820.0)
(94, 9.351217269897461, -825799.0, -41820.0)
(95, 9.450786113739014, -825799.0, -41820.0)
(96, 9.551183700561523, -825799.0, -41820.0)
(97, 9.651854515075684, -825799.0, -41820.0)
(98, 9.75452733039856, -825799.0, -41820.0)
(99, 9.856787919998169, -825799.0, -41820.0)
(100, 9.96027421951294, -825799.0, -41820.0)
(101, 10.063163995742798, -825799.0, -41820.0)
(102, 10.165894746780396, -825799.0, -41820.0)
(103, 10.268738746643066, -825799.0, -41820.0)
(104, 10.372978687286377, -825799.0, -41820.0)
(105, 10.475725650787354, -825799.0, -41820.0)
(106, 10.580158472061157, -825799.0, -41820.0)
(107, 10.683674335479736, -825799.0, -41820.0)
(108, 10.786892652511597, -825799.0, -41820.0)
(109, 10.889205932617188, -825799.0, -41820.0)
(110, 10.991762161254883, -825799.0, -41820.0)
(111, 11.095153093338013, -825799.0, -41820.0)
(112, 11.19797396659851, -825799.0, -41820.0)
(113, 11.299749374389648, -825799.0, -41820.0)
(114, 11.403702735900879, -825799.0, -41820.0)
(115, 11.507494449615479, -825799.0, -41820.0)
(116, 11.611649513244629, -825799.0, -41820.0)
(117, 11.716726779937744, -825799.0, -41820.0)
(118, 11.816277503967285, -825799.0, -41820.0)
(119, 11.921102046966553, -825799.0, -41820.0)
(120, 12.024802923202515, -825799.0, -41820.0)
(121, 12.129592418670654, -825799.0, -41820.0)
(122, 12.233466625213623, -825799.0, -41820.0)
(123, 12.337291717529297, -825799.0, -41820.0)
(124, 12.44058108329773, -825799.0, -41820.0)
(125, 12.546278238296509, -825799.0, -41820.0)
(126, 12.650823831558228, -825799.0, -41820.0)
(127, 12.755565404891968, -825799.0, -41820.0)
(128, 12.860401630401611, -825799.0, -41820.0)
(129, 12.964669942855835, -825799.0, -41820.0)
(130, 13.07034683227539, -825799.0, -41820.0)
(131, 13.176220178604126, -825799.0, -41820.0)
(132, 13.283522605895996, -825799.0, -41820.0)
(133, 13.390430212020874, -825799.0, -41820.0)
(134, 13.49456000328064, -825799.0, -41820.0)
(135, 13.602290153503418, -825799.0, -41820.0)
(136, 13.706634521484375, -825799.0, -41820.0)
(137, 13.813612222671509, -825799.0, -41820.0)
(138, 13.92060661315918, -825799.0, -41820.0)
(139, 14.027514934539795, -825799.0, -41820.0)
(140, 14.134032964706421, -825799.0, -41820.0)
(141, 14.240879774093628, -825799.0, -41820.0)
(142, 14.348294734954834, -825799.0, -41820.0)
(143, 14.453325033187866, -825799.0, -41820.0)
(144, 14.558966636657715, -825799.0, -41820.0)
(145, 14.665488958358765, -825799.0, -41820.0)
(146, 14.772136688232422, -825799.0, -41820.0)
(147, 14.879835367202759, -825799.0, -41820.0)
(148, 14.986038208007812, -825799.0, -41820.0)
(149, 15.093387126922607, -825799.0, -41820.0)
(150, 15.201390266418457, -825799.0, -41820.0)
(151, 15.310444116592407, -825799.0, -41820.0)
(152, 15.419676065444946, -825799.0, -41820.0)
(153, 15.531047582626343, -825799.0, -41820.0)
(154, 15.640644788742065, -825799.0, -41820.0)
(155, 15.749400615692139, -825799.0, -41820.0)
(156, 15.858878374099731, -825799.0, -41820.0)
(157, 15.967534065246582, -755777.1666666666, -41820.0)
(158, 16.08529305458069, -677081.79390681, -41820.0)
(159, 16.220455646514893, -525648.4444444445, -41820.0)
(160, 16.34560799598694, -525648.4444444445, -41820.0)
(161, 16.449092864990234, -373991.3333333334, -41820.0)
(162, 16.58309841156006, -354517.23456790124, -41820.0)
(163, 16.683905363082886, -225277.55555555556, -41820.0)
(164, 16.782123565673828, -130510.11111111111, -41820.0)
(165, 16.875630140304565, -130510.11111111111, -41820.0)
(166, 16.971739768981934, -95680.0, -41820.0)
(167, 17.09821629524231, -95680.0, -85102.0)
(168, 17.222350597381592, -88442.0, -85102.0)
(169, 17.344485759735107, -87180.0, -85102.0)
(170, 17.462646007537842, -87180.0, -85102.0)
(171, 17.577494859695435, -85776.0, -85102.0)
(172, 17.68670344352722, -85193.0, -85102.0)
(173, 17.793596506118774, -85189.5, -85102.0)
(174, 17.89980125427246, -85108.33333333334, -85102.00000000001)
(175, 18.00631809234619, -85108.0, -85102.0)
(176, 18.11220407485962, -85102.0, -85102.0)
(177, 18.21527910232544, -85102.0, -85102.0)
