(1, 0.1829214096069336, -1260178.0, -64766.0)
(2, 0.35831451416015625, -1260178.0, -64766.0)
(3, 0.534064769744873, -1260178.0, -64766.0)
(4, 0.7100777626037598, -1260178.0, -64766.0)
(5, 0.8858356475830078, -1260178.0, -64766.0)
(6, 1.061504602432251, -1260178.0, -64766.0)
(7, 1.236767292022705, -1260178.0, -64766.0)
(8, 1.4120111465454102, -1260178.0, -64766.0)
(9, 1.5880138874053955, -1260178.0, -64766.0)
(10, 1.764676809310913, -1260178.0, -64766.0)
(11, 1.9404520988464355, -1260178.0, -64766.0)
(12, 2.115525245666504, -1260178.0, -64766.0)
(13, 2.289991617202759, -1260178.0, -64766.0)
(14, 2.4683837890625, -1260178.0, -64766.0)
(15, 2.6495633125305176, -1260178.0, -64766.0)
(16, 2.8278567790985107, -1260178.0, -64766.0)
(17, 3.006545305252075, -1260178.0, -64766.0)
(18, 3.185497283935547, -1260178.0, -64766.0)
(19, 3.364503860473633, -1260178.0, -64766.0)
(20, 3.5427908897399902, -1260178.0, -64766.0)
(21, 3.721755266189575, -1260178.0, -64766.0)
(22, 3.90372633934021, -1260178.0, -64766.0)
(23, 4.083155393600464, -1260178.0, -64766.0)
(24, 4.2593605518341064, -1260178.0, -64766.0)
(25, 4.438687562942505, -1260178.0, -64766.0)
(26, 4.617995262145996, -1260178.0, -64766.0)
(27, 4.796332359313965, -1260178.0, -64766.0)
(28, 4.975319147109985, -1260178.0, -64766.0)
(29, 5.152608871459961, -1260178.0, -64766.0)
(30, 5.329979181289673, -1260178.0, -64766.0)
(31, 5.509034633636475, -1260178.0, -64766.0)
(32, 5.688220500946045, -1260178.0, -64766.0)
(33, 5.874607563018799, -1260178.0, -64766.0)
(34, 6.059126377105713, -1260178.0, -64766.0)
(35, 6.242861032485962, -1260178.0, -64766.0)
(36, 6.4285969734191895, -1260178.0, -64766.0)
(37, 6.613290309906006, -1260178.0, -64766.0)
(38, 6.798248529434204, -1260178.0, -64766.0)
(39, 6.984618186950684, -1260178.0, -64766.0)
(40, 7.170616149902344, -1260178.0, -64766.0)
(41, 7.3558409214019775, -1260178.0, -64766.0)
(42, 7.542603969573975, -1260178.0, -64766.0)
(43, 7.728249549865723, -1260178.0, -64766.0)
(44, 7.912184953689575, -1260178.0, -64766.0)
(45, 8.097963571548462, -1260178.0, -64766.0)
(46, 8.282000303268433, -1260178.0, -64766.0)
(47, 8.470418930053711, -1260178.0, -64766.0)
(48, 8.65843391418457, -1260178.0, -64766.0)
(49, 8.845080375671387, -1260178.0, -64766.0)
(50, 9.034921169281006, -1260178.0, -64766.0)
(51, 9.222711324691772, -1260178.0, -64766.0)
(52, 9.409178733825684, -1260178.0, -64766.0)
(53, 9.594531059265137, -1260178.0, -64766.0)
(54, 9.787916898727417, -1260178.0, -64766.0)
(55, 9.977612257003784, -1260178.0, -64766.0)
(56, 10.166173934936523, -1260178.0, -64766.0)
(57, 10.354222536087036, -1260178.0, -64766.0)
(58, 10.542284727096558, -1260178.0, -64766.0)
(59, 10.732776403427124, -1260178.0, -64766.0)
(60, 10.920353174209595, -1260178.0, -64766.0)
(61, 11.118767976760864, -1260178.0, -64766.0)
(62, 11.316137552261353, -1260178.0, -64766.0)
(63, 11.512667894363403, -1260178.0, -64766.0)
(64, 11.709076404571533, -1260178.0, -64766.0)
(65, 11.90973973274231, -1260178.0, -64766.0)
(66, 12.106741189956665, -1260178.0, -64766.0)
(67, 12.303280115127563, -1260178.0, -64766.0)
(68, 12.499784708023071, -1260178.0, -64766.0)
(69, 12.698222875595093, -1260178.0, -64766.0)
(70, 12.896098613739014, -1260178.0, -64766.0)
(71, 13.093620538711548, -1260178.0, -64766.0)
(72, 13.291952133178711, -1260178.0, -64766.0)
(73, 13.490219831466675, -1260178.0, -64766.0)
(74, 13.69090723991394, -1260178.0, -64766.0)
(75, 13.889580249786377, -1260178.0, -64766.0)
(76, 14.08851170539856, -1260178.0, -64766.0)
(77, 14.288954734802246, -1260178.0, -64766.0)
(78, 14.492291927337646, -1260178.0, -64766.0)
(79, 14.691309690475464, -1260178.0, -64766.0)
(80, 14.889294385910034, -1260178.0, -64766.0)
(81, 15.090604543685913, -1260178.0, -64766.0)
(82, 15.294970989227295, -1260178.0, -64766.0)
(83, 15.497135162353516, -1260178.0, -64766.0)
(84, 15.705756425857544, -1260178.0, -64766.0)
(85, 15.922858953475952, -1260178.0, -64766.0)
(86, 16.135876655578613, -1260178.0, -64766.0)
(87, 16.34760093688965, -1260178.0, -64766.0)
(88, 16.557732582092285, -1260178.0, -64766.0)
(89, 16.76495862007141, -1260178.0, -64766.0)
(90, 16.969462871551514, -1260178.0, -64766.0)
(91, 17.176098823547363, -1260178.0, -64766.0)
(92, 17.382224559783936, -1260178.0, -64766.0)
(93, 17.590413570404053, -1260178.0, -64766.0)
(94, 17.79749298095703, -1260178.0, -64766.0)
(95, 18.00903868675232, -1260178.0, -64766.0)
(96, 18.220857620239258, -1260178.0, -64766.0)
(97, 18.429282188415527, -1260178.0, -64766.0)
(98, 18.64128303527832, -1260178.0, -64766.0)
(99, 18.854106426239014, -1260178.0, -64766.0)
(100, 19.07075047492981, -1260178.0, -64766.0)
(101, 19.290364980697632, -1260178.0, -64766.0)
(102, 19.5049147605896, -1260178.0, -64766.0)
(103, 19.722594022750854, -1260178.0, -64766.0)
(104, 19.93922734260559, -1260178.0, -64766.0)
(105, 20.157909870147705, -1260178.0, -64766.0)
(106, 20.376287698745728, -1260178.0, -64766.0)
(107, 20.59362030029297, -1260178.0, -64766.0)
(108, 20.81256675720215, -1260178.0, -64766.0)
(109, 21.029041528701782, -1260178.0, -64766.0)
(110, 21.24372363090515, -1260178.0, -64766.0)
(111, 21.46439790725708, -1260178.0, -64766.0)
(112, 21.684083700180054, -1260178.0, -64766.0)
(113, 21.89897394180298, -1260178.0, -64766.0)
(114, 22.11385703086853, -1260178.0, -64766.0)
(115, 22.33966374397278, -1260178.0, -64766.0)
(116, 22.557583570480347, -1260178.0, -64766.0)
(117, 22.77747678756714, -1260178.0, -64766.0)
(118, 22.99535322189331, -1260178.0, -64766.0)
(119, 23.23227047920227, -1260178.0, -64766.0)
(120, 23.456371545791626, -1260178.0, -64766.0)
(121, 23.681423902511597, -1260178.0, -64766.0)
(122, 23.90523362159729, -1260178.0, -64766.0)
(123, 24.140074014663696, -1260178.0, -64766.0)
(124, 24.365976333618164, -1260178.0, -64766.0)
(125, 24.595221519470215, -1260178.0, -64766.0)
(126, 24.820613622665405, -1260178.0, -64766.0)
(127, 25.047224521636963, -1260178.0, -64766.0)
(128, 25.2744083404541, -1260178.0, -64766.0)
(129, 25.503053426742554, -1260178.0, -64766.0)
(130, 25.73004651069641, -1260178.0, -64766.0)
(131, 25.959060668945312, -1260178.0, -64766.0)
(132, 26.191518306732178, -1260178.0, -64766.0)
(133, 26.421236515045166, -1260178.0, -64766.0)
(134, 26.65157723426819, -1260178.0, -64766.0)
(135, 26.877140760421753, -1260178.0, -64766.0)
(136, 27.11707091331482, -1260178.0, -64766.0)
(137, 27.35356116294861, -1260178.0, -64766.0)
(138, 27.58623242378235, -1260178.0, -64766.0)
(139, 27.815974473953247, -1260178.0, -64766.0)
(140, 28.05150318145752, -1260178.0, -64766.0)
(141, 28.281164169311523, -1260178.0, -64766.0)
(142, 28.51752519607544, -1260178.0, -64766.0)
(143, 28.754454374313354, -1260178.0, -64766.0)
(144, 28.98690128326416, -1260178.0, -64766.0)
(145, 29.228779554367065, -1260178.0, -64766.0)
(146, 29.469488382339478, -1260178.0, -64766.0)
(147, 29.705602884292603, -1260178.0, -64766.0)
(148, 29.944584846496582, -1260178.0, -64766.0)
(149, 30.190279245376587, -1260178.0, -64766.0)
(150, 30.43104314804077, -1260178.0, -64766.0)
(151, 30.66738533973694, -1260178.0, -64766.0)
(152, 30.91131043434143, -1260178.0, -64766.0)
(153, 31.154165029525757, -1260178.0, -64766.0)
(154, 31.401316165924072, -1260178.0, -64766.0)
(155, 31.644689083099365, -1260178.0, -64766.0)
(156, 31.88508677482605, -1260178.0, -64766.0)
(157, 32.1321964263916, -1260178.0, -64766.0)
(158, 32.37803316116333, -1260178.0, -64766.0)
(159, 32.61794352531433, -1260178.0, -64766.0)
(160, 32.86537218093872, -1260178.0, -64766.0)
(161, 33.107789278030396, -1260178.0, -64766.0)
(162, 33.35189914703369, -1260178.0, -64766.0)
(163, 33.596160650253296, -1260178.0, -64766.0)
(164, 33.838557720184326, -1260178.0, -64766.0)
(165, 34.0818829536438, -1260178.0, -64766.0)
(166, 34.33152794837952, -1260178.0, -64766.0)
(167, 34.571693658828735, -1260178.0, -64766.0)
(168, 34.84023833274841, -1260178.0, -64766.0)
(169, 35.09164786338806, -1260178.0, -64766.0)
(170, 35.3442063331604, -1260178.0, -64766.0)
(171, 35.59895396232605, -1260178.0, -64766.0)
(172, 35.85148358345032, -1260178.0, -64766.0)
(173, 36.100178718566895, -1260178.0, -64766.0)
(174, 36.37943911552429, -1260178.0, -64766.0)
(175, 36.62957715988159, -1260178.0, -64766.0)
(176, 36.881587505340576, -1260178.0, -64766.0)
(177, 37.133363008499146, -1260178.0, -64766.0)
(178, 37.38415575027466, -1260178.0, -64766.0)
(179, 37.63883852958679, -1260178.0, -64766.0)
(180, 37.89307761192322, -1260178.0, -64766.0)
(181, 38.156105279922485, -1260178.0, -64766.0)
(182, 38.407153367996216, -1260178.0, -64766.0)
(183, 38.666741609573364, -1260178.0, -64766.0)
(184, 38.925832986831665, -1260178.0, -64766.0)
(185, 39.183006048202515, -1260178.0, -64766.0)
(186, 39.43440628051758, -1260178.0, -64766.0)
(187, 39.69249081611633, -1260178.0, -64766.0)
(188, 39.945637941360474, -1260178.0, -64766.0)
(189, 40.211203813552856, -1260178.0, -64766.0)
(190, 40.47287368774414, -1260178.0, -64766.0)
(191, 40.743669509887695, -1260178.0, -64766.0)
(192, 41.008206844329834, -1260178.0, -64766.0)
(193, 41.28007435798645, -1260178.0, -64766.0)
(194, 41.53940391540527, -1260178.0, -64766.0)
(195, 41.80026364326477, -1260178.0, -64766.0)
(196, 42.05873703956604, -1260178.0, -64766.0)
(197, 42.31744599342346, -1260178.0, -64766.0)
(198, 42.58197236061096, -1260178.0, -64766.0)
(199, 42.83901000022888, -1260178.0, -64766.0)
(200, 43.09929585456848, -1260178.0, -64766.0)
(201, 43.368398666381836, -1260178.0, -64766.0)
(202, 43.63487911224365, -1260178.0, -64766.0)
(203, 43.89840817451477, -1260178.0, -64766.0)
(204, 44.15962028503418, -1260178.0, -64766.0)
(205, 44.42282438278198, -1260178.0, -64766.0)
(206, 44.693559408187866, -1260178.0, -64766.0)
(207, 44.96191143989563, -1260178.0, -64766.0)
(208, 45.23249292373657, -1260178.0, -64766.0)
(209, 45.49745559692383, -1260178.0, -64766.0)
(210, 45.75968360900879, -1260178.0, -64766.0)
(211, 46.03137469291687, -1260178.0, -64766.0)
(212, 46.30429434776306, -1260178.0, -64766.0)
(213, 46.57836318016052, -1260178.0, -64766.0)
(214, 46.842878580093384, -1260178.0, -64766.0)
(215, 47.11893391609192, -1260178.0, -64766.0)
(216, 47.383519887924194, -1260178.0, -64766.0)
(217, 47.65144658088684, -1260178.0, -64766.0)
(218, 47.92448568344116, -1260178.0, -64766.0)
(219, 48.19734835624695, -1260178.0, -64766.0)
(220, 48.4688446521759, -1260178.0, -64766.0)
(221, 48.746997594833374, -1260178.0, -64766.0)
(222, 49.017597913742065, -1260178.0, -64766.0)
(223, 49.290579080581665, -1260178.0, -64766.0)
(224, 49.5621440410614, -1260178.0, -64766.0)
(225, 49.84702444076538, -1260178.0, -64766.0)
(226, 50.13142466545105, -1260178.0, -64766.0)
(227, 50.40077757835388, -1260178.0, -64766.0)
(228, 50.66898775100708, -1260178.0, -64766.0)
(229, 50.9470648765564, -1260178.0, -64766.0)
(230, 51.23151087760925, -1260178.0, -64766.0)
(231, 51.509437799453735, -1260178.0, -64766.0)
(232, 51.7851037979126, -1260178.0, -64766.0)
(233, 52.061962604522705, -1260178.0, -64766.0)
(234, 52.341734647750854, -1260178.0, -64766.0)
(235, 52.623079776763916, -1260178.0, -64766.0)
(236, 52.91108250617981, -1260178.0, -64766.0)
(237, 53.19824171066284, -1260178.0, -64766.0)
(238, 53.48063850402832, -1260178.0, -64766.0)
(239, 53.77157974243164, -1260178.0, -64766.0)
(240, 54.063337326049805, -1260178.0, -64766.0)
(241, 54.34624123573303, -1260178.0, -64766.0)
(242, 54.63974142074585, -1260178.0, -64766.0)
(243, 54.923107624053955, -1260178.0, -64766.0)
(244, 55.20820760726929, -1260178.0, -64766.0)
(245, 55.52260231971741, -1260178.0, -64766.0)
(246, 55.81674766540527, -1260178.0, -64766.0)
(247, 56.10646104812622, -1260178.0, -64766.0)
(248, 56.40905237197876, -1260178.0, -64766.0)
(249, 56.69594073295593, -1260178.0, -64766.0)
(250, 56.986706495285034, -1260178.0, -64766.0)
(251, 57.28319025039673, -1260178.0, -64766.0)
(252, 57.57584762573242, -1260178.0, -64766.0)
(253, 57.86719107627869, -1260178.0, -64766.0)
(254, 58.175936698913574, -1260178.0, -64766.0)
(255, 58.46498680114746, -1260178.0, -64766.0)
(256, 58.75865817070007, -1260178.0, -64766.0)
(257, 59.04559850692749, -1260178.0, -64766.0)
(258, 59.32793593406677, -1260178.0, -64766.0)
(259, 59.62157082557678, -1260178.0, -64766.0)
(260, 59.92354083061218, -1260178.0, -64766.0)
(261, 60.21956968307495, -1260178.0, -64766.0)
(262, 60.50689363479614, -1260178.0, -64766.0)
(263, 60.7964084148407, -1260178.0, -64766.0)
(264, 61.0909788608551, -1260178.0, -64766.0)
(265, 61.380221366882324, -1260178.0, -64766.0)
(266, 61.67166304588318, -1260178.0, -64766.0)
(267, 61.9694938659668, -1260178.0, -64766.0)
(268, 62.254058837890625, -1260178.0, -64766.0)
(269, 62.55075740814209, -1260178.0, -64766.0)
(270, 62.8655481338501, -1260178.0, -64766.0)
(271, 63.16771602630615, -1260178.0, -64766.0)
(272, 63.47261333465576, -1260178.0, -64766.0)
(273, 63.77880597114563, -1260178.0, -64766.0)
(274, 64.07936120033264, -1260178.0, -64766.0)
(275, 64.38335227966309, -1260178.0, -64766.0)
(276, 64.6849536895752, -1260178.0, -64766.0)
(277, 64.9946780204773, -1260178.0, -64766.0)
(278, 65.31063461303711, -1260178.0, -64766.0)
(279, 65.62067604064941, -1260178.0, -64766.0)
(280, 65.93191838264465, -1260178.0, -64766.0)
(281, 66.22622466087341, -1260178.0, -64766.0)
(282, 66.54514861106873, -1260178.0, -64766.0)
(283, 66.86837458610535, -1260178.0, -64766.0)
(284, 67.17475390434265, -1260178.0, -64766.0)
(285, 67.48030686378479, -1260178.0, -64766.0)
(286, 67.78087401390076, -1260178.0, -64766.0)
(287, 68.08721017837524, -1260178.0, -64766.0)
(288, 68.3832471370697, -1260178.0, -64766.0)
(289, 68.71874356269836, -1260178.0, -64766.0)
(290, 69.0188524723053, -1260178.0, -64766.0)
(291, 69.32948303222656, -1260178.0, -64766.0)
(292, 69.62655687332153, -1260178.0, -64766.0)
(293, 69.93469882011414, -1260178.0, -64766.0)
(294, 70.26535177230835, -1260178.0, -64766.0)
(295, 70.58957314491272, -1260178.0, -64766.0)
(296, 70.89531016349792, -1260178.0, -64766.0)
(297, 71.2393810749054, -1260178.0, -64766.0)
(298, 71.56796979904175, -1260178.0, -64766.0)
(299, 71.88225793838501, -1260178.0, -64766.0)
(300, 72.1890320777893, -1260178.0, -64766.0)
(301, 72.50984406471252, -1260178.0, -64766.0)
(302, 72.82463717460632, -1260178.0, -64766.0)
(303, 73.15144038200378, -1260178.0, -64766.0)
(304, 73.46333837509155, -1260178.0, -64766.0)
(305, 73.7742075920105, -1260178.0, -64766.0)
(306, 74.08090472221375, -1260178.0, -64766.0)
(307, 74.39499163627625, -1260178.0, -64766.0)
(308, 74.7206883430481, -1260178.0, -64766.0)
(309, 75.03053426742554, -1260178.0, -64766.0)
(310, 75.34314966201782, -1260178.0, -64766.0)
(311, 75.6576464176178, -1260178.0, -64766.0)
(312, 75.98076272010803, -1260178.0, -64766.0)
(313, 76.31186437606812, -1260178.0, -64766.0)
(314, 76.63434982299805, -1260178.0, -64766.0)
(315, 76.94908905029297, -1260178.0, -64766.0)
(316, 77.26975345611572, -1260178.0, -64766.0)
(317, 77.59330177307129, -1260178.0, -64766.0)
(318, 77.91734004020691, -1260178.0, -64766.0)
(319, 78.2327790260315, -1260178.0, -64766.0)
(320, 78.55559635162354, -1260178.0, -64766.0)
(321, 78.87078189849854, -1260178.0, -64766.0)
(322, 79.19178915023804, -1260178.0, -64766.0)
(323, 79.51389169692993, -1260178.0, -64766.0)
(324, 79.84073424339294, -1260178.0, -64766.0)
(325, 80.1558587551117, -1260178.0, -64766.0)
(326, 80.48088598251343, -1260178.0, -64766.0)
(327, 80.80596208572388, -1260178.0, -64766.0)
(328, 81.13113498687744, -1260178.0, -64766.0)
(329, 81.45820927619934, -1260178.0, -64766.0)
(330, 81.77981376647949, -1260178.0, -64766.0)
(331, 82.12369012832642, -1260178.0, -64766.0)
(332, 82.46081399917603, -1260178.0, -64766.0)
(333, 82.78390574455261, -1260178.0, -64766.0)
(334, 83.11859488487244, -1260178.0, -64766.0)
(335, 83.45052528381348, -1260178.0, -64766.0)
(336, 83.77997899055481, -1260178.0, -64766.0)
(337, 84.1182267665863, -1260178.0, -64766.0)
(338, 84.44222259521484, -1260178.0, -64766.0)
(339, 84.77104997634888, -1260178.0, -64766.0)
(340, 85.1015396118164, -1260178.0, -64766.0)
(341, 85.43095660209656, -1260178.0, -64766.0)
(342, 85.7581422328949, -1260178.0, -64766.0)
(343, 86.0989625453949, -1260178.0, -64766.0)
(344, 86.42849850654602, -1260178.0, -64766.0)
(345, 86.76755547523499, -1260178.0, -64766.0)
(346, 87.11208844184875, -1260178.0, -64766.0)
(347, 87.44468927383423, -1260178.0, -64766.0)
(348, 87.77287673950195, -1260178.0, -64766.0)
(349, 88.11451840400696, -1260178.0, -64766.0)
(350, 88.4565155506134, -1260178.0, -64766.0)
(351, 88.8016095161438, -1260178.0, -64766.0)
(352, 89.12826251983643, -1260178.0, -64766.0)
(353, 89.4848427772522, -1260178.0, -64766.0)
(354, 89.8427038192749, -1260178.0, -64766.0)
(355, 90.1897509098053, -1260178.0, -64766.0)
(356, 90.53531813621521, -1260178.0, -64766.0)
(357, 90.8926944732666, -1260178.0, -64766.0)
(358, 91.25655245780945, -1260178.0, -64766.0)
(359, 91.59812784194946, -1260178.0, -64766.0)
(360, 91.94295001029968, -1260178.0, -64766.0)
(361, 92.28559589385986, -1260178.0, -64766.0)
(362, 92.63232064247131, -1260178.0, -64766.0)
(363, 92.98202681541443, -1260178.0, -64766.0)
(364, 93.33230900764465, -1260178.0, -64766.0)
(365, 93.67770504951477, -1260178.0, -64766.0)
(366, 94.03370475769043, -1260178.0, -64766.0)
(367, 94.36819219589233, -1260178.0, -64766.0)
(368, 94.74192881584167, -1260178.0, -64766.0)
(369, 95.08098149299622, -1260178.0, -64766.0)
(370, 95.45851159095764, -1260178.0, -64766.0)
(371, 95.82923531532288, -1260178.0, -64766.0)
(372, 96.1921489238739, -1260178.0, -64766.0)
(373, 96.57328939437866, -1260178.0, -64766.0)
(374, 96.96829319000244, -1260178.0, -64766.0)
(375, 97.35776662826538, -1260178.0, -64766.0)
(376, 97.72365856170654, -1260178.0, -64766.0)
(377, 98.07733869552612, -1260178.0, -64766.0)
(378, 98.4611337184906, -1260178.0, -64766.0)
(379, 98.8263943195343, -1260178.0, -64766.0)
(380, 99.18818664550781, -1260178.0, -64766.0)
(381, 99.5615963935852, -1260178.0, -64766.0)
(382, 99.92188882827759, -1260178.0, -64766.0)
(383, 100.28059506416321, -1260178.0, -64766.0)
(384, 100.63649415969849, -1260178.0, -64766.0)
(385, 100.99272203445435, -1260178.0, -64766.0)
(386, 101.35935664176941, -1260178.0, -64766.0)
(387, 101.72120904922485, -1260178.0, -64766.0)
(388, 102.07502865791321, -1260178.0, -64766.0)
(389, 102.43266677856445, -1260178.0, -64766.0)
(390, 102.81426310539246, -1260178.0, -64766.0)
(391, 103.19614386558533, -1260178.0, -64766.0)
(392, 103.58057260513306, -1260178.0, -64766.0)
(393, 103.94358348846436, -1260178.0, -64766.0)
(394, 104.32169198989868, -1260178.0, -64766.0)
(395, 104.70137047767639, -1260178.0, -64766.0)
(396, 105.06349658966064, -1260178.0, -64766.0)
(397, 105.44399118423462, -1260178.0, -64766.0)
(398, 105.81556558609009, -1260178.0, -64766.0)
(399, 106.18607139587402, -1260178.0, -64766.0)
(400, 106.54983329772949, -1260178.0, -64766.0)
(401, 106.95008540153503, -1260178.0, -64766.0)
(402, 107.31219244003296, -1260178.0, -64766.0)
(403, 107.68595051765442, -1260178.0, -64766.0)
(404, 108.05073094367981, -1260178.0, -64766.0)
(405, 108.42278933525085, -1260178.0, -64766.0)
(406, 108.80184578895569, -1260178.0, -64766.0)
(407, 109.17475056648254, -1260178.0, -64766.0)
(408, 109.54884219169617, -1260178.0, -64766.0)
(409, 109.93265914916992, -1260178.0, -64766.0)
(410, 110.32752633094788, -1260178.0, -64766.0)
(411, 110.72663187980652, -1260178.0, -64766.0)
(412, 111.10009169578552, -1260178.0, -64766.0)
(413, 111.47858929634094, -1260178.0, -64766.0)
(414, 111.86590075492859, -1260178.0, -64766.0)
(415, 112.25223231315613, -1260178.0, -64766.0)
(416, 112.65911960601807, -1260178.0, -64766.0)
(417, 113.07399368286133, -1260178.0, -64766.0)
(418, 113.48794984817505, -1260178.0, -64766.0)
(419, 113.89370036125183, -1260178.0, -64766.0)
(420, 114.28691053390503, -1260178.0, -64766.0)
(421, 114.68975782394409, -1260178.0, -64766.0)
(422, 115.1126549243927, -1260178.0, -64766.0)
(423, 115.52013182640076, -1260178.0, -64766.0)
(424, 115.90853428840637, -1260178.0, -64766.0)
(425, 116.38179349899292, -1260178.0, -64766.0)
(426, 116.80110883712769, -1260178.0, -64766.0)
(427, 117.21080565452576, -1260178.0, -64766.0)
(428, 117.6451985836029, -1260178.0, -64766.0)
(429, 118.06279349327087, -1260178.0, -64766.0)
(430, 118.45335102081299, -1260178.0, -64766.0)
(431, 118.8513491153717, -1260178.0, -64766.0)
(432, 119.23867321014404, -1260178.0, -64766.0)
(433, 119.61732411384583, -1260178.0, -64766.0)
(434, 120.0209321975708, -1260178.0, -64766.0)
(435, 120.42312479019165, -1260178.0, -64766.0)
(436, 120.81338620185852, -1260178.0, -64766.0)
(437, 121.21709537506104, -1260178.0, -64766.0)
(438, 121.60815501213074, -1260178.0, -64766.0)
(439, 121.99567151069641, -1260178.0, -64766.0)
(440, 122.38578534126282, -1260178.0, -64766.0)
(441, 122.78324460983276, -1260178.0, -64766.0)
(442, 123.19164824485779, -1260178.0, -64766.0)
(443, 123.58731961250305, -1260178.0, -64766.0)
(444, 123.98586440086365, -1260178.0, -64766.0)
(445, 124.37964916229248, -1260178.0, -64766.0)
(446, 124.78526735305786, -1260178.0, -64766.0)
(447, 125.19286322593689, -1260178.0, -64766.0)
(448, 125.59388470649719, -1260178.0, -64766.0)
(449, 125.99399471282959, -1260178.0, -64766.0)
(450, 126.38825678825378, -1260178.0, -64766.0)
(451, 126.78195405006409, -1260178.0, -64766.0)
(452, 127.18007230758667, -1260178.0, -64766.0)
(453, 127.61474633216858, -1260178.0, -64766.0)
(454, 128.0200538635254, -1260178.0, -64766.0)
(455, 128.4307346343994, -1260178.0, -64766.0)
(456, 128.85132884979248, -1260178.0, -64766.0)
(457, 129.26252603530884, -1260178.0, -64766.0)
(458, 129.67778778076172, -1260178.0, -64766.0)
(459, 130.09045433998108, -1260178.0, -64766.0)
(460, 130.49038553237915, -1260178.0, -64766.0)
(461, 130.90392518043518, -1260178.0, -64766.0)
(462, 131.31999015808105, -1260178.0, -64766.0)
(463, 131.74692702293396, -1260178.0, -64766.0)
(464, 132.1704819202423, -1260178.0, -64766.0)
(465, 132.57555031776428, -1260178.0, -64766.0)
(466, 133.00227904319763, -1260178.0, -64766.0)
(467, 133.42044615745544, -1260178.0, -64766.0)
(468, 133.8657422065735, -1260178.0, -64766.0)
(469, 134.28061485290527, -1260178.0, -64766.0)
(470, 134.69576954841614, -1260178.0, -64766.0)
(471, 135.10594034194946, -1260178.0, -64766.0)
(472, 135.52048659324646, -1260178.0, -64766.0)
(473, 135.93610048294067, -1260178.0, -64766.0)
(474, 136.34249091148376, -1260178.0, -64766.0)
(475, 136.75520396232605, -1260178.0, -64766.0)
(476, 137.16767072677612, -1260178.0, -64766.0)
(477, 137.58231115341187, -1260178.0, -64766.0)
(478, 137.9940483570099, -1260178.0, -64766.0)
(479, 138.4086217880249, -1260178.0, -64766.0)
(480, 138.81905674934387, -1260178.0, -64766.0)
(481, 139.22697567939758, -1260178.0, -64766.0)
(482, 139.64061307907104, -1260178.0, -64766.0)
(483, 140.0660834312439, -1260178.0, -64766.0)
(484, 140.52000188827515, -1260178.0, -64766.0)
(485, 140.9440050125122, -1260178.0, -64766.0)
(486, 141.35558891296387, -1260178.0, -64766.0)
(487, 141.77876019477844, -1260178.0, -64766.0)
(488, 142.20812320709229, -1260178.0, -64766.0)
(489, 142.6270613670349, -1260178.0, -64766.0)
(490, 143.07612562179565, -1260178.0, -64766.0)
(491, 143.50619769096375, -1260178.0, -64766.0)
(492, 143.93272852897644, -1260178.0, -64766.0)
(493, 144.35747075080872, -1260178.0, -64766.0)
(494, 144.7941689491272, -1260178.0, -64766.0)
(495, 145.22459173202515, -1260178.0, -64766.0)
(496, 145.65012383460999, -1260178.0, -64766.0)
(497, 146.08667635917664, -1260178.0, -64766.0)
(498, 146.5318729877472, -1260178.0, -64766.0)
(499, 146.9771020412445, -1260178.0, -64766.0)
(500, 147.41302967071533, -1260178.0, -64766.0)
(501, 147.84833478927612, -1260178.0, -64766.0)
(502, 148.30413055419922, -1260178.0, -64766.0)
(503, 148.7469244003296, -1260178.0, -64766.0)
(504, 149.17832350730896, -1260178.0, -64766.0)
(505, 149.62726521492004, -1260178.0, -64766.0)
(506, 150.09388542175293, -1260178.0, -64766.0)
(507, 150.55231261253357, -1260178.0, -64766.0)
(508, 151.0041401386261, -1260178.0, -64766.0)
(509, 151.4678497314453, -1260178.0, -64766.0)
(510, 151.94074082374573, -1260178.0, -64766.0)
(511, 152.38131141662598, -1260178.0, -64766.0)
(512, 152.86044669151306, -1260178.0, -64766.0)
(513, 153.32134556770325, -1260178.0, -64766.0)
(514, 153.77746033668518, -1260178.0, -64766.0)
(515, 154.2287154197693, -1260178.0, -64766.0)
(516, 154.69924879074097, -1260178.0, -64766.0)
(517, 155.1476230621338, -1260178.0, -64766.0)
(518, 155.60613179206848, -1260178.0, -64766.0)
(519, 156.06541180610657, -1260178.0, -64766.0)
(520, 156.53005480766296, -1260178.0, -64766.0)
(521, 156.97148180007935, -1260178.0, -64766.0)
(522, 157.42080998420715, -1260178.0, -64766.0)
(523, 157.8554494380951, -1260178.0, -64766.0)
(524, 158.31344032287598, -1260178.0, -64766.0)
(525, 158.80625128746033, -1260178.0, -64766.0)
(526, 159.25256371498108, -1260178.0, -64766.0)
(527, 159.69787311553955, -1260178.0, -64766.0)
(528, 160.17117643356323, -1260178.0, -64766.0)
(529, 160.63849234580994, -1260178.0, -64766.0)
(530, 161.10154151916504, -1260178.0, -64766.0)
(531, 161.58223867416382, -1260178.0, -64766.0)
(532, 162.03429222106934, -1260178.0, -64766.0)
(533, 162.5043466091156, -1260178.0, -64766.0)
(534, 162.9868609905243, -1260178.0, -64766.0)
(535, 163.4491822719574, -1260178.0, -64766.0)
(536, 163.92253637313843, -1260178.0, -64766.0)
(537, 164.38534545898438, -1260178.0, -64766.0)
(538, 164.8570110797882, -1260178.0, -64766.0)
(539, 165.31067943572998, -1260178.0, -64766.0)
(540, 165.75968742370605, -1260178.0, -64766.0)
(541, 166.22669672966003, -1260178.0, -64766.0)
(542, 166.69489312171936, -1260178.0, -64766.0)
(543, 167.18871998786926, -1260178.0, -64766.0)
(544, 167.67226314544678, -1260178.0, -64766.0)
(545, 168.1383764743805, -1260178.0, -64766.0)
(546, 168.65605235099792, -1260178.0, -64766.0)
(547, 169.13700032234192, -1260178.0, -64766.0)
(548, 169.6744818687439, -1260178.0, -64766.0)
(549, 170.18419909477234, -1260178.0, -64766.0)
(550, 170.68555760383606, -1260178.0, -64766.0)
(551, 171.17900371551514, -1260178.0, -64766.0)
(552, 171.6822226047516, -1260178.0, -64766.0)
(553, 172.1970226764679, -1260178.0, -64766.0)
(554, 172.68604350090027, -1260178.0, -64766.0)
(555, 173.2023696899414, -1260178.0, -64766.0)
(556, 173.72289204597473, -1260178.0, -64766.0)
(557, 174.22460651397705, -1260178.0, -64766.0)
(558, 174.73779249191284, -1260178.0, -64766.0)
(559, 175.24846649169922, -1260178.0, -64766.0)
(560, 175.77605628967285, -1260178.0, -64766.0)
(561, 176.31749963760376, -1260178.0, -64766.0)
(562, 176.84248113632202, -1260178.0, -64766.0)
(563, 177.37952494621277, -1260178.0, -64766.0)
(564, 177.87108039855957, -1260178.0, -64766.0)
(565, 178.35887384414673, -1260178.0, -64766.0)
(566, 178.8660604953766, -1260178.0, -64766.0)
(567, 179.35506916046143, -1260178.0, -64766.0)
(568, 179.83945679664612, -1260178.0, -64766.0)
(569, 180.34272241592407, -1260178.0, -64766.0)
(570, 180.83249258995056, -1260178.0, -64766.0)
(571, 181.35392951965332, -1260178.0, -64766.0)
(572, 181.86897802352905, -1260178.0, -64766.0)
(573, 182.37144708633423, -1260178.0, -64766.0)
(574, 182.85904908180237, -1260178.0, -64766.0)
(575, 183.34146332740784, -1260178.0, -64766.0)
(576, 183.81994605064392, -1260178.0, -64766.0)
(577, 184.3378345966339, -1260178.0, -64766.0)
(578, 184.8281054496765, -1260178.0, -64766.0)
(579, 185.31937289237976, -1260178.0, -64766.0)
(580, 185.80373644828796, -1260178.0, -64766.0)
(581, 186.29323387145996, -1260178.0, -64766.0)
(582, 186.7919270992279, -1260178.0, -64766.0)
(583, 187.2916181087494, -1260178.0, -64766.0)
(584, 187.7884910106659, -1260178.0, -64766.0)
(585, 188.2829921245575, -1260178.0, -64766.0)
(586, 188.79070115089417, -1260178.0, -64766.0)
(587, 189.27851104736328, -1260178.0, -64766.0)
(588, 189.78095245361328, -1260178.0, -64766.0)
(589, 190.30377793312073, -1260178.0, -64766.0)
(590, 190.80631852149963, -1260178.0, -64766.0)
(591, 191.32121229171753, -1260178.0, -64766.0)
(592, 191.94209170341492, -1260178.0, -64766.0)
(593, 192.45500826835632, -1260178.0, -64766.0)
(594, 192.955260515213, -1260178.0, -64766.0)
(595, 193.48856496810913, -1260178.0, -64766.0)
(596, 194.0017261505127, -1260178.0, -64766.0)
(597, 194.51527404785156, -1260178.0, -64766.0)
(598, 195.04749822616577, -1260178.0, -64766.0)
(599, 195.57184290885925, -1260178.0, -64766.0)
(600, 196.08860683441162, -1260178.0, -64766.0)
(601, 196.5972604751587, -1260178.0, -64766.0)
(602, 197.1367073059082, -1260178.0, -64766.0)
(603, 197.65305185317993, -1260178.0, -64766.0)
(604, 198.2034833431244, -1260178.0, -64766.0)
(605, 198.74598741531372, -1260178.0, -64766.0)
(606, 199.26846051216125, -1260178.0, -64766.0)
(607, 199.78292441368103, -1260178.0, -64766.0)
(608, 200.32895064353943, -1260178.0, -64766.0)
(609, 200.85188817977905, -1260178.0, -64766.0)
(610, 201.41021347045898, -1260178.0, -64766.0)
(611, 202.03141236305237, -1260178.0, -64766.0)
(612, 202.61073112487793, -1260178.0, -64766.0)
(613, 203.17288732528687, -1260178.0, -64766.0)
(614, 203.7097589969635, -1260178.0, -64766.0)
(615, 204.23981618881226, -1260178.0, -64766.0)
(616, 204.76307606697083, -1260178.0, -64766.0)
(617, 205.35317087173462, -1260178.0, -64766.0)
(618, 205.9110882282257, -1260178.0, -64766.0)
(619, 206.43713355064392, -1260178.0, -64766.0)
(620, 206.95112013816833, -1260178.0, -64766.0)
(621, 207.4975244998932, -1260178.0, -64766.0)
(622, 208.0475778579712, -1260178.0, -64766.0)
(623, 208.58476519584656, -1260178.0, -64766.0)
(624, 209.11029887199402, -1260178.0, -64766.0)
(625, 209.6609025001526, -1260178.0, -64766.0)
(626, 210.19069266319275, -1260178.0, -64766.0)
(627, 210.7277193069458, -1260178.0, -64766.0)
(628, 211.29340291023254, -1260178.0, -64766.0)
(629, 211.82639002799988, -1260178.0, -64766.0)
(630, 212.36974453926086, -1260178.0, -64766.0)
(631, 212.93670678138733, -1260178.0, -64766.0)
(632, 213.48493480682373, -1260178.0, -64766.0)
(633, 214.00473618507385, -1260178.0, -64766.0)
(634, 214.5221209526062, -1260178.0, -64766.0)
(635, 215.10728120803833, -1260178.0, -64766.0)
(636, 215.65396308898926, -1260178.0, -64766.0)
(637, 216.19488310813904, -1260178.0, -64766.0)
(638, 216.75592589378357, -1260178.0, -64766.0)
(639, 217.34576869010925, -1260178.0, -64766.0)
(640, 217.8995280265808, -1260178.0, -64766.0)
(641, 218.48572540283203, -1260178.0, -64766.0)
(642, 219.06314396858215, -1260178.0, -64766.0)
(643, 219.6329801082611, -1260178.0, -64766.0)
(644, 220.17077088356018, -1260178.0, -64766.0)
(645, 220.7102689743042, -1260178.0, -64766.0)
(646, 221.25472497940063, -1260178.0, -64766.0)
(647, 221.79390048980713, -1260178.0, -64766.0)
(648, 222.31500911712646, -1260178.0, -64766.0)
(649, 222.85170078277588, -1260178.0, -64766.0)
(650, 223.39517831802368, -1260178.0, -64766.0)
(651, 223.92682647705078, -1260178.0, -64766.0)
(652, 224.49511790275574, -1260178.0, -64766.0)
(653, 225.05126857757568, -1260178.0, -64766.0)
(654, 225.59322118759155, -1260178.0, -64766.0)
(655, 226.1459710597992, -1260178.0, -64766.0)
(656, 226.7274718284607, -1260178.0, -64766.0)
(657, 227.29065251350403, -1260178.0, -64766.0)
(658, 227.83578515052795, -1260178.0, -64766.0)
(659, 228.37134742736816, -1260178.0, -64766.0)
(660, 228.9223072528839, -1260178.0, -64766.0)
(661, 229.50627064704895, -1260178.0, -64766.0)
(662, 230.06299877166748, -1260178.0, -64766.0)
(663, 230.64499425888062, -1260178.0, -64766.0)
(664, 231.23385620117188, -1260178.0, -64766.0)
(665, 231.8727765083313, -1260178.0, -64766.0)
(666, 232.4696922302246, -1260178.0, -64766.0)
(667, 233.04252004623413, -1260178.0, -64766.0)
(668, 233.65620160102844, -1260178.0, -64766.0)
(669, 234.24428057670593, -1260178.0, -64766.0)
(670, 234.8399453163147, -1260178.0, -64766.0)
(671, 235.45207953453064, -1260178.0, -64766.0)
(672, 236.02219438552856, -1260178.0, -64766.0)
(673, 236.6882665157318, -1260178.0, -64766.0)
(674, 237.26494312286377, -1260178.0, -64766.0)
(675, 237.84478068351746, -1260178.0, -64766.0)
(676, 238.43289756774902, -1260178.0, -64766.0)
(677, 238.99883365631104, -1260178.0, -64766.0)
(678, 239.54645562171936, -1260178.0, -64766.0)
(679, 240.13813138008118, -1260178.0, -64766.0)
(680, 240.71615648269653, -1260178.0, -64766.0)
(681, 241.2848711013794, -1260178.0, -64766.0)
(682, 241.8569815158844, -1260178.0, -64766.0)
(683, 242.4086730480194, -1260178.0, -64766.0)
(684, 242.97515988349915, -1260178.0, -64766.0)
(685, 243.5342390537262, -1260178.0, -64766.0)
(686, 244.11082649230957, -1260178.0, -64766.0)
(687, 244.66607189178467, -1260178.0, -64766.0)
(688, 245.21807551383972, -1260178.0, -64766.0)
(689, 245.78840804100037, -1260178.0, -64766.0)
(690, 246.37600445747375, -1260178.0, -64766.0)
(691, 246.92807459831238, -1260178.0, -64766.0)
(692, 247.5058982372284, -1260178.0, -64766.0)
(693, 248.08296751976013, -1260178.0, -64766.0)
(694, 248.63737678527832, -1260178.0, -64766.0)
(695, 249.2107014656067, -1260178.0, -64766.0)
(696, 249.78414273262024, -1260178.0, -64766.0)
(697, 250.38268399238586, -1260178.0, -64766.0)
(698, 250.97745990753174, -1260178.0, -64766.0)
(699, 251.57209300994873, -1260178.0, -64766.0)
(700, 252.15633130073547, -1260178.0, -64766.0)
(701, 252.76811003684998, -1260178.0, -64766.0)
(702, 253.3914897441864, -1260178.0, -64766.0)
(703, 253.96921491622925, -1260178.0, -64766.0)
(704, 254.5924587249756, -1260178.0, -64766.0)
(705, 255.2237367630005, -1260178.0, -64766.0)
(706, 255.89503121376038, -1260178.0, -64766.0)
(707, 256.5192291736603, -1260178.0, -64766.0)
(708, 257.14128136634827, -1260178.0, -64766.0)
(709, 257.7434253692627, -1260178.0, -64766.0)
(710, 258.32303643226624, -1260178.0, -64766.0)
(711, 258.90618085861206, -1260178.0, -64766.0)
(712, 259.55996894836426, -1260178.0, -64766.0)
(713, 260.2563157081604, -1260178.0, -64766.0)
(714, 260.87126755714417, -1260178.0, -64766.0)
(715, 261.55692863464355, -1260178.0, -64766.0)
(716, 262.16353392601013, -1260178.0, -64766.0)
(717, 262.7640266418457, -1260178.0, -64766.0)
(718, 263.37265062332153, -1260178.0, -64766.0)
(719, 263.9727096557617, -1260178.0, -64766.0)
(720, 264.5660808086395, -1260178.0, -64766.0)
(721, 265.1431179046631, -1260178.0, -64766.0)
(722, 265.74205589294434, -1260178.0, -64766.0)
(723, 266.31615829467773, -1260178.0, -64766.0)
(724, 266.8780767917633, -1260178.0, -64766.0)
(725, 267.442503452301, -1260178.0, -64766.0)
(726, 268.01861095428467, -1260178.0, -64766.0)
(727, 268.6118757724762, -1260178.0, -64766.0)
(728, 269.18790435791016, -1260178.0, -64766.0)
(729, 269.76766562461853, -1260178.0, -64766.0)
(730, 270.3454043865204, -1260178.0, -64766.0)
(731, 270.9418032169342, -1260178.0, -64766.0)
(732, 271.53069043159485, -1260178.0, -64766.0)
(733, 272.12699604034424, -1260178.0, -64766.0)
(734, 272.70723485946655, -1260178.0, -64766.0)
(735, 273.29302859306335, -1260178.0, -64766.0)
(736, 273.90444898605347, -1260178.0, -64766.0)
(737, 274.4891653060913, -1260178.0, -64766.0)
(738, 275.0811903476715, -1260178.0, -64766.0)
(739, 275.67795729637146, -1260178.0, -64766.0)
(740, 276.26371145248413, -1260178.0, -64766.0)
(741, 276.88915967941284, -1260178.0, -64766.0)
(742, 277.5106506347656, -1260178.0, -64766.0)
(743, 278.09521436691284, -1260178.0, -64766.0)
(744, 278.699818611145, -1260178.0, -64766.0)
(745, 279.2950186729431, -1260178.0, -64766.0)
(746, 279.880658864975, -1260178.0, -64766.0)
(747, 280.459303855896, -1260178.0, -64766.0)
(748, 281.05844140052795, -1260178.0, -64766.0)
(749, 281.7189083099365, -1260178.0, -64766.0)
(750, 282.34904050827026, -1260178.0, -64766.0)
(751, 282.95280957221985, -1260178.0, -64766.0)
(752, 283.54908061027527, -1260178.0, -64766.0)
(753, 284.1520781517029, -1260178.0, -64766.0)
(754, 284.76371240615845, -1260178.0, -64766.0)
(755, 285.3724412918091, -1260178.0, -64766.0)
(756, 285.9792449474335, -1260178.0, -64766.0)
(757, 286.57870721817017, -1260178.0, -64766.0)
(758, 287.1953799724579, -1260178.0, -64766.0)
(759, 287.7947497367859, -1260178.0, -64766.0)
(760, 288.4035816192627, -1260178.0, -64766.0)
(761, 289.01220774650574, -1260178.0, -64766.0)
(762, 289.63830733299255, -1260178.0, -64766.0)
(763, 290.2505702972412, -1260178.0, -64766.0)
(764, 290.8607335090637, -1260178.0, -64766.0)
(765, 291.4678111076355, -1260178.0, -64766.0)
(766, 292.0876293182373, -1260178.0, -64766.0)
(767, 292.7115490436554, -1260178.0, -64766.0)
(768, 293.33216881752014, -1260178.0, -64766.0)
(769, 293.95496439933777, -1260178.0, -64766.0)
(770, 294.6028127670288, -1260178.0, -64766.0)
(771, 295.28620886802673, -1260178.0, -64766.0)
(772, 295.929571390152, -1260178.0, -64766.0)
(773, 296.55825328826904, -1260178.0, -64766.0)
(774, 297.1969790458679, -1260178.0, -64766.0)
(775, 297.81292819976807, -1260178.0, -64766.0)
(776, 298.4505686759949, -1260178.0, -64766.0)
(777, 299.0879330635071, -1260178.0, -64766.0)
(778, 299.7170298099518, -1260178.0, -64766.0)
(779, 300.3516855239868, -1260178.0, -64766.0)
(780, 300.98933506011963, -1260178.0, -64766.0)
(781, 301.61749720573425, -1260178.0, -64766.0)
(782, 302.2693223953247, -1260178.0, -64766.0)
(783, 302.9049024581909, -1260178.0, -64766.0)
(784, 303.5815477371216, -1260178.0, -64766.0)
(785, 304.23569679260254, -1260178.0, -64766.0)
(786, 304.88593912124634, -1260178.0, -64766.0)
(787, 305.5372335910797, -1260178.0, -64766.0)
(788, 306.2289457321167, -1260178.0, -64766.0)
(789, 306.89380526542664, -1260178.0, -64766.0)
(790, 307.63821244239807, -1260178.0, -64766.0)
(791, 308.2805554866791, -1260178.0, -64766.0)
(792, 308.9580729007721, -1260178.0, -64766.0)
(793, 309.60353326797485, -1260178.0, -64766.0)
(794, 310.2355115413666, -1260178.0, -64766.0)
(795, 310.8549122810364, -1260178.0, -64766.0)
(796, 311.493127822876, -1260178.0, -64766.0)
(797, 312.1308927536011, -1260178.0, -64766.0)
(798, 312.7851994037628, -1260178.0, -64766.0)
(799, 313.4167399406433, -1260178.0, -64766.0)
(800, 314.0522150993347, -1260178.0, -64766.0)
(801, 314.75890159606934, -1260178.0, -64766.0)
(802, 315.43205666542053, -1260178.0, -64766.0)
(803, 316.0683059692383, -1260178.0, -64766.0)
(804, 316.7297480106354, -1260178.0, -64766.0)
(805, 317.3570716381073, -1260178.0, -64766.0)
(806, 318.00047636032104, -1260178.0, -64766.0)
(807, 318.6244933605194, -1260178.0, -64766.0)
(808, 319.2795100212097, -1260178.0, -64766.0)
(809, 319.92364621162415, -1260178.0, -64766.0)
(810, 320.5768258571625, -1260178.0, -64766.0)
(811, 321.24719882011414, -1260178.0, -64766.0)
(812, 321.88686633110046, -1260178.0, -64766.0)
(813, 322.5627386569977, -1260178.0, -64766.0)
(814, 323.25817680358887, -1260178.0, -64766.0)
(815, 323.92198038101196, -1260178.0, -64766.0)
(816, 324.566801071167, -1260178.0, -64766.0)
(817, 325.2019362449646, -1260178.0, -64766.0)
(818, 325.86332750320435, -1260178.0, -64766.0)
(819, 326.51543140411377, -1260178.0, -64766.0)
(820, 327.1502447128296, -1260178.0, -64766.0)
(821, 327.79943776130676, -1260178.0, -64766.0)
(822, 328.4261841773987, -1260178.0, -64766.0)
(823, 329.09717655181885, -1260178.0, -64766.0)
(824, 329.75097370147705, -1260178.0, -64766.0)
(825, 330.40982270240784, -1260178.0, -64766.0)
(826, 331.0591239929199, -1260178.0, -64766.0)
(827, 331.69841384887695, -1260178.0, -64766.0)
(828, 332.33053708076477, -1260178.0, -64766.0)
(829, 333.0064380168915, -1260178.0, -64766.0)
(830, 333.6442894935608, -1260178.0, -64766.0)
(831, 334.28358459472656, -1260178.0, -64766.0)
(832, 334.9365162849426, -1260178.0, -64766.0)
(833, 335.62189531326294, -1260178.0, -64766.0)
(834, 336.2687747478485, -1260178.0, -64766.0)
(835, 336.93684482574463, -1260178.0, -64766.0)
(836, 337.5641689300537, -1260178.0, -64766.0)
(837, 338.24049615859985, -1260178.0, -64766.0)
(838, 338.9145221710205, -1260178.0, -64766.0)
(839, 339.56293296813965, -1260178.0, -64766.0)
(840, 340.2298710346222, -1260178.0, -64766.0)
(841, 340.84691047668457, -1260178.0, -64766.0)
(842, 341.49692702293396, -1260178.0, -64766.0)
(843, 342.1567475795746, -1260178.0, -64766.0)
(844, 342.81821060180664, -1260178.0, -64766.0)
(845, 343.4973044395447, -1260178.0, -64766.0)
(846, 344.1259458065033, -1260178.0, -64766.0)
(847, 344.80102825164795, -1260178.0, -64766.0)
(848, 345.4707486629486, -1260178.0, -64766.0)
(849, 346.13703322410583, -1260178.0, -64766.0)
(850, 346.787579536438, -1260178.0, -64766.0)
(851, 347.42382764816284, -1260178.0, -64766.0)
(852, 348.10032391548157, -1260178.0, -64766.0)
(853, 348.7727084159851, -1260178.0, -64766.0)
(854, 349.46231627464294, -1260178.0, -64766.0)
(855, 350.1146492958069, -1260178.0, -64766.0)
(856, 350.75357127189636, -1260178.0, -64766.0)
(857, 351.4600908756256, -1260178.0, -64766.0)
(858, 352.1912660598755, -1260178.0, -64766.0)
(859, 352.964998960495, -1260178.0, -64766.0)
(860, 353.6846601963043, -1260178.0, -64766.0)
(861, 354.37852478027344, -1260178.0, -64766.0)
(862, 355.0653111934662, -1260178.0, -64766.0)
(863, 355.74218106269836, -1260178.0, -64766.0)
(864, 356.41791677474976, -1260178.0, -64766.0)
(865, 357.0998709201813, -1260178.0, -64766.0)
(866, 357.7827115058899, -1260178.0, -64766.0)
(867, 358.4780993461609, -1260178.0, -64766.0)
(868, 359.1614897251129, -1260178.0, -64766.0)
(869, 359.85992908477783, -1260178.0, -64766.0)
(870, 360.5211749076843, -1260178.0, -64766.0)
(871, 361.1884751319885, -1260178.0, -64766.0)
(872, 361.8549473285675, -1260178.0, -64766.0)
(873, 362.52101373672485, -1260178.0, -64766.0)
(874, 363.1895446777344, -1260178.0, -64766.0)
(875, 363.87657499313354, -1260178.0, -64766.0)
(876, 364.5605149269104, -1260178.0, -64766.0)
(877, 365.24470019340515, -1260178.0, -64766.0)
(878, 365.92276525497437, -1260178.0, -64766.0)
(879, 366.5979857444763, -1260178.0, -64766.0)
(880, 367.2894742488861, -1260178.0, -64766.0)
(881, 368.04362773895264, -1260178.0, -64766.0)
(882, 368.7672200202942, -1260178.0, -64766.0)
(883, 369.43840193748474, -1260178.0, -64766.0)
(884, 370.13257336616516, -1260178.0, -64766.0)
(885, 370.81075835227966, -1260178.0, -64766.0)
(886, 371.5006091594696, -1260178.0, -64766.0)
(887, 372.16725397109985, -1260178.0, -64766.0)
(888, 372.84967136383057, -1260178.0, -64766.0)
(889, 373.5671012401581, -1260178.0, -64766.0)
(890, 374.2745442390442, -1260178.0, -64766.0)
(891, 374.96140360832214, -1260178.0, -64766.0)
(892, 375.6582205295563, -1260178.0, -64766.0)
(893, 376.36834049224854, -1260178.0, -64766.0)
(894, 377.08579993247986, -1260178.0, -64766.0)
(895, 377.76191878318787, -1260178.0, -64766.0)
(896, 378.47168350219727, -1260178.0, -64766.0)
(897, 379.16683197021484, -1260178.0, -64766.0)
(898, 379.83973717689514, -1260178.0, -64766.0)
(899, 380.53904151916504, -1260178.0, -64766.0)
(900, 381.2328565120697, -1260178.0, -64766.0)
(901, 381.9270598888397, -1260178.0, -64766.0)
(902, 382.6161687374115, -1260178.0, -64766.0)
(903, 383.29406547546387, -1260178.0, -64766.0)
(904, 383.97562193870544, -1260178.0, -64766.0)
(905, 384.6536314487457, -1260178.0, -64766.0)
(906, 385.3369460105896, -1260178.0, -64766.0)
(907, 386.00965547561646, -1260178.0, -64766.0)
(908, 386.6929397583008, -1260178.0, -64766.0)
(909, 387.39553213119507, -1260178.0, -64766.0)
(910, 388.09234714508057, -1260178.0, -64766.0)
(911, 388.78442454338074, -1260178.0, -64766.0)
(912, 389.47181224823, -1260178.0, -64766.0)
(913, 390.17683386802673, -1260178.0, -64766.0)
(914, 390.8840491771698, -1260178.0, -64766.0)
(915, 391.58914494514465, -1260178.0, -64766.0)
(916, 392.28048610687256, -1260178.0, -64766.0)
(917, 392.96254205703735, -1260178.0, -64766.0)
(918, 393.7279918193817, -1260178.0, -64766.0)
(919, 394.5217912197113, -1260178.0, -64766.0)
(920, 395.2771005630493, -1260178.0, -64766.0)
(921, 396.03095960617065, -1260178.0, -64766.0)
(922, 396.7657163143158, -1260178.0, -64766.0)
(923, 397.4940836429596, -1260178.0, -64766.0)
(924, 398.185720205307, -1260178.0, -64766.0)
(925, 398.9170000553131, -1260178.0, -64766.0)
(926, 399.6383066177368, -1260178.0, -64766.0)
(927, 400.36085057258606, -1260178.0, -64766.0)
(928, 401.0528335571289, -1260178.0, -64766.0)
(929, 401.79593896865845, -1260178.0, -64766.0)
(930, 402.5134246349335, -1260178.0, -64766.0)
(931, 403.23350858688354, -1260178.0, -64766.0)
(932, 403.96610379219055, -1260178.0, -64766.0)
(933, 404.7316823005676, -1260178.0, -64766.0)
(934, 405.4436078071594, -1260178.0, -64766.0)
(935, 406.13376474380493, -1260178.0, -64766.0)
(936, 406.8464193344116, -1260178.0, -64766.0)
(937, 407.5937933921814, -1260178.0, -64766.0)
(938, 408.29539012908936, -1260178.0, -64766.0)
(939, 409.03186440467834, -1260178.0, -64766.0)
(940, 409.83338809013367, -1260178.0, -64766.0)
(941, 410.5305438041687, -1260178.0, -64766.0)
(942, 411.2110641002655, -1260178.0, -64766.0)
(943, 411.9800820350647, -1260178.0, -64766.0)
(944, 412.69984102249146, -1260178.0, -64766.0)
(945, 413.41296768188477, -1260178.0, -64766.0)
(946, 414.14231061935425, -1260178.0, -64766.0)
(947, 414.88049602508545, -1260178.0, -64766.0)
(948, 415.5957157611847, -1260178.0, -64766.0)
(949, 416.31272149086, -1260178.0, -64766.0)
(950, 417.0771050453186, -1260178.0, -64766.0)
(951, 417.8196964263916, -1260178.0, -64766.0)
(952, 418.5616707801819, -1260178.0, -64766.0)
(953, 419.2764136791229, -1260178.0, -64766.0)
(954, 420.05509209632874, -1260178.0, -64766.0)
(955, 420.76421332359314, -1260178.0, -64766.0)
(956, 421.4895896911621, -1260178.0, -64766.0)
(957, 422.2638659477234, -1260178.0, -64766.0)
(958, 423.0018858909607, -1260178.0, -64766.0)
(959, 423.7634859085083, -1260178.0, -64766.0)
(960, 424.51394414901733, -1260178.0, -64766.0)
(961, 425.25002884864807, -1260178.0, -64766.0)
(962, 425.9705467224121, -1260178.0, -64766.0)
(963, 426.6875491142273, -1260178.0, -64766.0)
(964, 427.3745844364166, -1260178.0, -64766.0)
(965, 428.1298382282257, -1260178.0, -64766.0)
(966, 428.876580953598, -1260178.0, -64766.0)
(967, 429.65199041366577, -1260178.0, -64766.0)
(968, 430.39521169662476, -1260178.0, -64766.0)
(969, 431.1553404331207, -1260178.0, -64766.0)
(970, 431.89435291290283, -1260178.0, -64766.0)
(971, 432.6284477710724, -1260178.0, -64766.0)
(972, 433.37858510017395, -1260178.0, -64766.0)
(973, 434.0994668006897, -1260178.0, -64766.0)
(974, 434.8570291996002, -1260178.0, -64766.0)
(975, 435.62782621383667, -1260178.0, -64766.0)
(976, 436.37869668006897, -1260178.0, -64766.0)
(977, 437.1147391796112, -1260178.0, -64766.0)
(978, 437.83579874038696, -1260178.0, -64766.0)
(979, 438.5791447162628, -1260178.0, -64766.0)
(980, 439.3461627960205, -1260178.0, -64766.0)
(981, 440.07810497283936, -1260178.0, -64766.0)
(982, 440.78540563583374, -1260178.0, -64766.0)
(983, 441.6031720638275, -1260178.0, -64766.0)
(984, 442.3455982208252, -1260178.0, -64766.0)
(985, 443.19998359680176, -1260178.0, -64766.0)
(986, 444.0688955783844, -1260178.0, -64766.0)
(987, 444.87345004081726, -1260178.0, -64766.0)
(988, 445.6497075557709, -1260178.0, -64766.0)
(989, 446.4564266204834, -1260178.0, -64766.0)
(990, 447.2473316192627, -1260178.0, -64766.0)
(991, 448.0238587856293, -1260178.0, -64766.0)
(992, 448.80726289749146, -1260178.0, -64766.0)
(993, 449.64106345176697, -1260178.0, -64766.0)
(994, 450.398633480072, -1260178.0, -64766.0)
(995, 451.1946029663086, -1260178.0, -64766.0)
(996, 451.96923995018005, -1260178.0, -64766.0)
(997, 452.78598952293396, -1260178.0, -64766.0)
(998, 453.59318828582764, -1260178.0, -64766.0)
(999, 454.43142557144165, -1260178.0, -64766.0)
(1000, 455.2883634567261, -1260178.0, -64766.0)
