(1, 0.07504487037658691, -199918.0, -49758.0)
(2, 0.13712430000305176, -199918.0, -49758.0)
(3, 0.20675349235534668, -199918.0, -49758.0)
(4, 0.2700951099395752, -199918.0, -49758.0)
(5, 0.33597373962402344, -199918.0, -49758.0)
(6, 0.3998384475708008, -199918.0, -49758.0)
(7, 0.4624297618865967, -199918.0, -49758.0)
(8, 0.5192995071411133, -199918.0, -49758.0)
(9, 0.5860464572906494, -199918.0, -49758.0)
(10, 0.6507010459899902, -199918.0, -49758.0)
(11, 0.7184669971466064, -199918.0, -49758.0)
(12, 0.7859072685241699, -199918.0, -49758.0)
(13, 0.851923942565918, -199918.0, -49758.0)
(14, 0.9183282852172852, -199918.0, -49758.0)
(15, 0.9850399494171143, -199918.0, -49758.0)
(16, 1.0536563396453857, -199918.0, -49758.0)
(17, 1.119899034500122, -199918.0, -49758.0)
(18, 1.1868462562561035, -199918.0, -49758.0)
(19, 1.253568410873413, -199918.0, -49758.0)
(20, 1.3214943408966064, -199918.0, -49758.0)
(21, 1.3890564441680908, -199918.0, -49758.0)
(22, 1.4539494514465332, -199918.0, -49758.0)
(23, 1.5175516605377197, -199918.0, -49758.0)
(24, 1.585151195526123, -199918.0, -49758.0)
(25, 1.6485865116119385, -199918.0, -49758.0)
(26, 1.7076504230499268, -199918.0, -49758.0)
(27, 1.767824411392212, -199918.0, -49758.0)
(28, 1.8331058025360107, -199918.0, -49758.0)
(29, 1.9044177532196045, -199918.0, -49758.0)
(30, 1.9707539081573486, -199918.0, -49758.0)
(31, 2.037964344024658, -199918.0, -49758.0)
(32, 2.099125385284424, -199918.0, -49758.0)
(33, 2.1632330417633057, -199918.0, -49758.0)
(34, 2.220953941345215, -199918.0, -49758.0)
(35, 2.2920844554901123, -199918.0, -49758.0)
(36, 2.356855630874634, -199918.0, -49758.0)
(37, 2.4243578910827637, -199918.0, -49758.0)
(38, 2.4937946796417236, -199918.0, -49758.0)
(39, 2.564694404602051, -199918.0, -49758.0)
(40, 2.635216474533081, -199918.0, -49758.0)
(41, 2.6990067958831787, -199918.0, -49758.0)
(42, 2.776282548904419, -199918.0, -49758.0)
(43, 2.846451759338379, -199918.0, -49758.0)
(44, 2.9107601642608643, -199918.0, -49758.0)
(45, 2.9852163791656494, -199918.0, -49758.0)
(46, 3.052985668182373, -199918.0, -49758.0)
(47, 3.125666856765747, -199918.0, -49758.0)
(48, 3.1966803073883057, -199918.0, -49758.0)
(49, 3.267979860305786, -199918.0, -49758.0)
(50, 3.338730812072754, -199918.0, -49758.0)
(51, 3.4082460403442383, -199918.0, -49758.0)
(52, 3.4767463207244873, -199918.0, -49758.0)
(53, 3.549384593963623, -199918.0, -49758.0)
(54, 3.6225974559783936, -199918.0, -49758.0)
(55, 3.693221092224121, -199918.0, -49758.0)
(56, 3.770831823348999, -199918.0, -49758.0)
(57, 3.8424549102783203, -199918.0, -49758.0)
(58, 3.911741018295288, -199918.0, -49758.0)
(59, 3.991079807281494, -199918.0, -49758.0)
(60, 4.0771331787109375, -199918.0, -49758.0)
(61, 4.149908542633057, -199918.0, -49758.0)
(62, 4.218923091888428, -199918.0, -49758.0)
(63, 4.2808520793914795, -199918.0, -49758.0)
(64, 4.349810838699341, -199918.0, -49758.0)
(65, 4.416551351547241, -199918.0, -49758.0)
(66, 4.482313632965088, -199918.0, -49758.0)
(67, 4.558471202850342, -199918.0, -49758.0)
(68, 4.63216233253479, -199918.0, -49758.0)
(69, 4.705093622207642, -199918.0, -49758.0)
(70, 4.777827978134155, -199918.0, -49758.0)
(71, 4.847428560256958, -199918.0, -49758.0)
(72, 4.908381223678589, -199918.0, -49758.0)
(73, 4.980025053024292, -199918.0, -49758.0)
(74, 5.054239273071289, -199918.0, -49758.0)
(75, 5.124456167221069, -199918.0, -49758.0)
(76, 5.197728157043457, -199918.0, -49758.0)
(77, 5.274942398071289, -199918.0, -49758.0)
(78, 5.349257469177246, -199918.0, -49758.0)
(79, 5.433465242385864, -199918.0, -49758.0)
(80, 5.519548416137695, -199918.0, -49758.0)
(81, 5.594735622406006, -199918.0, -49758.0)
(82, 5.672154426574707, -199918.0, -49758.0)
(83, 5.745589017868042, -199918.0, -49758.0)
(84, 5.814788579940796, -199918.0, -49758.0)
(85, 5.881603479385376, -199918.0, -49758.0)
(86, 5.949995517730713, -199918.0, -49758.0)
(87, 6.017656564712524, -199918.0, -49758.0)
(88, 6.0761144161224365, -199918.0, -49758.0)
(89, 6.148372173309326, -199918.0, -49758.0)
(90, 6.221057891845703, -199918.0, -49758.0)
(91, 6.2892937660217285, -199918.0, -49758.0)
(92, 6.357853889465332, -199918.0, -49758.0)
(93, 6.425644874572754, -199918.0, -49758.0)
(94, 6.498103380203247, -199918.0, -49758.0)
(95, 6.570689916610718, -199918.0, -49758.0)
(96, 6.646771430969238, -199918.0, -49758.0)
(97, 6.718783617019653, -199918.0, -49758.0)
(98, 6.788003921508789, -199918.0, -49758.0)
(99, 6.861122131347656, -199918.0, -49758.0)
(100, 6.929639101028442, -199918.0, -49758.0)
(101, 6.999337434768677, -199918.0, -49758.0)
(102, 7.078225612640381, -199918.0, -49758.0)
(103, 7.153624057769775, -199918.0, -49758.0)
(104, 7.2347822189331055, -199918.0, -49758.0)
(105, 7.305610179901123, -199918.0, -49758.0)
(106, 7.38088846206665, -199918.0, -49758.0)
(107, 7.455145359039307, -199918.0, -49758.0)
(108, 7.5247697830200195, -199918.0, -49758.0)
(109, 7.60450553894043, -199918.0, -49758.0)
(110, 7.669485807418823, -199918.0, -49758.0)
(111, 7.744286298751831, -199918.0, -49758.0)
(112, 7.805846214294434, -199918.0, -49758.0)
(113, 7.888368129730225, -199918.0, -49758.0)
(114, 7.965137958526611, -199918.0, -49758.0)
(115, 8.040286540985107, -199918.0, -49758.0)
(116, 8.124924182891846, -199918.0, -49758.0)
(117, 8.199085235595703, -199918.0, -49758.0)
(118, 8.275423526763916, -199918.0, -49758.0)
(119, 8.34293246269226, -199918.0, -49758.0)
(120, 8.422361850738525, -199918.0, -49758.0)
(121, 8.50311827659607, -199918.0, -49758.0)
(122, 8.579164981842041, -199918.0, -49758.0)
(123, 8.64774227142334, -199918.0, -49758.0)
(124, 8.719552040100098, -199918.0, -49758.0)
(125, 8.796051263809204, -199918.0, -49758.0)
(126, 8.873897075653076, -199918.0, -49758.0)
(127, 8.955431461334229, -199918.0, -49758.0)
(128, 9.028674364089966, -199918.0, -49758.0)
(129, 9.110076427459717, -199918.0, -49758.0)
(130, 9.182422399520874, -199918.0, -49758.0)
(131, 9.26108169555664, -199918.0, -49758.0)
(132, 9.34281301498413, -199918.0, -49758.0)
(133, 9.42762565612793, -199918.0, -49758.0)
(134, 9.505710124969482, -199918.0, -49758.0)
(135, 9.580859899520874, -199918.0, -49758.0)
(136, 9.651007175445557, -199918.0, -49758.0)
(137, 9.733446836471558, -199918.0, -49758.0)
(138, 9.813593864440918, -199918.0, -49758.0)
(139, 9.899013757705688, -199918.0, -49758.0)
(140, 9.969271183013916, -199918.0, -49758.0)
(141, 10.054138898849487, -199918.0, -49758.0)
(142, 10.130743503570557, -199918.0, -49758.0)
(143, 10.204959392547607, -199918.0, -49758.0)
(144, 10.28327465057373, -199918.0, -49758.0)
(145, 10.364563703536987, -199918.0, -49758.0)
(146, 10.436505794525146, -199918.0, -49758.0)
(147, 10.514151811599731, -199918.0, -49758.0)
(148, 10.590299844741821, -199918.0, -49758.0)
(149, 10.669455289840698, -199918.0, -49758.0)
(150, 10.763049840927124, -199918.0, -49758.0)
(151, 10.850200653076172, -199918.0, -49758.0)
(152, 10.923142671585083, -199918.0, -49758.0)
(153, 11.006930112838745, -199918.0, -49758.0)
(154, 11.094812631607056, -199918.0, -49758.0)
(155, 11.171166181564331, -199918.0, -49758.0)
(156, 11.258421182632446, -199918.0, -49758.0)
(157, 11.350752830505371, -199918.0, -49758.0)
(158, 11.43783974647522, -199918.0, -49758.0)
(159, 11.524507761001587, -199918.0, -49758.0)
(160, 11.605831146240234, -199918.0, -49758.0)
(161, 11.687408924102783, -199918.0, -49758.0)
(162, 11.766050338745117, -199918.0, -49758.0)
(163, 11.846466779708862, -199918.0, -49758.0)
(164, 11.927776575088501, -199918.0, -49758.0)
(165, 12.014585018157959, -199918.0, -49758.0)
(166, 12.110441207885742, -199918.0, -49758.0)
(167, 12.20413613319397, -199918.0, -49758.0)
(168, 12.289962768554688, -199918.0, -49758.0)
(169, 12.366727113723755, -199918.0, -49758.0)
(170, 12.451732873916626, -199918.0, -49758.0)
(171, 12.528092384338379, -199918.0, -49758.0)
(172, 12.60791540145874, -199918.0, -49758.0)
(173, 12.681522130966187, -199918.0, -49758.0)
(174, 12.764196872711182, -199918.0, -49758.0)
(175, 12.840003967285156, -199918.0, -49758.0)
(176, 12.92220687866211, -199918.0, -49758.0)
(177, 12.999094009399414, -199918.0, -49758.0)
(178, 13.074667930603027, -199918.0, -49758.0)
(179, 13.154283285140991, -199918.0, -49758.0)
(180, 13.234129667282104, -199918.0, -49758.0)
(181, 13.312342643737793, -199918.0, -49758.0)
(182, 13.392345428466797, -199918.0, -49758.0)
(183, 13.47802472114563, -199918.0, -49758.0)
(184, 13.551295518875122, -199918.0, -49758.0)
(185, 13.623244285583496, -199918.0, -49758.0)
(186, 13.705273866653442, -199918.0, -49758.0)
(187, 13.77992844581604, -199918.0, -49758.0)
(188, 13.859314680099487, -199918.0, -49758.0)
(189, 13.939244508743286, -199918.0, -49758.0)
(190, 14.02713394165039, -199918.0, -49758.0)
(191, 14.1006178855896, -199918.0, -49758.0)
(192, 14.18176555633545, -199918.0, -49758.0)
(193, 14.26326322555542, -199918.0, -49758.0)
(194, 14.345589399337769, -199918.0, -49758.0)
(195, 14.42585277557373, -199918.0, -49758.0)
(196, 14.507563829421997, -199918.0, -49758.0)
(197, 14.588311433792114, -199918.0, -49758.0)
(198, 14.672418355941772, -199918.0, -49758.0)
(199, 14.751654624938965, -199918.0, -49758.0)
(200, 14.826462745666504, -199918.0, -49758.0)
(201, 14.903754472732544, -199918.0, -49758.0)
(202, 14.990379095077515, -199918.0, -49758.0)
(203, 15.06831979751587, -199918.0, -49758.0)
(204, 15.146501064300537, -199918.0, -49758.0)
(205, 15.22265911102295, -199918.0, -49758.0)
(206, 15.302532196044922, -199918.0, -49758.0)
(207, 15.387422800064087, -199918.0, -49758.0)
(208, 15.465412139892578, -199918.0, -49758.0)
(209, 15.550609588623047, -199918.0, -49758.0)
(210, 15.634137392044067, -199918.0, -49758.0)
(211, 15.719213724136353, -199918.0, -49758.0)
(212, 15.796818494796753, -199918.0, -49758.0)
(213, 15.885590553283691, -199918.0, -49758.0)
(214, 15.959007501602173, -199918.0, -49758.0)
(215, 16.04479217529297, -199918.0, -49758.0)
(216, 16.129756450653076, -199918.0, -49758.0)
(217, 16.218058824539185, -199918.0, -49758.0)
(218, 16.301703453063965, -199918.0, -49758.0)
(219, 16.382111310958862, -199918.0, -49758.0)
(220, 16.46596097946167, -199918.0, -49758.0)
(221, 16.557151079177856, -199918.0, -49758.0)
(222, 16.64424777030945, -199918.0, -49758.0)
(223, 16.726184844970703, -199918.0, -49758.0)
(224, 16.810874462127686, -199918.0, -49758.0)
(225, 16.89306116104126, -199918.0, -49758.0)
(226, 16.9722318649292, -199918.0, -49758.0)
(227, 17.05514621734619, -199918.0, -49758.0)
(228, 17.131765842437744, -199918.0, -49758.0)
(229, 17.215917348861694, -199918.0, -49758.0)
(230, 17.309564113616943, -199918.0, -49758.0)
(231, 17.389748573303223, -199918.0, -49758.0)
(232, 17.466833114624023, -199918.0, -49758.0)
(233, 17.549818992614746, -199918.0, -49758.0)
(234, 17.629026174545288, -199918.0, -49758.0)
(235, 17.707039833068848, -199918.0, -49758.0)
(236, 17.797202587127686, -199918.0, -49758.0)
(237, 17.88005781173706, -199918.0, -49758.0)
(238, 17.95544981956482, -199918.0, -49758.0)
(239, 18.032594442367554, -199918.0, -49758.0)
(240, 18.1131329536438, -199918.0, -49758.0)
(241, 18.19893169403076, -199918.0, -49758.0)
(242, 18.286870002746582, -199918.0, -49758.0)
(243, 18.37487268447876, -199918.0, -49758.0)
(244, 18.462698936462402, -199918.0, -49758.0)
(245, 18.54926872253418, -199918.0, -49758.0)
(246, 18.629777431488037, -199918.0, -49758.0)
(247, 18.712798833847046, -199918.0, -49758.0)
(248, 18.80632495880127, -199918.0, -49758.0)
(249, 18.897931814193726, -199918.0, -49758.0)
(250, 18.98208522796631, -199918.0, -49758.0)
(251, 19.0682430267334, -199918.0, -49758.0)
(252, 19.147279500961304, -199918.0, -49758.0)
(253, 19.227405309677124, -199918.0, -49758.0)
(254, 19.319523334503174, -199918.0, -49758.0)
(255, 19.404991626739502, -199918.0, -49758.0)
(256, 19.48809552192688, -199918.0, -49758.0)
(257, 19.5757839679718, -199918.0, -49758.0)
(258, 19.653395175933838, -199918.0, -49758.0)
(259, 19.74011468887329, -199918.0, -49758.0)
(260, 19.834888219833374, -199918.0, -49758.0)
(261, 19.92692255973816, -199918.0, -49758.0)
(262, 20.02016568183899, -199918.0, -49758.0)
(263, 20.118451595306396, -199918.0, -49758.0)
(264, 20.20465874671936, -199918.0, -49758.0)
(265, 20.288975715637207, -199918.0, -49758.0)
(266, 20.371352195739746, -199918.0, -49758.0)
(267, 20.45826554298401, -199918.0, -49758.0)
(268, 20.536227226257324, -199918.0, -49758.0)
(269, 20.622910737991333, -199918.0, -49758.0)
(270, 20.70101284980774, -199918.0, -49758.0)
(271, 20.775924682617188, -199918.0, -49758.0)
(272, 20.859230756759644, -199918.0, -49758.0)
(273, 20.929676294326782, -199918.0, -49758.0)
(274, 21.010459661483765, -199918.0, -49758.0)
(275, 21.100311517715454, -199918.0, -49758.0)
(276, 21.18109941482544, -199918.0, -49758.0)
(277, 21.270873069763184, -199918.0, -49758.0)
(278, 21.359904050827026, -199918.0, -49758.0)
(279, 21.45111918449402, -199918.0, -49758.0)
(280, 21.540969848632812, -199918.0, -49758.0)
(281, 21.623709440231323, -199918.0, -49758.0)
(282, 21.706576347351074, -199918.0, -49758.0)
(283, 21.785486221313477, -199918.0, -49758.0)
(284, 21.87365961074829, -199918.0, -49758.0)
(285, 21.95482349395752, -199918.0, -49758.0)
(286, 22.037736177444458, -199918.0, -49758.0)
(287, 22.12307119369507, -199918.0, -49758.0)
(288, 22.214969396591187, -199918.0, -49758.0)
(289, 22.29525852203369, -199918.0, -49758.0)
(290, 22.375256061553955, -199918.0, -49758.0)
(291, 22.464479446411133, -199918.0, -49758.0)
(292, 22.55842113494873, -199918.0, -49758.0)
(293, 22.65114688873291, -199918.0, -49758.0)
(294, 22.736024379730225, -199918.0, -49758.0)
(295, 22.830249071121216, -199918.0, -49758.0)
(296, 22.91635274887085, -199918.0, -49758.0)
(297, 23.007112741470337, -199918.0, -49758.0)
(298, 23.090014934539795, -199918.0, -49758.0)
(299, 23.179827213287354, -199918.0, -49758.0)
(300, 23.271432399749756, -199918.0, -49758.0)
(301, 23.354560136795044, -199918.0, -49758.0)
(302, 23.439823150634766, -199918.0, -49758.0)
(303, 23.52229642868042, -199918.0, -49758.0)
(304, 23.609479427337646, -199918.0, -49758.0)
(305, 23.700809955596924, -199918.0, -49758.0)
(306, 23.794901371002197, -199918.0, -49758.0)
(307, 23.88420271873474, -199918.0, -49758.0)
(308, 23.98701810836792, -199918.0, -49758.0)
(309, 24.089986324310303, -199918.0, -49758.0)
(310, 24.178829431533813, -199918.0, -49758.0)
(311, 24.26213574409485, -199918.0, -49758.0)
(312, 24.34960412979126, -199918.0, -49758.0)
(313, 24.44361448287964, -199918.0, -49758.0)
(314, 24.535398483276367, -199918.0, -49758.0)
(315, 24.614678621292114, -199918.0, -49758.0)
(316, 24.71078896522522, -199918.0, -49758.0)
(317, 24.804373741149902, -199918.0, -49758.0)
(318, 24.88816523551941, -199918.0, -49758.0)
(319, 24.980700731277466, -199918.0, -49758.0)
(320, 25.06440544128418, -199918.0, -49758.0)
(321, 25.1480131149292, -199918.0, -49758.0)
(322, 25.23290228843689, -199918.0, -49758.0)
(323, 25.326045751571655, -199918.0, -49758.0)
(324, 25.418007850646973, -199918.0, -49758.0)
(325, 25.512490272521973, -199918.0, -49758.0)
(326, 25.59354043006897, -199918.0, -49758.0)
(327, 25.680209636688232, -199918.0, -49758.0)
(328, 25.786532163619995, -199918.0, -49758.0)
(329, 25.892115831375122, -199918.0, -49758.0)
(330, 25.980619192123413, -199918.0, -49758.0)
(331, 26.07725167274475, -199918.0, -49758.0)
(332, 26.172021865844727, -199918.0, -49758.0)
(333, 26.262162923812866, -199918.0, -49758.0)
(334, 26.3575758934021, -199918.0, -49758.0)
(335, 26.444729804992676, -199918.0, -49758.0)
(336, 26.54046630859375, -199918.0, -49758.0)
(337, 26.629790544509888, -199918.0, -49758.0)
(338, 26.716554164886475, -199918.0, -49758.0)
(339, 26.798197031021118, -199918.0, -49758.0)
(340, 26.888665676116943, -199918.0, -49758.0)
(341, 26.986108541488647, -199918.0, -49758.0)
(342, 27.075945615768433, -199918.0, -49758.0)
(343, 27.169716835021973, -199918.0, -49758.0)
(344, 27.254163026809692, -199918.0, -49758.0)
(345, 27.346903800964355, -199918.0, -49758.0)
(346, 27.44154191017151, -199918.0, -49758.0)
(347, 27.526710033416748, -199918.0, -49758.0)
(348, 27.610732793807983, -199918.0, -49758.0)
(349, 27.700406074523926, -199918.0, -49758.0)
(350, 27.795928955078125, -199918.0, -49758.0)
(351, 27.88715100288391, -199918.0, -49758.0)
(352, 27.973499536514282, -199918.0, -49758.0)
(353, 28.070306301116943, -199918.0, -49758.0)
(354, 28.17156434059143, -199918.0, -49758.0)
(355, 28.26218008995056, -199918.0, -49758.0)
(356, 28.352922201156616, -199918.0, -49758.0)
(357, 28.44748544692993, -199918.0, -49758.0)
(358, 28.53615689277649, -199918.0, -49758.0)
(359, 28.632887363433838, -199918.0, -49758.0)
(360, 28.731055974960327, -199918.0, -49758.0)
(361, 28.831712245941162, -199918.0, -49758.0)
(362, 28.94863247871399, -199918.0, -49758.0)
(363, 29.054121017456055, -199918.0, -49758.0)
(364, 29.16935086250305, -199918.0, -49758.0)
(365, 29.274433374404907, -199918.0, -49758.0)
(366, 29.366145372390747, -199918.0, -49758.0)
(367, 29.460394382476807, -199918.0, -49758.0)
(368, 29.544249057769775, -199918.0, -49758.0)
(369, 29.636256217956543, -199918.0, -49758.0)
(370, 29.73675847053528, -199918.0, -49758.0)
(371, 29.822795867919922, -199918.0, -49758.0)
(372, 29.91235661506653, -199918.0, -49758.0)
(373, 30.005005598068237, -199918.0, -49758.0)
(374, 30.10511040687561, -199918.0, -49758.0)
(375, 30.20166039466858, -199918.0, -49758.0)
(376, 30.292611122131348, -199918.0, -49758.0)
(377, 30.39002227783203, -199918.0, -49758.0)
(378, 30.49041986465454, -199918.0, -49758.0)
(379, 30.58401107788086, -199918.0, -49758.0)
(380, 30.68968629837036, -199918.0, -49758.0)
(381, 30.791569232940674, -199918.0, -49758.0)
(382, 30.895559310913086, -199918.0, -49758.0)
(383, 30.9928138256073, -199918.0, -49758.0)
(384, 31.096348524093628, -199918.0, -49758.0)
(385, 31.202078819274902, -199918.0, -49758.0)
(386, 31.28622555732727, -199918.0, -49758.0)
(387, 31.382129907608032, -199918.0, -49758.0)
(388, 31.4779634475708, -199918.0, -49758.0)
(389, 31.568190574645996, -199918.0, -49758.0)
(390, 31.673636198043823, -199918.0, -49758.0)
(391, 31.772536993026733, -199918.0, -49758.0)
(392, 31.87230896949768, -199918.0, -49758.0)
(393, 31.983112573623657, -199918.0, -49758.0)
(394, 32.07962369918823, -199918.0, -49758.0)
(395, 32.171062707901, -199918.0, -49758.0)
(396, 32.263710021972656, -199918.0, -49758.0)
(397, 32.349096059799194, -199918.0, -49758.0)
(398, 32.43706011772156, -199918.0, -49758.0)
(399, 32.518197774887085, -199918.0, -49758.0)
(400, 32.614821910858154, -199918.0, -49758.0)
(401, 32.711602210998535, -199918.0, -49758.0)
(402, 32.80599117279053, -199918.0, -49758.0)
(403, 32.905972480773926, -199918.0, -49758.0)
(404, 33.00742435455322, -199918.0, -49758.0)
(405, 33.105162382125854, -199918.0, -49758.0)
(406, 33.20694351196289, -199918.0, -49758.0)
(407, 33.29664063453674, -199918.0, -49758.0)
(408, 33.4111168384552, -199918.0, -49758.0)
(409, 33.51628541946411, -199918.0, -49758.0)
(410, 33.618754386901855, -199918.0, -49758.0)
(411, 33.73554515838623, -199918.0, -49758.0)
(412, 33.829914808273315, -199918.0, -49758.0)
(413, 33.93755650520325, -199918.0, -49758.0)
(414, 34.04521059989929, -199918.0, -49758.0)
(415, 34.16499090194702, -199918.0, -49758.0)
(416, 34.272223234176636, -199918.0, -49758.0)
(417, 34.387184381484985, -199918.0, -49758.0)
(418, 34.50882840156555, -199918.0, -49758.0)
(419, 34.62513446807861, -199918.0, -49758.0)
(420, 34.75003528594971, -199918.0, -49758.0)
(421, 34.87035036087036, -199918.0, -49758.0)
(422, 34.97853422164917, -199918.0, -49758.0)
(423, 35.09227967262268, -199918.0, -49758.0)
(424, 35.1886043548584, -199918.0, -49758.0)
(425, 35.30268383026123, -199918.0, -49758.0)
(426, 35.39097619056702, -199918.0, -49758.0)
(427, 35.50882029533386, -199918.0, -49758.0)
(428, 35.623732566833496, -199918.0, -49758.0)
(429, 35.73269033432007, -199918.0, -49758.0)
(430, 35.839531660079956, -199918.0, -49758.0)
(431, 35.952921867370605, -199918.0, -49758.0)
(432, 36.07058906555176, -199918.0, -49758.0)
(433, 36.17970418930054, -199918.0, -49758.0)
(434, 36.297192096710205, -199918.0, -49758.0)
(435, 36.41520619392395, -199918.0, -49758.0)
(436, 36.53697443008423, -199918.0, -49758.0)
(437, 36.64360547065735, -199918.0, -49758.0)
(438, 36.75445580482483, -199918.0, -49758.0)
(439, 36.85652756690979, -199918.0, -49758.0)
(440, 36.97648763656616, -199918.0, -49758.0)
(441, 37.08914136886597, -199918.0, -49758.0)
(442, 37.19759702682495, -199918.0, -49758.0)
(443, 37.314812421798706, -199918.0, -49758.0)
(444, 37.420185565948486, -199918.0, -49758.0)
(445, 37.525418758392334, -199918.0, -49758.0)
(446, 37.63907265663147, -199918.0, -49758.0)
(447, 37.72494029998779, -199918.0, -49758.0)
(448, 37.833303689956665, -199918.0, -49758.0)
(449, 37.93934917449951, -199918.0, -49758.0)
(450, 38.036741733551025, -199918.0, -49758.0)
(451, 38.13937067985535, -199918.0, -49758.0)
(452, 38.24663424491882, -199918.0, -49758.0)
(453, 38.36116147041321, -199918.0, -49758.0)
(454, 38.46560549736023, -199918.0, -49758.0)
(455, 38.58131408691406, -199918.0, -49758.0)
(456, 38.6791045665741, -199918.0, -49758.0)
(457, 38.791876792907715, -199918.0, -49758.0)
(458, 38.919235944747925, -199918.0, -49758.0)
(459, 39.01295518875122, -199918.0, -49758.0)
(460, 39.12553143501282, -199918.0, -49758.0)
(461, 39.23808670043945, -199918.0, -49758.0)
(462, 39.34927701950073, -199918.0, -49758.0)
(463, 39.460336685180664, -199918.0, -49758.0)
(464, 39.58343744277954, -199918.0, -49758.0)
(465, 39.696096658706665, -199918.0, -49758.0)
(466, 39.811524629592896, -199918.0, -49758.0)
(467, 39.93275833129883, -199918.0, -49758.0)
(468, 40.05312514305115, -199918.0, -49758.0)
(469, 40.159940242767334, -199918.0, -49758.0)
(470, 40.26824474334717, -199918.0, -49758.0)
(471, 40.39782166481018, -199918.0, -49758.0)
(472, 40.51914715766907, -199918.0, -49758.0)
(473, 40.64421105384827, -199918.0, -49758.0)
(474, 40.77907586097717, -199918.0, -49758.0)
(475, 40.90199851989746, -199918.0, -49758.0)
(476, 41.014249086380005, -199918.0, -49758.0)
(477, 41.14508318901062, -199918.0, -49758.0)
(478, 41.26174354553223, -199918.0, -49758.0)
(479, 41.38699531555176, -199918.0, -49758.0)
(480, 41.50958323478699, -199918.0, -49758.0)
(481, 41.61998891830444, -199918.0, -49758.0)
(482, 41.70366883277893, -199918.0, -49758.0)
(483, 41.81092643737793, -199918.0, -49758.0)
(484, 41.91292858123779, -199918.0, -49758.0)
(485, 42.040963888168335, -199918.0, -49758.0)
(486, 42.154449701309204, -199918.0, -49758.0)
(487, 42.24708366394043, -199918.0, -49758.0)
(488, 42.368109464645386, -199918.0, -49758.0)
(489, 42.47485852241516, -199918.0, -49758.0)
(490, 42.603118896484375, -199918.0, -49758.0)
(491, 42.72864627838135, -199918.0, -49758.0)
(492, 42.83091950416565, -199918.0, -49758.0)
(493, 42.95545220375061, -199918.0, -49758.0)
(494, 43.05467391014099, -199918.0, -49758.0)
(495, 43.165650844573975, -199918.0, -49758.0)
(496, 43.2698495388031, -199918.0, -49758.0)
(497, 43.37247085571289, -199918.0, -49758.0)
(498, 43.47829055786133, -199918.0, -49758.0)
(499, 43.58762812614441, -199918.0, -49758.0)
(500, 43.688883781433105, -199918.0, -49758.0)
(501, 43.79328393936157, -199918.0, -49758.0)
(502, 43.90745735168457, -199918.0, -49758.0)
(503, 44.01645374298096, -199918.0, -49758.0)
(504, 44.10527276992798, -199918.0, -49758.0)
(505, 44.197717905044556, -199918.0, -49758.0)
(506, 44.31926989555359, -199918.0, -49758.0)
(507, 44.440579891204834, -199918.0, -49758.0)
(508, 44.558505058288574, -199918.0, -49758.0)
(509, 44.65057396888733, -199918.0, -49758.0)
(510, 44.765533685684204, -199918.0, -49758.0)
(511, 44.87075996398926, -199918.0, -49758.0)
(512, 44.97050428390503, -199918.0, -49758.0)
(513, 45.08145618438721, -199918.0, -49758.0)
(514, 45.16852259635925, -199918.0, -49758.0)
(515, 45.249781370162964, -199918.0, -49758.0)
(516, 45.335269927978516, -199918.0, -49758.0)
(517, 45.427507162094116, -199918.0, -49758.0)
(518, 45.518113136291504, -199918.0, -49758.0)
(519, 45.61525893211365, -199918.0, -49758.0)
(520, 45.68352437019348, -199918.0, -49758.0)
(521, 45.76115536689758, -199918.0, -49758.0)
(522, 45.85046601295471, -199918.0, -49758.0)
(523, 45.935261964797974, -199918.0, -49758.0)
(524, 46.03995156288147, -199918.0, -49758.0)
(525, 46.12524938583374, -199918.0, -49758.0)
(526, 46.20937752723694, -199918.0, -49758.0)
(527, 46.31920623779297, -199918.0, -49758.0)
(528, 46.409889459609985, -199918.0, -49758.0)
(529, 46.48839282989502, -199918.0, -49758.0)
(530, 46.565064668655396, -199918.0, -49758.0)
(531, 46.69083595275879, -199918.0, -49758.0)
(532, 46.77873635292053, -199918.0, -49758.0)
(533, 46.86931848526001, -199918.0, -49758.0)
(534, 46.968854904174805, -199918.0, -49758.0)
(535, 47.05230474472046, -199918.0, -49758.0)
(536, 47.131651878356934, -199918.0, -49758.0)
(537, 47.25280404090881, -199918.0, -49758.0)
(538, 47.34255266189575, -199918.0, -49758.0)
(539, 47.409982681274414, -199918.0, -49758.0)
(540, 47.51242637634277, -199918.0, -49758.0)
(541, 47.580530881881714, -199918.0, -49758.0)
(542, 47.66979360580444, -199918.0, -49758.0)
(543, 47.74850845336914, -199918.0, -49758.0)
(544, 47.84324884414673, -199918.0, -49758.0)
(545, 47.93590426445007, -199918.0, -49758.0)
(546, 48.03275465965271, -199918.0, -49758.0)
(547, 48.12553882598877, -199918.0, -49758.0)
(548, 48.233166456222534, -199918.0, -49758.0)
(549, 48.36021041870117, -199918.0, -49758.0)
(550, 48.502002000808716, -199918.0, -49758.0)
(551, 48.64808225631714, -199918.0, -49758.0)
(552, 48.75244855880737, -199918.0, -49758.0)
(553, 48.86347150802612, -199918.0, -49758.0)
(554, 48.96203422546387, -199918.0, -49758.0)
(555, 49.0570433139801, -199918.0, -49758.0)
(556, 49.18610954284668, -199918.0, -49758.0)
(557, 49.284345388412476, -199918.0, -49758.0)
(558, 49.3514347076416, -199918.0, -49758.0)
(559, 49.4471230506897, -199918.0, -49758.0)
(560, 49.52244853973389, -199918.0, -49758.0)
(561, 49.61915040016174, -199918.0, -49758.0)
(562, 49.69897127151489, -199918.0, -49758.0)
(563, 49.7675940990448, -199918.0, -49758.0)
(564, 49.857407569885254, -199918.0, -49758.0)
(565, 49.944249391555786, -199918.0, -49758.0)
(566, 50.01606225967407, -199918.0, -49758.0)
(567, 50.101741313934326, -199918.0, -49758.0)
(568, 50.171881437301636, -199918.0, -49758.0)
(569, 50.2442352771759, -199918.0, -49758.0)
(570, 50.351197481155396, -199918.0, -49758.0)
(571, 50.42272973060608, -199918.0, -49758.0)
(572, 50.51486086845398, -199918.0, -49758.0)
(573, 50.62511324882507, -199918.0, -49758.0)
(574, 50.721052169799805, -199918.0, -49758.0)
(575, 50.81134653091431, -199918.0, -49758.0)
(576, 50.90339159965515, -199918.0, -49758.0)
(577, 50.984225273132324, -199918.0, -49758.0)
(578, 51.082069873809814, -199918.0, -49758.0)
(579, 51.17179203033447, -199918.0, -49758.0)
(580, 51.26884746551514, -199918.0, -49758.0)
(581, 51.362587451934814, -199918.0, -49758.0)
(582, 51.45007634162903, -199918.0, -49758.0)
(583, 51.52864599227905, -199918.0, -49758.0)
(584, 51.61748147010803, -199918.0, -49758.0)
(585, 51.69405245780945, -199918.0, -49758.0)
(586, 51.78421139717102, -199918.0, -49758.0)
(587, 51.88030552864075, -199918.0, -49758.0)
(588, 51.94378185272217, -199918.0, -49758.0)
(589, 52.033085107803345, -199918.0, -49758.0)
(590, 52.125471353530884, -199918.0, -49758.0)
(591, 52.19369339942932, -199918.0, -49758.0)
(592, 52.28791618347168, -199918.0, -49758.0)
(593, 52.382572412490845, -199918.0, -49758.0)
(594, 52.478498697280884, -199918.0, -49758.0)
(595, 52.5481698513031, -199918.0, -49758.0)
(596, 52.63080072402954, -199918.0, -49758.0)
(597, 52.73078513145447, -199918.0, -49758.0)
(598, 52.811808586120605, -199918.0, -49758.0)
(599, 52.92970514297485, -199918.0, -49758.0)
(600, 53.02134108543396, -199918.0, -49758.0)
(601, 53.10776138305664, -199918.0, -49758.0)
(602, 53.20597314834595, -199918.0, -49758.0)
(603, 53.284483909606934, -199918.0, -49758.0)
(604, 53.374212980270386, -199918.0, -49758.0)
(605, 53.46386742591858, -199918.0, -49758.0)
(606, 53.55098509788513, -199918.0, -49758.0)
(607, 53.631108045578, -199918.0, -49758.0)
(608, 53.73368716239929, -199918.0, -49758.0)
(609, 53.81206655502319, -199918.0, -49758.0)
(610, 53.897510290145874, -199918.0, -49758.0)
(611, 53.989752531051636, -199918.0, -49758.0)
(612, 54.138699531555176, -199918.0, -49758.0)
(613, 54.278175830841064, -199918.0, -49758.0)
(614, 54.4200222492218, -199918.0, -49758.0)
(615, 54.54181528091431, -199918.0, -49758.0)
(616, 54.65769362449646, -199918.0, -49758.0)
(617, 54.73039960861206, -199918.0, -49758.0)
(618, 54.85019016265869, -199918.0, -49758.0)
(619, 54.93467926979065, -199918.0, -49758.0)
(620, 55.037184953689575, -199918.0, -49758.0)
(621, 55.10935115814209, -199918.0, -49758.0)
(622, 55.20090675354004, -199918.0, -49758.0)
(623, 55.28240084648132, -199918.0, -49758.0)
(624, 55.376583099365234, -199918.0, -49758.0)
(625, 55.471015214920044, -199918.0, -49758.0)
(626, 55.564016342163086, -199918.0, -49758.0)
(627, 55.65784001350403, -199918.0, -49758.0)
(628, 55.76177263259888, -199918.0, -49758.0)
(629, 55.853984117507935, -199918.0, -49758.0)
(630, 55.95248246192932, -199918.0, -49758.0)
(631, 56.05609726905823, -199918.0, -49758.0)
(632, 56.15122199058533, -199918.0, -49758.0)
(633, 56.24425029754639, -199918.0, -49758.0)
(634, 56.33667802810669, -199918.0, -49758.0)
(635, 56.433205366134644, -199918.0, -49758.0)
(636, 56.52780246734619, -199918.0, -49758.0)
(637, 56.59143900871277, -199918.0, -49758.0)
(638, 56.668492794036865, -199918.0, -49758.0)
(639, 56.74923849105835, -199918.0, -49758.0)
(640, 56.831799030303955, -199918.0, -49758.0)
(641, 56.93302822113037, -199918.0, -49758.0)
(642, 57.03128170967102, -199918.0, -49758.0)
(643, 57.13223361968994, -199918.0, -49758.0)
(644, 57.20290184020996, -199918.0, -49758.0)
(645, 57.29467296600342, -199918.0, -49758.0)
(646, 57.390743017196655, -199918.0, -49758.0)
(647, 57.495827436447144, -199918.0, -49758.0)
(648, 57.59791278839111, -199918.0, -49758.0)
(649, 57.707648515701294, -199918.0, -49758.0)
(650, 57.82483649253845, -199918.0, -49758.0)
(651, 57.933120250701904, -199918.0, -49758.0)
(652, 58.03763222694397, -199918.0, -49758.0)
(653, 58.14618468284607, -199918.0, -49758.0)
(654, 58.30406856536865, -199918.0, -49758.0)
(655, 58.44847083091736, -199918.0, -49758.0)
(656, 58.55467677116394, -199918.0, -49758.0)
(657, 58.68503499031067, -199918.0, -49758.0)
(658, 58.80922770500183, -199918.0, -49758.0)
(659, 58.912492990493774, -199918.0, -49758.0)
(660, 59.02631068229675, -199918.0, -49758.0)
(661, 59.12948799133301, -199918.0, -49758.0)
(662, 59.22604751586914, -199918.0, -49758.0)
(663, 59.322476863861084, -199918.0, -49758.0)
(664, 59.43170380592346, -199918.0, -49758.0)
(665, 59.52757143974304, -199918.0, -49758.0)
(666, 59.630231618881226, -199918.0, -49758.0)
(667, 59.738977670669556, -199918.0, -49758.0)
(668, 59.85112929344177, -199918.0, -49758.0)
(669, 59.956650495529175, -199918.0, -49758.0)
(670, 60.069366455078125, -199918.0, -49758.0)
(671, 60.226717948913574, -199918.0, -49758.0)
(672, 60.38896942138672, -199918.0, -49758.0)
(673, 60.543428897857666, -199918.0, -49758.0)
(674, 60.70270895957947, -199918.0, -49758.0)
(675, 60.85581183433533, -199918.0, -49758.0)
(676, 60.99200129508972, -199918.0, -49758.0)
(677, 61.11945676803589, -199918.0, -49758.0)
(678, 61.22427988052368, -199918.0, -49758.0)
(679, 61.33956480026245, -199918.0, -49758.0)
(680, 61.45918655395508, -199918.0, -49758.0)
(681, 61.57837390899658, -199918.0, -49758.0)
(682, 61.67980241775513, -199918.0, -49758.0)
(683, 61.78563451766968, -199918.0, -49758.0)
(684, 61.89249801635742, -199918.0, -49758.0)
(685, 62.010839223861694, -199918.0, -49758.0)
(686, 62.11758470535278, -199918.0, -49758.0)
(687, 62.21792411804199, -199918.0, -49758.0)
(688, 62.32196068763733, -199918.0, -49758.0)
(689, 62.42298650741577, -199918.0, -49758.0)
(690, 62.530176877975464, -199918.0, -49758.0)
(691, 62.64819669723511, -199918.0, -49758.0)
(692, 62.75880813598633, -199918.0, -49758.0)
(693, 62.886009216308594, -199918.0, -49758.0)
(694, 63.01391053199768, -199918.0, -49758.0)
(695, 63.11520957946777, -199918.0, -49758.0)
(696, 63.2252299785614, -199918.0, -49758.0)
(697, 63.325664043426514, -199918.0, -49758.0)
(698, 63.446680545806885, -199918.0, -49758.0)
(699, 63.55129313468933, -199918.0, -49758.0)
(700, 63.66134333610535, -199918.0, -49758.0)
(701, 63.79217338562012, -199918.0, -49758.0)
(702, 63.92897319793701, -199918.0, -49758.0)
(703, 64.05537223815918, -199918.0, -49758.0)
(704, 64.1825897693634, -199918.0, -49758.0)
(705, 64.31530618667603, -199918.0, -49758.0)
(706, 64.4389979839325, -199918.0, -49758.0)
(707, 64.56084251403809, -199918.0, -49758.0)
(708, 64.69076704978943, -199918.0, -49758.0)
(709, 64.79905295372009, -199918.0, -49758.0)
(710, 64.9202241897583, -199918.0, -49758.0)
(711, 65.04080843925476, -199918.0, -49758.0)
(712, 65.16228032112122, -199918.0, -49758.0)
(713, 65.28079319000244, -199918.0, -49758.0)
(714, 65.39345026016235, -199918.0, -49758.0)
(715, 65.4943745136261, -199918.0, -49758.0)
(716, 65.60479879379272, -199918.0, -49758.0)
(717, 65.71555542945862, -199918.0, -49758.0)
(718, 65.84393429756165, -199918.0, -49758.0)
(719, 65.96952104568481, -199918.0, -49758.0)
(720, 66.09020376205444, -199918.0, -49758.0)
(721, 66.21952748298645, -199918.0, -49758.0)
(722, 66.36611104011536, -199918.0, -49758.0)
(723, 66.49485874176025, -199918.0, -49758.0)
(724, 66.63618612289429, -199918.0, -49758.0)
(725, 66.77547073364258, -199918.0, -49758.0)
(726, 66.93178296089172, -199918.0, -49758.0)
(727, 67.09346508979797, -199918.0, -49758.0)
(728, 67.25033903121948, -199918.0, -49758.0)
(729, 67.39811110496521, -199918.0, -49758.0)
(730, 67.53943371772766, -199918.0, -49758.0)
(731, 67.7008638381958, -199918.0, -49758.0)
(732, 67.87412095069885, -199918.0, -49758.0)
(733, 68.06421542167664, -199918.0, -49758.0)
(734, 68.2326443195343, -199918.0, -49758.0)
(735, 68.38570070266724, -199918.0, -49758.0)
(736, 68.57624912261963, -199918.0, -49758.0)
(737, 68.72028493881226, -199918.0, -49758.0)
(738, 68.86543798446655, -199918.0, -49758.0)
(739, 69.00340819358826, -199918.0, -49758.0)
(740, 69.11184620857239, -199918.0, -49758.0)
(741, 69.2375967502594, -199918.0, -49758.0)
(742, 69.33683061599731, -199918.0, -49758.0)
(743, 69.46142625808716, -199918.0, -49758.0)
(744, 69.59108090400696, -199918.0, -49758.0)
(745, 69.71057844161987, -199918.0, -49758.0)
(746, 69.82223773002625, -199918.0, -49758.0)
(747, 69.96504473686218, -199918.0, -49758.0)
(748, 70.10027813911438, -199918.0, -49758.0)
(749, 70.23447561264038, -199918.0, -49758.0)
(750, 70.36641693115234, -199918.0, -49758.0)
(751, 70.5042941570282, -199918.0, -49758.0)
(752, 70.63345289230347, -199918.0, -49758.0)
(753, 70.7743980884552, -199918.0, -49758.0)
(754, 70.92697024345398, -199918.0, -49758.0)
(755, 71.05353260040283, -199918.0, -49758.0)
(756, 71.21049094200134, -199918.0, -49758.0)
(757, 71.35964035987854, -199918.0, -49758.0)
(758, 71.5015161037445, -199918.0, -49758.0)
(759, 71.65857172012329, -199918.0, -49758.0)
(760, 71.81143641471863, -199918.0, -49758.0)
(761, 71.97381567955017, -199918.0, -49758.0)
(762, 72.13292384147644, -199918.0, -49758.0)
(763, 72.26633906364441, -199918.0, -49758.0)
(764, 72.40651202201843, -199918.0, -49758.0)
(765, 72.55438756942749, -199918.0, -49758.0)
(766, 72.69564270973206, -199918.0, -49758.0)
(767, 72.85475397109985, -199918.0, -49758.0)
(768, 72.99016499519348, -199918.0, -49758.0)
(769, 73.15554618835449, -199918.0, -49758.0)
(770, 73.30956196784973, -199918.0, -49758.0)
(771, 73.46319389343262, -199918.0, -49758.0)
(772, 73.63660860061646, -199918.0, -49758.0)
(773, 73.7998993396759, -199918.0, -49758.0)
(774, 73.94848918914795, -199918.0, -49758.0)
(775, 74.10856556892395, -199918.0, -49758.0)
(776, 74.20815944671631, -199918.0, -49758.0)
(777, 74.35431718826294, -199918.0, -49758.0)
(778, 74.50687074661255, -199918.0, -49758.0)
(779, 74.63835763931274, -199918.0, -49758.0)
(780, 74.75898289680481, -199918.0, -49758.0)
(781, 74.90694093704224, -199918.0, -49758.0)
(782, 75.05750131607056, -199918.0, -49758.0)
(783, 75.1812584400177, -199918.0, -49758.0)
(784, 75.31243395805359, -199918.0, -49758.0)
(785, 75.45311188697815, -199918.0, -49758.0)
(786, 75.6287612915039, -199918.0, -49758.0)
(787, 75.78471946716309, -199918.0, -49758.0)
(788, 75.90797448158264, -199918.0, -49758.0)
(789, 76.06800675392151, -199918.0, -49758.0)
(790, 76.23963832855225, -199918.0, -49758.0)
(791, 76.41396951675415, -199918.0, -49758.0)
(792, 76.60478234291077, -199918.0, -49758.0)
(793, 76.77937364578247, -199918.0, -49758.0)
(794, 76.92570304870605, -199918.0, -49758.0)
(795, 77.0780656337738, -199918.0, -49758.0)
(796, 77.21631622314453, -199918.0, -49758.0)
(797, 77.37411665916443, -199918.0, -49758.0)
(798, 77.49108552932739, -199918.0, -49758.0)
(799, 77.66143536567688, -199918.0, -49758.0)
(800, 77.79104828834534, -199918.0, -49758.0)
(801, 77.9401957988739, -199918.0, -49758.0)
(802, 78.09264373779297, -199918.0, -49758.0)
(803, 78.21040201187134, -199918.0, -49758.0)
(804, 78.35665082931519, -199918.0, -49758.0)
(805, 78.49707388877869, -199918.0, -49758.0)
(806, 78.62192130088806, -199918.0, -49758.0)
(807, 78.72645902633667, -199918.0, -49758.0)
(808, 78.857417345047, -199918.0, -49758.0)
(809, 78.98496890068054, -199918.0, -49758.0)
(810, 79.11286234855652, -199918.0, -49758.0)
(811, 79.264089345932, -199918.0, -49758.0)
(812, 79.36121773719788, -199918.0, -49758.0)
(813, 79.51547241210938, -199918.0, -49758.0)
(814, 79.64200735092163, -199918.0, -49758.0)
(815, 79.78044629096985, -199918.0, -49758.0)
(816, 79.91828107833862, -199918.0, -49758.0)
(817, 80.09143233299255, -199918.0, -49758.0)
(818, 80.29716753959656, -199918.0, -49758.0)
(819, 80.49131917953491, -199918.0, -49758.0)
(820, 80.65257382392883, -199918.0, -49758.0)
(821, 80.74047183990479, -199918.0, -49758.0)
(822, 80.8225769996643, -199918.0, -49758.0)
(823, 80.93980979919434, -199918.0, -49758.0)
(824, 81.02709722518921, -199918.0, -49758.0)
(825, 81.14923667907715, -199918.0, -49758.0)
(826, 81.27047348022461, -199918.0, -49758.0)
(827, 81.35066032409668, -199918.0, -49758.0)
(828, 81.46380591392517, -199918.0, -49758.0)
(829, 81.61179161071777, -199918.0, -49758.0)
(830, 81.71286606788635, -199918.0, -49758.0)
(831, 81.8555555343628, -199918.0, -49758.0)
(832, 81.98210883140564, -199918.0, -49758.0)
(833, 82.11338543891907, -199918.0, -49758.0)
(834, 82.24674606323242, -199918.0, -49758.0)
(835, 82.3823754787445, -199918.0, -49758.0)
(836, 82.55580639839172, -199918.0, -49758.0)
(837, 82.7317624092102, -199918.0, -49758.0)
(838, 82.9136643409729, -199918.0, -49758.0)
(839, 83.10393047332764, -199918.0, -49758.0)
(840, 83.2404100894928, -199918.0, -49758.0)
(841, 83.35756182670593, -199918.0, -49758.0)
(842, 83.49025321006775, -199918.0, -49758.0)
(843, 83.60509657859802, -199918.0, -49758.0)
(844, 83.71697902679443, -199918.0, -49758.0)
(845, 83.834477186203, -199918.0, -49758.0)
(846, 83.95163321495056, -199918.0, -49758.0)
(847, 84.05237698554993, -199918.0, -49758.0)
(848, 84.16514134407043, -199918.0, -49758.0)
(849, 84.26812672615051, -199918.0, -49758.0)
(850, 84.37797784805298, -199918.0, -49758.0)
(851, 84.50460743904114, -199918.0, -49758.0)
(852, 84.63254904747009, -199918.0, -49758.0)
(853, 84.74381470680237, -199918.0, -49758.0)
(854, 84.88551545143127, -199918.0, -49758.0)
(855, 85.00373697280884, -199918.0, -49758.0)
(856, 85.12133455276489, -199918.0, -49758.0)
(857, 85.25478649139404, -199918.0, -49758.0)
(858, 85.40055465698242, -199918.0, -49758.0)
(859, 85.53480768203735, -199918.0, -49758.0)
(860, 85.67097973823547, -199918.0, -49758.0)
(861, 85.79769206047058, -199918.0, -49758.0)
(862, 85.90886688232422, -199918.0, -49758.0)
(863, 86.05134987831116, -199918.0, -49758.0)
(864, 86.20658707618713, -199918.0, -49758.0)
(865, 86.36642265319824, -199918.0, -49758.0)
(866, 86.50916290283203, -199918.0, -49758.0)
(867, 86.65372824668884, -199918.0, -49758.0)
(868, 86.80648279190063, -199918.0, -49758.0)
(869, 86.95545148849487, -199918.0, -49758.0)
(870, 87.1078987121582, -199918.0, -49758.0)
(871, 87.2532217502594, -199918.0, -49758.0)
(872, 87.3978681564331, -199918.0, -49758.0)
(873, 87.54678916931152, -199918.0, -49758.0)
(874, 87.69105100631714, -199918.0, -49758.0)
(875, 87.85752606391907, -199918.0, -49758.0)
(876, 88.00279998779297, -199918.0, -49758.0)
(877, 88.15510249137878, -199918.0, -49758.0)
(878, 88.31703782081604, -199918.0, -49758.0)
(879, 88.47986841201782, -199918.0, -49758.0)
(880, 88.61526870727539, -199918.0, -49758.0)
(881, 88.74188542366028, -199918.0, -49758.0)
(882, 88.88180756568909, -199918.0, -49758.0)
(883, 88.99998617172241, -199918.0, -49758.0)
(884, 89.13715863227844, -199918.0, -49758.0)
(885, 89.27455353736877, -199918.0, -49758.0)
(886, 89.41061782836914, -199918.0, -49758.0)
(887, 89.56123924255371, -199918.0, -49758.0)
(888, 89.70218276977539, -199918.0, -49758.0)
(889, 89.86695957183838, -199918.0, -49758.0)
(890, 89.99279022216797, -199918.0, -49758.0)
(891, 90.16025948524475, -199918.0, -49758.0)
(892, 90.31097865104675, -199918.0, -49758.0)
(893, 90.47127079963684, -199918.0, -49758.0)
(894, 90.59824848175049, -199918.0, -49758.0)
(895, 90.76456689834595, -199918.0, -49758.0)
(896, 90.90464782714844, -199918.0, -49758.0)
(897, 91.06741070747375, -199918.0, -49758.0)
(898, 91.23124027252197, -199918.0, -49758.0)
(899, 91.38481497764587, -199918.0, -49758.0)
(900, 91.55202507972717, -199918.0, -49758.0)
(901, 91.71473288536072, -199918.0, -49758.0)
(902, 91.87854242324829, -199918.0, -49758.0)
(903, 92.03596568107605, -199918.0, -49758.0)
(904, 92.19186067581177, -199918.0, -49758.0)
(905, 92.35568046569824, -199918.0, -49758.0)
(906, 92.52793192863464, -199918.0, -49758.0)
(907, 92.73346400260925, -199918.0, -49758.0)
(908, 92.91877126693726, -199918.0, -49758.0)
(909, 93.09771418571472, -199918.0, -49758.0)
(910, 93.28560400009155, -199918.0, -49758.0)
(911, 93.46744394302368, -199918.0, -49758.0)
(912, 93.63965129852295, -199918.0, -49758.0)
(913, 93.82780408859253, -199918.0, -49758.0)
(914, 94.02317523956299, -199918.0, -49758.0)
(915, 94.19775032997131, -199918.0, -49758.0)
(916, 94.39500975608826, -199918.0, -49758.0)
(917, 94.59693169593811, -199918.0, -49758.0)
(918, 94.79047417640686, -199918.0, -49758.0)
(919, 95.00712704658508, -199918.0, -49758.0)
(920, 95.17370080947876, -199918.0, -49758.0)
(921, 95.372074842453, -199918.0, -49758.0)
(922, 95.54263806343079, -199918.0, -49758.0)
(923, 95.74970960617065, -199918.0, -49758.0)
(924, 95.93962502479553, -199918.0, -49758.0)
(925, 96.11289739608765, -199918.0, -49758.0)
(926, 96.29150128364563, -199918.0, -49758.0)
(927, 96.41971945762634, -199918.0, -49758.0)
(928, 96.59716415405273, -199918.0, -49758.0)
(929, 96.77141499519348, -199918.0, -49758.0)
(930, 96.92015433311462, -199918.0, -49758.0)
(931, 97.03210496902466, -199918.0, -49758.0)
(932, 97.21100163459778, -199918.0, -49758.0)
(933, 97.37225127220154, -199918.0, -49758.0)
(934, 97.54234576225281, -199918.0, -49758.0)
(935, 97.70257902145386, -199918.0, -49758.0)
(936, 97.82121658325195, -199918.0, -49758.0)
(937, 98.00084114074707, -199918.0, -49758.0)
(938, 98.17591071128845, -199918.0, -49758.0)
(939, 98.30258774757385, -199918.0, -49758.0)
(940, 98.46849155426025, -199918.0, -49758.0)
(941, 98.61119198799133, -199918.0, -49758.0)
(942, 98.83564114570618, -199918.0, -49758.0)
(943, 98.98974990844727, -199918.0, -49758.0)
(944, 99.16993308067322, -199918.0, -49758.0)
(945, 99.35126376152039, -199918.0, -49758.0)
(946, 99.5304844379425, -199918.0, -49758.0)
(947, 99.68772578239441, -199918.0, -49758.0)
(948, 99.84914922714233, -199918.0, -49758.0)
(949, 99.94209122657776, -199918.0, -49758.0)
(950, 100.12355947494507, -199918.0, -49758.0)
(951, 100.28357577323914, -199918.0, -49758.0)
(952, 100.46947169303894, -199918.0, -49758.0)
(953, 100.61401867866516, -199918.0, -49758.0)
(954, 100.77659821510315, -199918.0, -49758.0)
(955, 100.91421151161194, -199918.0, -49758.0)
(956, 100.99970507621765, -199918.0, -49758.0)
(957, 101.13580179214478, -199918.0, -49758.0)
(958, 101.2963376045227, -199918.0, -49758.0)
(959, 101.49481725692749, -199918.0, -49758.0)
(960, 101.68672227859497, -199918.0, -49758.0)
(961, 101.86329460144043, -199918.0, -49758.0)
(962, 102.04886484146118, -199918.0, -49758.0)
(963, 102.23238682746887, -199918.0, -49758.0)
(964, 102.38616299629211, -199918.0, -49758.0)
(965, 102.47923588752747, -199918.0, -49758.0)
(966, 102.62824869155884, -199918.0, -49758.0)
(967, 102.72956490516663, -199918.0, -49758.0)
(968, 102.89723348617554, -199918.0, -49758.0)
(969, 103.08032774925232, -199918.0, -49758.0)
(970, 103.21714901924133, -199918.0, -49758.0)
(971, 103.34902501106262, -199918.0, -49758.0)
(972, 103.49111795425415, -199918.0, -49758.0)
(973, 103.63285064697266, -199918.0, -49758.0)
(974, 103.7770311832428, -199918.0, -49758.0)
(975, 103.96143674850464, -199918.0, -49758.0)
(976, 104.10143065452576, -199918.0, -49758.0)
(977, 104.23565220832825, -199918.0, -49758.0)
(978, 104.36010789871216, -199918.0, -49758.0)
(979, 104.50232434272766, -199918.0, -49758.0)
(980, 104.69583344459534, -199918.0, -49758.0)
(981, 104.87706351280212, -199918.0, -49758.0)
(982, 105.044668674469, -199918.0, -49758.0)
(983, 105.21604919433594, -199918.0, -49758.0)
(984, 105.36284041404724, -199918.0, -49758.0)
(985, 105.46461606025696, -199918.0, -49758.0)
(986, 105.63854360580444, -199918.0, -49758.0)
(987, 105.77605986595154, -199918.0, -49758.0)
(988, 105.905935049057, -199918.0, -49758.0)
(989, 106.04683589935303, -199918.0, -49758.0)
(990, 106.23725748062134, -199918.0, -49758.0)
(991, 106.37681102752686, -199918.0, -49758.0)
(992, 106.56463575363159, -199918.0, -49758.0)
(993, 106.74520754814148, -199918.0, -49758.0)
(994, 106.90413737297058, -199918.0, -49758.0)
(995, 107.05811023712158, -199918.0, -49758.0)
(996, 107.24612832069397, -199918.0, -49758.0)
(997, 107.44865870475769, -199918.0, -49758.0)
(998, 107.6613621711731, -199918.0, -49758.0)
(999, 107.83033657073975, -199918.0, -49758.0)
(1000, 108.01136875152588, -199918.0, -49758.0)
