(1, 0.06568527221679688, -446144.0, -51170.0)
(2, 0.1361546516418457, -273923.1322475374, -51170.0)
(3, 0.21274304389953613, -246341.77402485226, -51170.0)
(4, 0.30225467681884766, -221550.91515255912, -51170.0)
(5, 0.39391160011291504, -197106.25580961388, -51170.0)
(6, 0.48695969581604004, -171042.90353853616, -51170.0)
(7, 0.5894265174865723, -137084.72353932148, -51170.0)
(8, 0.6923034191131592, -112257.55135062916, -51170.0)
(9, 0.8010654449462891, -112257.55135062916, -51170.0)
(10, 0.9493858814239502, -93421.43414034662, -51170.0)
(11, 1.1084632873535156, -80374.43154928464, -61852.47528753492)
(12, 1.2840797901153564, -74335.17302355942, -61920.67393088061)
(13, 1.4933218955993652, -70405.09474155364, -62011.20575404578)
(14, 1.7254035472869873, -69250.60864853972, -62046.93458820839)
(15, 1.9755232334136963, -66362.68270936138, -62161.79277663026)
(16, 2.296581983566284, -66362.68270936138, -62299.74662580108)
(17, 2.628265619277954, -64409.36272138045, -62345.519475842026)
(18, 3.010296106338501, -64409.36272138045, -62399.52453428237)
(19, 3.431309700012207, -63455.166843405525, -62485.53486030241)
(20, 3.898242712020874, -63455.166843405525, -62502.317999828025)
(21, 4.3957648277282715, -62976.303008578536, -62534.30167983622)
(22, 5.003669500350952, -62976.303008578536, -62551.71738626919)
(23, 5.619286775588989, -62817.1538233717, -62581.52413436699)
(24, 6.425463438034058, -62657.293840623286, -62588.78241942827)
(25, 7.247424602508545, -62626.79557364822, -62591.13166556284)
(26, 7.9898903369903564, -62601.96756757055, -62591.32699353575)
(27, 8.732089757919312, -62594.77931136731, -62591.69863013696)
(28, 9.520381212234497, -62592.62283450612, -62591.69863013696)
(29, 10.303515672683716, -62591.97589144775, -62591.69863013709)
(30, 11.049782514572144, -62591.78180853041, -62591.698630136976)
(31, 11.779508352279663, -62591.72358365473, -62591.698630136925)
(32, 12.575394630432129, -62591.70611619218, -62591.69863013699)
