(1, 0.031140804290771484, -386538.0, -10975.0)
(2, 0.07842612266540527, -149534.660252663, -10975.0)
(3, 0.12260723114013672, -77578.74327489169, -10975.0)
(4, 0.17067456245422363, -46480.47137597733, -10975.0)
(5, 0.22338294982910156, -39902.459194820585, -10975.0)
(6, 0.28156399726867676, -26315.519091186765, -20418.0)
(7, 0.3457338809967041, -22187.25572735598, -20418.0)
(8, 0.41201019287109375, -20948.776718206544, -20418.0)
(9, 0.4755666255950928, -20577.233015461654, -20418.0)
(10, 0.5398991107940674, -20465.76990463809, -20418.0)
(11, 0.6069416999816895, -20432.330971391697, -20418.0)
(12, 0.6714999675750732, -20422.299291416934, -20418.0)
(13, 0.7364377975463867, -20419.289787423444, -20418.0)
(14, 0.8012347221374512, -20418.386936224968, -20418.0)
(15, 0.8648552894592285, -20418.11608086554, -20418.0)
(16, 0.9286699295043945, -20418.034824251805, -20418.0)
(17, 0.9898126125335693, -20418.00564496621, -20418.0)
(18, 1.056675672531128, -20418.001691841924, -20418.0)
