(1, 0.10245037078857422, -783293.0, -44973.0)
(2, 0.2004098892211914, -783293.0, -44973.0)
(3, 0.2987837791442871, -783293.0, -44973.0)
(4, 0.39615511894226074, -783293.0, -44973.0)
(5, 0.4936642646789551, -783293.0, -44973.0)
(6, 0.5911126136779785, -783293.0, -44973.0)
(7, 0.6886367797851562, -783293.0, -44973.0)
(8, 0.7861504554748535, -783293.0, -44973.0)
(9, 0.8829872608184814, -783293.0, -44973.0)
(10, 0.9807021617889404, -783293.0, -44973.0)
(11, 1.0786702632904053, -783293.0, -44973.0)
(12, 1.1753010749816895, -783293.0, -44973.0)
(13, 1.2715981006622314, -783293.0, -44973.0)
(14, 1.3713324069976807, -783293.0, -44973.0)
(15, 1.4714114665985107, -783293.0, -44973.0)
(16, 1.5708653926849365, -783293.0, -44973.0)
(17, 1.670055627822876, -783293.0, -44973.0)
(18, 1.7691001892089844, -783293.0, -44973.0)
(19, 1.8683075904846191, -783293.0, -44973.0)
(20, 1.967698335647583, -783293.0, -44973.0)
(21, 2.0674197673797607, -783293.0, -44973.0)
(22, 2.1673338413238525, -783293.0, -44973.0)
(23, 2.2659287452697754, -783293.0, -44973.0)
(24, 2.365001678466797, -783293.0, -44973.0)
(25, 2.466701030731201, -783293.0, -44973.0)
(26, 2.5670368671417236, -783293.0, -44973.0)
(27, 2.6669833660125732, -783293.0, -44973.0)
(28, 2.767472505569458, -783293.0, -44973.0)
(29, 2.8666863441467285, -783293.0, -44973.0)
(30, 2.96743106842041, -783293.0, -44973.0)
(31, 3.0660996437072754, -783293.0, -44973.0)
(32, 3.166210174560547, -783293.0, -44973.0)
(33, 3.266383171081543, -783293.0, -44973.0)
(34, 3.3653485774993896, -783293.0, -44973.0)
(35, 3.4659030437469482, -783293.0, -44973.0)
(36, 3.5660433769226074, -783293.0, -44973.0)
(37, 3.666550397872925, -783293.0, -44973.0)
(38, 3.770263910293579, -783293.0, -44973.0)
(39, 3.894423484802246, -783293.0, -44973.0)
(40, 3.9996883869171143, -783293.0, -44973.0)
(41, 4.103160858154297, -783293.0, -44973.0)
(42, 4.206061363220215, -783293.0, -44973.0)
(43, 4.308846473693848, -783293.0, -44973.0)
(44, 4.412489175796509, -783293.0, -44973.0)
(45, 4.517060041427612, -783293.0, -44973.0)
(46, 4.6211206912994385, -783293.0, -44973.0)
(47, 4.725945472717285, -783293.0, -44973.0)
(48, 4.830793380737305, -783293.0, -44973.0)
(49, 4.937485694885254, -783293.0, -44973.0)
(50, 5.041197776794434, -783293.0, -44973.0)
(51, 5.144472599029541, -783293.0, -44973.0)
(52, 5.248014450073242, -783293.0, -44973.0)
(53, 5.3532538414001465, -783293.0, -44973.0)
(54, 5.457394361495972, -783293.0, -44973.0)
(55, 5.560450077056885, -783293.0, -44973.0)
(56, 5.664726257324219, -783293.0, -44973.0)
(57, 5.772003173828125, -783293.0, -44973.0)
(58, 5.8783204555511475, -783293.0, -44973.0)
(59, 5.985852956771851, -783293.0, -44973.0)
(60, 6.092486381530762, -783293.0, -44973.0)
(61, 6.199018478393555, -783293.0, -44973.0)
(62, 6.304660081863403, -783293.0, -44973.0)
(63, 6.412454605102539, -783293.0, -44973.0)
(64, 6.519561529159546, -783293.0, -44973.0)
(65, 6.626112222671509, -783293.0, -44973.0)
(66, 6.732177019119263, -783293.0, -44973.0)
(67, 6.840148687362671, -783293.0, -44973.0)
(68, 6.950511932373047, -783293.0, -44973.0)
(69, 7.0600807666778564, -783293.0, -44973.0)
(70, 7.168449640274048, -783293.0, -44973.0)
(71, 7.276586532592773, -783293.0, -44973.0)
(72, 7.38578200340271, -783293.0, -44973.0)
(73, 7.4937663078308105, -783293.0, -44973.0)
(74, 7.603813886642456, -783293.0, -44973.0)
(75, 7.7137131690979, -783293.0, -44973.0)
(76, 7.824383497238159, -783293.0, -44973.0)
(77, 7.934815406799316, -783293.0, -44973.0)
(78, 8.04447054862976, -783293.0, -44973.0)
(79, 8.155781745910645, -783293.0, -44973.0)
(80, 8.267091512680054, -783293.0, -44973.0)
(81, 8.37868595123291, -783293.0, -44973.0)
(82, 8.490684509277344, -783293.0, -44973.0)
(83, 8.603597402572632, -783293.0, -44973.0)
(84, 8.716692209243774, -783293.0, -44973.0)
(85, 8.828237295150757, -783293.0, -44973.0)
(86, 8.940263986587524, -783293.0, -44973.0)
(87, 9.051234245300293, -783293.0, -44973.0)
(88, 9.164186000823975, -783293.0, -44973.0)
(89, 9.275211572647095, -783293.0, -44973.0)
(90, 9.389684677124023, -783293.0, -44973.0)
(91, 9.50603985786438, -783293.0, -44973.0)
(92, 9.622392892837524, -783293.0, -44973.0)
(93, 9.736335039138794, -783293.0, -44973.0)
(94, 9.848812103271484, -783293.0, -44973.0)
(95, 9.964138269424438, -783293.0, -44973.0)
(96, 10.079324960708618, -783293.0, -44973.0)
(97, 10.19320297241211, -783293.0, -44973.0)
(98, 10.308409690856934, -783293.0, -44973.0)
(99, 10.421756267547607, -783293.0, -44973.0)
(100, 10.537836074829102, -783293.0, -44973.0)
(101, 10.65365719795227, -783293.0, -44973.0)
(102, 10.770992279052734, -783293.0, -44973.0)
(103, 10.886671543121338, -783293.0, -44973.0)
(104, 11.00739049911499, -783293.0, -44973.0)
(105, 11.125198364257812, -783293.0, -44973.0)
(106, 11.24390983581543, -783293.0, -44973.0)
(107, 11.361346244812012, -783293.0, -44973.0)
(108, 11.47858190536499, -783293.0, -44973.0)
(109, 11.598690032958984, -783293.0, -44973.0)
(110, 11.71679425239563, -759605.3478260869, -44973.0)
(111, 11.843683242797852, -759605.3478260869, -44973.0)
(112, 11.965129613876343, -759605.3478260869, -44973.0)
(113, 12.085647821426392, -759605.3478260869, -44973.0)
(114, 12.207020998001099, -759605.3478260869, -44973.0)
(115, 12.327384948730469, -759605.3478260869, -44973.0)
(116, 12.449100255966187, -759605.3478260869, -44973.0)
(117, 12.57120156288147, -759605.3478260869, -44973.0)
(118, 12.692854166030884, -759605.3478260869, -44973.0)
(119, 12.817229270935059, -759605.3478260869, -44973.0)
(120, 12.941967248916626, -759605.3478260869, -44973.0)
(121, 13.065137147903442, -759605.3478260869, -44973.0)
(122, 13.1889169216156, -759605.3478260869, -44973.0)
(123, 13.314035654067993, -759605.3478260869, -44973.0)
(124, 13.438586473464966, -759605.3478260869, -44973.0)
(125, 13.561759233474731, -759605.3478260869, -44973.0)
(126, 13.686462879180908, -759605.3478260869, -44973.0)
(127, 13.810163736343384, -759605.3478260869, -44973.0)
(128, 13.935891389846802, -759605.3478260869, -44973.0)
(129, 14.068641185760498, -759605.3478260869, -44973.0)
(130, 14.196967840194702, -759605.3478260869, -44973.0)
(131, 14.322392225265503, -759605.3478260869, -44973.0)
(132, 14.450238943099976, -759605.3478260869, -44973.0)
(133, 14.578989505767822, -759605.3478260869, -44973.0)
(134, 14.707890748977661, -759605.3478260869, -44973.0)
(135, 14.83711314201355, -759605.3478260869, -44973.0)
(136, 14.967315196990967, -759605.3478260869, -44973.0)
(137, 15.09656548500061, -759605.3478260869, -44973.0)
(138, 15.22510051727295, -759605.3478260869, -44973.0)
(139, 15.35527753829956, -759605.3478260869, -44973.0)
(140, 15.48506784439087, -759605.3478260869, -44973.0)
(141, 15.615151166915894, -759605.3478260869, -44973.0)
(142, 15.745868921279907, -759605.3478260869, -44973.0)
(143, 15.874358415603638, -759605.3478260869, -44973.0)
(144, 16.00495195388794, -759605.3478260869, -44973.0)
(145, 16.1328604221344, -759605.3478260869, -44973.0)
(146, 16.265024185180664, -759605.3478260869, -44973.0)
(147, 16.396369218826294, -759605.3478260869, -44973.0)
(148, 16.528552055358887, -759605.3478260869, -44973.0)
(149, 16.66281795501709, -759605.3478260869, -44973.0)
(150, 16.799384355545044, -759605.3478260869, -44973.0)
(151, 16.932006359100342, -759605.3478260869, -44973.0)
(152, 17.064478874206543, -759605.3478260869, -44973.0)
(153, 17.197461128234863, -759605.3478260869, -44973.0)
(154, 17.33619213104248, -759605.3478260869, -44973.0)
(155, 17.4719398021698, -759605.3478260869, -44973.0)
(156, 17.610467195510864, -759605.3478260869, -44973.0)
(157, 17.74686098098755, -759605.3478260869, -44973.0)
(158, 17.882267713546753, -759605.3478260869, -44973.0)
(159, 18.019235610961914, -759605.3478260869, -44973.0)
(160, 18.154523372650146, -759605.3478260869, -44973.0)
(161, 18.291422367095947, -759605.3478260869, -44973.0)
(162, 18.429665327072144, -759605.3478260869, -44973.0)
(163, 18.56977653503418, -759605.3478260869, -44973.0)
(164, 18.70831036567688, -759605.3478260869, -44973.0)
(165, 18.848001718521118, -759605.3478260869, -44973.0)
(166, 18.986598253250122, -759605.3478260869, -44973.0)
(167, 19.125614643096924, -759605.3478260869, -44973.0)
(168, 19.2684006690979, -759605.3478260869, -44973.0)
(169, 19.406588554382324, -759605.3478260869, -44973.0)
(170, 19.543542623519897, -759605.3478260869, -44973.0)
(171, 19.6820650100708, -759605.3478260869, -44973.0)
(172, 19.822835445404053, -759605.3478260869, -44973.0)
(173, 19.961761236190796, -759605.3478260869, -44973.0)
(174, 20.102861881256104, -759605.3478260869, -44973.0)
(175, 20.243711709976196, -759605.3478260869, -44973.0)
(176, 20.383161306381226, -759605.3478260869, -44973.0)
(177, 20.521658182144165, -759605.3478260869, -44973.0)
(178, 20.66195797920227, -759605.3478260869, -44973.0)
(179, 20.80330491065979, -759605.3478260869, -44973.0)
(180, 20.943321704864502, -759605.3478260869, -44973.0)
(181, 21.08919668197632, -759605.3478260869, -44973.0)
(182, 21.230335474014282, -759605.3478260869, -44973.0)
(183, 21.371153354644775, -759605.3478260869, -44973.0)
(184, 21.511368989944458, -759605.3478260869, -44973.0)
(185, 21.649067163467407, -759605.3478260869, -44973.0)
(186, 21.79120969772339, -759605.3478260869, -44973.0)
(187, 21.939229249954224, -759605.3478260869, -44973.0)
(188, 22.08344578742981, -759605.3478260869, -44973.0)
(189, 22.223228216171265, -759605.3478260869, -44973.0)
(190, 22.364255905151367, -759605.3478260869, -44973.0)
(191, 22.512938261032104, -759605.3478260869, -44973.0)
(192, 22.683489561080933, -759605.3478260869, -44973.0)
(193, 22.826284646987915, -759605.3478260869, -44973.0)
(194, 22.972501039505005, -759605.3478260869, -44973.0)
(195, 23.129691123962402, -759605.3478260869, -44973.0)
(196, 23.28020191192627, -759605.3478260869, -44973.0)
(197, 23.4298357963562, -759605.3478260869, -44973.0)
(198, 23.578706979751587, -759605.3478260869, -44973.0)
(199, 23.73133897781372, -759605.3478260869, -44973.0)
(200, 23.894277334213257, -759605.3478260869, -44973.0)
(201, 24.049171447753906, -759605.3478260869, -44973.0)
(202, 24.198277235031128, -759605.3478260869, -44973.0)
(203, 24.348326921463013, -759605.3478260869, -44973.0)
(204, 24.497413158416748, -759605.3478260869, -44973.0)
(205, 24.650030612945557, -759605.3478260869, -44973.0)
(206, 24.799642086029053, -759605.3478260869, -44973.0)
(207, 24.950624227523804, -759605.3478260869, -44973.0)
(208, 25.097359895706177, -759605.3478260869, -44973.0)
(209, 25.247925519943237, -759605.3478260869, -44973.0)
(210, 25.402215003967285, -759605.3478260869, -44973.0)
(211, 25.550500869750977, -759605.3478260869, -44973.0)
(212, 25.700255393981934, -759605.3478260869, -44973.0)
(213, 25.854189157485962, -759605.3478260869, -44973.0)
(214, 26.007386207580566, -759605.3478260869, -44973.0)
(215, 26.16335964202881, -759605.3478260869, -44973.0)
(216, 26.316638231277466, -759605.3478260869, -44973.0)
(217, 26.468769788742065, -759605.3478260869, -44973.0)
(218, 26.623404502868652, -759605.3478260869, -44973.0)
(219, 26.775447845458984, -759605.3478260869, -44973.0)
(220, 26.92484164237976, -759605.3478260869, -44973.0)
(221, 27.077337503433228, -759605.3478260869, -44973.0)
(222, 27.237882614135742, -759605.3478260869, -44973.0)
(223, 27.398799657821655, -759605.3478260869, -44973.0)
(224, 27.549641370773315, -759605.3478260869, -44973.0)
(225, 27.71660280227661, -759605.3478260869, -44973.0)
(226, 27.87900948524475, -759605.3478260869, -44973.0)
(227, 28.03610610961914, -759605.3478260869, -44973.0)
(228, 28.195541858673096, -759605.3478260869, -44973.0)
(229, 28.351646900177002, -759605.3478260869, -44973.0)
(230, 28.512792110443115, -759605.3478260869, -44973.0)
(231, 28.67312526702881, -759605.3478260869, -44973.0)
(232, 28.82986354827881, -759605.3478260869, -44973.0)
(233, 28.990320444107056, -759605.3478260869, -44973.0)
(234, 29.152016401290894, -759605.3478260869, -44973.0)
(235, 29.312402486801147, -759605.3478260869, -44973.0)
(236, 29.4692485332489, -759605.3478260869, -44973.0)
(237, 29.629725456237793, -759605.3478260869, -44973.0)
(238, 29.790984392166138, -759605.3478260869, -44973.0)
(239, 29.94952630996704, -759605.3478260869, -44973.0)
(240, 30.108810663223267, -759605.3478260869, -44973.0)
(241, 30.26969003677368, -759605.3478260869, -44973.0)
(242, 30.42556381225586, -759605.3478260869, -44973.0)
(243, 30.5806245803833, -759605.3478260869, -44973.0)
(244, 30.742685317993164, -759605.3478260869, -44973.0)
(245, 30.904296398162842, -759605.3478260869, -44973.0)
(246, 31.06622862815857, -759605.3478260869, -44973.0)
(247, 31.22999358177185, -759605.3478260869, -44973.0)
(248, 31.3896803855896, -759605.3478260869, -44973.0)
(249, 31.552242755889893, -759605.3478260869, -44973.0)
(250, 31.712977409362793, -759605.3478260869, -44973.0)
(251, 31.884237051010132, -759605.3478260869, -44973.0)
(252, 32.05035471916199, -759605.3478260869, -44973.0)
(253, 32.2156035900116, -759605.3478260869, -44973.0)
(254, 32.385300159454346, -759605.3478260869, -44973.0)
(255, 32.550222396850586, -759605.3478260869, -44973.0)
(256, 32.713066816329956, -759605.3478260869, -44973.0)
(257, 32.87869381904602, -759605.3478260869, -44973.0)
(258, 33.04513597488403, -759605.3478260869, -44973.0)
(259, 33.21010994911194, -759605.3478260869, -44973.0)
(260, 33.374054193496704, -759605.3478260869, -44973.0)
(261, 33.54253172874451, -759605.3478260869, -44973.0)
(262, 33.70974850654602, -759605.3478260869, -44973.0)
(263, 33.8770968914032, -759605.3478260869, -44973.0)
(264, 34.048319816589355, -759605.3478260869, -44973.0)
(265, 34.210835456848145, -759605.3478260869, -44973.0)
(266, 34.380234241485596, -759605.3478260869, -44973.0)
(267, 34.55274176597595, -759605.3478260869, -44973.0)
(268, 34.72123670578003, -759605.3478260869, -44973.0)
(269, 34.89106845855713, -759605.3478260869, -44973.0)
(270, 35.060301542282104, -759605.3478260869, -44973.0)
(271, 35.230449199676514, -759605.3478260869, -44973.0)
(272, 35.399231910705566, -759605.3478260869, -44973.0)
(273, 35.574976205825806, -759605.3478260869, -44973.0)
(274, 35.74333071708679, -759605.3478260869, -44973.0)
(275, 35.91027116775513, -759605.3478260869, -44973.0)
(276, 36.08517909049988, -759605.3478260869, -44973.0)
(277, 36.256264209747314, -759605.3478260869, -44973.0)
(278, 36.42515444755554, -759605.3478260869, -44973.0)
(279, 36.59545373916626, -759605.3478260869, -44973.0)
(280, 36.7697331905365, -759605.3478260869, -44973.0)
(281, 36.93748188018799, -759605.3478260869, -44973.0)
(282, 37.11494588851929, -759605.3478260869, -44973.0)
(283, 37.29469156265259, -759605.3478260869, -44973.0)
(284, 37.49240708351135, -759605.3478260869, -44973.0)
(285, 37.67373585700989, -759605.3478260869, -44973.0)
(286, 37.85466289520264, -759605.3478260869, -44973.0)
(287, 38.030689001083374, -759605.3478260869, -44973.0)
(288, 38.2125780582428, -759605.3478260869, -44973.0)
(289, 38.3884494304657, -759605.3478260869, -44973.0)
(290, 38.562142848968506, -759605.3478260869, -44973.0)
(291, 38.74079728126526, -759605.3478260869, -44973.0)
(292, 38.916465282440186, -759605.3478260869, -44973.0)
(293, 39.090548038482666, -759605.3478260869, -44973.0)
(294, 39.26718521118164, -759605.3478260869, -44973.0)
(295, 39.458595514297485, -759605.3478260869, -44973.0)
(296, 39.633052349090576, -759605.3478260869, -44973.0)
(297, 39.81242561340332, -759605.3478260869, -44973.0)
(298, 39.991976499557495, -759605.3478260869, -44973.0)
(299, 40.171637773513794, -759605.3478260869, -44973.0)
(300, 40.36160731315613, -759605.3478260869, -44973.0)
(301, 40.54393482208252, -759605.3478260869, -44973.0)
(302, 40.72662401199341, -759605.3478260869, -44973.0)
(303, 40.90924835205078, -759605.3478260869, -44973.0)
(304, 41.08689045906067, -759605.3478260869, -44973.0)
(305, 41.26740741729736, -759605.3478260869, -44973.0)
(306, 41.44765639305115, -759605.3478260869, -44973.0)
(307, 41.62852931022644, -759605.3478260869, -44973.0)
(308, 41.809282541275024, -759605.3478260869, -44973.0)
(309, 41.9860622882843, -759605.3478260869, -44973.0)
(310, 42.163413524627686, -759605.3478260869, -44973.0)
(311, 42.344637870788574, -759605.3478260869, -44973.0)
(312, 42.52205204963684, -759605.3478260869, -44973.0)
(313, 42.70368671417236, -759605.3478260869, -44973.0)
(314, 42.88194704055786, -759605.3478260869, -44973.0)
(315, 43.056856870651245, -759605.3478260869, -44973.0)
(316, 43.242908000946045, -759605.3478260869, -44973.0)
(317, 43.42012810707092, -759605.3478260869, -44973.0)
(318, 43.60383939743042, -759605.3478260869, -44973.0)
(319, 43.787763357162476, -759605.3478260869, -44973.0)
(320, 43.9783456325531, -759605.3478260869, -44973.0)
(321, 44.16576910018921, -759605.3478260869, -44973.0)
(322, 44.35363578796387, -759605.3478260869, -44973.0)
(323, 44.541056632995605, -759605.3478260869, -44973.0)
(324, 44.72707748413086, -759605.3478260869, -44973.0)
(325, 44.91846513748169, -759605.3478260869, -44973.0)
(326, 45.114153146743774, -759605.3478260869, -44973.0)
(327, 45.30170297622681, -759605.3478260869, -44973.0)
(328, 45.48713707923889, -759605.3478260869, -44973.0)
(329, 45.66700792312622, -759605.3478260869, -44973.0)
(330, 45.846638441085815, -759605.3478260869, -44973.0)
(331, 46.03056359291077, -759605.3478260869, -44973.0)
(332, 46.22025656700134, -759605.3478260869, -44973.0)
(333, 46.41335606575012, -759605.3478260869, -44973.0)
(334, 46.620413064956665, -759605.3478260869, -44973.0)
(335, 46.81452393531799, -759605.3478260869, -44973.0)
(336, 47.00392246246338, -759605.3478260869, -44973.0)
(337, 47.204606771469116, -759605.3478260869, -44973.0)
(338, 47.422669410705566, -759605.3478260869, -44973.0)
(339, 47.65330386161804, -759605.3478260869, -44973.0)
(340, 47.87080931663513, -759605.3478260869, -44973.0)
(341, 48.089306354522705, -759605.3478260869, -44973.0)
(342, 48.31108856201172, -759605.3478260869, -44973.0)
(343, 48.527275800704956, -759605.3478260869, -44973.0)
(344, 48.73631429672241, -759605.3478260869, -44973.0)
(345, 48.918652296066284, -759605.3478260869, -44973.0)
(346, 49.131134271621704, -759605.3478260869, -44973.0)
(347, 49.31808948516846, -759605.3478260869, -44973.0)
(348, 49.507481813430786, -759605.3478260869, -44973.0)
(349, 49.685261249542236, -759605.3478260869, -44973.0)
(350, 49.86380100250244, -759605.3478260869, -44973.0)
(351, 50.04715275764465, -759605.3478260869, -44973.0)
(352, 50.28662419319153, -759605.3478260869, -44973.0)
(353, 50.47067975997925, -759605.3478260869, -44973.0)
(354, 50.65728402137756, -759605.3478260869, -44973.0)
(355, 50.85944175720215, -759605.3478260869, -44973.0)
(356, 51.04617500305176, -759605.3478260869, -44973.0)
(357, 51.22803354263306, -759605.3478260869, -44973.0)
(358, 51.41838884353638, -759605.3478260869, -44973.0)
(359, 51.61733651161194, -759605.3478260869, -44973.0)
(360, 51.804301261901855, -759605.3478260869, -44973.0)
(361, 51.995097637176514, -759605.3478260869, -44973.0)
(362, 52.186588287353516, -759605.3478260869, -44973.0)
(363, 52.37247395515442, -759605.3478260869, -44973.0)
(364, 52.57191514968872, -759605.3478260869, -44973.0)
(365, 52.763081789016724, -759605.3478260869, -44973.0)
(366, 52.94986367225647, -759605.3478260869, -44973.0)
(367, 53.13872957229614, -759605.3478260869, -44973.0)
(368, 53.32827591896057, -759605.3478260869, -44973.0)
(369, 53.51842451095581, -759605.3478260869, -44973.0)
(370, 53.71057319641113, -759605.3478260869, -44973.0)
(371, 53.90507960319519, -759605.3478260869, -44973.0)
(372, 54.09709358215332, -759605.3478260869, -44973.0)
(373, 54.28923726081848, -759605.3478260869, -44973.0)
(374, 54.48251557350159, -759605.3478260869, -44973.0)
(375, 54.67926073074341, -759605.3478260869, -44973.0)
(376, 54.87942099571228, -759605.3478260869, -44973.0)
(377, 55.06959271430969, -759605.3478260869, -44973.0)
(378, 55.27928185462952, -759605.3478260869, -44973.0)
(379, 55.4764289855957, -759605.3478260869, -44973.0)
(380, 55.67515277862549, -759605.3478260869, -44973.0)
(381, 55.875333070755005, -759605.3478260869, -44973.0)
(382, 56.082881927490234, -759605.3478260869, -44973.0)
(383, 56.28222417831421, -759605.3478260869, -44973.0)
(384, 56.47982859611511, -759605.3478260869, -44973.0)
(385, 56.69126844406128, -759605.3478260869, -44973.0)
(386, 56.88773584365845, -759605.3478260869, -44973.0)
(387, 57.087209939956665, -759605.3478260869, -44973.0)
(388, 57.28586387634277, -759605.3478260869, -44973.0)
(389, 57.48101234436035, -759605.3478260869, -44973.0)
(390, 57.690611124038696, -759605.3478260869, -44973.0)
(391, 57.88632369041443, -759605.3478260869, -44973.0)
(392, 58.091001749038696, -759605.3478260869, -44973.0)
(393, 58.29127597808838, -759605.3478260869, -44973.0)
(394, 58.48840260505676, -759605.3478260869, -44973.0)
(395, 58.691773414611816, -759605.3478260869, -44973.0)
(396, 58.90725660324097, -759605.3478260869, -44973.0)
(397, 59.12250542640686, -759605.3478260869, -44973.0)
(398, 59.33350419998169, -759605.3478260869, -44973.0)
(399, 59.535725593566895, -759605.3478260869, -44973.0)
(400, 59.73791551589966, -759605.3478260869, -44973.0)
(401, 59.93913197517395, -759605.3478260869, -44973.0)
(402, 60.13814973831177, -759605.3478260869, -44973.0)
(403, 60.34166932106018, -759605.3478260869, -44973.0)
(404, 60.55131506919861, -759605.3478260869, -44973.0)
(405, 60.762460708618164, -759605.3478260869, -44973.0)
(406, 60.97321844100952, -759605.3478260869, -44973.0)
(407, 61.18103575706482, -759605.3478260869, -44973.0)
(408, 61.386905908584595, -759605.3478260869, -44973.0)
(409, 61.59269666671753, -759605.3478260869, -44973.0)
(410, 61.79043626785278, -759605.3478260869, -44973.0)
(411, 61.993714570999146, -759605.3478260869, -44973.0)
(412, 62.20734119415283, -759605.3478260869, -44973.0)
(413, 62.41849613189697, -759605.3478260869, -44973.0)
(414, 62.62571859359741, -759605.3478260869, -44973.0)
(415, 62.8323187828064, -759605.3478260869, -44973.0)
(416, 63.03967881202698, -759605.3478260869, -44973.0)
(417, 63.25433087348938, -759605.3478260869, -44973.0)
(418, 63.47370219230652, -759605.3478260869, -44973.0)
(419, 63.686896085739136, -759605.3478260869, -44973.0)
(420, 63.89404487609863, -759605.3478260869, -44973.0)
(421, 64.11070609092712, -759605.3478260869, -44973.0)
(422, 64.3223466873169, -759605.3478260869, -44973.0)
(423, 64.53163719177246, -759605.3478260869, -44973.0)
(424, 64.73585629463196, -759605.3478260869, -44973.0)
(425, 64.947838306427, -759605.3478260869, -44973.0)
(426, 65.15764164924622, -759605.3478260869, -44973.0)
(427, 65.36811709403992, -759605.3478260869, -44973.0)
(428, 65.58279776573181, -759605.3478260869, -44973.0)
(429, 65.80532884597778, -759605.3478260869, -44973.0)
(430, 66.03172636032104, -759605.3478260869, -44973.0)
(431, 66.24307656288147, -759605.3478260869, -44973.0)
(432, 66.46811103820801, -759605.3478260869, -44973.0)
(433, 66.694087266922, -759605.3478260869, -44973.0)
(434, 66.91908383369446, -759605.3478260869, -44973.0)
(435, 67.1388692855835, -759605.3478260869, -44973.0)
(436, 67.35659694671631, -759605.3478260869, -44973.0)
(437, 67.5763087272644, -759605.3478260869, -44973.0)
(438, 67.80113101005554, -759605.3478260869, -44973.0)
(439, 68.01550245285034, -759605.3478260869, -44973.0)
(440, 68.23354959487915, -759605.3478260869, -44973.0)
(441, 68.44998168945312, -759605.3478260869, -44973.0)
(442, 68.66475224494934, -759605.3478260869, -44973.0)
(443, 68.88378858566284, -759605.3478260869, -44973.0)
(444, 69.09920382499695, -759605.3478260869, -44973.0)
(445, 69.31619596481323, -759605.3478260869, -44973.0)
(446, 69.5385205745697, -759605.3478260869, -44973.0)
(447, 69.76887440681458, -759605.3478260869, -44973.0)
(448, 69.99641251564026, -759605.3478260869, -44973.0)
(449, 70.22564792633057, -759605.3478260869, -44973.0)
(450, 70.4407160282135, -759605.3478260869, -44973.0)
(451, 70.66571307182312, -759605.3478260869, -44973.0)
(452, 70.88513994216919, -759605.3478260869, -44973.0)
(453, 71.11752343177795, -759605.3478260869, -44973.0)
(454, 71.34248399734497, -759605.3478260869, -44973.0)
(455, 71.58094644546509, -759605.3478260869, -44973.0)
(456, 71.81857395172119, -759605.3478260869, -44973.0)
(457, 72.04884696006775, -759605.3478260869, -44973.0)
(458, 72.28244662284851, -759605.3478260869, -44973.0)
(459, 72.51292943954468, -759605.3478260869, -44973.0)
(460, 72.73282074928284, -759605.3478260869, -44973.0)
(461, 72.95752358436584, -759605.3478260869, -44973.0)
(462, 73.19204092025757, -759605.3478260869, -44973.0)
(463, 73.42120885848999, -759605.3478260869, -44973.0)
(464, 73.6523699760437, -759605.3478260869, -44973.0)
(465, 73.87638401985168, -759605.3478260869, -44973.0)
(466, 74.10682845115662, -759605.3478260869, -44973.0)
(467, 74.33306384086609, -759605.3478260869, -44973.0)
(468, 74.56819152832031, -759605.3478260869, -44973.0)
(469, 74.79732131958008, -759605.3478260869, -44973.0)
(470, 75.02270698547363, -759605.3478260869, -44973.0)
(471, 75.2466561794281, -759605.3478260869, -44973.0)
(472, 75.48190402984619, -759605.3478260869, -44973.0)
(473, 75.71078991889954, -759605.3478260869, -44973.0)
(474, 75.93520665168762, -759605.3478260869, -44973.0)
(475, 76.16318917274475, -759605.3478260869, -44973.0)
(476, 76.39243173599243, -759605.3478260869, -44973.0)
(477, 76.61867094039917, -759605.3478260869, -44973.0)
(478, 76.8715271949768, -759605.3478260869, -44973.0)
(479, 77.11802387237549, -759605.3478260869, -44973.0)
(480, 77.36096906661987, -759605.3478260869, -44973.0)
(481, 77.60697150230408, -759605.3478260869, -44973.0)
(482, 77.83784580230713, -759605.3478260869, -44973.0)
(483, 78.08373951911926, -759605.3478260869, -44973.0)
(484, 78.31575274467468, -759605.3478260869, -44973.0)
(485, 78.55075478553772, -759605.3478260869, -44973.0)
(486, 78.78234910964966, -759605.3478260869, -44973.0)
(487, 79.0178918838501, -759605.3478260869, -44973.0)
(488, 79.25605583190918, -759605.3478260869, -44973.0)
(489, 79.4888379573822, -759605.3478260869, -44973.0)
(490, 79.72546911239624, -759605.3478260869, -44973.0)
(491, 79.97440433502197, -759605.3478260869, -44973.0)
(492, 80.20448350906372, -759605.3478260869, -44973.0)
(493, 80.42957258224487, -759605.3478260869, -44973.0)
(494, 80.67769289016724, -759605.3478260869, -44973.0)
(495, 80.92205286026001, -759605.3478260869, -44973.0)
(496, 81.18825721740723, -759605.3478260869, -44973.0)
(497, 81.44135403633118, -759605.3478260869, -44973.0)
(498, 81.69306087493896, -759605.3478260869, -44973.0)
(499, 81.93241953849792, -759605.3478260869, -44973.0)
(500, 82.1698203086853, -759605.3478260869, -44973.0)
(501, 82.4112799167633, -759605.3478260869, -44973.0)
(502, 82.64626359939575, -759605.3478260869, -44973.0)
(503, 82.89136791229248, -759605.3478260869, -44973.0)
(504, 83.12469124794006, -759605.3478260869, -44973.0)
(505, 83.38320183753967, -759605.3478260869, -44973.0)
(506, 83.63021659851074, -759605.3478260869, -44973.0)
(507, 83.87829303741455, -759605.3478260869, -44973.0)
(508, 84.12702298164368, -759605.3478260869, -44973.0)
(509, 84.37312126159668, -759605.3478260869, -44973.0)
(510, 84.61020970344543, -759605.3478260869, -44973.0)
(511, 84.85943865776062, -759605.3478260869, -44973.0)
(512, 85.09702801704407, -759605.3478260869, -44973.0)
(513, 85.37003254890442, -759605.3478260869, -44973.0)
(514, 85.6162588596344, -759605.3478260869, -44973.0)
(515, 85.86447739601135, -759605.3478260869, -44973.0)
(516, 86.11939191818237, -759605.3478260869, -44973.0)
(517, 86.37276077270508, -759605.3478260869, -44973.0)
(518, 86.61568307876587, -759605.3478260869, -44973.0)
(519, 86.87252044677734, -759605.3478260869, -44973.0)
(520, 87.11635684967041, -672797.8965517242, -44973.0)
(521, 87.36014866828918, -672797.8965517242, -44973.0)
(522, 87.59460711479187, -672797.8965517242, -44973.0)
(523, 87.83577799797058, -672797.8965517242, -44973.0)
(524, 88.06788229942322, -672797.8965517242, -44973.0)
(525, 88.3025574684143, -672797.8965517242, -44973.0)
(526, 88.5398645401001, -672797.8965517242, -44973.0)
(527, 88.78081893920898, -672797.8965517242, -44973.0)
(528, 89.01660585403442, -672797.8965517242, -44973.0)
(529, 89.26171255111694, -672797.8965517242, -44973.0)
(530, 89.49776148796082, -672797.8965517242, -44973.0)
(531, 89.73618698120117, -672797.8965517242, -44973.0)
(532, 89.97414994239807, -672797.8965517242, -44973.0)
(533, 90.23322224617004, -672797.8965517242, -44973.0)
(534, 90.48121094703674, -672797.8965517242, -44973.0)
(535, 90.72600603103638, -672797.8965517242, -44973.0)
(536, 90.96875953674316, -672797.8965517242, -44973.0)
(537, 91.2203266620636, -672797.8965517242, -44973.0)
(538, 91.47126150131226, -672797.8965517242, -44973.0)
(539, 91.72082924842834, -672797.8965517242, -44973.0)
(540, 91.96692776679993, -672797.8965517242, -44973.0)
(541, 92.20956897735596, -672797.8965517242, -44973.0)
(542, 92.46336054801941, -672797.8965517242, -44973.0)
(543, 92.71208500862122, -672797.8965517242, -44973.0)
(544, 92.95536994934082, -672797.8965517242, -44973.0)
(545, 93.20006394386292, -672797.8965517242, -44973.0)
(546, 93.45878529548645, -672797.8965517242, -44973.0)
(547, 93.71003699302673, -672797.8965517242, -44973.0)
(548, 93.98240375518799, -672797.8965517242, -44973.0)
(549, 94.23680138587952, -672797.8965517242, -44973.0)
(550, 94.49170804023743, -672797.8965517242, -44973.0)
(551, 94.73474907875061, -672797.8965517242, -44973.0)
(552, 94.98859548568726, -672797.8965517242, -44973.0)
(553, 95.23913717269897, -672797.8965517242, -44973.0)
(554, 95.49258518218994, -672797.8965517242, -44973.0)
(555, 95.74022078514099, -672797.8965517242, -44973.0)
(556, 95.9915611743927, -672797.8965517242, -44973.0)
(557, 96.24321913719177, -672797.8965517242, -44973.0)
(558, 96.49126482009888, -672797.8965517242, -44973.0)
(559, 96.76403737068176, -672797.8965517242, -44973.0)
(560, 97.0288496017456, -672797.8965517242, -44973.0)
(561, 97.30287504196167, -672797.8965517242, -44973.0)
(562, 97.55520296096802, -672797.8965517242, -44973.0)
(563, 97.81318044662476, -672797.8965517242, -44973.0)
(564, 98.0697271823883, -672797.8965517242, -44973.0)
(565, 98.32800889015198, -672797.8965517242, -44973.0)
(566, 98.58436274528503, -672797.8965517242, -44973.0)
(567, 98.8427803516388, -672797.8965517242, -44973.0)
(568, 99.10299897193909, -672797.8965517242, -44973.0)
(569, 99.35635995864868, -672797.8965517242, -44973.0)
(570, 99.62610840797424, -672797.8965517242, -44973.0)
(571, 99.88168025016785, -672797.8965517242, -44973.0)
(572, 100.14664673805237, -672797.8965517242, -44973.0)
(573, 100.40850448608398, -672797.8965517242, -44973.0)
(574, 100.67433094978333, -672797.8965517242, -44973.0)
(575, 100.9345338344574, -672797.8965517242, -44973.0)
(576, 101.20319962501526, -672797.8965517242, -44973.0)
(577, 101.46153330802917, -672797.8965517242, -44973.0)
(578, 101.72298860549927, -672797.8965517242, -44973.0)
(579, 101.979900598526, -672797.8965517242, -44973.0)
(580, 102.23683524131775, -672797.8965517242, -44973.0)
(581, 102.50374722480774, -672797.8965517242, -44973.0)
(582, 102.76083254814148, -672797.8965517242, -44973.0)
(583, 103.01170754432678, -672797.8965517242, -44973.0)
(584, 103.27807021141052, -672797.8965517242, -44973.0)
(585, 103.57737231254578, -672797.8965517242, -44973.0)
(586, 103.8521339893341, -672797.8965517242, -44973.0)
(587, 104.11395263671875, -672797.8965517242, -44973.0)
(588, 104.38299465179443, -672797.8965517242, -44973.0)
(589, 104.64748096466064, -672797.8965517242, -44973.0)
(590, 104.91130828857422, -672797.8965517242, -44973.0)
(591, 105.17913055419922, -672797.8965517242, -44973.0)
(592, 105.44327592849731, -672797.8965517242, -44973.0)
(593, 105.70770978927612, -672797.8965517242, -44973.0)
(594, 105.98318457603455, -672797.8965517242, -44973.0)
(595, 106.26392698287964, -672797.8965517242, -44973.0)
(596, 106.54248929023743, -672797.8965517242, -44973.0)
(597, 106.8289213180542, -672797.8965517242, -44973.0)
(598, 107.11036658287048, -672797.8965517242, -44973.0)
(599, 107.37626957893372, -672797.8965517242, -44973.0)
(600, 107.64347839355469, -672797.8965517242, -44973.0)
(601, 107.92454695701599, -672797.8965517242, -44973.0)
(602, 108.20261645317078, -672797.8965517242, -44973.0)
(603, 108.483154296875, -672797.8965517242, -44973.0)
(604, 108.78559613227844, -672797.8965517242, -44973.0)
(605, 109.06804418563843, -672797.8965517242, -44973.0)
(606, 109.34634852409363, -672797.8965517242, -44973.0)
(607, 109.61019968986511, -672797.8965517242, -44973.0)
(608, 109.89055371284485, -672797.8965517242, -44973.0)
(609, 110.17278361320496, -672797.8965517242, -44973.0)
(610, 110.46188235282898, -672797.8965517242, -44973.0)
(611, 110.7333414554596, -672797.8965517242, -44973.0)
(612, 111.0301821231842, -672797.8965517242, -44973.0)
(613, 111.30908226966858, -672797.8965517242, -44973.0)
(614, 111.59943652153015, -672797.8965517242, -44973.0)
(615, 111.88898062705994, -672797.8965517242, -44973.0)
(616, 112.16031289100647, -672797.8965517242, -44973.0)
(617, 112.43062973022461, -672797.8965517242, -44973.0)
(618, 112.69415640830994, -672797.8965517242, -44973.0)
(619, 112.95857191085815, -672797.8965517242, -44973.0)
(620, 113.25316405296326, -672797.8965517242, -44973.0)
(621, 113.52813649177551, -672797.8965517242, -44973.0)
(622, 113.82519793510437, -672797.8965517242, -44973.0)
(623, 114.10231232643127, -672797.8965517242, -44973.0)
(624, 114.38423538208008, -672797.8965517242, -44973.0)
(625, 114.66582250595093, -672797.8965517242, -44973.0)
(626, 114.95670366287231, -672797.8965517242, -44973.0)
(627, 115.25376677513123, -672797.8965517242, -44973.0)
(628, 115.52736711502075, -672797.8965517242, -44973.0)
(629, 115.80750489234924, -672797.8965517242, -44973.0)
(630, 116.08123970031738, -672797.8965517242, -44973.0)
(631, 116.36269545555115, -672797.8965517242, -44973.0)
(632, 116.6687879562378, -672797.8965517242, -44973.0)
(633, 116.97816109657288, -672797.8965517242, -44973.0)
(634, 117.27494716644287, -672797.8965517242, -44973.0)
(635, 117.56172728538513, -672797.8965517242, -44973.0)
(636, 117.84697842597961, -672797.8965517242, -44973.0)
(637, 118.13415479660034, -672797.8965517242, -44973.0)
(638, 118.42849469184875, -672797.8965517242, -44973.0)
(639, 118.72276091575623, -672797.8965517242, -44973.0)
(640, 119.01533460617065, -672797.8965517242, -44973.0)
(641, 119.30098938941956, -672797.8965517242, -44973.0)
(642, 119.58621907234192, -672797.8965517242, -44973.0)
(643, 119.86830854415894, -672797.8965517242, -44973.0)
(644, 120.14757919311523, -672797.8965517242, -44973.0)
(645, 120.43450570106506, -672797.8965517242, -44973.0)
(646, 120.74406504631042, -672797.8965517242, -44973.0)
(647, 121.02965426445007, -672797.8965517242, -44973.0)
(648, 121.32376027107239, -672797.8965517242, -44973.0)
(649, 121.60851120948792, -672797.8965517242, -44973.0)
(650, 121.9193103313446, -672797.8965517242, -44973.0)
(651, 122.23179769515991, -672797.8965517242, -44973.0)
(652, 122.53009510040283, -672797.8965517242, -44973.0)
(653, 122.81609010696411, -672797.8965517242, -44973.0)
(654, 123.10786080360413, -672797.8965517242, -44973.0)
(655, 123.40017294883728, -672797.8965517242, -44973.0)
(656, 123.69315123558044, -672797.8965517242, -44973.0)
(657, 123.98877382278442, -672797.8965517242, -44973.0)
(658, 124.29804539680481, -672797.8965517242, -44973.0)
(659, 124.60108542442322, -672797.8965517242, -44973.0)
(660, 124.88877296447754, -672797.8965517242, -44973.0)
(661, 125.18313074111938, -672797.8965517242, -44973.0)
(662, 125.47464156150818, -672797.8965517242, -44973.0)
(663, 125.77518725395203, -672797.8965517242, -44973.0)
(664, 126.08891940116882, -672797.8965517242, -44973.0)
(665, 126.38165092468262, -672797.8965517242, -44973.0)
(666, 126.69435119628906, -672797.8965517242, -44973.0)
(667, 127.00870513916016, -672797.8965517242, -44973.0)
(668, 127.33683943748474, -672797.8965517242, -44973.0)
(669, 127.6396234035492, -672797.8965517242, -44973.0)
(670, 127.9447615146637, -672797.8965517242, -44973.0)
(671, 128.2474558353424, -672797.8965517242, -44973.0)
(672, 128.57194328308105, -672797.8965517242, -44973.0)
(673, 128.85732007026672, -672797.8965517242, -44973.0)
(674, 129.1873836517334, -672797.8965517242, -44973.0)
(675, 129.50888872146606, -672797.8965517242, -44973.0)
(676, 129.83870124816895, -672797.8965517242, -44973.0)
(677, 130.14661693572998, -672797.8965517242, -44973.0)
(678, 130.45441007614136, -672797.8965517242, -44973.0)
(679, 130.75500106811523, -672797.8965517242, -44973.0)
(680, 131.06074571609497, -672797.8965517242, -44973.0)
(681, 131.36211967468262, -672797.8965517242, -44973.0)
(682, 131.68114590644836, -672797.8965517242, -44973.0)
(683, 131.97494626045227, -672797.8965517242, -44973.0)
(684, 132.27838230133057, -672797.8965517242, -44973.0)
(685, 132.60818457603455, -672797.8965517242, -44973.0)
(686, 132.92330765724182, -672797.8965517242, -44973.0)
(687, 133.23974227905273, -672797.8965517242, -44973.0)
(688, 133.5529661178589, -672797.8965517242, -44973.0)
(689, 133.85448932647705, -672797.8965517242, -44973.0)
(690, 134.15835976600647, -672797.8965517242, -44973.0)
(691, 134.45941066741943, -672797.8965517242, -44973.0)
(692, 134.77748942375183, -672797.8965517242, -44973.0)
(693, 135.11781930923462, -672797.8965517242, -44973.0)
(694, 135.4362382888794, -672797.8965517242, -44973.0)
(695, 135.76321744918823, -672797.8965517242, -44973.0)
(696, 136.1295986175537, -672797.8965517242, -44973.0)
(697, 136.47161149978638, -672797.8965517242, -44973.0)
(698, 136.79625964164734, -672797.8965517242, -44973.0)
(699, 137.11700105667114, -672797.8965517242, -44973.0)
(700, 137.4460117816925, -672797.8965517242, -44973.0)
(701, 137.76729774475098, -672797.8965517242, -44973.0)
(702, 138.09458374977112, -672797.8965517242, -44973.0)
(703, 138.40348291397095, -672797.8965517242, -44973.0)
(704, 138.70597004890442, -672797.8965517242, -44973.0)
(705, 139.0474967956543, -672797.8965517242, -44973.0)
(706, 139.39676451683044, -672797.8965517242, -44973.0)
(707, 139.76289868354797, -672797.8965517242, -44973.0)
(708, 140.1053683757782, -672797.8965517242, -44973.0)
(709, 140.42730951309204, -672797.8965517242, -44973.0)
(710, 140.75548934936523, -672797.8965517242, -44973.0)
(711, 141.07619094848633, -672797.8965517242, -44973.0)
(712, 141.41012978553772, -672797.8965517242, -44973.0)
(713, 141.73458814620972, -672797.8965517242, -44973.0)
(714, 142.0643129348755, -672797.8965517242, -44973.0)
(715, 142.3703374862671, -672797.8965517242, -44973.0)
(716, 142.7116756439209, -672797.8965517242, -44973.0)
(717, 143.02803659439087, -672797.8965517242, -44973.0)
(718, 143.34858202934265, -672797.8965517242, -44973.0)
(719, 143.69156289100647, -672797.8965517242, -44973.0)
(720, 144.02669048309326, -672797.8965517242, -44973.0)
(721, 144.35685324668884, -672797.8965517242, -44973.0)
(722, 144.73490858078003, -672797.8965517242, -44973.0)
(723, 145.0568447113037, -672797.8965517242, -44973.0)
(724, 145.39086985588074, -672797.8965517242, -44973.0)
(725, 145.727557182312, -672797.8965517242, -44973.0)
(726, 146.0761203765869, -672797.8965517242, -44973.0)
(727, 146.44833707809448, -672797.8965517242, -44973.0)
(728, 146.7949664592743, -672797.8965517242, -44973.0)
(729, 147.13525366783142, -672797.8965517242, -44973.0)
(730, 147.47454166412354, -672797.8965517242, -44973.0)
(731, 147.82921195030212, -672797.8965517242, -44973.0)
(732, 148.159259557724, -672797.8965517242, -44973.0)
(733, 148.49248433113098, -672797.8965517242, -44973.0)
(734, 148.82997679710388, -672797.8965517242, -44973.0)
(735, 149.16640043258667, -672797.8965517242, -44973.0)
(736, 149.5133306980133, -672797.8965517242, -44973.0)
(737, 149.83273243904114, -672797.8965517242, -44973.0)
(738, 150.18688988685608, -672797.8965517242, -44973.0)
(739, 150.54025268554688, -672797.8965517242, -44973.0)
(740, 150.87563705444336, -672797.8965517242, -44973.0)
(741, 151.20291256904602, -672797.8965517242, -44973.0)
(742, 151.52972269058228, -672797.8965517242, -44973.0)
(743, 151.85195517539978, -672797.8965517242, -44973.0)
(744, 152.17434763908386, -672797.8965517242, -44973.0)
(745, 152.5213484764099, -672797.8965517242, -44973.0)
(746, 152.84961533546448, -672797.8965517242, -44973.0)
(747, 153.16998171806335, -672797.8965517242, -44973.0)
(748, 153.51434445381165, -672797.8965517242, -44973.0)
(749, 153.88965678215027, -672797.8965517242, -44973.0)
(750, 154.26835703849792, -672797.8965517242, -44973.0)
(751, 154.6544234752655, -672797.8965517242, -44973.0)
(752, 155.0218894481659, -672797.8965517242, -44973.0)
(753, 155.3726613521576, -672797.8965517242, -44973.0)
(754, 155.72366404533386, -672797.8965517242, -44973.0)
(755, 156.06643152236938, -672797.8965517242, -44973.0)
(756, 156.39793372154236, -672797.8965517242, -44973.0)
(757, 156.743798494339, -672797.8965517242, -44973.0)
(758, 157.0872564315796, -672797.8965517242, -44973.0)
(759, 157.4330804347992, -672797.8965517242, -44973.0)
(760, 157.7836947441101, -672797.8965517242, -44973.0)
(761, 158.1573338508606, -672797.8965517242, -44973.0)
(762, 158.5021526813507, -672797.8965517242, -44973.0)
(763, 158.8564577102661, -672797.8965517242, -44973.0)
(764, 159.2088804244995, -672797.8965517242, -44973.0)
(765, 159.60457754135132, -672797.8965517242, -44973.0)
(766, 159.9722716808319, -672797.8965517242, -44973.0)
(767, 160.33098316192627, -672797.8965517242, -44973.0)
(768, 160.67458653450012, -672797.8965517242, -44973.0)
(769, 161.03108143806458, -672797.8965517242, -44973.0)
(770, 161.3862566947937, -672797.8965517242, -44973.0)
(771, 161.72987174987793, -672797.8965517242, -44973.0)
(772, 162.09291625022888, -672797.8965517242, -44973.0)
(773, 162.44369649887085, -672797.8965517242, -44973.0)
(774, 162.80910348892212, -672797.8965517242, -44973.0)
(775, 163.16961669921875, -672797.8965517242, -44973.0)
(776, 163.52313947677612, -672797.8965517242, -44973.0)
(777, 163.87148880958557, -672797.8965517242, -44973.0)
(778, 164.23575377464294, -672797.8965517242, -44973.0)
(779, 164.5840458869934, -672797.8965517242, -44973.0)
(780, 164.9172704219818, -672797.8965517242, -44973.0)
(781, 165.28470921516418, -672797.8965517242, -44973.0)
(782, 165.63147163391113, -672797.8965517242, -44973.0)
(783, 165.98326683044434, -672797.8965517242, -44973.0)
(784, 166.37254929542542, -672797.8965517242, -44973.0)
(785, 166.73672604560852, -672797.8965517242, -44973.0)
(786, 167.1295359134674, -672797.8965517242, -44973.0)
(787, 167.486225605011, -672797.8965517242, -44973.0)
(788, 167.85729217529297, -672797.8965517242, -44973.0)
(789, 168.20773267745972, -672797.8965517242, -44973.0)
(790, 168.5553901195526, -672797.8965517242, -44973.0)
(791, 168.90471696853638, -672797.8965517242, -44973.0)
(792, 169.25345396995544, -672797.8965517242, -44973.0)
(793, 169.61287689208984, -672797.8965517242, -44973.0)
(794, 169.96964931488037, -672797.8965517242, -44973.0)
(795, 170.36079001426697, -672797.8965517242, -44973.0)
(796, 170.73482203483582, -672797.8965517242, -44973.0)
(797, 171.13131070137024, -672797.8965517242, -44973.0)
(798, 171.49116468429565, -672797.8965517242, -44973.0)
(799, 171.85669922828674, -672797.8965517242, -44973.0)
(800, 172.21488165855408, -672797.8965517242, -44973.0)
(801, 172.58028864860535, -672797.8965517242, -44973.0)
(802, 172.93448781967163, -672797.8965517242, -44973.0)
(803, 173.29018139839172, -672797.8965517242, -44973.0)
(804, 173.66810035705566, -672797.8965517242, -44973.0)
(805, 174.0552191734314, -672797.8965517242, -44973.0)
(806, 174.4341061115265, -672797.8965517242, -44973.0)
(807, 174.807599067688, -672797.8965517242, -44973.0)
(808, 175.19973254203796, -672797.8965517242, -44973.0)
(809, 175.62792229652405, -672797.8965517242, -44973.0)
(810, 176.01500749588013, -672797.8965517242, -44973.0)
(811, 176.44216084480286, -672797.8965517242, -44973.0)
(812, 176.85132002830505, -672797.8965517242, -44973.0)
(813, 177.25816369056702, -672797.8965517242, -44973.0)
(814, 177.65968012809753, -672797.8965517242, -44973.0)
(815, 178.03427529335022, -672797.8965517242, -44973.0)
(816, 178.41259908676147, -672797.8965517242, -44973.0)
(817, 178.7839925289154, -672797.8965517242, -44973.0)
(818, 179.15223956108093, -672797.8965517242, -44973.0)
(819, 179.5302128791809, -672797.8965517242, -44973.0)
(820, 179.89459681510925, -672797.8965517242, -44973.0)
(821, 180.3010129928589, -672797.8965517242, -44973.0)
(822, 180.6843559741974, -672797.8965517242, -44973.0)
(823, 181.05038404464722, -672797.8965517242, -44973.0)
(824, 181.45180988311768, -672797.8965517242, -44973.0)
(825, 181.83643078804016, -672797.8965517242, -44973.0)
(826, 182.2117898464203, -672797.8965517242, -44973.0)
(827, 182.5823311805725, -672797.8965517242, -44973.0)
(828, 182.9591248035431, -672797.8965517242, -44973.0)
(829, 183.35350346565247, -672797.8965517242, -44973.0)
(830, 183.72523260116577, -672797.8965517242, -44973.0)
(831, 184.086932182312, -672797.8965517242, -44973.0)
(832, 184.47121286392212, -672797.8965517242, -44973.0)
(833, 184.877521276474, -672797.8965517242, -44973.0)
(834, 185.27990865707397, -672797.8965517242, -44973.0)
(835, 185.67475056648254, -672797.8965517242, -44973.0)
(836, 186.09149861335754, -672797.8965517242, -44973.0)
(837, 186.5567455291748, -672797.8965517242, -44973.0)
(838, 187.0526988506317, -672797.8965517242, -44973.0)
(839, 187.60029315948486, -672797.8965517242, -44973.0)
(840, 188.02114462852478, -672797.8965517242, -44973.0)
(841, 188.53013586997986, -672797.8965517242, -44973.0)
(842, 189.04773259162903, -672797.8965517242, -44973.0)
(843, 189.55163669586182, -672797.8965517242, -44973.0)
(844, 190.0189938545227, -672797.8965517242, -44973.0)
(845, 190.4971718788147, -672797.8965517242, -44973.0)
(846, 190.9340660572052, -672797.8965517242, -44973.0)
(847, 191.35930800437927, -672797.8965517242, -44973.0)
(848, 191.7517032623291, -672797.8965517242, -44973.0)
(849, 192.16272473335266, -672797.8965517242, -44973.0)
(850, 192.56598496437073, -672797.8965517242, -44973.0)
(851, 192.98467373847961, -672797.8965517242, -44973.0)
(852, 193.52128720283508, -672797.8965517242, -44973.0)
(853, 193.9142141342163, -672797.8965517242, -44973.0)
(854, 194.2919054031372, -672797.8965517242, -44973.0)
(855, 194.69079446792603, -672797.8965517242, -44973.0)
(856, 195.0840437412262, -672797.8965517242, -44973.0)
(857, 195.50248050689697, -672797.8965517242, -44973.0)
(858, 195.889244556427, -672797.8965517242, -44973.0)
(859, 196.24252939224243, -672797.8965517242, -44973.0)
(860, 196.61650228500366, -672797.8965517242, -44973.0)
(861, 196.99561190605164, -672797.8965517242, -44973.0)
(862, 197.3735384941101, -672797.8965517242, -44973.0)
(863, 197.7471044063568, -672797.8965517242, -44973.0)
(864, 198.1173334121704, -672797.8965517242, -44973.0)
(865, 198.4957299232483, -672797.8965517242, -44973.0)
(866, 198.88289332389832, -672797.8965517242, -44973.0)
(867, 199.2562918663025, -672797.8965517242, -44973.0)
(868, 199.6439826488495, -672797.8965517242, -44973.0)
(869, 200.01403951644897, -672797.8965517242, -44973.0)
(870, 200.37729930877686, -672797.8965517242, -44973.0)
(871, 200.7856001853943, -672797.8965517242, -44973.0)
(872, 201.17716097831726, -672797.8965517242, -44973.0)
(873, 201.58613848686218, -672797.8965517242, -44973.0)
(874, 201.9738733768463, -672797.8965517242, -44973.0)
(875, 202.36538338661194, -672797.8965517242, -44973.0)
(876, 202.75778794288635, -672797.8965517242, -44973.0)
(877, 203.15913653373718, -672797.8965517242, -44973.0)
(878, 203.55020880699158, -672797.8965517242, -44973.0)
(879, 203.97100925445557, -672797.8965517242, -44973.0)
(880, 204.3675673007965, -672797.8965517242, -44973.0)
(881, 204.73444771766663, -672797.8965517242, -44973.0)
(882, 205.14305782318115, -672797.8965517242, -44973.0)
(883, 205.55079412460327, -672797.8965517242, -44973.0)
(884, 205.93904781341553, -672797.8965517242, -44973.0)
(885, 206.3277153968811, -672797.8965517242, -44973.0)
(886, 206.7458119392395, -672797.8965517242, -44973.0)
(887, 207.13825464248657, -672797.8965517242, -44973.0)
(888, 207.53103256225586, -672797.8965517242, -44973.0)
(889, 207.93051981925964, -672797.8965517242, -44973.0)
(890, 208.3183572292328, -672797.8965517242, -44973.0)
(891, 208.70293498039246, -672797.8965517242, -44973.0)
(892, 209.1545650959015, -672797.8965517242, -44973.0)
(893, 209.55835366249084, -672797.8965517242, -44973.0)
(894, 209.95804572105408, -672797.8965517242, -44973.0)
(895, 210.32798647880554, -672797.8965517242, -44973.0)
(896, 210.7202272415161, -672797.8965517242, -44973.0)
(897, 211.13356566429138, -672797.8965517242, -44973.0)
(898, 211.52685046195984, -672797.8965517242, -44973.0)
(899, 211.92285990715027, -672797.8965517242, -44973.0)
(900, 212.30778551101685, -672797.8965517242, -44973.0)
(901, 212.83828020095825, -672797.8965517242, -44973.0)
(902, 213.24546647071838, -672797.8965517242, -44973.0)
(903, 213.66588687896729, -672797.8965517242, -44973.0)
(904, 214.09826970100403, -672797.8965517242, -44973.0)
(905, 214.50730347633362, -672797.8965517242, -44973.0)
(906, 214.9378137588501, -672797.8965517242, -44973.0)
(907, 215.38828039169312, -672797.8965517242, -44973.0)
(908, 215.83821892738342, -672797.8965517242, -44973.0)
(909, 216.28046202659607, -672797.8965517242, -44973.0)
(910, 216.67458605766296, -672797.8965517242, -44973.0)
(911, 217.11057114601135, -672797.8965517242, -44973.0)
(912, 217.51426434516907, -672797.8965517242, -44973.0)
(913, 217.94326877593994, -672797.8965517242, -44973.0)
(914, 218.35534596443176, -672797.8965517242, -44973.0)
(915, 218.73790740966797, -672797.8965517242, -44973.0)
(916, 219.16575646400452, -672797.8965517242, -44973.0)
(917, 219.5455334186554, -672797.8965517242, -44973.0)
(918, 219.92415571212769, -672797.8965517242, -44973.0)
(919, 220.34596014022827, -672797.8965517242, -44973.0)
(920, 220.80678343772888, -672797.8965517242, -44973.0)
(921, 221.22424268722534, -672797.8965517242, -44973.0)
(922, 221.70572972297668, -641733.8265306123, -44973.0)
(923, 222.15161800384521, -641733.8265306123, -44973.0)
(924, 222.55231928825378, -641733.8265306123, -44973.0)
(925, 222.96861362457275, -641733.8265306123, -44973.0)
(926, 223.37342357635498, -641733.8265306123, -44973.0)
(927, 223.8033938407898, -641733.8265306123, -44973.0)
(928, 224.1990773677826, -641733.8265306123, -44973.0)
(929, 224.6381003856659, -641733.8265306123, -44973.0)
(930, 225.02807307243347, -641733.8265306123, -44973.0)
(931, 225.44631838798523, -641733.8265306123, -44973.0)
(932, 225.8601531982422, -641733.8265306123, -44973.0)
(933, 226.25608587265015, -641733.8265306123, -44973.0)
(934, 226.68784379959106, -641733.8265306123, -44973.0)
(935, 227.09963369369507, -641733.8265306123, -44973.0)
(936, 227.48595309257507, -641733.8265306123, -44973.0)
(937, 227.90578627586365, -641733.8265306123, -44973.0)
(938, 228.29761743545532, -641733.8265306123, -44973.0)
(939, 228.70558643341064, -641733.8265306123, -44973.0)
(940, 229.10668230056763, -641733.8265306123, -44973.0)
(941, 229.50847554206848, -641733.8265306123, -44973.0)
(942, 229.92421889305115, -641733.8265306123, -44973.0)
(943, 230.32992339134216, -641733.8265306123, -44973.0)
(944, 230.7613227367401, -641733.8265306123, -44973.0)
(945, 231.16555953025818, -641733.8265306123, -44973.0)
(946, 231.56046986579895, -641733.8265306123, -44973.0)
(947, 231.96194577217102, -641733.8265306123, -44973.0)
(948, 232.35792756080627, -641733.8265306123, -44973.0)
(949, 232.7953736782074, -641733.8265306123, -44973.0)
(950, 233.28279209136963, -641733.8265306123, -44973.0)
(951, 233.72566056251526, -641733.8265306123, -44973.0)
(952, 234.1630096435547, -641733.8265306123, -44973.0)
(953, 234.5755479335785, -641733.8265306123, -44973.0)
(954, 234.9980070590973, -641733.8265306123, -44973.0)
(955, 235.39007019996643, -641733.8265306123, -44973.0)
(956, 235.81553101539612, -641733.8265306123, -44973.0)
(957, 236.24256992340088, -641733.8265306123, -44973.0)
(958, 236.63930749893188, -641733.8265306123, -44973.0)
(959, 237.07080745697021, -641733.8265306123, -44973.0)
(960, 237.48753476142883, -641733.8265306123, -44973.0)
(961, 237.88663721084595, -641733.8265306123, -44973.0)
(962, 238.3082082271576, -641733.8265306123, -44973.0)
(963, 238.71643543243408, -641733.8265306123, -44973.0)
(964, 239.11097645759583, -641733.8265306123, -44973.0)
(965, 239.5427701473236, -641733.8265306123, -44973.0)
(966, 239.94970750808716, -641733.8265306123, -44973.0)
(967, 240.35937094688416, -641733.8265306123, -44973.0)
(968, 240.75706434249878, -641733.8265306123, -44973.0)
(969, 241.185364484787, -641733.8265306123, -44973.0)
(970, 241.64690566062927, -641733.8265306123, -44973.0)
(971, 242.06990790367126, -641733.8265306123, -44973.0)
(972, 242.47988867759705, -641733.8265306123, -44973.0)
(973, 242.95008444786072, -641733.8265306123, -44973.0)
(974, 243.42326140403748, -641733.8265306123, -44973.0)
(975, 243.87000107765198, -641733.8265306123, -44973.0)
(976, 244.28964018821716, -641733.8265306123, -44973.0)
(977, 244.7067801952362, -641733.8265306123, -44973.0)
(978, 245.14878582954407, -641733.8265306123, -44973.0)
(979, 245.55201029777527, -641733.8265306123, -44973.0)
(980, 245.96842098236084, -641733.8265306123, -44973.0)
(981, 246.40330290794373, -641733.8265306123, -44973.0)
(982, 246.8513741493225, -641733.8265306123, -44973.0)
(983, 247.26658868789673, -641733.8265306123, -44973.0)
(984, 247.70450019836426, -641733.8265306123, -44973.0)
(985, 248.133691072464, -641733.8265306123, -44973.0)
(986, 248.55950021743774, -641733.8265306123, -44973.0)
(987, 248.9638512134552, -641733.8265306123, -44973.0)
(988, 249.37391996383667, -641733.8265306123, -44973.0)
(989, 249.82363772392273, -641733.8265306123, -44973.0)
(990, 250.28984022140503, -641733.8265306123, -44973.0)
(991, 250.71630859375, -641733.8265306123, -44973.0)
(992, 251.15319275856018, -641733.8265306123, -44973.0)
(993, 251.58964204788208, -641733.8265306123, -44973.0)
(994, 252.02274131774902, -641733.8265306123, -44973.0)
(995, 252.44419264793396, -641733.8265306123, -44973.0)
(996, 252.90086269378662, -641733.8265306123, -44973.0)
(997, 253.3276801109314, -641733.8265306123, -44973.0)
(998, 253.7846086025238, -641733.8265306123, -44973.0)
(999, 254.20599722862244, -641733.8265306123, -44973.0)
(1000, 254.64609837532043, -641733.8265306123, -44973.0)
