(1, 0.019993305206298828, -74330.0, -12246.0)
(2, 0.04044771194458008, -39383.18967718405, -12246.0)
(3, 0.06079506874084473, -30071.170823771827, -12246.0)
(4, 0.07994198799133301, -24694.65138058521, -12246.0)
(5, 0.10642790794372559, -21941.298020137438, -12246.0)
(6, 0.13773465156555176, -19377.627836590065, -12246.0)
(7, 0.1713118553161621, -17482.77011874447, -12246.0)
(8, 0.20589351654052734, -16146.033376622672, -12246.0)
(9, 0.2457723617553711, -14626.56197901765, -12762.0)
(10, 0.2861957550048828, -14071.280265554338, -13798.0)
(11, 0.3296658992767334, -13879.984079793638, -13798.0)
(12, 0.36823034286499023, -13822.595223821014, -13798.0)
(13, 0.41098952293395996, -13805.378566796791, -13798.0)
(14, 0.45415186882019043, -13800.213570038397, -13798.0)
(15, 0.4965181350708008, -13798.664071005012, -13798.0)
(16, 0.5403077602386475, -13798.199221301176, -13798.0)
(17, 0.5848104953765869, -13798.05976635115, -13798.0)
(18, 0.6292839050292969, -13798.01792972526, -13798.0)
(19, 0.6754434108734131, -13798.00537883351, -13798.0)
