(1, 0.06829094886779785, -379913.0, -22035.0)
(2, 0.13233280181884766, -379913.0, -22035.0)
(3, 0.19611668586730957, -379913.0, -22035.0)
(4, 0.2602972984313965, -379913.0, -22035.0)
(5, 0.3245084285736084, -379913.0, -22035.0)
(6, 0.3885657787322998, -379913.0, -22035.0)
(7, 0.4526407718658447, -379913.0, -22035.0)
(8, 0.5168395042419434, -379913.0, -22035.0)
(9, 0.5809760093688965, -379913.0, -22035.0)
(10, 0.6441605091094971, -379913.0, -22035.0)
(11, 0.7086474895477295, -379913.0, -22035.0)
(12, 0.7733800411224365, -369991.0, -22035.0)
(13, 0.8385751247406006, -367892.8620689655, -22035.0)
(14, 0.9044411182403564, -367711.04545454547, -22035.0)
(15, 0.9705526828765869, -367711.04545454547, -22035.0)
(16, 1.0357627868652344, -367711.04545454547, -22035.0)
(17, 1.1007652282714844, -367711.04545454547, -22035.0)
(18, 1.1650822162628174, -367711.04545454547, -22035.0)
(19, 1.228348731994629, -367711.04545454547, -22035.0)
(20, 1.293243646621704, -367711.04545454547, -22035.0)
(21, 1.356950044631958, -367711.04545454547, -22035.0)
(22, 1.4231247901916504, -367711.04545454547, -22035.0)
(23, 1.4879298210144043, -367711.04545454547, -22035.0)
(24, 1.5540173053741455, -348504.5862068966, -22035.0)
(25, 1.6209285259246826, -348504.5862068966, -22035.0)
(26, 1.6879220008850098, -348504.5862068966, -22035.0)
(27, 1.7509679794311523, -348504.5862068966, -22035.0)
(28, 1.813105821609497, -348504.5862068966, -22035.0)
(29, 1.8760912418365479, -348504.5862068966, -22035.0)
(30, 1.9381556510925293, -348504.5862068966, -22035.0)
(31, 2.0024890899658203, -340000.61904761905, -22035.0)
(32, 2.065178394317627, -340000.61904761905, -22035.0)
(33, 2.1268157958984375, -340000.61904761905, -22035.0)
(34, 2.186067819595337, -301804.0, -22035.0)
(35, 2.247382640838623, -301804.0, -22035.0)
(36, 2.307499408721924, -301804.0, -22035.0)
(37, 2.370469331741333, -301804.0, -22035.0)
(38, 2.4302423000335693, -301804.0, -22035.0)
(39, 2.4909117221832275, -301804.0, -22035.0)
(40, 2.551236152648926, -289695.96, -22035.0)
(41, 2.612936019897461, -277496.0689655172, -22035.0)
(42, 2.6912691593170166, -277496.0689655172, -22035.0)
(43, 2.7558326721191406, -277496.0689655172, -22035.0)
(44, 2.8180179595947266, -277496.0689655172, -22035.0)
(45, 2.8805158138275146, -277496.0689655172, -22035.0)
(46, 2.9433200359344482, -277496.0689655172, -22035.0)
(47, 3.004349708557129, -277496.0689655172, -22035.0)
(48, 3.0670669078826904, -277496.0689655172, -22035.0)
(49, 3.128416061401367, -277496.0689655172, -22035.0)
(50, 3.1897881031036377, -274702.36363636365, -22035.0)
(51, 3.25317645072937, -256226.2142857143, -22035.0)
(52, 3.3205409049987793, -256226.2142857143, -22035.0)
(53, 3.382312059402466, -256226.2142857143, -22035.0)
(54, 3.4431440830230713, -256226.2142857143, -22035.0)
(55, 3.5029332637786865, -256226.2142857143, -22035.0)
(56, 3.5632784366607666, -256226.2142857143, -22035.0)
(57, 3.622600793838501, -256226.2142857143, -22035.0)
(58, 3.683957815170288, -256226.2142857143, -22035.0)
(59, 3.7451236248016357, -256226.2142857143, -22035.0)
(60, 3.804080009460449, -246161.26086956522, -22035.0)
(61, 3.865756034851074, -235026.24, -22035.0)
(62, 3.9241154193878174, -235026.24, -22035.0)
(63, 3.9811909198760986, -235026.24, -22035.0)
(64, 4.039331912994385, -235026.24, -22035.0)
(65, 4.096752166748047, -235026.24, -22035.0)
(66, 4.154189586639404, -235026.24, -22035.0)
(67, 4.211503744125366, -235026.24, -22035.0)
(68, 4.268446922302246, -235026.24, -22035.0)
(69, 4.3234171867370605, -197183.57142857142, -22035.0)
(70, 4.379534721374512, -197183.57142857142, -22035.0)
(71, 4.434539079666138, -197183.57142857142, -22035.0)
(72, 4.489272832870483, -197183.57142857142, -22035.0)
(73, 4.544877529144287, -197183.57142857142, -22035.0)
(74, 4.600027084350586, -197183.57142857142, -22035.0)
(75, 4.654782056808472, -197183.57142857142, -22035.0)
(76, 4.7087860107421875, -197183.57142857142, -22035.0)
(77, 4.76242470741272, -197183.57142857142, -22035.0)
(78, 4.8173606395721436, -197183.57142857142, -22035.0)
(79, 4.8732287883758545, -197183.57142857142, -22035.0)
(80, 4.928635120391846, -197183.57142857142, -22035.0)
(81, 4.984671354293823, -195724.68, -22035.0)
(82, 5.043179750442505, -195724.68, -22035.0)
(83, 5.099421501159668, -195724.68, -22035.0)
(84, 5.155591011047363, -195724.68, -22035.0)
(85, 5.211558103561401, -195724.68, -22035.0)
(86, 5.2675628662109375, -195724.68, -22035.0)
(87, 5.3250062465667725, -193576.39130434784, -22035.0)
(88, 5.383153915405273, -193576.39130434784, -22035.0)
(89, 5.441495656967163, -193576.39130434784, -22035.0)
(90, 5.497996807098389, -193576.39130434784, -22035.0)
(91, 5.557613372802734, -193576.39130434784, -22035.0)
(92, 5.615626811981201, -193576.39130434784, -22035.0)
(93, 5.672749280929565, -193576.39130434784, -22035.0)
(94, 5.73016881942749, -193576.39130434784, -22035.0)
(95, 5.78851318359375, -168292.17857142858, -22035.0)
(96, 5.848057508468628, -168292.17857142858, -22035.0)
(97, 5.907939910888672, -168292.17857142858, -22035.0)
(98, 5.965918302536011, -168292.17857142858, -22035.0)
(99, 6.020796060562134, -168292.17857142858, -22035.0)
(100, 6.077130079269409, -168292.17857142858, -22035.0)
(101, 6.134389162063599, -168292.17857142858, -22035.0)
(102, 6.189558506011963, -168292.17857142858, -22035.0)
(103, 6.24478554725647, -168292.17857142858, -22035.0)
(104, 6.303508520126343, -168292.17857142858, -22035.0)
(105, 6.362575054168701, -168292.17857142858, -22035.0)
(106, 6.420466899871826, -163098.0, -22035.0)
(107, 6.476940393447876, -146569.96296296298, -22035.0)
(108, 6.537163496017456, -146569.96296296298, -22035.0)
(109, 6.596100330352783, -146569.96296296298, -22035.0)
(110, 6.6547558307647705, -146569.96296296298, -22035.0)
(111, 6.708863258361816, -146569.96296296298, -22035.0)
(112, 6.76178765296936, -146569.96296296298, -22035.0)
(113, 6.813950300216675, -146569.96296296298, -22035.0)
(114, 6.866543769836426, -146569.96296296298, -22035.0)
(115, 6.917982816696167, -146569.96296296298, -22035.0)
(116, 6.970376253128052, -146569.96296296298, -22035.0)
(117, 7.0243980884552, -129620.73913043478, -22035.0)
(118, 7.081030368804932, -124217.83333333333, -22035.0)
(119, 7.135311126708984, -124217.83333333333, -22035.0)
(120, 7.191734552383423, -124217.83333333333, -22035.0)
(121, 7.247018337249756, -124217.83333333333, -22035.0)
(122, 7.301513195037842, -124217.83333333333, -22035.0)
(123, 7.355385065078735, -124217.83333333333, -22035.0)
(124, 7.41107439994812, -124217.83333333333, -22035.0)
(125, 7.468780517578125, -124217.83333333333, -22035.0)
(126, 7.523806810379028, -97391.0, -22035.0)
(127, 7.578073263168335, -97391.0, -22035.0)
(128, 7.63084602355957, -97391.0, -22035.0)
(129, 7.684442520141602, -97391.0, -22035.0)
(130, 7.738568305969238, -97391.0, -22035.0)
(131, 7.792766809463501, -97391.0, -22035.0)
(132, 7.8466222286224365, -97391.0, -22035.0)
(133, 7.899932146072388, -97391.0, -22035.0)
(134, 7.951540470123291, -83238.41666666667, -22035.0)
(135, 8.004959106445312, -83238.41666666667, -22035.0)
(136, 8.058013916015625, -83238.41666666667, -22035.0)
(137, 8.110134601593018, -83238.41666666667, -22035.0)
(138, 8.162132501602173, -83238.41666666667, -22035.0)
(139, 8.214828968048096, -83238.41666666667, -22035.0)
(140, 8.267730712890625, -83238.41666666667, -22035.0)
(141, 8.32117223739624, -83238.41666666667, -22035.0)
(142, 8.374300241470337, -83238.41666666667, -22035.0)
(143, 8.427383422851562, -83238.41666666667, -22035.0)
(144, 8.480247497558594, -83238.41666666667, -22035.0)
(145, 8.531859636306763, -60527.55, -22035.0)
(146, 8.58822226524353, -60527.55, -22035.0)
(147, 8.642184019088745, -60527.55, -22035.0)
(148, 8.694874286651611, -60527.55, -22035.0)
(149, 8.748441696166992, -60527.55, -22035.0)
(150, 8.803203105926514, -60527.55, -22035.0)
(151, 8.85742735862732, -60527.55, -22035.0)
(152, 8.908302307128906, -60527.55, -22035.0)
(153, 8.963730335235596, -60527.55, -22035.0)
(154, 9.017948389053345, -60527.55, -22035.0)
(155, 9.067774057388306, -54471.666666666664, -22035.0)
(156, 9.120611190795898, -54471.666666666664, -22035.0)
(157, 9.170598268508911, -54471.666666666664, -22035.0)
(158, 9.221704006195068, -54471.666666666664, -22035.0)
(159, 9.273064613342285, -54471.666666666664, -22035.0)
(160, 9.325407266616821, -54471.666666666664, -22035.0)
(161, 9.383543014526367, -54471.666666666664, -22035.0)
(162, 9.435344457626343, -54471.666666666664, -22035.0)
(163, 9.487179517745972, -54471.666666666664, -22035.0)
(164, 9.538939237594604, -54471.666666666664, -22035.0)
(165, 9.5915207862854, -54471.666666666664, -22035.0)
(166, 9.656799077987671, -54471.666666666664, -22035.0)
(167, 9.748748302459717, -54471.666666666664, -22035.0)
(168, 9.82885193824768, -54471.666666666664, -22035.0)
(169, 9.896073341369629, -54471.666666666664, -22035.0)
(170, 9.95199966430664, -54471.666666666664, -22035.0)
(171, 10.006129264831543, -54471.666666666664, -22035.0)
(172, 10.155277967453003, -54471.666666666664, -22035.0)
(173, 10.386385917663574, -54471.666666666664, -22035.0)
(174, 10.53600263595581, -54471.666666666664, -22035.0)
(175, 10.694525241851807, -54471.666666666664, -22035.0)
(176, 10.870484352111816, -54471.666666666664, -22035.0)
(177, 11.06900405883789, -54471.666666666664, -22035.0)
(178, 11.26408576965332, -54471.666666666664, -22035.0)
(179, 11.426183462142944, -53467.222222222226, -22035.0)
(180, 11.613386869430542, -53467.222222222226, -22035.0)
(181, 11.826019287109375, -50350.90277777778, -22035.0)
(182, 12.081200361251831, -50350.90277777778, -22035.0)
(183, 12.410859823226929, -46597.356694871225, -22035.0)
(184, 12.915357828140259, -35123.97862332521, -22035.0)
(185, 13.313079118728638, -31814.350230414744, -31393.01700680272)
(186, 13.445621728897095, -31450.321428571435, -31443.189560439554)
(187, 13.544695377349854, -31443.458955223883, -31443.45895522388)
(188, 13.633451223373413, -31443.458955223883, -31443.458955223887)
