(1, 0.06615161895751953, -447184.0, -50570.0)
(2, 0.13574910163879395, -281248.77502487425, -50570.0)
(3, 0.2133488655090332, -250769.4018799648, -50570.0)
(4, 0.30101466178894043, -222264.32645849406, -50570.0)
(5, 0.3951528072357178, -199123.01625425808, -50570.0)
(6, 0.4902007579803467, -172919.4549652531, -50570.0)
(7, 0.5930995941162109, -136440.4611762193, -50570.0)
(8, 0.7042045593261719, -111855.77323711119, -50570.0)
(9, 0.816171407699585, -110488.42514521512, -50570.0)
(10, 0.9528341293334961, -109816.075073371, -62731.00660714285)
(11, 1.1058135032653809, -87666.88810163125, -62771.553064640255)
(12, 1.2803926467895508, -72980.7502659043, -62868.40588853833)
(13, 1.4762682914733887, -72980.7502659043, -62877.03146795902)
(14, 1.7071774005889893, -68830.56432906112, -63060.75823035835)
(15, 1.9637012481689453, -68389.07776713753, -63115.789261423364)
(16, 2.245054006576538, -66424.01971304469, -63145.291829107344)
(17, 2.5606324672698975, -66424.01971304469, -63204.981301812666)
(18, 2.945319652557373, -64887.69679717582, -63238.4231039812)
(19, 3.3188698291778564, -64887.69679717582, -63259.1479784217)
(20, 3.8069093227386475, -64283.38952198692, -63293.30115620028)
(21, 4.345301151275635, -64129.04374537412, -63315.073264340695)
(22, 4.994511604309082, -63811.72225414831, -63336.63711504077)
(23, 5.7077507972717285, -63709.92359610209, -63350.65538552092)
(24, 6.4778666496276855, -63510.937462472444, -63359.039237220895)
(25, 7.253007411956787, -63510.937462472444, -63365.39762835169)
(26, 7.992308855056763, -63433.365342037374, -63369.0391585208)
(27, 8.736490964889526, -63391.38950844787, -63373.39986541825)
(28, 9.539348840713501, -63379.01737067213, -63373.71502590676)
(29, 10.405543565750122, -63375.30572933647, -63373.71502590673)
(30, 11.303406476974487, -63374.192237021794, -63373.715025906684)
(31, 12.259847640991211, -63373.85818924161, -63373.71502590678)
(32, 13.180561304092407, -63373.75797490705, -63373.7150259067)
(33, 14.191233396530151, -63373.727910606925, -63373.715025906895)
