(1, 0.17043089866638184, -678649.0, -70402.0)
(2, 0.35074687004089355, -414461.34602791735, -70402.0)
(3, 0.5151157379150391, -375985.92607432255, -70402.0)
(4, 0.6870481967926025, -340183.89406857046, -70402.0)
(5, 0.8644249439239502, -311259.948132101, -70402.0)
(6, 1.0181732177734375, -287088.1842063121, -70402.0)
(7, 1.1649370193481445, -237955.27372359653, -70402.0)
(8, 1.3061630725860596, -195174.11947792422, -70402.0)
(9, 1.462012767791748, -178091.54388845284, -70402.0)
(10, 1.6618468761444092, -178091.54388845284, -70402.0)
(11, 1.9274215698242188, -178041.6489199965, -70402.0)
(12, 2.2683300971984863, -137290.69507766637, -93814.35708770306)
(13, 2.685976505279541, -127566.45869128988, -93827.88919408516)
(14, 3.1580262184143066, -117420.25305884212, -93975.05658163635)
(15, 3.571809768676758, -114431.99595064903, -94101.16435004295)
(16, 4.088278532028198, -108332.29941296061, -94361.88305499735)
(17, 4.674585819244385, -106596.60439207764, -94592.02241675672)
(18, 5.281886339187622, -103932.5176244647, -94634.6812838296)
(19, 5.922234773635864, -102465.36566979214, -94663.0897796219)
(20, 6.612719535827637, -100957.64676411258, -94701.90861118474)
(21, 7.373943328857422, -100021.05908651574, -94739.09467712048)
(22, 8.189417123794556, -99460.88864969161, -94840.5282049534)
(23, 9.109915733337402, -98022.46065324209, -95006.68560637177)
(24, 9.972151279449463, -98022.46065324209, -95049.10481386994)
(25, 11.035521030426025, -97795.43693025342, -95086.55055021138)
(26, 12.267165184020996, -97042.52726366099, -95124.00561704142)
(27, 13.468947887420654, -96910.95309125718, -95193.02101729858)
(28, 14.766719341278076, -96450.48305063444, -95215.74823060511)
(29, 16.291850566864014, -96450.48305063444, -95230.35048750797)
(30, 18.053879261016846, -95928.96829233666, -95275.30272952079)
(31, 19.713629722595215, -95928.96829233666, -95294.2630823798)
(32, 21.542359828948975, -95928.96829233666, -95330.27311613105)
(33, 23.47996711730957, -95656.87342953404, -95352.71452037228)
(34, 25.662843227386475, -95656.87342953404, -95356.7073461279)
(35, 28.06735587120056, -95546.04914700032, -95361.98711681494)
(36, 30.114421844482422, -95422.7511059663, -95369.90908838049)
(37, 32.72632431983948, -95422.7511059663, -95373.21230131848)
(38, 35.56016302108765, -95422.7511059663, -95384.34213099314)
(39, 38.41034531593323, -95422.7511059663, -95387.03752592122)
(40, 40.96167039871216, -95415.28731328541, -95387.16414073441)
(41, 43.94285011291504, -95401.47698866932, -95387.2309048636)
(42, 46.708207845687866, -95391.57610766488, -95387.33269197971)
(43, 49.471665382385254, -95388.63072699509, -95387.36842105268)
(44, 52.04944944381714, -95387.7471128352, -95387.36842105267)
(45, 54.424609661102295, -95387.48202858742, -95387.36842105266)
(46, 56.905348777770996, -95387.40250331255, -95387.36842105266)
(47, 59.53924489021301, -95387.37864573013, -95387.36842105268)
