(1, 0.015868663787841797, -114835.0, -9705.0)
(2, 0.030395030975341797, -114835.0, -9705.0)
(3, 0.04493355751037598, -114835.0, -9705.0)
(4, 0.05958819389343262, -114835.0, -9705.0)
(5, 0.07437467575073242, -114835.0, -9705.0)
(6, 0.08913326263427734, -114835.0, -9705.0)
(7, 0.1035616397857666, -114835.0, -9705.0)
(8, 0.11878108978271484, -95595.55555555556, -9705.0)
(9, 0.13453316688537598, -74636.11111111111, -9705.0)
(10, 0.15040183067321777, -66882.55555555556, -9705.0)
(11, 0.16627001762390137, -63524.11111111111, -9705.0)
(12, 0.18234872817993164, -61082.66666666667, -9705.0)
(13, 0.1984097957611084, -57659.88888888889, -9705.0)
(14, 0.2147059440612793, -44855.22222222222, -9705.0)
(15, 0.2317347526550293, -24280.88888888889, -9705.0)
(16, 0.24867582321166992, -15551.444444444445, -9705.0)
(17, 0.26637792587280273, -14598.0, -13699.0)
(18, 0.28360629081726074, -13832.0, -13832.0)
(19, 0.3005406856536865, -13832.0, -13832.0)
