(1, 0.22638249397277832, -1530777.0, -38895.0)
(2, 0.5291202068328857, -765953.3186984782, -38895.0)
(3, 0.7742693424224854, -373197.5332760031, -38895.0)
(4, 1.283416509628296, -205954.96726024587, -38895.0)
(5, 1.8743624687194824, -122296.69666729319, -38895.0)
(6, 2.492666244506836, -103487.8765968711, -38895.0)
(7, 3.152944326400757, -87658.47145413238, -63017.59999999999)
(8, 4.049911260604858, -71074.6394774517, -63186.20833333333)
(9, 5.068011045455933, -65860.5119884547, -63187.53833333332)
(10, 6.228688478469849, -64371.171524244106, -63210.03354297698)
(11, 7.439171552658081, -63676.94821487323, -63248.09731790208)
(12, 8.71783709526062, -63463.01112853207, -63273.41250944824)
(13, 9.97931456565857, -63361.9576964512, -63310.771904761874)
(14, 11.360368967056274, -63326.12764226572, -63310.771904761874)
(15, 12.925573110580444, -63319.758649460535, -63310.77190476189)
(16, 14.353544235229492, -63313.46792817141, -63310.77190476188)
(17, 15.852296829223633, -63312.12049306111, -63310.77190476188)
(18, 17.309206008911133, -63311.196172983044, -63310.8000358038)
(19, 18.795573711395264, -63310.91887695529, -63310.80003580379)
(20, 20.240060091018677, -63310.83568815047, -63310.80003580377)
(21, 21.666144371032715, -63310.8107315075, -63310.8000358038)
