(1, 0.09728097915649414, -188151.0, -10721.0)
(2, 0.1851332187652588, -187909.27586206896, -10721.0)
(3, 0.2726285457611084, -186589.27586206896, -10721.0)
(4, 0.3609178066253662, -180859.27586206896, -10721.0)
(5, 0.4489717483520508, -180154.68, -10721.0)
(6, 0.5364015102386475, -173549.20833333334, -10721.0)
(7, 0.6286089420318604, -173549.20833333334, -10721.0)
(8, 0.72049880027771, -161686.08333333334, -10721.0)
(9, 0.8107960224151611, -161686.08333333334, -10721.0)
(10, 0.8986690044403076, -149272.20833333334, -10721.0)
(11, 0.9871101379394531, -149272.20833333334, -10721.0)
(12, 1.0762255191802979, -143467.66666666666, -10721.0)
(13, 1.1663198471069336, -134135.16666666666, -10721.0)
(14, 1.2568926811218262, -128574.33333333333, -10721.0)
(15, 1.3476512432098389, -118881.0, -10721.0)
(16, 1.4393823146820068, -111671.16666666667, -10721.0)
(17, 1.5309247970581055, -110518.125, -10721.0)
(18, 1.6236357688903809, -104374.33333333333, -10721.0)
(19, 1.7337169647216797, -97919.5, -10721.0)
(20, 1.8294219970703125, -96527.66666666667, -10721.0)
(21, 1.9242544174194336, -87043.29166666667, -10721.0)
(22, 2.01884126663208, -87043.29166666667, -10721.0)
(23, 2.1131253242492676, -86894.95833333333, -10721.0)
(24, 2.208519697189331, -77254.95833333333, -10721.0)
(25, 2.304527997970581, -68271.625, -10721.0)
(26, 2.401566505432129, -68271.625, -10721.0)
(27, 2.4989278316497803, -58888.291666666664, -10721.0)
(28, 2.5964245796203613, -58888.291666666664, -10721.0)
(29, 2.694589138031006, -52989.541666666664, -10721.0)
(30, 2.792574405670166, -52989.541666666664, -10721.0)
(31, 2.890882730484009, -48502.041666666664, -10721.0)
(32, 2.9898624420166016, -42283.708333333336, -10721.0)
(33, 3.0901143550872803, -42283.708333333336, -10721.0)
(34, 3.191110849380493, -30610.375, -10721.0)
(35, 3.291944980621338, -30610.375, -10721.0)
(36, 3.392516613006592, -24337.875, -10721.0)
(37, 3.4934563636779785, -23816.041666666664, -10721.0)
(38, 3.6404027938842773, -15395.0, -11327.0)
(39, 3.7424378395080566, -11593.0, -11593.0)
(40, 3.8411734104156494, -11593.0, -11593.0)
