(1, 0.29497194290161133, -2510207.0, -54023.0)
(2, 0.6713943481445312, -1266431.6617739957, -54023.0)
(3, 1.2397794723510742, -661051.706615917, -54023.0)
(4, 2.14483642578125, -347173.0058477369, -54023.0)
(5, 3.256380319595337, -197591.39868853934, -54023.0)
(6, 4.465352535247803, -152422.70114630452, -54023.0)
(7, 5.861298561096191, -152422.70114630452, -54023.0)
(8, 6.622121334075928, -121666.07488416838, -94814.43928119761)
(9, 7.5340962409973145, -106148.50405774286, -95038.80497001686)
(10, 8.449558734893799, -99165.90429715632, -95151.64518616023)
(11, 9.402081489562988, -96522.54827887587, -95186.59655096092)
(12, 10.393282413482666, -95784.63164265668, -95209.43909799033)
(13, 11.388195276260376, -95458.81744949521, -95273.35089865708)
(14, 12.452370882034302, -95356.41448944958, -95276.04503300312)
(15, 13.50982666015625, -95356.41448944958, -95279.2643195236)
(16, 14.615200757980347, -95306.14440556461, -95284.11490127502)
(17, 15.647162675857544, -95305.7545079867, -95284.69750196533)
(18, 16.718829870224, -95292.05993948632, -95285.7904908056)
(19, 17.757283926010132, -95292.05993948632, -95285.79049080555)
(20, 18.859771728515625, -95287.99115526272, -95286.23222061567)
(21, 19.960713148117065, -95287.99115526272, -95286.26311975537)
(22, 21.082523345947266, -95286.79388116288, -95286.28076368553)
(23, 22.145870447158813, -95286.43469893276, -95286.28076368563)
(24, 23.240087032318115, -95286.43469893276, -95286.28076368554)
(25, 24.333619594573975, -95286.32970086084, -95286.28545229037)
(26, 25.405446529388428, -95286.29872686166, -95286.28545229038)
