(1, 0.2689781188964844, -2492837.0, -61532.0)
(2, 0.5186691284179688, -2492837.0, -61532.0)
(3, 0.7701504230499268, -2492837.0, -61532.0)
(4, 1.0224227905273438, -2492837.0, -61532.0)
(5, 1.2741315364837646, -2492837.0, -61532.0)
(6, 1.5259032249450684, -2492837.0, -61532.0)
(7, 1.7784667015075684, -2492837.0, -61532.0)
(8, 2.0317728519439697, -2492837.0, -61532.0)
(9, 2.2845404148101807, -2492837.0, -61532.0)
(10, 2.5389304161071777, -2492837.0, -61532.0)
(11, 2.7938811779022217, -2492837.0, -61532.0)
(12, 3.050095558166504, -2492837.0, -61532.0)
(13, 3.3078577518463135, -2492837.0, -61532.0)
(14, 3.563969612121582, -2492837.0, -61532.0)
(15, 3.8210623264312744, -2492837.0, -61532.0)
(16, 4.080181121826172, -2492837.0, -61532.0)
(17, 4.338226318359375, -2492837.0, -61532.0)
(18, 4.598905563354492, -2492837.0, -61532.0)
(19, 4.860840320587158, -2492837.0, -61532.0)
(20, 5.12398624420166, -2492837.0, -61532.0)
(21, 5.386496543884277, -2492837.0, -61532.0)
(22, 5.650416851043701, -2492837.0, -61532.0)
(23, 5.9155848026275635, -2492837.0, -61532.0)
(24, 6.1806724071502686, -2492837.0, -61532.0)
(25, 6.446043968200684, -2492837.0, -61532.0)
(26, 6.712676286697388, -2492837.0, -61532.0)
(27, 6.979819297790527, -2492837.0, -61532.0)
(28, 7.248228073120117, -2492837.0, -61532.0)
(29, 7.517448663711548, -2492837.0, -61532.0)
(30, 7.791118621826172, -2492837.0, -61532.0)
(31, 8.065591096878052, -2492837.0, -61532.0)
(32, 8.340498685836792, -2492837.0, -61532.0)
(33, 8.613479852676392, -2492837.0, -61532.0)
(34, 8.886780261993408, -2492837.0, -61532.0)
(35, 9.162206888198853, -2492837.0, -61532.0)
(36, 9.437301397323608, -2492837.0, -61532.0)
(37, 9.713368654251099, -2492837.0, -61532.0)
(38, 9.989249467849731, -2492837.0, -61532.0)
(39, 10.267089128494263, -2492837.0, -61532.0)
(40, 10.547483682632446, -2492837.0, -61532.0)
(41, 10.827547550201416, -2492837.0, -61532.0)
(42, 11.10766077041626, -2492837.0, -61532.0)
(43, 11.388028383255005, -2492837.0, -61532.0)
(44, 11.669941186904907, -2492837.0, -61532.0)
(45, 11.952245712280273, -2492837.0, -61532.0)
(46, 12.236215829849243, -2492837.0, -61532.0)
(47, 12.517540454864502, -2435719.6666666665, -61532.0)
(48, 12.800004720687866, -2435719.6666666665, -61532.0)
(49, 13.081318140029907, -2435719.6666666665, -61532.0)
(50, 13.364622354507446, -2435719.6666666665, -61532.0)
(51, 13.645196676254272, -2435719.6666666665, -61532.0)
(52, 13.928258657455444, -2435719.6666666665, -61532.0)
(53, 14.21455454826355, -2435719.6666666665, -61532.0)
(54, 14.499541282653809, -2435719.6666666665, -61532.0)
(55, 14.785784244537354, -2435719.6666666665, -61532.0)
(56, 15.073093175888062, -2435719.6666666665, -61532.0)
(57, 15.363523006439209, -2435719.6666666665, -61532.0)
(58, 15.654191970825195, -2435719.6666666665, -61532.0)
(59, 15.9449462890625, -2435719.6666666665, -61532.0)
(60, 16.235352039337158, -2435719.6666666665, -61532.0)
(61, 16.52740240097046, -2435719.6666666665, -61532.0)
(62, 16.820236682891846, -2435719.6666666665, -61532.0)
(63, 17.116334438323975, -2435719.6666666665, -61532.0)
(64, 17.40991449356079, -2435719.6666666665, -61532.0)
(65, 17.7050678730011, -2435719.6666666665, -61532.0)
(66, 18.000954627990723, -2435719.6666666665, -61532.0)
(67, 18.302865505218506, -2435719.6666666665, -61532.0)
(68, 18.602463006973267, -2435719.6666666665, -61532.0)
(69, 18.901241064071655, -2435719.6666666665, -61532.0)
(70, 19.202467679977417, -2435719.6666666665, -61532.0)
(71, 19.50291872024536, -2435719.6666666665, -61532.0)
(72, 19.802845001220703, -2435719.6666666665, -61532.0)
(73, 20.103981018066406, -2435719.6666666665, -61532.0)
(74, 20.4055335521698, -2435719.6666666665, -61532.0)
(75, 20.708216428756714, -2435719.6666666665, -61532.0)
(76, 21.013657093048096, -2435719.6666666665, -61532.0)
(77, 21.31942844390869, -2435719.6666666665, -61532.0)
(78, 21.62778401374817, -2435719.6666666665, -61532.0)
(79, 21.93517565727234, -2435719.6666666665, -61532.0)
(80, 22.24470615386963, -2435719.6666666665, -61532.0)
(81, 22.556400537490845, -2435719.6666666665, -61532.0)
(82, 22.865355491638184, -2435719.6666666665, -61532.0)
(83, 23.181061267852783, -2435719.6666666665, -61532.0)
(84, 23.499244928359985, -2435719.6666666665, -61532.0)
(85, 23.814872980117798, -2435719.6666666665, -61532.0)
(86, 24.129363536834717, -2435719.6666666665, -61532.0)
(87, 24.441877841949463, -2435719.6666666665, -61532.0)
(88, 24.757214307785034, -2435719.6666666665, -61532.0)
(89, 25.074077367782593, -2435719.6666666665, -61532.0)
(90, 25.389031171798706, -2435719.6666666665, -61532.0)
(91, 25.708749294281006, -2435719.6666666665, -61532.0)
(92, 26.029385089874268, -2435719.6666666665, -61532.0)
(93, 26.349933385849, -2435719.6666666665, -61532.0)
(94, 26.667179107666016, -2435719.6666666665, -61532.0)
(95, 26.986945629119873, -2435719.6666666665, -61532.0)
(96, 27.3095543384552, -2435719.6666666665, -61532.0)
(97, 27.634759664535522, -2435719.6666666665, -61532.0)
(98, 27.9589786529541, -2435719.6666666665, -61532.0)
(99, 28.281227111816406, -2435719.6666666665, -61532.0)
(100, 28.60450530052185, -2435719.6666666665, -61532.0)
(101, 28.92634153366089, -2435719.6666666665, -61532.0)
(102, 29.252532482147217, -2435719.6666666665, -61532.0)
(103, 29.58074378967285, -2435719.6666666665, -61532.0)
(104, 29.912546634674072, -2435719.6666666665, -61532.0)
(105, 30.242080688476562, -2435719.6666666665, -61532.0)
(106, 30.571657419204712, -2435719.6666666665, -61532.0)
(107, 30.898857831954956, -2320322.9487179485, -61532.0)
(108, 31.2266948223114, -2320322.9487179485, -61532.0)
(109, 31.553320169448853, -2320322.9487179485, -61532.0)
(110, 31.8799090385437, -2320322.9487179485, -61532.0)
(111, 32.205491065979004, -2320322.9487179485, -61532.0)
(112, 32.53105664253235, -2320322.9487179485, -61532.0)
(113, 32.85743713378906, -2320322.9487179485, -61532.0)
(114, 33.186108112335205, -2320322.9487179485, -61532.0)
(115, 33.51479458808899, -2320322.9487179485, -61532.0)
(116, 33.845374584198, -2320322.9487179485, -61532.0)
(117, 34.17919301986694, -2320322.9487179485, -61532.0)
(118, 34.513622999191284, -2320322.9487179485, -61532.0)
(119, 34.847984790802, -2320322.9487179485, -61532.0)
(120, 35.18511605262756, -2320322.9487179485, -61532.0)
(121, 35.52362656593323, -2320322.9487179485, -61532.0)
(122, 35.86741924285889, -2320322.9487179485, -61532.0)
(123, 36.203535318374634, -2320322.9487179485, -61532.0)
(124, 36.542107582092285, -2320322.9487179485, -61532.0)
(125, 36.88178467750549, -2320322.9487179485, -61532.0)
(126, 37.21843934059143, -2320322.9487179485, -61532.0)
(127, 37.55948305130005, -2320322.9487179485, -61532.0)
(128, 37.902260065078735, -2320322.9487179485, -61532.0)
(129, 38.24575710296631, -2320322.9487179485, -61532.0)
(130, 38.594874143600464, -2320322.9487179485, -61532.0)
(131, 38.93972444534302, -2320322.9487179485, -61532.0)
(132, 39.28481459617615, -2320322.9487179485, -61532.0)
(133, 39.631659269332886, -2320322.9487179485, -61532.0)
(134, 39.979140281677246, -2320322.9487179485, -61532.0)
(135, 40.325472593307495, -2320322.9487179485, -61532.0)
(136, 40.67340636253357, -2320322.9487179485, -61532.0)
(137, 41.0632598400116, -2320322.9487179485, -61532.0)
(138, 41.41959261894226, -2320322.9487179485, -61532.0)
(139, 41.77116537094116, -2235445.9743589745, -61532.0)
(140, 42.12115955352783, -2235445.9743589745, -61532.0)
(141, 42.46886396408081, -2235445.9743589745, -61532.0)
(142, 42.81740641593933, -2235445.9743589745, -61532.0)
(143, 43.16582727432251, -2235445.9743589745, -61532.0)
(144, 43.51291751861572, -2235445.9743589745, -61532.0)
(145, 43.86166834831238, -2235445.9743589745, -61532.0)
(146, 44.21272039413452, -2235445.9743589745, -61532.0)
(147, 44.56558966636658, -2235445.9743589745, -61532.0)
(148, 44.91571354866028, -2235445.9743589745, -61532.0)
(149, 45.26898145675659, -2235445.9743589745, -61532.0)
(150, 45.62408232688904, -2235445.9743589745, -61532.0)
(151, 45.97533297538757, -2235445.9743589745, -61532.0)
(152, 46.327983379364014, -2235445.9743589745, -61532.0)
(153, 46.68585777282715, -2235445.9743589745, -61532.0)
(154, 47.046772956848145, -2235445.9743589745, -61532.0)
(155, 47.40953063964844, -2235445.9743589745, -61532.0)
(156, 47.777657985687256, -2235445.9743589745, -61532.0)
(157, 48.14381146430969, -2235445.9743589745, -61532.0)
(158, 48.51575493812561, -2235445.9743589745, -61532.0)
(159, 48.875791788101196, -2235445.9743589745, -61532.0)
(160, 49.24266529083252, -2235445.9743589745, -61532.0)
(161, 49.608662605285645, -2235445.9743589745, -61532.0)
(162, 49.97183561325073, -2235445.9743589745, -61532.0)
(163, 50.33373808860779, -2235445.9743589745, -61532.0)
(164, 50.69962763786316, -2235445.9743589745, -61532.0)
(165, 51.06714749336243, -2235445.9743589745, -61532.0)
(166, 51.43233370780945, -2235445.9743589745, -61532.0)
(167, 51.806889295578, -2235445.9743589745, -61532.0)
(168, 52.18243098258972, -2235445.9743589745, -61532.0)
(169, 52.56416964530945, -2235445.9743589745, -61532.0)
(170, 52.93422245979309, -2235445.9743589745, -61532.0)
(171, 53.30553388595581, -2235445.9743589745, -61532.0)
(172, 53.68173837661743, -2235445.9743589745, -61532.0)
(173, 54.0579788684845, -2235445.9743589745, -61532.0)
(174, 54.4371542930603, -2235445.9743589745, -61532.0)
(175, 54.81607103347778, -2235445.9743589745, -61532.0)
(176, 55.20681285858154, -2235445.9743589745, -61532.0)
(177, 55.589027643203735, -2235445.9743589745, -61532.0)
(178, 55.973835468292236, -2235445.9743589745, -61532.0)
(179, 56.35906386375427, -2235445.9743589745, -61532.0)
(180, 56.74477529525757, -2235445.9743589745, -61532.0)
(181, 57.1334810256958, -2235445.9743589745, -61532.0)
(182, 57.52649927139282, -2235445.9743589745, -61532.0)
(183, 57.92478394508362, -2235445.9743589745, -61532.0)
(184, 58.322667837142944, -2235445.9743589745, -61532.0)
(185, 58.715147495269775, -2235445.9743589745, -61532.0)
(186, 59.11006307601929, -2235445.9743589745, -61532.0)
(187, 59.51020002365112, -2235445.9743589745, -61532.0)
(188, 59.904866218566895, -2128706.4615384615, -61532.0)
(189, 60.30087614059448, -2128706.4615384615, -61532.0)
(190, 60.69827580451965, -2128706.4615384615, -61532.0)
(191, 61.08971285820007, -2128706.4615384615, -61532.0)
(192, 61.48635530471802, -2128706.4615384615, -61532.0)
(193, 61.880104780197144, -2128706.4615384615, -61532.0)
(194, 62.27852392196655, -2128706.4615384615, -61532.0)
(195, 62.67317795753479, -2128706.4615384615, -61532.0)
(196, 63.080697536468506, -2128706.4615384615, -61532.0)
(197, 63.47438979148865, -2128706.4615384615, -61532.0)
(198, 63.87485861778259, -2128706.4615384615, -61532.0)
(199, 64.27849268913269, -2128706.4615384615, -61532.0)
(200, 64.7194516658783, -2128706.4615384615, -61532.0)
(201, 65.13532590866089, -2128706.4615384615, -61532.0)
(202, 65.54379200935364, -2128706.4615384615, -61532.0)
(203, 65.95917439460754, -2128706.4615384615, -61532.0)
(204, 66.3645076751709, -2128706.4615384615, -61532.0)
(205, 66.76432704925537, -2128706.4615384615, -61532.0)
(206, 67.16261148452759, -2128706.4615384615, -61532.0)
(207, 67.55862593650818, -2128706.4615384615, -61532.0)
(208, 67.96836686134338, -2128706.4615384615, -61532.0)
(209, 68.37108325958252, -2128706.4615384615, -61532.0)
(210, 68.77968382835388, -2128706.4615384615, -61532.0)
(211, 69.19517397880554, -2128706.4615384615, -61532.0)
(212, 69.60895729064941, -2128706.4615384615, -61532.0)
(213, 70.02003598213196, -2128706.4615384615, -61532.0)
(214, 70.42836308479309, -2128706.4615384615, -61532.0)
(215, 70.83672380447388, -2128706.4615384615, -61532.0)
(216, 71.24378204345703, -2128706.4615384615, -61532.0)
(217, 71.65516495704651, -2128706.4615384615, -61532.0)
(218, 72.06288027763367, -2128706.4615384615, -61532.0)
(219, 72.4784345626831, -2128706.4615384615, -61532.0)
(220, 72.9007420539856, -2128706.4615384615, -61532.0)
(221, 73.3285014629364, -2128706.4615384615, -61532.0)
(222, 73.74850082397461, -2128706.4615384615, -61532.0)
(223, 74.17781376838684, -2128706.4615384615, -61532.0)
(224, 74.5973150730133, -2128706.4615384615, -61532.0)
(225, 75.01905345916748, -2128706.4615384615, -61532.0)
(226, 75.43498468399048, -2128706.4615384615, -61532.0)
(227, 75.85508346557617, -2128706.4615384615, -61532.0)
(228, 76.2757556438446, -2128706.4615384615, -61532.0)
(229, 76.69680595397949, -2128706.4615384615, -61532.0)
(230, 77.12567663192749, -2128706.4615384615, -61532.0)
(231, 77.5703296661377, -2128706.4615384615, -61532.0)
(232, 78.00472664833069, -2128706.4615384615, -61532.0)
(233, 78.42991352081299, -2128706.4615384615, -61532.0)
(234, 78.86622762680054, -2128706.4615384615, -61532.0)
(235, 79.30819010734558, -2128706.4615384615, -61532.0)
(236, 79.75241208076477, -2128706.4615384615, -61532.0)
(237, 80.19723534584045, -2128706.4615384615, -61532.0)
(238, 80.63551735877991, -2128706.4615384615, -61532.0)
(239, 81.07428765296936, -2128706.4615384615, -61532.0)
(240, 81.51713609695435, -2128706.4615384615, -61532.0)
(241, 81.96021938323975, -2128706.4615384615, -61532.0)
(242, 82.39947628974915, -2128706.4615384615, -61532.0)
(243, 82.85630631446838, -2128706.4615384615, -61532.0)
(244, 83.29031562805176, -2128706.4615384615, -61532.0)
(245, 83.7424807548523, -2128706.4615384615, -61532.0)
(246, 84.2008650302887, -2128706.4615384615, -61532.0)
(247, 84.64791488647461, -2021761.3846153845, -61532.0)
(248, 85.09588289260864, -2021761.3846153845, -61532.0)
(249, 85.53643369674683, -2021761.3846153845, -61532.0)
(250, 85.97449779510498, -2021761.3846153845, -61532.0)
(251, 86.42067313194275, -2021761.3846153845, -61532.0)
(252, 86.86840343475342, -2021761.3846153845, -61532.0)
(253, 87.31230807304382, -2021761.3846153845, -61532.0)
(254, 87.75884699821472, -2021761.3846153845, -61532.0)
(255, 88.21095776557922, -2021761.3846153845, -61532.0)
(256, 88.66411066055298, -2021761.3846153845, -61532.0)
(257, 89.1094913482666, -2021761.3846153845, -61532.0)
(258, 89.55323505401611, -2021761.3846153845, -61532.0)
(259, 89.99765920639038, -2021761.3846153845, -61532.0)
(260, 90.44589805603027, -2021761.3846153845, -61532.0)
(261, 90.90946102142334, -2021761.3846153845, -61532.0)
(262, 91.36443710327148, -2021761.3846153845, -61532.0)
(263, 91.80654811859131, -2021761.3846153845, -61532.0)
(264, 92.25467109680176, -2021761.3846153845, -61532.0)
(265, 92.70409440994263, -2021761.3846153845, -61532.0)
(266, 93.15468335151672, -2021761.3846153845, -61532.0)
(267, 93.61148381233215, -2021761.3846153845, -61532.0)
(268, 94.07470965385437, -2021761.3846153845, -61532.0)
(269, 94.53032279014587, -2021761.3846153845, -61532.0)
(270, 94.99484372138977, -2021761.3846153845, -61532.0)
(271, 95.45645403862, -2021761.3846153845, -61532.0)
(272, 95.9363043308258, -2021761.3846153845, -61532.0)
(273, 96.4164936542511, -2021761.3846153845, -61532.0)
(274, 96.88816094398499, -2021761.3846153845, -61532.0)
(275, 97.35681557655334, -2021761.3846153845, -61532.0)
(276, 97.84366536140442, -2021761.3846153845, -61532.0)
(277, 98.32385778427124, -2021761.3846153845, -61532.0)
(278, 98.79357385635376, -2021761.3846153845, -61532.0)
(279, 99.3248450756073, -2021761.3846153845, -61532.0)
(280, 99.80469346046448, -2021761.3846153845, -61532.0)
(281, 100.28515267372131, -2021761.3846153845, -61532.0)
(282, 100.76649618148804, -2021761.3846153845, -61532.0)
(283, 101.2706344127655, -2021761.3846153845, -61532.0)
(284, 101.75761866569519, -2021761.3846153845, -61532.0)
(285, 102.25226545333862, -2021761.3846153845, -61532.0)
(286, 102.73287320137024, -2021761.3846153845, -61532.0)
(287, 103.21885752677917, -2021761.3846153845, -61532.0)
(288, 103.71542525291443, -2021761.3846153845, -61532.0)
(289, 104.2100076675415, -1972279.3684210526, -61532.0)
(290, 104.74351382255554, -1966592.8368421053, -61532.0)
(291, 105.27481818199158, -1966592.8368421053, -61532.0)
(292, 105.76956176757812, -1966592.8368421053, -61532.0)
(293, 106.26620745658875, -1966592.8368421053, -61532.0)
(294, 106.75568461418152, -1966592.8368421053, -61532.0)
(295, 107.25214719772339, -1966592.8368421053, -61532.0)
(296, 107.73765993118286, -1966592.8368421053, -61532.0)
(297, 108.22463703155518, -1966592.8368421053, -61532.0)
(298, 108.74468183517456, -1966592.8368421053, -61532.0)
(299, 109.26374769210815, -1966592.8368421053, -61532.0)
(300, 109.77636933326721, -1966592.8368421053, -61532.0)
(301, 110.28770399093628, -1966592.8368421053, -61532.0)
(302, 110.84649705886841, -1966592.8368421053, -61532.0)
(303, 111.37443470954895, -1966592.8368421053, -61532.0)
(304, 111.88813400268555, -1966592.8368421053, -61532.0)
(305, 112.4291443824768, -1966592.8368421053, -61532.0)
(306, 112.95846247673035, -1966592.8368421053, -61532.0)
(307, 113.47332906723022, -1966592.8368421053, -61532.0)
(308, 113.96977186203003, -1966592.8368421053, -61532.0)
(309, 114.47315979003906, -1966592.8368421053, -61532.0)
(310, 114.97259306907654, -1966592.8368421053, -61532.0)
(311, 115.54172921180725, -1966592.8368421053, -61532.0)
(312, 116.11009955406189, -1966592.8368421053, -61532.0)
(313, 116.64260005950928, -1966592.8368421053, -61532.0)
(314, 117.214275598526, -1966592.8368421053, -61532.0)
(315, 117.79327440261841, -1966592.8368421053, -61532.0)
(316, 118.4125702381134, -1966592.8368421053, -61532.0)
(317, 118.98198866844177, -1966592.8368421053, -61532.0)
(318, 119.57177686691284, -1966592.8368421053, -61532.0)
(319, 120.15503168106079, -1966592.8368421053, -61532.0)
(320, 120.72931480407715, -1966592.8368421053, -61532.0)
(321, 121.30261588096619, -1966592.8368421053, -61532.0)
(322, 121.86931371688843, -1966592.8368421053, -61532.0)
(323, 122.45248889923096, -1966592.8368421053, -61532.0)
(324, 123.03251647949219, -1966592.8368421053, -61532.0)
(325, 123.59926843643188, -1966592.8368421053, -61532.0)
(326, 124.19626641273499, -1966592.8368421053, -61532.0)
(327, 124.7760329246521, -1966592.8368421053, -61532.0)
(328, 125.36058640480042, -1966592.8368421053, -61532.0)
(329, 125.96575140953064, -1966592.8368421053, -61532.0)
(330, 126.55877876281738, -1966592.8368421053, -61532.0)
(331, 127.24509739875793, -1966592.8368421053, -61532.0)
(332, 127.8463146686554, -1966592.8368421053, -61532.0)
(333, 128.4508638381958, -1966592.8368421053, -61532.0)
(334, 129.02388429641724, -1966592.8368421053, -61532.0)
(335, 129.59479999542236, -1966592.8368421053, -61532.0)
(336, 130.16817998886108, -1966592.8368421053, -61532.0)
(337, 130.73802399635315, -1966592.8368421053, -61532.0)
(338, 131.3138451576233, -1966592.8368421053, -61532.0)
(339, 131.89528012275696, -1966592.8368421053, -61532.0)
(340, 132.47599482536316, -1966592.8368421053, -61532.0)
(341, 133.04605531692505, -1966592.8368421053, -61532.0)
(342, 133.68596839904785, -1966592.8368421053, -61532.0)
(343, 134.38400673866272, -1899074.5747922447, -61532.0)
(344, 135.07526874542236, -1899074.5747922447, -61532.0)
(345, 135.70144748687744, -1899074.5747922447, -61532.0)
(346, 136.38489699363708, -1899074.5747922447, -61532.0)
(347, 136.99651670455933, -1899074.5747922447, -61532.0)
(348, 137.59525084495544, -1899074.5747922447, -61532.0)
(349, 138.2343189716339, -1899074.5747922447, -61532.0)
(350, 138.86140203475952, -1899074.5747922447, -61532.0)
(351, 139.45160722732544, -1899074.5747922447, -61532.0)
(352, 140.12045168876648, -1899074.5747922447, -61532.0)
(353, 140.71218824386597, -1899074.5747922447, -61532.0)
(354, 141.34199714660645, -1899074.5747922447, -61532.0)
(355, 141.93381810188293, -1899074.5747922447, -61532.0)
(356, 142.54792976379395, -1899074.5747922447, -61532.0)
(357, 143.17341208457947, -1899074.5747922447, -61532.0)
(358, 143.82538414001465, -1899074.5747922447, -61532.0)
(359, 144.4771213531494, -1899074.5747922447, -61532.0)
(360, 145.10927653312683, -1899074.5747922447, -61532.0)
(361, 145.74738073349, -1899074.5747922447, -61532.0)
(362, 146.41242170333862, -1899074.5747922447, -61532.0)
(363, 147.045471906662, -1899074.5747922447, -61532.0)
(364, 147.66154742240906, -1899074.5747922447, -61532.0)
(365, 148.26324200630188, -1899074.5747922447, -61532.0)
(366, 149.05303502082825, -1899074.5747922447, -61532.0)
(367, 149.73713445663452, -1899074.5747922447, -61532.0)
(368, 150.4845609664917, -1825387.8092105263, -61532.0)
(369, 151.2348289489746, -1825387.8092105263, -61532.0)
(370, 151.88576698303223, -1825387.8092105263, -61532.0)
(371, 152.56113505363464, -1825387.8092105263, -61532.0)
(372, 153.3136281967163, -1825387.8092105263, -61532.0)
(373, 153.95786094665527, -1825387.8092105263, -61532.0)
(374, 154.62912917137146, -1825387.8092105263, -61532.0)
(375, 155.36782360076904, -1825387.8092105263, -61532.0)
(376, 156.03925967216492, -1825387.8092105263, -61532.0)
(377, 156.70075702667236, -1825387.8092105263, -61532.0)
(378, 157.3693335056305, -1825387.8092105263, -61532.0)
(379, 158.14707565307617, -1799173.2857142857, -61532.0)
(380, 158.8561728000641, -1799173.2857142857, -61532.0)
(381, 159.49334287643433, -1799173.2857142857, -61532.0)
(382, 160.13183665275574, -1799173.2857142857, -61532.0)
(383, 160.7768270969391, -1799173.2857142857, -61532.0)
(384, 161.44423007965088, -1799173.2857142857, -61532.0)
(385, 162.07884979248047, -1799173.2857142857, -61532.0)
(386, 162.82576441764832, -1799173.2857142857, -61532.0)
(387, 163.45281195640564, -1799173.2857142857, -61532.0)
(388, 164.0964298248291, -1799173.2857142857, -61532.0)
(389, 164.72917199134827, -1799173.2857142857, -61532.0)
(390, 165.34364247322083, -1799173.2857142857, -61532.0)
(391, 165.9875512123108, -1799173.2857142857, -61532.0)
(392, 166.63633942604065, -1799173.2857142857, -61532.0)
(393, 167.28368520736694, -1799173.2857142857, -61532.0)
(394, 167.9957046508789, -1799173.2857142857, -61532.0)
(395, 168.6599793434143, -1799173.2857142857, -61532.0)
(396, 169.27334189414978, -1799173.2857142857, -61532.0)
(397, 169.92754483222961, -1799173.2857142857, -61532.0)
(398, 170.53874850273132, -1799173.2857142857, -61532.0)
(399, 171.1875705718994, -1799173.2857142857, -61532.0)
(400, 171.82882976531982, -1799173.2857142857, -61532.0)
(401, 172.4591236114502, -1799173.2857142857, -61532.0)
(402, 173.0855712890625, -1799173.2857142857, -61532.0)
(403, 173.72065687179565, -1799173.2857142857, -61532.0)
(404, 174.3324329853058, -1799173.2857142857, -61532.0)
(405, 174.96259880065918, -1799173.2857142857, -61532.0)
(406, 175.5983805656433, -1799173.2857142857, -61532.0)
(407, 176.23097777366638, -1799173.2857142857, -61532.0)
(408, 176.89566564559937, -1685975.7714285715, -61532.0)
(409, 177.5768382549286, -1685975.7714285715, -61532.0)
(410, 178.26795315742493, -1685975.7714285715, -61532.0)
(411, 178.93288493156433, -1685975.7714285715, -61532.0)
(412, 179.57009363174438, -1685975.7714285715, -61532.0)
(413, 180.2562963962555, -1685975.7714285715, -61532.0)
(414, 180.94642210006714, -1685975.7714285715, -61532.0)
(415, 181.65043544769287, -1685975.7714285715, -61532.0)
(416, 182.3394901752472, -1685975.7714285715, -61532.0)
(417, 183.0441415309906, -1685975.7714285715, -61532.0)
(418, 183.72791004180908, -1685975.7714285715, -61532.0)
(419, 184.44563698768616, -1685975.7714285715, -61532.0)
(420, 185.12981605529785, -1685975.7714285715, -61532.0)
(421, 185.82500743865967, -1685975.7714285715, -61532.0)
(422, 186.46623301506042, -1685975.7714285715, -61532.0)
(423, 187.08780312538147, -1685975.7714285715, -61532.0)
(424, 187.77107071876526, -1685975.7714285715, -61532.0)
(425, 188.43179941177368, -1685975.7714285715, -61532.0)
(426, 189.0767903327942, -1685975.7714285715, -61532.0)
(427, 189.75864458084106, -1685975.7714285715, -61532.0)
(428, 190.4572811126709, -1685975.7714285715, -61532.0)
(429, 191.14437437057495, -1685975.7714285715, -61532.0)
(430, 191.79683566093445, -1685975.7714285715, -61532.0)
(431, 192.48910784721375, -1685975.7714285715, -61532.0)
(432, 193.1893367767334, -1685975.7714285715, -61532.0)
(433, 193.86651587486267, -1685975.7714285715, -61532.0)
(434, 194.5893816947937, -1685975.7714285715, -61532.0)
(435, 195.31186079978943, -1685975.7714285715, -61532.0)
(436, 196.00720691680908, -1685975.7714285715, -61532.0)
(437, 196.70090436935425, -1685975.7714285715, -61532.0)
(438, 197.4590015411377, -1685975.7714285715, -61532.0)
(439, 198.1859586238861, -1685975.7714285715, -61532.0)
(440, 198.90727162361145, -1685975.7714285715, -61532.0)
(441, 199.56527614593506, -1685975.7714285715, -61532.0)
(442, 200.2204258441925, -1685975.7714285715, -61532.0)
(443, 200.9546046257019, -1685975.7714285715, -61532.0)
(444, 201.66708374023438, -1685975.7714285715, -61532.0)
(445, 202.3492934703827, -1685975.7714285715, -61532.0)
(446, 203.02137446403503, -1685975.7714285715, -61532.0)
(447, 203.8258490562439, -1685975.7714285715, -61532.0)
(448, 204.56642031669617, -1685975.7714285715, -61532.0)
(449, 205.33866047859192, -1685975.7714285715, -61532.0)
(450, 206.11224818229675, -1685975.7714285715, -61532.0)
(451, 206.84232139587402, -1685975.7714285715, -61532.0)
(452, 207.56220769882202, -1685975.7714285715, -61532.0)
(453, 208.31848311424255, -1685975.7714285715, -61532.0)
(454, 209.04025793075562, -1685975.7714285715, -61532.0)
(455, 209.74035739898682, -1685975.7714285715, -61532.0)
(456, 210.46305203437805, -1685975.7714285715, -61532.0)
(457, 211.1918215751648, -1685975.7714285715, -61532.0)
(458, 211.9023358821869, -1685975.7714285715, -61532.0)
(459, 212.63807654380798, -1685975.7714285715, -61532.0)
(460, 213.4308774471283, -1685975.7714285715, -61532.0)
(461, 214.2055435180664, -1685975.7714285715, -61532.0)
(462, 214.94170904159546, -1685975.7714285715, -61532.0)
(463, 215.7349669933319, -1685975.7714285715, -61532.0)
(464, 216.45640635490417, -1685975.7714285715, -61532.0)
(465, 217.1698625087738, -1685975.7714285715, -61532.0)
(466, 217.8841998577118, -1674039.5384615385, -61532.0)
(467, 218.63224744796753, -1674039.5384615385, -61532.0)
(468, 219.37308859825134, -1674039.5384615385, -61532.0)
(469, 220.06852626800537, -1674039.5384615385, -61532.0)
(470, 220.77996444702148, -1674039.5384615385, -61532.0)
(471, 221.48699808120728, -1674039.5384615385, -61532.0)
(472, 222.22469305992126, -1674039.5384615385, -61532.0)
(473, 222.93721413612366, -1674039.5384615385, -61532.0)
(474, 223.64586997032166, -1674039.5384615385, -61532.0)
(475, 224.34738731384277, -1674039.5384615385, -61532.0)
(476, 225.09383487701416, -1674039.5384615385, -61532.0)
(477, 225.78101134300232, -1674039.5384615385, -61532.0)
(478, 226.50463104248047, -1674039.5384615385, -61532.0)
(479, 227.2482407093048, -1674039.5384615385, -61532.0)
(480, 228.0006582736969, -1674039.5384615385, -61532.0)
(481, 228.7226231098175, -1674039.5384615385, -61532.0)
(482, 229.4489734172821, -1514690.7105263157, -61532.0)
(483, 230.15122365951538, -1514690.7105263157, -61532.0)
(484, 230.86970400810242, -1514690.7105263157, -61532.0)
(485, 231.57446932792664, -1514690.7105263157, -61532.0)
(486, 232.2844295501709, -1514690.7105263157, -61532.0)
(487, 232.99583077430725, -1514690.7105263157, -61532.0)
(488, 233.70761442184448, -1514690.7105263157, -61532.0)
(489, 234.4152228832245, -1514690.7105263157, -61532.0)
(490, 235.15111756324768, -1514690.7105263157, -61532.0)
(491, 235.89296984672546, -1514690.7105263157, -61532.0)
(492, 236.6132140159607, -1514690.7105263157, -61532.0)
(493, 237.3185157775879, -1514690.7105263157, -61532.0)
(494, 238.04422044754028, -1514690.7105263157, -61532.0)
(495, 238.79053139686584, -1514690.7105263157, -61532.0)
(496, 239.6026861667633, -1514690.7105263157, -61532.0)
(497, 240.35442328453064, -1514690.7105263157, -61532.0)
(498, 241.05821299552917, -1514690.7105263157, -61532.0)
(499, 241.76478242874146, -1514690.7105263157, -61532.0)
(500, 242.4734013080597, -1514690.7105263157, -61532.0)
(501, 243.17966437339783, -1514690.7105263157, -61532.0)
(502, 243.8763861656189, -1514690.7105263157, -61532.0)
(503, 244.5696165561676, -1514690.7105263157, -61532.0)
(504, 245.30152535438538, -1514690.7105263157, -61532.0)
(505, 246.02160048484802, -1514690.7105263157, -61532.0)
(506, 246.756897687912, -1514690.7105263157, -61532.0)
(507, 247.49681544303894, -1514690.7105263157, -61532.0)
(508, 248.2359127998352, -1514690.7105263157, -61532.0)
(509, 248.97802686691284, -1514690.7105263157, -61532.0)
(510, 249.72307062149048, -1514690.7105263157, -61532.0)
(511, 250.44951248168945, -1514690.7105263157, -61532.0)
(512, 251.19922375679016, -1514690.7105263157, -61532.0)
(513, 251.92978954315186, -1514690.7105263157, -61532.0)
(514, 252.68047261238098, -1514690.7105263157, -61532.0)
(515, 253.43100714683533, -1514690.7105263157, -61532.0)
(516, 254.18967700004578, -1497815.8484848484, -61532.0)
(517, 254.9325830936432, -1497815.8484848484, -61532.0)
(518, 255.69690108299255, -1497815.8484848484, -61532.0)
(519, 256.45056438446045, -1497815.8484848484, -61532.0)
(520, 257.2035138607025, -1497815.8484848484, -61532.0)
(521, 257.94683742523193, -1497815.8484848484, -61532.0)
(522, 258.68341970443726, -1497815.8484848484, -61532.0)
(523, 259.3945195674896, -1497815.8484848484, -61532.0)
(524, 260.1249907016754, -1497815.8484848484, -61532.0)
(525, 260.859335899353, -1497815.8484848484, -61532.0)
(526, 261.5765631198883, -1497815.8484848484, -61532.0)
(527, 262.36270475387573, -1497815.8484848484, -61532.0)
(528, 263.1360387802124, -1497815.8484848484, -61532.0)
(529, 263.8875880241394, -1497815.8484848484, -61532.0)
(530, 264.64377522468567, -1497815.8484848484, -61532.0)
(531, 265.37538599967957, -1497815.8484848484, -61532.0)
(532, 266.1368055343628, -1497815.8484848484, -61532.0)
(533, 266.8819923400879, -1497815.8484848484, -61532.0)
(534, 267.62314105033875, -1497815.8484848484, -61532.0)
(535, 268.3835256099701, -1497815.8484848484, -61532.0)
(536, 269.14960169792175, -1497815.8484848484, -61532.0)
(537, 269.94071912765503, -1497815.8484848484, -61532.0)
(538, 270.697154045105, -1497815.8484848484, -61532.0)
(539, 271.4595875740051, -1497815.8484848484, -61532.0)
(540, 272.26718258857727, -1497815.8484848484, -61532.0)
(541, 273.03728890419006, -1497815.8484848484, -61532.0)
(542, 273.80742263793945, -1497815.8484848484, -61532.0)
(543, 274.5686330795288, -1411990.8648648649, -61532.0)
(544, 275.3356022834778, -1411990.8648648649, -61532.0)
(545, 276.0808711051941, -1411990.8648648649, -61532.0)
(546, 276.83571338653564, -1411990.8648648649, -61532.0)
(547, 277.583753824234, -1411990.8648648649, -61532.0)
(548, 278.34173607826233, -1411990.8648648649, -61532.0)
(549, 279.08709359169006, -1411990.8648648649, -61532.0)
(550, 279.8470456600189, -1411990.8648648649, -61532.0)
(551, 280.6055865287781, -1411990.8648648649, -61532.0)
(552, 281.35804414749146, -1411990.8648648649, -61532.0)
(553, 282.1142246723175, -1411990.8648648649, -61532.0)
(554, 282.89737582206726, -1411990.8648648649, -61532.0)
(555, 283.68706607818604, -1411990.8648648649, -61532.0)
(556, 284.45775508880615, -1411990.8648648649, -61532.0)
(557, 285.243469953537, -1411990.8648648649, -61532.0)
(558, 286.03354001045227, -1411990.8648648649, -61532.0)
(559, 286.81160831451416, -1411990.8648648649, -61532.0)
(560, 287.60173535346985, -1411990.8648648649, -61532.0)
(561, 288.44766306877136, -1411990.8648648649, -61532.0)
(562, 289.23798537254333, -1411990.8648648649, -61532.0)
(563, 290.021799325943, -1411990.8648648649, -61532.0)
(564, 290.80075693130493, -1411990.8648648649, -61532.0)
(565, 291.5590331554413, -1411990.8648648649, -61532.0)
(566, 292.32599401474, -1411990.8648648649, -61532.0)
(567, 293.1195561885834, -1411990.8648648649, -61532.0)
(568, 293.9162585735321, -1411990.8648648649, -61532.0)
(569, 294.74861001968384, -1411990.8648648649, -61532.0)
(570, 295.56215357780457, -1411990.8648648649, -61532.0)
(571, 296.40278005599976, -1411990.8648648649, -61532.0)
(572, 297.2042558193207, -1411990.8648648649, -61532.0)
(573, 297.98349237442017, -1411990.8648648649, -61532.0)
(574, 298.76611280441284, -1411990.8648648649, -61532.0)
(575, 299.5487496852875, -1411990.8648648649, -61532.0)
(576, 300.3238642215729, -1411990.8648648649, -61532.0)
(577, 301.1041202545166, -1411990.8648648649, -61532.0)
(578, 301.8630361557007, -1411990.8648648649, -61532.0)
(579, 302.64645314216614, -1411990.8648648649, -61532.0)
(580, 303.4369077682495, -1411990.8648648649, -61532.0)
(581, 304.2420816421509, -1411990.8648648649, -61532.0)
(582, 305.03876280784607, -1411990.8648648649, -61532.0)
(583, 305.84654998779297, -1411990.8648648649, -61532.0)
(584, 306.66013169288635, -1411990.8648648649, -61532.0)
(585, 307.49298000335693, -1411990.8648648649, -61532.0)
(586, 308.3000657558441, -1411990.8648648649, -61532.0)
(587, 309.11638164520264, -1411990.8648648649, -61532.0)
(588, 309.94069623947144, -1411990.8648648649, -61532.0)
(589, 310.7339434623718, -1411990.8648648649, -61532.0)
(590, 311.558709859848, -1411990.8648648649, -61532.0)
(591, 312.413902759552, -1411990.8648648649, -61532.0)
(592, 313.2566969394684, -1411990.8648648649, -61532.0)
(593, 314.0693054199219, -1411990.8648648649, -61532.0)
(594, 314.88012742996216, -1411990.8648648649, -61532.0)
(595, 315.7072775363922, -1411990.8648648649, -61532.0)
(596, 316.5330865383148, -1411990.8648648649, -61532.0)
(597, 317.35591292381287, -1411990.8648648649, -61532.0)
(598, 318.2077422142029, -1411990.8648648649, -61532.0)
(599, 319.0352053642273, -1411990.8648648649, -61532.0)
(600, 319.888694524765, -1411990.8648648649, -61532.0)
(601, 320.7303524017334, -1411990.8648648649, -61532.0)
(602, 321.5911693572998, -1411990.8648648649, -61532.0)
(603, 322.439337015152, -1411990.8648648649, -61532.0)
(604, 323.2921190261841, -1326870.7567567567, -61532.0)
(605, 324.1355299949646, -1326870.7567567567, -61532.0)
(606, 324.95957922935486, -1326870.7567567567, -61532.0)
(607, 325.7796230316162, -1326870.7567567567, -61532.0)
(608, 326.60787200927734, -1326870.7567567567, -61532.0)
(609, 327.44208002090454, -1326870.7567567567, -61532.0)
(610, 328.31795501708984, -1326870.7567567567, -61532.0)
(611, 329.1704020500183, -1326870.7567567567, -61532.0)
(612, 330.023690700531, -1326870.7567567567, -61532.0)
(613, 330.8675696849823, -1326870.7567567567, -61532.0)
(614, 331.7240152359009, -1326870.7567567567, -61532.0)
(615, 332.56399869918823, -1326870.7567567567, -61532.0)
(616, 333.4008638858795, -1326870.7567567567, -61532.0)
(617, 334.2512128353119, -1326870.7567567567, -61532.0)
(618, 335.1258177757263, -1326870.7567567567, -61532.0)
(619, 336.0118007659912, -1326870.7567567567, -61532.0)
(620, 336.8980233669281, -1326870.7567567567, -61532.0)
(621, 337.7568733692169, -1326870.7567567567, -61532.0)
(622, 338.60038018226624, -1326870.7567567567, -61532.0)
(623, 339.4646451473236, -1326870.7567567567, -61532.0)
(624, 340.32848930358887, -1326870.7567567567, -61532.0)
(625, 341.1797890663147, -1326870.7567567567, -61532.0)
(626, 342.0441093444824, -1326870.7567567567, -61532.0)
(627, 342.92122054100037, -1326870.7567567567, -61532.0)
(628, 343.78726077079773, -1326870.7567567567, -61532.0)
(629, 344.62913608551025, -1326870.7567567567, -61532.0)
(630, 345.4546248912811, -1326870.7567567567, -61532.0)
(631, 346.3069472312927, -1326870.7567567567, -61532.0)
(632, 347.1787807941437, -1326870.7567567567, -61532.0)
(633, 348.0884325504303, -1326870.7567567567, -61532.0)
(634, 348.97081875801086, -1326870.7567567567, -61532.0)
(635, 349.8439335823059, -1248213.2162162163, -61532.0)
(636, 350.71151089668274, -1248213.2162162163, -61532.0)
(637, 351.5604782104492, -1248213.2162162163, -61532.0)
(638, 352.40780305862427, -1248213.2162162163, -61532.0)
(639, 353.2482006549835, -1248213.2162162163, -61532.0)
(640, 354.1363134384155, -1248213.2162162163, -61532.0)
(641, 355.0046799182892, -1248213.2162162163, -61532.0)
(642, 355.8664343357086, -1248213.2162162163, -61532.0)
(643, 356.75270438194275, -1248213.2162162163, -61532.0)
(644, 357.65301179885864, -1248213.2162162163, -61532.0)
(645, 358.5064272880554, -1248213.2162162163, -61532.0)
(646, 359.39526987075806, -1248213.2162162163, -61532.0)
(647, 360.3804249763489, -1248213.2162162163, -61532.0)
(648, 361.3033058643341, -1248213.2162162163, -61532.0)
(649, 362.20978713035583, -1248213.2162162163, -61532.0)
(650, 363.152197599411, -1248213.2162162163, -61532.0)
(651, 364.0860867500305, -1248213.2162162163, -61532.0)
(652, 365.0262539386749, -1248213.2162162163, -61532.0)
(653, 365.96631240844727, -1248213.2162162163, -61532.0)
(654, 366.86965012550354, -1248213.2162162163, -61532.0)
(655, 367.75517177581787, -1248213.2162162163, -61532.0)
(656, 368.6245446205139, -1248213.2162162163, -61532.0)
(657, 369.5063180923462, -1248213.2162162163, -61532.0)
(658, 370.41755747795105, -1248213.2162162163, -61532.0)
(659, 371.31578946113586, -1248213.2162162163, -61532.0)
(660, 372.2244279384613, -1248213.2162162163, -61532.0)
(661, 373.1308386325836, -1248213.2162162163, -61532.0)
(662, 374.0504820346832, -1248213.2162162163, -61532.0)
(663, 374.98381328582764, -1195182.4918918917, -61532.0)
(664, 375.98346996307373, -1195182.4918918917, -61532.0)
(665, 376.95563793182373, -1195182.4918918917, -61532.0)
(666, 377.8987500667572, -1195182.4918918917, -61532.0)
(667, 378.8692135810852, -1195182.4918918917, -61532.0)
(668, 379.8380410671234, -1195182.4918918917, -61532.0)
(669, 380.7265453338623, -1195182.4918918917, -61532.0)
(670, 381.6221091747284, -1195182.4918918917, -61532.0)
(671, 382.5686364173889, -1195182.4918918917, -61532.0)
(672, 383.4567537307739, -1195182.4918918917, -61532.0)
(673, 384.365273475647, -1195182.4918918917, -61532.0)
(674, 385.2585680484772, -1195182.4918918917, -61532.0)
(675, 386.1633448600769, -1195182.4918918917, -61532.0)
(676, 387.05811309814453, -1195182.4918918917, -61532.0)
(677, 387.98795104026794, -1195182.4918918917, -61532.0)
(678, 388.91202449798584, -1195182.4918918917, -61532.0)
(679, 389.8220155239105, -1195182.4918918917, -61532.0)
(680, 390.7051432132721, -1195182.4918918917, -61532.0)
(681, 391.5955138206482, -1195182.4918918917, -61532.0)
(682, 392.4921455383301, -1195182.4918918917, -61532.0)
(683, 393.4010314941406, -1195182.4918918917, -61532.0)
(684, 394.33661794662476, -1195182.4918918917, -61532.0)
(685, 395.26322984695435, -1195182.4918918917, -61532.0)
(686, 396.18045711517334, -1195182.4918918917, -61532.0)
(687, 397.14080929756165, -1195182.4918918917, -61532.0)
(688, 398.13527631759644, -1169356.421052632, -61532.0)
(689, 399.12723302841187, -1169356.421052632, -61532.0)
(690, 400.06791520118713, -1169356.421052632, -61532.0)
(691, 400.9826681613922, -1169356.421052632, -61532.0)
(692, 401.89011573791504, -1169356.421052632, -61532.0)
(693, 402.81660532951355, -1169356.421052632, -61532.0)
(694, 403.7497487068176, -1169356.421052632, -61532.0)
(695, 404.65858578681946, -1169356.421052632, -61532.0)
(696, 405.56463384628296, -1169356.421052632, -61532.0)
(697, 406.4666516780853, -1169356.421052632, -61532.0)
(698, 407.37559366226196, -1169356.421052632, -61532.0)
(699, 408.3473870754242, -1169356.421052632, -61532.0)
(700, 409.30424070358276, -1169356.421052632, -61532.0)
(701, 410.24307584762573, -1169356.421052632, -61532.0)
(702, 411.1744713783264, -1169356.421052632, -61532.0)
(703, 412.1145610809326, -1169356.421052632, -61532.0)
(704, 413.11472392082214, -1169356.421052632, -61532.0)
(705, 414.1321032047272, -1169356.421052632, -61532.0)
(706, 415.1394624710083, -1169356.421052632, -61532.0)
(707, 416.1547396183014, -1169356.421052632, -61532.0)
(708, 417.15702986717224, -1169356.421052632, -61532.0)
(709, 418.0985178947449, -1169356.421052632, -61532.0)
(710, 419.00875973701477, -1169356.421052632, -61532.0)
(711, 419.9462788105011, -1169356.421052632, -61532.0)
(712, 420.8880422115326, -1169356.421052632, -61532.0)
(713, 421.84410643577576, -1169356.421052632, -61532.0)
(714, 422.7954897880554, -1169356.421052632, -61532.0)
(715, 423.79305696487427, -1169356.421052632, -61532.0)
(716, 424.76787090301514, -1169356.421052632, -61532.0)
(717, 425.8207793235779, -1169356.421052632, -61532.0)
(718, 426.79162073135376, -1169356.421052632, -61532.0)
(719, 427.77421283721924, -1169356.421052632, -61532.0)
(720, 428.87012672424316, -1169356.421052632, -61532.0)
(721, 429.8980829715729, -1169356.421052632, -61532.0)
(722, 430.86062026023865, -1169356.421052632, -61532.0)
(723, 431.8970522880554, -1169356.421052632, -61532.0)
(724, 432.91763949394226, -1075606.4444444445, -61532.0)
(725, 433.9167332649231, -1075606.4444444445, -61532.0)
(726, 434.87989020347595, -1075606.4444444445, -61532.0)
(727, 435.84410309791565, -1075606.4444444445, -61532.0)
(728, 436.82453989982605, -1075606.4444444445, -61532.0)
(729, 437.7958838939667, -1075606.4444444445, -61532.0)
(730, 438.7913739681244, -1075606.4444444445, -61532.0)
(731, 439.802396774292, -1075606.4444444445, -61532.0)
(732, 440.76817560195923, -1075606.4444444445, -61532.0)
(733, 441.7597677707672, -1075606.4444444445, -61532.0)
(734, 442.7590913772583, -1075606.4444444445, -61532.0)
(735, 443.7362811565399, -1075606.4444444445, -61532.0)
(736, 444.71596479415894, -1075606.4444444445, -61532.0)
(737, 445.75136637687683, -1075606.4444444445, -61532.0)
(738, 446.7239408493042, -1075606.4444444445, -61532.0)
(739, 447.71639108657837, -1075606.4444444445, -61532.0)
(740, 448.72597551345825, -1075606.4444444445, -61532.0)
(741, 449.72933316230774, -1075606.4444444445, -61532.0)
(742, 450.7551019191742, -1075606.4444444445, -61532.0)
(743, 451.80048298835754, -1075606.4444444445, -61532.0)
(744, 452.7953598499298, -1075606.4444444445, -61532.0)
(745, 453.7732949256897, -1075606.4444444445, -61532.0)
(746, 454.79615092277527, -1075606.4444444445, -61532.0)
(747, 455.7868378162384, -1075606.4444444445, -61532.0)
(748, 456.8336515426636, -1075606.4444444445, -61532.0)
(749, 457.8600296974182, -1075606.4444444445, -61532.0)
(750, 458.93841528892517, -1075606.4444444445, -61532.0)
(751, 459.94558906555176, -1075606.4444444445, -61532.0)
(752, 460.9457383155823, -1075606.4444444445, -61532.0)
(753, 461.9350962638855, -1075606.4444444445, -61532.0)
(754, 462.94952917099, -1075606.4444444445, -61532.0)
(755, 463.96186351776123, -1075606.4444444445, -61532.0)
(756, 464.9974436759949, -1075606.4444444445, -61532.0)
(757, 466.02440786361694, -1075606.4444444445, -61532.0)
(758, 467.03878569602966, -1075606.4444444445, -61532.0)
(759, 468.09976601600647, -1075606.4444444445, -61532.0)
(760, 469.1513569355011, -1075606.4444444445, -61532.0)
(761, 470.1691265106201, -1075606.4444444445, -61532.0)
(762, 471.2795696258545, -1075606.4444444445, -61532.0)
(763, 472.3221893310547, -1075606.4444444445, -61532.0)
(764, 473.3675081729889, -993324.8333333334, -61532.0)
(765, 474.38548827171326, -993324.8333333334, -61532.0)
(766, 475.37990856170654, -993324.8333333334, -61532.0)
(767, 476.3895285129547, -993324.8333333334, -61532.0)
(768, 477.39080023765564, -993324.8333333334, -61532.0)
(769, 478.3824293613434, -993324.8333333334, -61532.0)
(770, 479.40564370155334, -993324.8333333334, -61532.0)
(771, 480.4192612171173, -993324.8333333334, -61532.0)
(772, 481.405455827713, -993324.8333333334, -61532.0)
(773, 482.4250075817108, -993324.8333333334, -61532.0)
(774, 483.51295614242554, -993324.8333333334, -61532.0)
(775, 484.54244589805603, -993324.8333333334, -61532.0)
(776, 485.5679442882538, -993324.8333333334, -61532.0)
(777, 486.56992650032043, -993324.8333333334, -61532.0)
(778, 487.59602451324463, -993324.8333333334, -61532.0)
(779, 488.63236451148987, -993324.8333333334, -61532.0)
(780, 489.71431708335876, -993324.8333333334, -61532.0)
(781, 490.79012656211853, -993324.8333333334, -61532.0)
(782, 491.8479235172272, -993324.8333333334, -61532.0)
(783, 492.86918926239014, -993324.8333333334, -61532.0)
(784, 493.9104588031769, -993324.8333333334, -61532.0)
(785, 494.9542052745819, -993324.8333333334, -61532.0)
(786, 495.9827764034271, -993324.8333333334, -61532.0)
(787, 496.99914145469666, -993324.8333333334, -61532.0)
(788, 498.0461039543152, -993324.8333333334, -61532.0)
(789, 499.11173486709595, -993324.8333333334, -61532.0)
(790, 500.168936252594, -993324.8333333334, -61532.0)
(791, 501.2569954395294, -919961.2647058824, -61532.0)
(792, 502.382967710495, -919961.2647058824, -61532.0)
(793, 503.48344326019287, -919961.2647058824, -61532.0)
(794, 504.57453966140747, -919961.2647058824, -61532.0)
(795, 505.69436264038086, -919961.2647058824, -61532.0)
(796, 506.74253273010254, -919961.2647058824, -61532.0)
(797, 507.83082604408264, -919961.2647058824, -61532.0)
(798, 508.855721950531, -919961.2647058824, -61532.0)
(799, 509.95373916625977, -919961.2647058824, -61532.0)
(800, 511.0655815601349, -919961.2647058824, -61532.0)
(801, 512.2141373157501, -919961.2647058824, -61532.0)
(802, 513.3027429580688, -919961.2647058824, -61532.0)
(803, 514.392840385437, -919961.2647058824, -61532.0)
(804, 515.4117162227631, -919961.2647058824, -61532.0)
(805, 516.4916739463806, -919961.2647058824, -61532.0)
(806, 517.5520944595337, -919961.2647058824, -61532.0)
(807, 518.6760120391846, -919961.2647058824, -61532.0)
(808, 519.7911891937256, -919961.2647058824, -61532.0)
(809, 520.875688791275, -919961.2647058824, -61532.0)
(810, 521.9921607971191, -919961.2647058824, -61532.0)
(811, 523.1233904361725, -919961.2647058824, -61532.0)
(812, 524.217278957367, -919961.2647058824, -61532.0)
(813, 525.2968780994415, -919961.2647058824, -61532.0)
(814, 526.358327627182, -919961.2647058824, -61532.0)
(815, 527.4338037967682, -919961.2647058824, -61532.0)
(816, 528.5222322940826, -919961.2647058824, -61532.0)
(817, 529.580973148346, -919961.2647058824, -61532.0)
(818, 530.6225218772888, -919961.2647058824, -61532.0)
(819, 531.7046308517456, -919961.2647058824, -61532.0)
(820, 532.7996335029602, -919961.2647058824, -61532.0)
(821, 533.9008243083954, -916709.3611111111, -61532.0)
(822, 535.0258531570435, -916709.3611111111, -61532.0)
(823, 536.2344605922699, -916709.3611111111, -61532.0)
(824, 537.4036076068878, -916709.3611111111, -61532.0)
(825, 538.4476952552795, -916709.3611111111, -61532.0)
(826, 539.5617439746857, -916709.3611111111, -61532.0)
(827, 540.8022253513336, -916709.3611111111, -61532.0)
(828, 541.8453705310822, -916709.3611111111, -61532.0)
(829, 542.8740882873535, -916709.3611111111, -61532.0)
(830, 543.9856765270233, -916709.3611111111, -61532.0)
(831, 545.0581715106964, -916709.3611111111, -61532.0)
(832, 546.1298146247864, -916709.3611111111, -61532.0)
(833, 547.2219281196594, -916709.3611111111, -61532.0)
(834, 548.4253933429718, -916709.3611111111, -61532.0)
(835, 549.479570388794, -916709.3611111111, -61532.0)
(836, 550.5625374317169, -916709.3611111111, -61532.0)
(837, 551.6716792583466, -916709.3611111111, -61532.0)
(838, 552.7789385318756, -916709.3611111111, -61532.0)
(839, 553.861579656601, -916709.3611111111, -61532.0)
(840, 554.8911724090576, -916709.3611111111, -61532.0)
(841, 555.983874797821, -916709.3611111111, -61532.0)
(842, 557.0702617168427, -916709.3611111111, -61532.0)
(843, 558.1678397655487, -916709.3611111111, -61532.0)
(844, 559.2501759529114, -916709.3611111111, -61532.0)
(845, 560.3439285755157, -916709.3611111111, -61532.0)
(846, 561.4491000175476, -916709.3611111111, -61532.0)
(847, 562.5925662517548, -916709.3611111111, -61532.0)
(848, 563.7351026535034, -916709.3611111111, -61532.0)
(849, 565.0178925991058, -916709.3611111111, -61532.0)
(850, 566.3134236335754, -916709.3611111111, -61532.0)
(851, 567.4556128978729, -916709.3611111111, -61532.0)
(852, 568.6049747467041, -916709.3611111111, -61532.0)
(853, 569.722841501236, -916709.3611111111, -61532.0)
(854, 570.9154543876648, -916709.3611111111, -61532.0)
(855, 572.1002991199493, -868590.9090909091, -61532.0)
(856, 573.3676989078522, -868590.9090909091, -61532.0)
(857, 574.5762703418732, -868590.9090909091, -61532.0)
(858, 575.718891620636, -868590.9090909091, -61532.0)
(859, 576.841863155365, -868590.9090909091, -61532.0)
(860, 577.9843947887421, -868590.9090909091, -61532.0)
(861, 579.195392370224, -868590.9090909091, -61532.0)
(862, 580.4311332702637, -868590.9090909091, -61532.0)
(863, 581.6513502597809, -868590.9090909091, -61532.0)
(864, 582.8438386917114, -868590.9090909091, -61532.0)
(865, 583.999588727951, -868590.9090909091, -61532.0)
(866, 585.1757884025574, -868590.9090909091, -61532.0)
(867, 586.3177344799042, -868590.9090909091, -61532.0)
(868, 587.4581489562988, -868590.9090909091, -61532.0)
(869, 588.5886030197144, -868590.9090909091, -61532.0)
(870, 589.7026171684265, -868590.9090909091, -61532.0)
(871, 590.7775838375092, -868590.9090909091, -61532.0)
(872, 591.8806428909302, -868590.9090909091, -61532.0)
(873, 593.0346782207489, -868590.9090909091, -61532.0)
(874, 594.1243755817413, -868590.9090909091, -61532.0)
(875, 595.2674384117126, -868590.9090909091, -61532.0)
(876, 596.437504529953, -868590.9090909091, -61532.0)
(877, 597.6222026348114, -847833.0909090908, -61532.0)
(878, 599.1403439044952, -847833.0909090908, -61532.0)
(879, 600.4807789325714, -832891.1714285715, -61532.0)
(880, 601.7777824401855, -832891.1714285715, -61532.0)
(881, 603.061295747757, -832891.1714285715, -61532.0)
(882, 604.3821153640747, -832891.1714285715, -61532.0)
(883, 605.5785460472107, -832891.1714285715, -61532.0)
(884, 606.857372045517, -832891.1714285715, -61532.0)
(885, 608.0248730182648, -832891.1714285715, -61532.0)
(886, 609.4670858383179, -832891.1714285715, -61532.0)
(887, 610.673534154892, -832891.1714285715, -61532.0)
(888, 611.9222724437714, -832891.1714285715, -61532.0)
(889, 613.0784087181091, -832891.1714285715, -61532.0)
(890, 614.654727935791, -832891.1714285715, -61532.0)
(891, 615.8578023910522, -832891.1714285715, -61532.0)
(892, 617.2671363353729, -832891.1714285715, -61532.0)
(893, 618.5976204872131, -832891.1714285715, -61532.0)
(894, 619.9093539714813, -832891.1714285715, -61532.0)
(895, 621.1479916572571, -832891.1714285715, -61532.0)
(896, 622.3792731761932, -832891.1714285715, -61532.0)
(897, 623.5385735034943, -832891.1714285715, -61532.0)
(898, 624.8656222820282, -832891.1714285715, -61532.0)
(899, 626.0895297527313, -832891.1714285715, -61532.0)
(900, 627.2425222396851, -832891.1714285715, -61532.0)
(901, 628.5802206993103, -832891.1714285715, -61532.0)
(902, 629.8733205795288, -832891.1714285715, -61532.0)
(903, 631.0151746273041, -832891.1714285715, -61532.0)
(904, 632.1471972465515, -832891.1714285715, -61532.0)
(905, 633.2638652324677, -832891.1714285715, -61532.0)
(906, 634.410653591156, -832891.1714285715, -61532.0)
(907, 635.6097977161407, -752321.3928571428, -61532.0)
(908, 636.8077490329742, -752321.3928571428, -61532.0)
(909, 638.0064239501953, -752321.3928571428, -61532.0)
(910, 639.1965065002441, -752321.3928571428, -61532.0)
(911, 640.3298439979553, -752321.3928571428, -61532.0)
(912, 641.5223951339722, -752321.3928571428, -61532.0)
(913, 642.6866526603699, -752321.3928571428, -61532.0)
(914, 643.8585698604584, -752321.3928571428, -61532.0)
(915, 645.1318469047546, -747804.2840909091, -61532.0)
(916, 646.3360314369202, -747804.2840909091, -61532.0)
(917, 647.6855499744415, -747804.2840909091, -61532.0)
(918, 648.8802716732025, -747804.2840909091, -61532.0)
(919, 650.1355037689209, -747804.2840909091, -61532.0)
(920, 651.3993422985077, -747804.2840909091, -61532.0)
(921, 652.6526539325714, -747804.2840909091, -61532.0)
(922, 653.8635017871857, -747804.2840909091, -61532.0)
(923, 655.0355710983276, -747804.2840909091, -61532.0)
(924, 656.3169028759003, -747804.2840909091, -61532.0)
(925, 657.5584940910339, -747804.2840909091, -61532.0)
(926, 658.7879304885864, -747804.2840909091, -61532.0)
(927, 659.9681642055511, -747804.2840909091, -61532.0)
(928, 661.2165162563324, -747804.2840909091, -61532.0)
(929, 662.4655797481537, -747804.2840909091, -61532.0)
(930, 663.7308735847473, -747804.2840909091, -61532.0)
(931, 665.0615763664246, -712566.9629629629, -61532.0)
(932, 666.3591148853302, -712566.9629629629, -61532.0)
(933, 667.69264960289, -712566.9629629629, -61532.0)
(934, 668.8796281814575, -712566.9629629629, -61532.0)
(935, 670.0870485305786, -712566.9629629629, -61532.0)
(936, 671.2734253406525, -712566.9629629629, -61532.0)
(937, 672.4778187274933, -712566.9629629629, -61532.0)
(938, 673.6920845508575, -712566.9629629629, -61532.0)
(939, 674.9740960597992, -712566.9629629629, -61532.0)
(940, 676.2343497276306, -712566.9629629629, -61532.0)
(941, 677.4316275119781, -712566.9629629629, -61532.0)
(942, 678.6049313545227, -712566.9629629629, -61532.0)
(943, 679.8214762210846, -712566.9629629629, -61532.0)
(944, 681.0574426651001, -712566.9629629629, -61532.0)
(945, 682.2582778930664, -712566.9629629629, -61532.0)
(946, 683.4335386753082, -712566.9629629629, -61532.0)
(947, 684.6628909111023, -712566.9629629629, -61532.0)
(948, 685.920462846756, -664881.1724137932, -61532.0)
(949, 687.22318983078, -664881.1724137932, -61532.0)
(950, 688.5466718673706, -664881.1724137932, -61532.0)
(951, 689.7558119297028, -664881.1724137932, -61532.0)
(952, 690.9454863071442, -664881.1724137932, -61532.0)
(953, 692.1463553905487, -664881.1724137932, -61532.0)
(954, 693.3226654529572, -664881.1724137932, -61532.0)
(955, 694.6486120223999, -664881.1724137932, -61532.0)
(956, 695.9499008655548, -664881.1724137932, -61532.0)
(957, 697.1677434444427, -664881.1724137932, -61532.0)
(958, 698.3775508403778, -664881.1724137932, -61532.0)
(959, 699.6547663211823, -664881.1724137932, -61532.0)
(960, 700.9008395671844, -664881.1724137932, -61532.0)
(961, 702.1457717418671, -623863.875, -61532.0)
(962, 703.5076870918274, -623863.875, -61532.0)
(963, 704.803787946701, -623863.875, -61532.0)
(964, 706.1605229377747, -623863.875, -61532.0)
(965, 707.4929411411285, -623863.875, -61532.0)
(966, 708.7465403079987, -623863.875, -61532.0)
(967, 709.9544954299927, -623863.875, -61532.0)
(968, 711.3672144412994, -623863.875, -61532.0)
(969, 712.6766819953918, -623863.875, -61532.0)
(970, 714.0891189575195, -623863.875, -61532.0)
(971, 715.4004924297333, -623863.875, -61532.0)
(972, 716.6192939281464, -623863.875, -61532.0)
(973, 718.0082924365997, -623863.875, -61532.0)
(974, 719.4833571910858, -623863.875, -61532.0)
(975, 720.7885820865631, -623863.875, -61532.0)
(976, 722.0820424556732, -623863.875, -61532.0)
(977, 723.3402500152588, -623863.875, -61532.0)
(978, 724.6141998767853, -623863.875, -61532.0)
(979, 725.8523302078247, -623863.875, -61532.0)
(980, 727.0643525123596, -623863.875, -61532.0)
(981, 728.3161759376526, -623863.875, -61532.0)
(982, 729.5568382740021, -623863.875, -61532.0)
(983, 730.8382570743561, -623863.875, -61532.0)
(984, 732.0259108543396, -623863.875, -61532.0)
(985, 733.2918999195099, -623863.875, -61532.0)
(986, 734.5110638141632, -623863.875, -61532.0)
(987, 735.795786857605, -623863.875, -61532.0)
(988, 737.3525853157043, -623863.875, -61532.0)
(989, 738.8938057422638, -623863.875, -61532.0)
(990, 740.157933473587, -623863.875, -61532.0)
(991, 741.4484751224518, -623863.875, -61532.0)
(992, 742.7329807281494, -623863.875, -61532.0)
(993, 744.1212227344513, -623863.875, -61532.0)
(994, 745.4305717945099, -623863.875, -61532.0)
(995, 746.6781620979309, -623863.875, -61532.0)
(996, 747.8947477340698, -623863.875, -61532.0)
(997, 749.1728830337524, -623863.875, -61532.0)
(998, 750.5492014884949, -623863.875, -61532.0)
(999, 751.8786005973816, -623863.875, -61532.0)
(1000, 753.223798751831, -623863.875, -61532.0)
