(1, 0.0248105525970459, -136598.0, -24514.0)
(2, 0.05015707015991211, -74702.73541917586, -24514.0)
(3, 0.0768284797668457, -63235.667252514846, -24514.0)
(4, 0.10509562492370605, -60947.36186715553, -24514.0)
(5, 0.1490767002105713, -60572.46453418813, -24514.0)
(6, 0.19037294387817383, -60006.52623995567, -24514.0)
(7, 0.22937893867492676, -58610.71186455098, -24514.0)
(8, 0.26714468002319336, -55794.276728380355, -24514.0)
(9, 0.3117842674255371, -53761.04059509853, -24514.0)
(10, 0.3672196865081787, -53761.04059509853, -24514.0)
(11, 0.42067766189575195, -48566.73083735612, -24514.0)
(12, 0.4731607437133789, -45997.37516490623, -24514.0)
(13, 0.5415937900543213, -39921.66508291115, -30946.352588508154)
(14, 0.6086311340332031, -36972.105509304834, -31170.16473298588)
(15, 0.6769108772277832, -34829.77358907218, -31180.926566763268)
(16, 0.7524056434631348, -33380.61253847561, -31213.348716777746)
(17, 0.842557430267334, -32463.368719812563, -31243.15262700451)
(18, 0.9359767436981201, -32031.47838532874, -31266.180984806724)
(19, 1.0296063423156738, -31913.76345935205, -31292.367456122796)
(20, 1.1381504535675049, -31693.127657086494, -31303.528931985176)
(21, 1.2587707042694092, -31640.285170361905, -31313.559044850794)
(22, 1.3971495628356934, -31503.984675353826, -31316.240817748443)
(23, 1.5388908386230469, -31499.296594326028, -31322.6488919374)
(24, 1.6818053722381592, -31441.35772004276, -31326.225624918978)
(25, 1.8407392501831055, -31406.238777525847, -31330.239201333738)
(26, 2.004532814025879, -31388.49602877814, -31330.782201542566)
(27, 2.1920268535614014, -31362.793926299793, -31332.232653061237)
(28, 2.370532989501953, -31341.401034978247, -31332.232653061215)
(29, 2.527107000350952, -31334.983167636397, -31332.23265306123)
(30, 2.6793487071990967, -31333.057807433783, -31332.23265306122)
(31, 2.831430435180664, -31332.480199372978, -31332.23265306123)
(32, 3.0017876625061035, -31332.306916954607, -31332.23265306123)
(33, 3.1777751445770264, -31332.254932229203, -31332.232653061223)
(34, 3.35086727142334, -31332.23933681115, -31332.23265306122)
