(1, 0.12936067581176758, -757806.0, -76460.0)
(2, 0.2672688961029053, -452882.0534599429, -76460.0)
(3, 0.4213879108428955, -406973.455145476, -76460.0)
(4, 0.5905523300170898, -373315.4215253363, -76460.0)
(5, 0.7623918056488037, -338473.84416668257, -76460.0)
(6, 0.9521350860595703, -310103.6052251351, -76460.0)
(7, 1.140594244003296, -288116.6478662425, -76460.0)
(8, 1.3565800189971924, -260229.1632935435, -76460.0)
(9, 1.5731322765350342, -225724.03803212396, -76460.0)
(10, 1.7972943782806396, -189744.90300349938, -76460.0)
(11, 2.0478901863098145, -166060.42709956018, -76460.0)
(12, 2.3101353645324707, -166060.42709956018, -76460.0)
(13, 2.6624529361724854, -158566.40753704592, -92197.29188148948)
(14, 3.0561776161193848, -126823.29885154906, -92208.64831367946)
(15, 3.556270122528076, -109051.12846235198, -92243.44878168621)
(16, 4.095399379730225, -109051.12846235198, -92332.30218753478)
(17, 4.715108394622803, -103392.87300888273, -92622.68985784947)
(18, 5.41975212097168, -101916.4967903058, -93052.88017199683)
(19, 6.254793405532837, -99397.8579785604, -93318.50942528802)
(20, 7.180466651916504, -98486.6433568207, -94614.91634027917)
(21, 8.226385354995728, -97806.67349627102, -94639.61713747465)
(22, 9.421489953994751, -97119.39932590966, -94676.85796133023)
(23, 10.7024564743042, -96491.5748002383, -94706.48024513877)
(24, 12.219794034957886, -96386.89273670917, -94734.45531844399)
(25, 13.815054178237915, -95686.29467281137, -94759.36520007973)
(26, 15.64744758605957, -95670.85953353239, -94788.68315138877)
(27, 17.603323221206665, -95283.04947565304, -94802.51866834964)
(28, 20.159721851348877, -95125.82207230879, -94808.59648553979)
(29, 22.590669631958008, -95047.41663023047, -94819.49453546728)
(30, 25.033483505249023, -94932.33322916982, -94820.65619339245)
(31, 27.612955331802368, -94902.24312740771, -94821.29507846938)
(32, 30.590787649154663, -94891.6076514005, -94822.06926496436)
(33, 33.45182275772095, -94843.10600680378, -94822.31958762882)
(34, 36.67214274406433, -94828.55551338218, -94822.3195876292)
(35, 39.96699547767639, -94824.19036535718, -94822.31958762895)
(36, 43.19904589653015, -94822.88082094844, -94822.31958762892)
(37, 46.582550048828125, -94822.48933398657, -94822.31958762866)
(38, 49.81608009338379, -94822.37051153771, -94822.31958762888)
(39, 53.28122305870056, -94822.33486480251, -94822.31958762884)
