(1, 0.036020517349243164, -276456.0, -8812.0)
(2, 0.0845346450805664, -116819.9709743875, -8812.0)
(3, 0.1287226676940918, -61322.8911668087, -8812.0)
(4, 0.1897869110107422, -37954.063702420935, -8812.0)
(5, 0.2444000244140625, -28874.464739066963, -8812.0)
(6, 0.3044779300689697, -20902.47446853507, -8812.0)
(7, 0.3685436248779297, -17182.342340560695, -15588.0)
(8, 0.43157076835632324, -16066.302702168283, -15588.0)
(9, 0.4983022212982178, -15731.49081064944, -15588.0)
(10, 0.5706703662872314, -15631.047243194902, -15588.0)
(11, 0.6421499252319336, -15600.914172958563, -15588.0)
(12, 0.7157087326049805, -15591.874251886647, -15588.0)
(13, 0.7882401943206787, -15589.162275565606, -15588.0)
(14, 0.8598558902740479, -15588.348682668005, -15588.0)
(15, 0.9315941333770752, -15588.104604798473, -15588.0)
(16, 0.9963827133178711, -15588.016372091393, -15588.0)
(17, 1.0692007541656494, -15588.004911562151, -15588.0)
(18, 1.144679069519043, -15588.001470297348, -15588.0)
