(1, 0.033480167388916016, -213754.0, -21676.0)
(2, 0.06579947471618652, -213754.0, -21676.0)
(3, 0.0989067554473877, -213754.0, -21676.0)
(4, 0.13247442245483398, -213754.0, -21676.0)
(5, 0.16504740715026855, -213754.0, -21676.0)
(6, 0.1974630355834961, -213754.0, -21676.0)
(7, 0.22986364364624023, -213754.0, -21676.0)
(8, 0.2625081539154053, -213754.0, -21676.0)
(9, 0.29531288146972656, -213754.0, -21676.0)
(10, 0.32825374603271484, -213754.0, -21676.0)
(11, 0.36086297035217285, -213754.0, -21676.0)
(12, 0.39368319511413574, -213754.0, -21676.0)
(13, 0.4263455867767334, -213754.0, -21676.0)
(14, 0.4586927890777588, -213754.0, -21676.0)
(15, 0.4909203052520752, -213754.0, -21676.0)
(16, 0.5228874683380127, -213754.0, -21676.0)
(17, 0.5544161796569824, -213754.0, -21676.0)
(18, 0.5864357948303223, -213754.0, -21676.0)
(19, 0.6196451187133789, -213754.0, -21676.0)
(20, 0.6525795459747314, -213754.0, -21676.0)
(21, 0.6852231025695801, -213754.0, -21676.0)
(22, 0.7169651985168457, -213754.0, -21676.0)
(23, 0.7501649856567383, -213754.0, -21676.0)
(24, 0.7836530208587646, -213754.0, -21676.0)
(25, 0.8161368370056152, -213754.0, -21676.0)
(26, 0.847874641418457, -213754.0, -21676.0)
(27, 0.8798232078552246, -213754.0, -21676.0)
(28, 0.9139614105224609, -213754.0, -21676.0)
(29, 0.9478719234466553, -213754.0, -21676.0)
(30, 0.9812660217285156, -213754.0, -21676.0)
(31, 1.0148899555206299, -213754.0, -21676.0)
(32, 1.0484600067138672, -213754.0, -21676.0)
(33, 1.0835907459259033, -213754.0, -21676.0)
(34, 1.1178154945373535, -213754.0, -21676.0)
(35, 1.1517333984375, -213754.0, -21676.0)
(36, 1.1852726936340332, -213754.0, -21676.0)
(37, 1.21903657913208, -213754.0, -21676.0)
(38, 1.2527551651000977, -213754.0, -21676.0)
(39, 1.2868976593017578, -213754.0, -21676.0)
(40, 1.3216300010681152, -213754.0, -21676.0)
(41, 1.3565788269042969, -213754.0, -21676.0)
(42, 1.390251874923706, -213754.0, -21676.0)
(43, 1.4234018325805664, -213754.0, -21676.0)
(44, 1.456728219985962, -213754.0, -21676.0)
(45, 1.489696741104126, -213754.0, -21676.0)
(46, 1.5229580402374268, -213754.0, -21676.0)
(47, 1.556969165802002, -213754.0, -21676.0)
(48, 1.589855670928955, -213754.0, -21676.0)
(49, 1.6211795806884766, -189477.57894736843, -21676.0)
(50, 1.6526081562042236, -189477.57894736843, -21676.0)
(51, 1.6840004920959473, -189477.57894736843, -21676.0)
(52, 1.7147526741027832, -189477.57894736843, -21676.0)
(53, 1.7454111576080322, -189477.57894736843, -21676.0)
(54, 1.7759852409362793, -189477.57894736843, -21676.0)
(55, 1.8064000606536865, -189477.57894736843, -21676.0)
(56, 1.8372218608856201, -189477.57894736843, -21676.0)
(57, 1.8683702945709229, -189477.57894736843, -21676.0)
(58, 1.8982665538787842, -189477.57894736843, -21676.0)
(59, 1.9279289245605469, -189477.57894736843, -21676.0)
(60, 1.9593331813812256, -189477.57894736843, -21676.0)
(61, 1.9912667274475098, -189477.57894736843, -21676.0)
(62, 2.0226778984069824, -189477.57894736843, -21676.0)
(63, 2.053590774536133, -189477.57894736843, -21676.0)
(64, 2.08493709564209, -189477.57894736843, -21676.0)
(65, 2.116842746734619, -189477.57894736843, -21676.0)
(66, 2.148923635482788, -189477.57894736843, -21676.0)
(67, 2.1793456077575684, -189477.57894736843, -21676.0)
(68, 2.2097082138061523, -189477.57894736843, -21676.0)
(69, 2.2402467727661133, -189477.57894736843, -21676.0)
(70, 2.2722508907318115, -189477.57894736843, -21676.0)
(71, 2.3038923740386963, -189477.57894736843, -21676.0)
(72, 2.3357746601104736, -189477.57894736843, -21676.0)
(73, 2.368224620819092, -189477.57894736843, -21676.0)
(74, 2.400045156478882, -189477.57894736843, -21676.0)
(75, 2.432490825653076, -189477.57894736843, -21676.0)
(76, 2.4650001525878906, -189477.57894736843, -21676.0)
(77, 2.4973723888397217, -189477.57894736843, -21676.0)
(78, 2.5292203426361084, -189477.57894736843, -21676.0)
(79, 2.560593605041504, -189477.57894736843, -21676.0)
(80, 2.592456579208374, -189477.57894736843, -21676.0)
(81, 2.6230132579803467, -189477.57894736843, -21676.0)
(82, 2.654325008392334, -189477.57894736843, -21676.0)
(83, 2.686779022216797, -189477.57894736843, -21676.0)
(84, 2.7180330753326416, -189477.57894736843, -21676.0)
(85, 2.749032497406006, -189477.57894736843, -21676.0)
(86, 2.782588243484497, -189477.57894736843, -21676.0)
(87, 2.815587043762207, -189477.57894736843, -21676.0)
(88, 2.8484466075897217, -189477.57894736843, -21676.0)
(89, 2.8809735774993896, -189477.57894736843, -21676.0)
(90, 2.913695812225342, -189477.57894736843, -21676.0)
(91, 2.9465956687927246, -189477.57894736843, -21676.0)
(92, 2.977679967880249, -189477.57894736843, -21676.0)
(93, 3.0104098320007324, -189477.57894736843, -21676.0)
(94, 3.0417850017547607, -189477.57894736843, -21676.0)
(95, 3.073922634124756, -189477.57894736843, -21676.0)
(96, 3.1059701442718506, -189477.57894736843, -21676.0)
(97, 3.1384799480438232, -189477.57894736843, -21676.0)
(98, 3.173616647720337, -189477.57894736843, -21676.0)
(99, 3.208075761795044, -189477.57894736843, -21676.0)
(100, 3.242276191711426, -189477.57894736843, -21676.0)
(101, 3.276414632797241, -189477.57894736843, -21676.0)
(102, 3.309953212738037, -189477.57894736843, -21676.0)
(103, 3.3435747623443604, -189477.57894736843, -21676.0)
(104, 3.376403331756592, -189477.57894736843, -21676.0)
(105, 3.4079623222351074, -189477.57894736843, -21676.0)
(106, 3.440615653991699, -189477.57894736843, -21676.0)
(107, 3.473813772201538, -189477.57894736843, -21676.0)
(108, 3.5059762001037598, -189477.57894736843, -21676.0)
(109, 3.541555643081665, -189477.57894736843, -21676.0)
(110, 3.576472759246826, -189477.57894736843, -21676.0)
(111, 3.6117892265319824, -189477.57894736843, -21676.0)
(112, 3.646571159362793, -189477.57894736843, -21676.0)
(113, 3.680229425430298, -189477.57894736843, -21676.0)
(114, 3.714189052581787, -189477.57894736843, -21676.0)
(115, 3.747577428817749, -189477.57894736843, -21676.0)
(116, 3.781864881515503, -189477.57894736843, -21676.0)
(117, 3.8168506622314453, -189477.57894736843, -21676.0)
(118, 3.850998878479004, -189477.57894736843, -21676.0)
(119, 3.8854894638061523, -189477.57894736843, -21676.0)
(120, 3.9210641384124756, -189477.57894736843, -21676.0)
(121, 3.9553444385528564, -189477.57894736843, -21676.0)
(122, 3.988391399383545, -189477.57894736843, -21676.0)
(123, 4.022522211074829, -189477.57894736843, -21676.0)
(124, 4.057810544967651, -189477.57894736843, -21676.0)
(125, 4.09216833114624, -189477.57894736843, -21676.0)
(126, 4.126627206802368, -189477.57894736843, -21676.0)
(127, 4.1616575717926025, -189477.57894736843, -21676.0)
(128, 4.195559024810791, -178213.6, -21676.0)
(129, 4.233607292175293, -177743.7105263158, -21676.0)
(130, 4.277500867843628, -177743.7105263158, -21676.0)
(131, 4.317244291305542, -177743.7105263158, -21676.0)
(132, 4.353602647781372, -177743.7105263158, -21676.0)
(133, 4.389330148696899, -177743.7105263158, -21676.0)
(134, 4.426522731781006, -177743.7105263158, -21676.0)
(135, 4.463425159454346, -177743.7105263158, -21676.0)
(136, 4.50188684463501, -177743.7105263158, -21676.0)
(137, 4.5402138233184814, -177743.7105263158, -21676.0)
(138, 4.579238653182983, -177743.7105263158, -21676.0)
(139, 4.617229461669922, -177743.7105263158, -21676.0)
(140, 4.653412580490112, -177743.7105263158, -21676.0)
(141, 4.690624475479126, -177743.7105263158, -21676.0)
(142, 4.732030868530273, -155207.27631578947, -21676.0)
(143, 4.773667573928833, -155207.27631578947, -21676.0)
(144, 4.811079502105713, -155207.27631578947, -21676.0)
(145, 4.8525214195251465, -155207.27631578947, -21676.0)
(146, 4.888512372970581, -155207.27631578947, -21676.0)
(147, 4.93262791633606, -155207.27631578947, -21676.0)
(148, 4.969129323959351, -155207.27631578947, -21676.0)
(149, 5.0068957805633545, -155207.27631578947, -21676.0)
(150, 5.0477330684661865, -155207.27631578947, -21676.0)
(151, 5.081376314163208, -155207.27631578947, -21676.0)
(152, 5.11534309387207, -155207.27631578947, -21676.0)
(153, 5.150345802307129, -142885.1923076923, -21676.0)
(154, 5.180039405822754, -142885.1923076923, -21676.0)
(155, 5.2130303382873535, -142885.1923076923, -21676.0)
(156, 5.244213342666626, -142885.1923076923, -21676.0)
(157, 5.274709463119507, -142885.1923076923, -21676.0)
(158, 5.305431365966797, -142885.1923076923, -21676.0)
(159, 5.337022304534912, -142885.1923076923, -21676.0)
(160, 5.365908861160278, -142885.1923076923, -21676.0)
(161, 5.395965576171875, -142885.1923076923, -21676.0)
(162, 5.42705512046814, -142885.1923076923, -21676.0)
(163, 5.458763599395752, -142885.1923076923, -21676.0)
(164, 5.506917476654053, -142885.1923076923, -21676.0)
(165, 5.543647527694702, -142885.1923076923, -21676.0)
(166, 5.582073450088501, -142885.1923076923, -21676.0)
(167, 5.625807285308838, -142885.1923076923, -21676.0)
(168, 5.6624369621276855, -142885.1923076923, -21676.0)
(169, 5.698864698410034, -142885.1923076923, -21676.0)
(170, 5.737386465072632, -142885.1923076923, -21676.0)
(171, 5.774521350860596, -142885.1923076923, -21676.0)
(172, 5.8175225257873535, -142885.1923076923, -21676.0)
(173, 5.85299015045166, -142885.1923076923, -21676.0)
(174, 5.899610280990601, -142885.1923076923, -21676.0)
(175, 5.946159362792969, -142885.1923076923, -21676.0)
(176, 5.984534978866577, -142885.1923076923, -21676.0)
(177, 6.02442479133606, -142885.1923076923, -21676.0)
(178, 6.0705883502960205, -142885.1923076923, -21676.0)
(179, 6.126588821411133, -142885.1923076923, -21676.0)
(180, 6.173647165298462, -142885.1923076923, -21676.0)
(181, 6.21990442276001, -142885.1923076923, -21676.0)
(182, 6.259601593017578, -142885.1923076923, -21676.0)
(183, 6.2971203327178955, -142885.1923076923, -21676.0)
(184, 6.337971448898315, -142885.1923076923, -21676.0)
(185, 6.379706382751465, -142885.1923076923, -21676.0)
(186, 6.422959327697754, -142885.1923076923, -21676.0)
(187, 6.474458694458008, -142885.1923076923, -21676.0)
(188, 6.513470649719238, -142885.1923076923, -21676.0)
(189, 6.547579765319824, -142885.1923076923, -21676.0)
(190, 6.577529668807983, -142885.1923076923, -21676.0)
(191, 6.6269989013671875, -142885.1923076923, -21676.0)
(192, 6.657689094543457, -142885.1923076923, -21676.0)
(193, 6.6901774406433105, -142885.1923076923, -21676.0)
(194, 6.7194483280181885, -142885.1923076923, -21676.0)
(195, 6.767531871795654, -142885.1923076923, -21676.0)
(196, 6.814865350723267, -142885.1923076923, -21676.0)
(197, 6.856385707855225, -142885.1923076923, -21676.0)
(198, 6.895618200302124, -142885.1923076923, -21676.0)
(199, 6.9347217082977295, -142885.1923076923, -21676.0)
(200, 6.971165895462036, -142885.1923076923, -21676.0)
(201, 7.004391670227051, -142885.1923076923, -21676.0)
(202, 7.0362937450408936, -142885.1923076923, -21676.0)
(203, 7.067583799362183, -142885.1923076923, -21676.0)
(204, 7.1013569831848145, -142885.1923076923, -21676.0)
(205, 7.13329291343689, -142885.1923076923, -21676.0)
(206, 7.167613506317139, -142885.1923076923, -21676.0)
(207, 7.198122024536133, -142885.1923076923, -21676.0)
(208, 7.237298250198364, -142885.1923076923, -21676.0)
(209, 7.273449897766113, -142885.1923076923, -21676.0)
(210, 7.308871269226074, -142885.1923076923, -21676.0)
(211, 7.3436431884765625, -142885.1923076923, -21676.0)
(212, 7.378814697265625, -142885.1923076923, -21676.0)
(213, 7.414331912994385, -142885.1923076923, -21676.0)
(214, 7.449584245681763, -142885.1923076923, -21676.0)
(215, 7.484489679336548, -142885.1923076923, -21676.0)
(216, 7.518956184387207, -142885.1923076923, -21676.0)
(217, 7.553922414779663, -142885.1923076923, -21676.0)
(218, 7.589129447937012, -142885.1923076923, -21676.0)
(219, 7.624005317687988, -142885.1923076923, -21676.0)
(220, 7.6576762199401855, -142885.1923076923, -21676.0)
(221, 7.688713550567627, -142885.1923076923, -21676.0)
(222, 7.725576162338257, -142885.1923076923, -21676.0)
(223, 7.75832724571228, -142885.1923076923, -21676.0)
(224, 7.792239427566528, -142885.1923076923, -21676.0)
(225, 7.8290088176727295, -140033.67487684728, -21676.0)
(226, 7.870643377304077, -140033.67487684728, -21676.0)
(227, 7.909550905227661, -140033.67487684728, -21676.0)
(228, 7.946091413497925, -140033.67487684728, -21676.0)
(229, 7.983913898468018, -140033.67487684728, -21676.0)
(230, 8.01842188835144, -140033.67487684728, -21676.0)
(231, 8.051589250564575, -140033.67487684728, -21676.0)
(232, 8.088451147079468, -140033.67487684728, -21676.0)
(233, 8.122047662734985, -140033.67487684728, -21676.0)
(234, 8.158138751983643, -140033.67487684728, -21676.0)
(235, 8.192256212234497, -140033.67487684728, -21676.0)
(236, 8.223902225494385, -140033.67487684728, -21676.0)
(237, 8.25641393661499, -140033.67487684728, -21676.0)
(238, 8.291659593582153, -140033.67487684728, -21676.0)
(239, 8.324615001678467, -140033.67487684728, -21676.0)
(240, 8.366657972335815, -140033.67487684728, -21676.0)
(241, 8.40286922454834, -140033.67487684728, -21676.0)
(242, 8.437688112258911, -140033.67487684728, -21676.0)
(243, 8.47020411491394, -140033.67487684728, -21676.0)
(244, 8.505486488342285, -140033.67487684728, -21676.0)
(245, 8.541532516479492, -140033.67487684728, -21676.0)
(246, 8.577256917953491, -140033.67487684728, -21676.0)
(247, 8.613406658172607, -140033.67487684728, -21676.0)
(248, 8.647154569625854, -140033.67487684728, -21676.0)
(249, 8.681037425994873, -140033.67487684728, -21676.0)
(250, 8.717997550964355, -140033.67487684728, -21676.0)
(251, 8.755494594573975, -140033.67487684728, -21676.0)
(252, 8.79228401184082, -140033.67487684728, -21676.0)
(253, 8.827971935272217, -140033.67487684728, -21676.0)
(254, 8.864959955215454, -140033.67487684728, -21676.0)
(255, 8.901308536529541, -140033.67487684728, -21676.0)
(256, 8.936854362487793, -140033.67487684728, -21676.0)
(257, 8.990880012512207, -140033.67487684728, -21676.0)
(258, 9.028626918792725, -140033.67487684728, -21676.0)
(259, 9.067481279373169, -140033.67487684728, -21676.0)
(260, 9.109153509140015, -140033.67487684728, -21676.0)
(261, 9.14970326423645, -140033.67487684728, -21676.0)
(262, 9.187649011611938, -140033.67487684728, -21676.0)
(263, 9.226661443710327, -140033.67487684728, -21676.0)
(264, 9.262341976165771, -140033.67487684728, -21676.0)
(265, 9.29915475845337, -140033.67487684728, -21676.0)
(266, 9.336127996444702, -140033.67487684728, -21676.0)
(267, 9.370371341705322, -140033.67487684728, -21676.0)
(268, 9.4098060131073, -140033.67487684728, -21676.0)
(269, 9.445690870285034, -140033.67487684728, -21676.0)
(270, 9.480135679244995, -140033.67487684728, -21676.0)
(271, 9.518104076385498, -140033.67487684728, -21676.0)
(272, 9.553548336029053, -140033.67487684728, -21676.0)
(273, 9.589653730392456, -140033.67487684728, -21676.0)
(274, 9.627181053161621, -140033.67487684728, -21676.0)
(275, 9.663703680038452, -140033.67487684728, -21676.0)
(276, 9.699586391448975, -140033.67487684728, -21676.0)
(277, 9.748265027999878, -132144.4705882353, -21676.0)
(278, 9.787862062454224, -132144.4705882353, -21676.0)
(279, 9.825602054595947, -132144.4705882353, -21676.0)
(280, 9.859707832336426, -132144.4705882353, -21676.0)
(281, 9.897067785263062, -132144.4705882353, -21676.0)
(282, 9.932670831680298, -132144.4705882353, -21676.0)
(283, 9.969829797744751, -132144.4705882353, -21676.0)
(284, 10.008446455001831, -132144.4705882353, -21676.0)
(285, 10.046743154525757, -132144.4705882353, -21676.0)
(286, 10.084680318832397, -132144.4705882353, -21676.0)
(287, 10.127433776855469, -132144.4705882353, -21676.0)
(288, 10.166375398635864, -132144.4705882353, -21676.0)
(289, 10.203370094299316, -132144.4705882353, -21676.0)
(290, 10.240096807479858, -132144.4705882353, -21676.0)
(291, 10.277907133102417, -132144.4705882353, -21676.0)
(292, 10.315288066864014, -132144.4705882353, -21676.0)
(293, 10.353209733963013, -132144.4705882353, -21676.0)
(294, 10.389684915542603, -132144.4705882353, -21676.0)
(295, 10.423415184020996, -132144.4705882353, -21676.0)
(296, 10.46181845664978, -132144.4705882353, -21676.0)
(297, 10.501588821411133, -132144.4705882353, -21676.0)
(298, 10.537470579147339, -132144.4705882353, -21676.0)
(299, 10.574484825134277, -132144.4705882353, -21676.0)
(300, 10.616275548934937, -132144.4705882353, -21676.0)
(301, 10.656529903411865, -132144.4705882353, -21676.0)
(302, 10.69860315322876, -132144.4705882353, -21676.0)
(303, 10.740780591964722, -132144.4705882353, -21676.0)
(304, 10.781677722930908, -132144.4705882353, -21676.0)
(305, 10.820486545562744, -132144.4705882353, -21676.0)
(306, 10.860573053359985, -132144.4705882353, -21676.0)
(307, 10.9056396484375, -132144.4705882353, -21676.0)
(308, 10.946147918701172, -132144.4705882353, -21676.0)
(309, 10.983400344848633, -132144.4705882353, -21676.0)
(310, 11.026334285736084, -132144.4705882353, -21676.0)
(311, 11.068500280380249, -132144.4705882353, -21676.0)
(312, 11.109875917434692, -132144.4705882353, -21676.0)
(313, 11.156800746917725, -132144.4705882353, -21676.0)
(314, 11.195760488510132, -132144.4705882353, -21676.0)
(315, 11.234887599945068, -132144.4705882353, -21676.0)
(316, 11.275400400161743, -132144.4705882353, -21676.0)
(317, 11.318002223968506, -132144.4705882353, -21676.0)
(318, 11.359595537185669, -132144.4705882353, -21676.0)
(319, 11.396297216415405, -132144.4705882353, -21676.0)
(320, 11.433680772781372, -132144.4705882353, -21676.0)
(321, 11.477068424224854, -132144.4705882353, -21676.0)
(322, 11.515042304992676, -132144.4705882353, -21676.0)
(323, 11.550705909729004, -132144.4705882353, -21676.0)
(324, 11.591556787490845, -132144.4705882353, -21676.0)
(325, 11.634114503860474, -132144.4705882353, -21676.0)
(326, 11.673912525177002, -132144.4705882353, -21676.0)
(327, 11.718008518218994, -132144.4705882353, -21676.0)
(328, 11.760661125183105, -132144.4705882353, -21676.0)
(329, 11.807147979736328, -132144.4705882353, -21676.0)
(330, 11.852587938308716, -132144.4705882353, -21676.0)
(331, 11.893903970718384, -132144.4705882353, -21676.0)
(332, 11.938407182693481, -132144.4705882353, -21676.0)
(333, 11.982055187225342, -132144.4705882353, -21676.0)
(334, 12.0253324508667, -132144.4705882353, -21676.0)
(335, 12.071399688720703, -132144.4705882353, -21676.0)
(336, 12.114901304244995, -132144.4705882353, -21676.0)
(337, 12.15993046760559, -132144.4705882353, -21676.0)
(338, 12.202131509780884, -132144.4705882353, -21676.0)
(339, 12.247416973114014, -132144.4705882353, -21676.0)
(340, 12.295745611190796, -132144.4705882353, -21676.0)
(341, 12.341171026229858, -132144.4705882353, -21676.0)
(342, 12.383089065551758, -132144.4705882353, -21676.0)
(343, 12.430511236190796, -132144.4705882353, -21676.0)
(344, 12.474820137023926, -132144.4705882353, -21676.0)
(345, 12.516247749328613, -132144.4705882353, -21676.0)
(346, 12.565646886825562, -132144.4705882353, -21676.0)
(347, 12.611310243606567, -132144.4705882353, -21676.0)
(348, 12.658001899719238, -132144.4705882353, -21676.0)
(349, 12.70393967628479, -132144.4705882353, -21676.0)
(350, 12.746946573257446, -132144.4705882353, -21676.0)
(351, 12.81103253364563, -130753.92924774473, -21676.0)
(352, 12.853736877441406, -130753.92924774473, -21676.0)
(353, 12.926990509033203, -130753.92924774473, -21676.0)
(354, 12.979317426681519, -130753.92924774473, -21676.0)
(355, 13.021278619766235, -130753.92924774473, -21676.0)
(356, 13.066559314727783, -130753.92924774473, -21676.0)
(357, 13.10956621170044, -130753.92924774473, -21676.0)
(358, 13.152695417404175, -130753.92924774473, -21676.0)
(359, 13.197652816772461, -130753.92924774473, -21676.0)
(360, 13.240494728088379, -130753.92924774473, -21676.0)
(361, 13.281551837921143, -130753.92924774473, -21676.0)
(362, 13.323554515838623, -130753.92924774473, -21676.0)
(363, 13.364004850387573, -130753.92924774473, -21676.0)
(364, 13.407456636428833, -130753.92924774473, -21676.0)
(365, 13.45113492012024, -130753.92924774473, -21676.0)
(366, 13.495386600494385, -130753.92924774473, -21676.0)
(367, 13.538556814193726, -130753.92924774473, -21676.0)
(368, 13.582683563232422, -130753.92924774473, -21676.0)
(369, 13.627892971038818, -130753.92924774473, -21676.0)
(370, 13.670451641082764, -130753.92924774473, -21676.0)
(371, 13.71362018585205, -130753.92924774473, -21676.0)
(372, 13.75244951248169, -116005.6, -21676.0)
(373, 13.817808628082275, -116005.6, -21676.0)
(374, 13.878772974014282, -116005.6, -21676.0)
(375, 13.941856384277344, -116005.6, -21676.0)
(376, 14.002363204956055, -116005.6, -21676.0)
(377, 14.058687686920166, -116005.6, -21676.0)
(378, 14.12268614768982, -116005.6, -21676.0)
(379, 14.1868896484375, -116005.6, -21676.0)
(380, 14.249330997467041, -116005.6, -21676.0)
(381, 14.329547882080078, -116005.6, -21676.0)
(382, 14.414504289627075, -116005.6, -21676.0)
(383, 14.479048490524292, -116005.6, -21676.0)
(384, 14.531232357025146, -116005.6, -21676.0)
(385, 14.611947059631348, -116005.6, -21676.0)
(386, 14.667430400848389, -116005.6, -21676.0)
(387, 14.713239908218384, -116005.6, -21676.0)
(388, 14.760554075241089, -116005.6, -21676.0)
(389, 14.802649021148682, -116005.6, -21676.0)
(390, 14.849576950073242, -116005.6, -21676.0)
(391, 14.895732402801514, -116005.6, -21676.0)
(392, 14.93994927406311, -116005.6, -21676.0)
(393, 14.984444618225098, -116005.6, -21676.0)
(394, 15.048911333084106, -106794.76587301586, -21676.0)
(395, 15.142662048339844, -106794.76587301586, -21676.0)
(396, 15.202858686447144, -106794.76587301586, -21676.0)
(397, 15.264199018478394, -106794.76587301586, -21676.0)
(398, 15.330814361572266, -106794.76587301586, -21676.0)
(399, 15.3906831741333, -106794.76587301586, -21676.0)
(400, 15.463201522827148, -106794.76587301586, -21676.0)
(401, 15.5374436378479, -106794.76587301586, -21676.0)
(402, 15.607365608215332, -106794.76587301586, -21676.0)
(403, 15.694547891616821, -106794.76587301586, -21676.0)
(404, 15.748073816299438, -106794.76587301586, -21676.0)
(405, 15.83930492401123, -106794.76587301586, -21676.0)
(406, 15.912073850631714, -106794.76587301586, -21676.0)
(407, 15.984158039093018, -106794.76587301586, -21676.0)
(408, 16.058188676834106, -106794.76587301586, -21676.0)
(409, 16.13807249069214, -106794.76587301586, -21676.0)
(410, 16.199703693389893, -106794.76587301586, -21676.0)
(411, 16.250975847244263, -106794.76587301586, -21676.0)
(412, 16.303845643997192, -106794.76587301586, -21676.0)
(413, 16.34676480293274, -86152.66666666666, -21676.0)
(414, 16.38987922668457, -86152.66666666666, -21676.0)
(415, 16.43191909790039, -86152.66666666666, -21676.0)
(416, 16.472705841064453, -86152.66666666666, -21676.0)
(417, 16.513869285583496, -86152.66666666666, -21676.0)
(418, 16.555713891983032, -86152.66666666666, -21676.0)
(419, 16.598515272140503, -86152.66666666666, -21676.0)
(420, 16.639997005462646, -86152.66666666666, -21676.0)
(421, 16.68069624900818, -86152.66666666666, -21676.0)
(422, 16.7217276096344, -86152.66666666666, -21676.0)
(423, 16.766294956207275, -86152.66666666666, -21676.0)
(424, 16.809024572372437, -86152.66666666666, -21676.0)
(425, 16.851354837417603, -86152.66666666666, -21676.0)
(426, 16.894612550735474, -86152.66666666666, -21676.0)
(427, 16.941463947296143, -86152.66666666666, -21676.0)
(428, 16.985909461975098, -86152.66666666666, -21676.0)
(429, 17.026545524597168, -86152.66666666666, -21676.0)
(430, 17.069530963897705, -86152.66666666666, -21676.0)
(431, 17.118295907974243, -86152.66666666666, -21676.0)
(432, 17.166215181350708, -86152.66666666666, -21676.0)
(433, 17.208946704864502, -70864.1875, -21676.0)
(434, 17.26290488243103, -70864.1875, -21676.0)
(435, 17.31025719642639, -70864.1875, -21676.0)
(436, 17.35210680961609, -70864.1875, -21676.0)
(437, 17.39690113067627, -70864.1875, -21676.0)
(438, 17.43915295600891, -70864.1875, -21676.0)
(439, 17.48147678375244, -70864.1875, -21676.0)
(440, 17.524527072906494, -70864.1875, -21676.0)
(441, 17.56486678123474, -70864.1875, -21676.0)
(442, 17.60895872116089, -70864.1875, -21676.0)
(443, 17.65614628791809, -70864.1875, -21676.0)
(444, 17.70307230949402, -70864.1875, -21676.0)
(445, 17.747791290283203, -70864.1875, -21676.0)
(446, 17.79779076576233, -70864.1875, -21676.0)
(447, 17.844963788986206, -70864.1875, -21676.0)
(448, 17.893115520477295, -70864.1875, -21676.0)
(449, 17.937889337539673, -70864.1875, -21676.0)
(450, 17.984479665756226, -70864.1875, -21676.0)
(451, 18.037895679473877, -70864.1875, -21676.0)
(452, 18.084442377090454, -70864.1875, -21676.0)
(453, 18.131399154663086, -70864.1875, -21676.0)
(454, 18.18092942237854, -70864.1875, -21676.0)
(455, 18.229034423828125, -70864.1875, -21676.0)
(456, 18.28298020362854, -70864.1875, -21676.0)
(457, 18.338119745254517, -70864.1875, -21676.0)
(458, 18.388551235198975, -70864.1875, -21676.0)
(459, 18.43499517440796, -70864.1875, -21676.0)
(460, 18.47826385498047, -70864.1875, -21676.0)
(461, 18.52485418319702, -70864.1875, -21676.0)
(462, 18.571911334991455, -70864.1875, -21676.0)
(463, 18.621280670166016, -70864.1875, -21676.0)
(464, 18.66668438911438, -70864.1875, -21676.0)
(465, 18.71481442451477, -70864.1875, -21676.0)
(466, 18.761211395263672, -70864.1875, -21676.0)
(467, 18.814172983169556, -70864.1875, -21676.0)
(468, 18.86496877670288, -70864.1875, -21676.0)
(469, 18.91824722290039, -70864.1875, -21676.0)
(470, 18.967756032943726, -70864.1875, -21676.0)
(471, 19.013622283935547, -70864.1875, -21676.0)
(472, 19.066075325012207, -70864.1875, -21676.0)
(473, 19.121633529663086, -70864.1875, -21676.0)
(474, 19.170281171798706, -70864.1875, -21676.0)
(475, 19.218879222869873, -70864.1875, -21676.0)
(476, 19.274234294891357, -70864.1875, -21676.0)
(477, 19.324013710021973, -70864.1875, -21676.0)
(478, 19.369865894317627, -70864.1875, -21676.0)
(479, 19.415153980255127, -70864.1875, -21676.0)
(480, 19.465969800949097, -70864.1875, -21676.0)
(481, 19.525928497314453, -70864.1875, -21676.0)
(482, 19.583635330200195, -70864.1875, -21676.0)
(483, 19.634762048721313, -70864.1875, -21676.0)
(484, 19.68390464782715, -70864.1875, -21676.0)
(485, 19.735007762908936, -70864.1875, -21676.0)
(486, 19.788880586624146, -70864.1875, -21676.0)
(487, 19.840819597244263, -70864.1875, -21676.0)
(488, 19.890580415725708, -70864.1875, -21676.0)
(489, 19.950019121170044, -70864.1875, -21676.0)
(490, 20.002099752426147, -70864.1875, -21676.0)
(491, 20.048908710479736, -70864.1875, -21676.0)
(492, 20.105206966400146, -70864.1875, -21676.0)
(493, 20.15885329246521, -70864.1875, -21676.0)
(494, 20.208735466003418, -70864.1875, -21676.0)
(495, 20.26450824737549, -67420.13269054178, -21676.0)
(496, 20.372535228729248, -67420.13269054178, -21676.0)
(497, 20.435256958007812, -67420.13269054178, -21676.0)
(498, 20.51514720916748, -67420.13269054178, -21676.0)
(499, 20.575535774230957, -67420.13269054178, -21676.0)
(500, 20.629462957382202, -67420.13269054178, -21676.0)
(501, 20.686423778533936, -67420.13269054178, -21676.0)
(502, 20.754434823989868, -67420.13269054178, -21676.0)
(503, 20.818350076675415, -67420.13269054178, -21676.0)
(504, 20.89066457748413, -67420.13269054178, -21676.0)
(505, 20.956422090530396, -67420.13269054178, -21676.0)
(506, 21.022778034210205, -67420.13269054178, -21676.0)
(507, 21.105956315994263, -67420.13269054178, -21676.0)
(508, 21.186598539352417, -67420.13269054178, -21676.0)
(509, 21.263890981674194, -67420.13269054178, -21676.0)
(510, 21.33767294883728, -67420.13269054178, -21676.0)
(511, 21.412590265274048, -67420.13269054178, -21676.0)
(512, 21.494286060333252, -67420.13269054178, -21676.0)
(513, 21.615676403045654, -67420.13269054178, -21676.0)
(514, 21.689837217330933, -67420.13269054178, -21676.0)
(515, 21.768632650375366, -67420.13269054178, -21676.0)
(516, 21.837404012680054, -67420.13269054178, -21676.0)
(517, 21.896289587020874, -67420.13269054178, -21676.0)
(518, 21.961622953414917, -67420.13269054178, -21676.0)
(519, 22.022974729537964, -67420.13269054178, -21676.0)
(520, 22.119723320007324, -67420.13269054178, -21676.0)
(521, 22.19365906715393, -67420.13269054178, -21676.0)
(522, 22.275877237319946, -67420.13269054178, -21676.0)
(523, 22.346017837524414, -67420.13269054178, -21676.0)
(524, 22.46800446510315, -67420.13269054178, -21676.0)
(525, 22.540923595428467, -67420.13269054178, -21676.0)
(526, 22.60576033592224, -67420.13269054178, -21676.0)
(527, 22.68161153793335, -67420.13269054178, -21676.0)
(528, 22.746795892715454, -67420.13269054178, -21676.0)
(529, 22.81830072402954, -67420.13269054178, -21676.0)
(530, 22.87862253189087, -67420.13269054178, -21676.0)
(531, 22.958423376083374, -67420.13269054178, -21676.0)
(532, 23.02414608001709, -67420.13269054178, -21676.0)
(533, 23.091299057006836, -67420.13269054178, -21676.0)
(534, 23.188945770263672, -67420.13269054178, -21676.0)
(535, 23.267743349075317, -67420.13269054178, -21676.0)
(536, 23.34581422805786, -67420.13269054178, -21676.0)
(537, 23.46274447441101, -67420.13269054178, -21676.0)
(538, 23.539036512374878, -67420.13269054178, -21676.0)
(539, 23.61588168144226, -67420.13269054178, -21676.0)
(540, 23.703808784484863, -67420.13269054178, -21676.0)
(541, 23.807299375534058, -67420.13269054178, -21676.0)
(542, 23.973145008087158, -67420.13269054178, -21676.0)
(543, 24.120186805725098, -67420.13269054178, -21676.0)
(544, 24.319953203201294, -65755.04797979798, -21676.0)
(545, 24.515915155410767, -65755.04797979798, -21676.0)
(546, 24.719460248947144, -65755.04797979798, -21676.0)
(547, 24.86089539527893, -54109.75, -21676.0)
(548, 24.97151756286621, -54109.75, -21676.0)
(549, 25.609747409820557, -54109.75, -21676.0)
(550, 26.23358678817749, -54109.75, -21676.0)
(551, 26.79449224472046, -48786.11608768865, -21676.0)
(552, 27.424886226654053, -47439.55721704241, -21676.0)
(553, 27.956713914871216, -45079.73358603622, -21676.0)
(554, 28.5164794921875, -37040.42277530169, -21676.0)
(555, 29.092681646347046, -32218.111473432662, -21676.0)
(556, 29.544509410858154, -29716.59129015524, -29546.841907017275)
(557, 29.684608221054077, -29596.81919726948, -29562.104766453205)
(558, 29.78281879425049, -29574.59558339273, -29563.56945600082)
(559, 29.874653577804565, -29563.989807037575, -29563.97790480395)
(560, 29.941515684127808, -29563.977904803953, -29563.977904803945)
