(1, 0.02476787567138672, -136598.0, -24514.0)
(2, 0.04808163642883301, -136598.0, -24514.0)
(3, 0.07169318199157715, -136598.0, -24514.0)
(4, 0.09518146514892578, -131099.47368421053, -24514.0)
(5, 0.11951684951782227, -131099.47368421053, -24514.0)
(6, 0.1438155174255371, -128972.55555555556, -24514.0)
(7, 0.16803336143493652, -127949.83333333333, -24514.0)
(8, 0.19261503219604492, -127949.83333333333, -24514.0)
(9, 0.2166612148284912, -127949.83333333333, -24514.0)
(10, 0.24055838584899902, -127949.83333333333, -24514.0)
(11, 0.2646028995513916, -127949.83333333333, -24514.0)
(12, 0.2881200313568115, -127949.83333333333, -24514.0)
(13, 0.31231689453125, -127949.83333333333, -24514.0)
(14, 0.33575439453125, -127949.83333333333, -24514.0)
(15, 0.3592984676361084, -127949.83333333333, -24514.0)
(16, 0.38388681411743164, -127949.83333333333, -24514.0)
(17, 0.4078099727630615, -127949.83333333333, -24514.0)
(18, 0.4318046569824219, -127949.83333333333, -24514.0)
(19, 0.4559669494628906, -127949.83333333333, -24514.0)
(20, 0.48043394088745117, -127949.83333333333, -24514.0)
(21, 0.5038647651672363, -127949.83333333333, -24514.0)
(22, 0.5281538963317871, -127949.83333333333, -24514.0)
(23, 0.5518772602081299, -127949.83333333333, -24514.0)
(24, 0.5759351253509521, -127949.83333333333, -24514.0)
(25, 0.6006283760070801, -127949.83333333333, -24514.0)
(26, 0.6257705688476562, -127949.83333333333, -24514.0)
(27, 0.650789737701416, -127949.83333333333, -24514.0)
(28, 0.6746513843536377, -127949.83333333333, -24514.0)
(29, 0.6995687484741211, -127949.83333333333, -24514.0)
(30, 0.7240455150604248, -127949.83333333333, -24514.0)
(31, 0.748579740524292, -127949.83333333333, -24514.0)
(32, 0.7728395462036133, -127949.83333333333, -24514.0)
(33, 0.798259973526001, -127949.83333333333, -24514.0)
(34, 0.8228850364685059, -127949.83333333333, -24514.0)
(35, 0.8473312854766846, -127949.83333333333, -24514.0)
(36, 0.8720483779907227, -127949.83333333333, -24514.0)
(37, 0.89632248878479, -127949.83333333333, -24514.0)
(38, 0.9210734367370605, -127949.83333333333, -24514.0)
(39, 0.9461348056793213, -127949.83333333333, -24514.0)
(40, 0.9708113670349121, -127949.83333333333, -24514.0)
(41, 0.9971332550048828, -127949.83333333333, -24514.0)
(42, 1.0230450630187988, -127949.83333333333, -24514.0)
(43, 1.0486102104187012, -127949.83333333333, -24514.0)
(44, 1.0733230113983154, -127949.83333333333, -24514.0)
(45, 1.0992941856384277, -127949.83333333333, -24514.0)
(46, 1.1252632141113281, -127949.83333333333, -24514.0)
(47, 1.150822639465332, -127949.83333333333, -24514.0)
(48, 1.1769134998321533, -127949.83333333333, -24514.0)
(49, 1.2032604217529297, -127949.83333333333, -24514.0)
(50, 1.2299985885620117, -127949.83333333333, -24514.0)
(51, 1.2559447288513184, -127949.83333333333, -24514.0)
(52, 1.2819764614105225, -127949.83333333333, -24514.0)
(53, 1.3096880912780762, -127949.83333333333, -24514.0)
(54, 1.3387045860290527, -127949.83333333333, -24514.0)
(55, 1.3671274185180664, -127949.83333333333, -24514.0)
(56, 1.3974602222442627, -127949.83333333333, -24514.0)
(57, 1.4250452518463135, -127949.83333333333, -24514.0)
(58, 1.4520065784454346, -127949.83333333333, -24514.0)
(59, 1.479936122894287, -127949.83333333333, -24514.0)
(60, 1.5091469287872314, -127949.83333333333, -24514.0)
(61, 1.5400032997131348, -104043.68421052632, -24514.0)
(62, 1.5689845085144043, -104043.68421052632, -24514.0)
(63, 1.5988867282867432, -104043.68421052632, -24514.0)
(64, 1.6300561428070068, -104043.68421052632, -24514.0)
(65, 1.6587746143341064, -104043.68421052632, -24514.0)
(66, 1.6915655136108398, -104043.68421052632, -24514.0)
(67, 1.718209981918335, -104043.68421052632, -24514.0)
(68, 1.7462613582611084, -104043.68421052632, -24514.0)
(69, 1.7724201679229736, -104043.68421052632, -24514.0)
(70, 1.7996981143951416, -104043.68421052632, -24514.0)
(71, 1.8268821239471436, -104043.68421052632, -24514.0)
(72, 1.8517062664031982, -104043.68421052632, -24514.0)
(73, 1.8765578269958496, -104043.68421052632, -24514.0)
(74, 1.900825023651123, -104043.68421052632, -24514.0)
(75, 1.926316261291504, -104043.68421052632, -24514.0)
(76, 1.951784610748291, -104043.68421052632, -24514.0)
(77, 1.9767887592315674, -104043.68421052632, -24514.0)
(78, 2.0043365955352783, -104043.68421052632, -24514.0)
(79, 2.0297582149505615, -104043.68421052632, -24514.0)
(80, 2.058258295059204, -104043.68421052632, -24514.0)
(81, 2.0829896926879883, -104043.68421052632, -24514.0)
(82, 2.111976146697998, -104043.68421052632, -24514.0)
(83, 2.1392662525177, -104043.68421052632, -24514.0)
(84, 2.1647162437438965, -104043.68421052632, -24514.0)
(85, 2.192441463470459, -104043.68421052632, -24514.0)
(86, 2.2183845043182373, -104043.68421052632, -24514.0)
(87, 2.2446019649505615, -104043.68421052632, -24514.0)
(88, 2.2699856758117676, -104043.68421052632, -24514.0)
(89, 2.2967865467071533, -104043.68421052632, -24514.0)
(90, 2.3220555782318115, -104043.68421052632, -24514.0)
(91, 2.3472445011138916, -104043.68421052632, -24514.0)
(92, 2.3753511905670166, -104043.68421052632, -24514.0)
(93, 2.4034717082977295, -104043.68421052632, -24514.0)
(94, 2.4305663108825684, -104043.68421052632, -24514.0)
(95, 2.455817937850952, -104043.68421052632, -24514.0)
(96, 2.483205795288086, -104043.68421052632, -24514.0)
(97, 2.510786294937134, -104043.68421052632, -24514.0)
(98, 2.5408475399017334, -104043.68421052632, -24514.0)
(99, 2.5672659873962402, -104043.68421052632, -24514.0)
(100, 2.5953221321105957, -104043.68421052632, -24514.0)
(101, 2.6237261295318604, -104043.68421052632, -24514.0)
(102, 2.6525423526763916, -104043.68421052632, -24514.0)
(103, 2.6810638904571533, -104043.68421052632, -24514.0)
(104, 2.7114439010620117, -104043.68421052632, -24514.0)
(105, 2.743912696838379, -104043.68421052632, -24514.0)
(106, 2.7746946811676025, -104043.68421052632, -24514.0)
(107, 2.8103151321411133, -104043.68421052632, -24514.0)
(108, 2.8437302112579346, -104043.68421052632, -24514.0)
(109, 2.87737774848938, -104043.68421052632, -24514.0)
(110, 2.913543939590454, -104043.68421052632, -24514.0)
(111, 2.949225902557373, -88276.80788674651, -24514.0)
(112, 2.9836559295654297, -88276.80788674651, -24514.0)
(113, 3.0219454765319824, -88276.80788674651, -24514.0)
(114, 3.052431344985962, -88276.80788674651, -24514.0)
(115, 3.0806338787078857, -88276.80788674651, -24514.0)
(116, 3.1075992584228516, -88276.80788674651, -24514.0)
(117, 3.137479782104492, -88276.80788674651, -24514.0)
(118, 3.1688036918640137, -88276.80788674651, -24514.0)
(119, 3.197377920150757, -88276.80788674651, -24514.0)
(120, 3.2253501415252686, -88276.80788674651, -24514.0)
(121, 3.255366086959839, -88276.80788674651, -24514.0)
(122, 3.2822844982147217, -88276.80788674651, -24514.0)
(123, 3.3132314682006836, -88276.80788674651, -24514.0)
(124, 3.340503215789795, -88276.80788674651, -24514.0)
(125, 3.3683717250823975, -88276.80788674651, -24514.0)
(126, 3.4008102416992188, -88276.80788674651, -24514.0)
(127, 3.4338974952697754, -88276.80788674651, -24514.0)
(128, 3.4690682888031006, -88276.80788674651, -24514.0)
(129, 3.503089427947998, -88276.80788674651, -24514.0)
(130, 3.5344808101654053, -88276.80788674651, -24514.0)
(131, 3.5646426677703857, -88276.80788674651, -24514.0)
(132, 3.598065137863159, -88276.80788674651, -24514.0)
(133, 3.631032943725586, -88276.80788674651, -24514.0)
(134, 3.66062068939209, -88276.80788674651, -24514.0)
(135, 3.6902713775634766, -88276.80788674651, -24514.0)
(136, 3.7248897552490234, -88276.80788674651, -24514.0)
(137, 3.7592861652374268, -88276.80788674651, -24514.0)
(138, 3.7903213500976562, -88276.80788674651, -24514.0)
(139, 3.83034610748291, -88276.80788674651, -24514.0)
(140, 3.8684017658233643, -88276.80788674651, -24514.0)
(141, 3.900648832321167, -88276.80788674651, -24514.0)
(142, 3.934232711791992, -88276.80788674651, -24514.0)
(143, 3.9692788124084473, -88276.80788674651, -24514.0)
(144, 4.004662990570068, -88276.80788674651, -24514.0)
(145, 4.040186405181885, -88276.80788674651, -24514.0)
(146, 4.078222751617432, -88276.80788674651, -24514.0)
(147, 4.106755018234253, -88276.80788674651, -24514.0)
(148, 4.14466404914856, -88276.80788674651, -24514.0)
(149, 4.179159164428711, -88276.80788674651, -24514.0)
(150, 4.213560342788696, -88276.80788674651, -24514.0)
(151, 4.24477744102478, -88276.80788674651, -24514.0)
(152, 4.2762532234191895, -88276.80788674651, -24514.0)
(153, 4.308865308761597, -88276.80788674651, -24514.0)
(154, 4.339999437332153, -88276.80788674651, -24514.0)
(155, 4.374607086181641, -88276.80788674651, -24514.0)
(156, 4.412471055984497, -88276.80788674651, -24514.0)
(157, 4.449447870254517, -88276.80788674651, -24514.0)
(158, 4.4805004596710205, -88276.80788674651, -24514.0)
(159, 4.5109357833862305, -88276.80788674651, -24514.0)
(160, 4.543338060379028, -88276.80788674651, -24514.0)
(161, 4.580638647079468, -88276.80788674651, -24514.0)
(162, 4.61935567855835, -88276.80788674651, -24514.0)
(163, 4.654432773590088, -88276.80788674651, -24514.0)
(164, 4.691627502441406, -88276.80788674651, -24514.0)
(165, 4.730187654495239, -88276.80788674651, -24514.0)
(166, 4.77118182182312, -88276.80788674651, -24514.0)
(167, 4.819403409957886, -88276.80788674651, -24514.0)
(168, 4.862353801727295, -88276.80788674651, -24514.0)
(169, 4.905776739120483, -88276.80788674651, -24514.0)
(170, 4.956589460372925, -88276.80788674651, -24514.0)
(171, 4.998666524887085, -88276.80788674651, -24514.0)
(172, 5.036787748336792, -88276.80788674651, -24514.0)
(173, 5.076483249664307, -88276.80788674651, -24514.0)
(174, 5.116836309432983, -88276.80788674651, -24514.0)
(175, 5.1554670333862305, -88276.80788674651, -24514.0)
(176, 5.192235946655273, -88276.80788674651, -24514.0)
(177, 5.227529764175415, -88276.80788674651, -24514.0)
(178, 5.264753341674805, -88276.80788674651, -24514.0)
(179, 5.301463842391968, -88276.80788674651, -24514.0)
(180, 5.338205337524414, -88276.80788674651, -24514.0)
(181, 5.37776255607605, -88276.80788674651, -24514.0)
(182, 5.413422346115112, -88276.80788674651, -24514.0)
(183, 5.453012943267822, -88276.80788674651, -24514.0)
(184, 5.506572723388672, -88276.80788674651, -24514.0)
(185, 5.543984651565552, -88276.80788674651, -24514.0)
(186, 5.591398000717163, -88276.80788674651, -24514.0)
(187, 5.641488313674927, -88276.80788674651, -24514.0)
(188, 5.685683965682983, -88276.80788674651, -24514.0)
(189, 5.7378692626953125, -88276.80788674651, -24514.0)
(190, 5.787471532821655, -88276.80788674651, -24514.0)
(191, 5.846097946166992, -88276.80788674651, -24514.0)
(192, 5.905172824859619, -88276.80788674651, -24514.0)
(193, 5.950357437133789, -88276.80788674651, -24514.0)
(194, 5.992952585220337, -88276.80788674651, -24514.0)
(195, 6.038066625595093, -88276.80788674651, -24514.0)
(196, 6.080276966094971, -88276.80788674651, -24514.0)
(197, 6.12532114982605, -88276.80788674651, -24514.0)
(198, 6.174461364746094, -88276.80788674651, -24514.0)
(199, 6.2214977741241455, -88276.80788674651, -24514.0)
(200, 6.26936149597168, -88276.80788674651, -24514.0)
(201, 6.314052581787109, -88276.80788674651, -24514.0)
(202, 6.364785194396973, -88276.80788674651, -24514.0)
(203, 6.41940975189209, -88276.80788674651, -24514.0)
(204, 6.473888397216797, -88276.80788674651, -24514.0)
(205, 6.527662754058838, -88276.80788674651, -24514.0)
(206, 6.577928781509399, -88276.80788674651, -24514.0)
(207, 6.635166645050049, -88276.80788674651, -24514.0)
(208, 6.702770948410034, -88276.80788674651, -24514.0)
(209, 6.762842893600464, -88276.80788674651, -24514.0)
(210, 6.812699556350708, -88276.80788674651, -24514.0)
(211, 6.860668897628784, -88276.80788674651, -24514.0)
(212, 6.905247688293457, -88276.80788674651, -24514.0)
(213, 6.942786931991577, -88276.80788674651, -24514.0)
(214, 6.975928783416748, -88276.80788674651, -24514.0)
(215, 7.008449554443359, -88276.80788674651, -24514.0)
(216, 7.050415992736816, -88276.80788674651, -24514.0)
(217, 7.081907033920288, -88276.80788674651, -24514.0)
(218, 7.119384765625, -88276.80788674651, -24514.0)
(219, 7.15097451210022, -88276.80788674651, -24514.0)
(220, 7.193857431411743, -88276.80788674651, -24514.0)
(221, 7.235874176025391, -88276.80788674651, -24514.0)
(222, 7.278789043426514, -88276.80788674651, -24514.0)
(223, 7.323362827301025, -88276.80788674651, -24514.0)
(224, 7.359844446182251, -88276.80788674651, -24514.0)
(225, 7.401234149932861, -88276.80788674651, -24514.0)
(226, 7.43433690071106, -88276.80788674651, -24514.0)
(227, 7.483283042907715, -88276.80788674651, -24514.0)
(228, 7.529657363891602, -88276.80788674651, -24514.0)
(229, 7.5893874168396, -88276.80788674651, -24514.0)
(230, 7.634981632232666, -88276.80788674651, -24514.0)
(231, 7.686058282852173, -88276.80788674651, -24514.0)
(232, 7.7341859340667725, -88276.80788674651, -24514.0)
(233, 7.789845943450928, -88276.80788674651, -24514.0)
(234, 7.844588756561279, -88276.80788674651, -24514.0)
(235, 7.9029223918914795, -88276.80788674651, -24514.0)
(236, 7.952754020690918, -88276.80788674651, -24514.0)
(237, 8.010059118270874, -88276.80788674651, -24514.0)
(238, 8.076595067977905, -88080.66413373861, -24514.0)
(239, 8.139344215393066, -88080.66413373861, -24514.0)
(240, 8.203274965286255, -87001.72119832067, -24514.0)
(241, 8.259917974472046, -86771.3361999771, -24514.0)
(242, 8.322846174240112, -86771.3361999771, -24514.0)
(243, 8.381081819534302, -86771.3361999771, -24514.0)
(244, 8.426838397979736, -86771.3361999771, -24514.0)
(245, 8.474301099777222, -86771.3361999771, -24514.0)
(246, 8.53100848197937, -86771.3361999771, -24514.0)
(247, 8.578908681869507, -86771.3361999771, -24514.0)
(248, 8.624117136001587, -86771.3361999771, -24514.0)
(249, 8.663995027542114, -86771.3361999771, -24514.0)
(250, 8.708905220031738, -86771.3361999771, -24514.0)
(251, 8.7578125, -86771.3361999771, -24514.0)
(252, 8.809444904327393, -86771.3361999771, -24514.0)
(253, 8.875305891036987, -86771.3361999771, -24514.0)
(254, 8.941234350204468, -86771.3361999771, -24514.0)
(255, 8.993808031082153, -86771.3361999771, -24514.0)
(256, 9.03639817237854, -86771.3361999771, -24514.0)
(257, 9.07654070854187, -86771.3361999771, -24514.0)
(258, 9.121980905532837, -86771.3361999771, -24514.0)
(259, 9.159867525100708, -86771.3361999771, -24514.0)
(260, 9.202368974685669, -86771.3361999771, -24514.0)
(261, 9.246175050735474, -86771.3361999771, -24514.0)
(262, 9.288806676864624, -86771.3361999771, -24514.0)
(263, 9.327377080917358, -86771.3361999771, -24514.0)
(264, 9.375679969787598, -86771.3361999771, -24514.0)
(265, 9.423317193984985, -86771.3361999771, -24514.0)
(266, 9.469354391098022, -86771.3361999771, -24514.0)
(267, 9.515676259994507, -86771.3361999771, -24514.0)
(268, 9.553937435150146, -86771.3361999771, -24514.0)
(269, 9.606311082839966, -86771.3361999771, -24514.0)
(270, 9.662466287612915, -86771.3361999771, -24514.0)
(271, 9.709233522415161, -86771.3361999771, -24514.0)
(272, 9.764153957366943, -86771.3361999771, -24514.0)
(273, 9.812141180038452, -86771.3361999771, -24514.0)
(274, 9.868912935256958, -86771.3361999771, -24514.0)
(275, 9.918894290924072, -86771.3361999771, -24514.0)
(276, 9.979186296463013, -86771.3361999771, -24514.0)
(277, 10.040459632873535, -86771.3361999771, -24514.0)
(278, 10.09033751487732, -86771.3361999771, -24514.0)
(279, 10.137789726257324, -86771.3361999771, -24514.0)
(280, 10.192425966262817, -86771.3361999771, -24514.0)
(281, 10.250800132751465, -86771.3361999771, -24514.0)
(282, 10.30271577835083, -86771.3361999771, -24514.0)
(283, 10.358308553695679, -86771.3361999771, -24514.0)
(284, 10.412991046905518, -86771.3361999771, -24514.0)
(285, 10.470195531845093, -86771.3361999771, -24514.0)
(286, 10.526954412460327, -86771.3361999771, -24514.0)
(287, 10.581085920333862, -86771.3361999771, -24514.0)
(288, 10.661304950714111, -86771.3361999771, -24514.0)
(289, 10.730489730834961, -86771.3361999771, -24514.0)
(290, 10.8003568649292, -86771.3361999771, -24514.0)
(291, 10.854877948760986, -86771.3361999771, -24514.0)
(292, 10.926177978515625, -86771.3361999771, -24514.0)
(293, 10.995599508285522, -86771.3361999771, -24514.0)
(294, 11.070030927658081, -86771.3361999771, -24514.0)
(295, 11.119540691375732, -86771.3361999771, -24514.0)
(296, 11.173991203308105, -86771.3361999771, -24514.0)
(297, 11.220215559005737, -86771.3361999771, -24514.0)
(298, 11.27748441696167, -86771.3361999771, -24514.0)
(299, 11.324575662612915, -86771.3361999771, -24514.0)
(300, 11.374653339385986, -86771.3361999771, -24514.0)
(301, 11.412752866744995, -86771.3361999771, -24514.0)
(302, 11.458963871002197, -86771.3361999771, -24514.0)
(303, 11.508848428726196, -86771.3361999771, -24514.0)
(304, 11.5714750289917, -86771.3361999771, -24514.0)
(305, 11.609663248062134, -86771.3361999771, -24514.0)
(306, 11.677421808242798, -86771.3361999771, -24514.0)
(307, 11.770711421966553, -86771.3361999771, -24514.0)
(308, 11.854841709136963, -86771.3361999771, -24514.0)
(309, 11.936776638031006, -86771.3361999771, -24514.0)
(310, 12.004905700683594, -86771.3361999771, -24514.0)
(311, 12.057840585708618, -86771.3361999771, -24514.0)
(312, 12.113431930541992, -86771.3361999771, -24514.0)
(313, 12.184560060501099, -86771.3361999771, -24514.0)
(314, 12.2502281665802, -86771.3361999771, -24514.0)
(315, 12.312852382659912, -86771.3361999771, -24514.0)
(316, 12.373209714889526, -86771.3361999771, -24514.0)
(317, 12.447943449020386, -86771.3361999771, -24514.0)
(318, 12.525037288665771, -86771.3361999771, -24514.0)
(319, 12.603778839111328, -86771.3361999771, -24514.0)
(320, 12.678475379943848, -86771.3361999771, -24514.0)
(321, 12.737136602401733, -86771.3361999771, -24514.0)
(322, 12.805317878723145, -86771.3361999771, -24514.0)
(323, 12.873454809188843, -86771.3361999771, -24514.0)
(324, 12.925750970840454, -86771.3361999771, -24514.0)
(325, 12.985689878463745, -86771.3361999771, -24514.0)
(326, 13.04015040397644, -86771.3361999771, -24514.0)
(327, 13.094516038894653, -86771.3361999771, -24514.0)
(328, 13.164762258529663, -86771.3361999771, -24514.0)
(329, 13.223416566848755, -86771.3361999771, -24514.0)
(330, 13.28588581085205, -86771.3361999771, -24514.0)
(331, 13.365078449249268, -86771.3361999771, -24514.0)
(332, 13.453290700912476, -86771.3361999771, -24514.0)
(333, 13.539448261260986, -86771.3361999771, -24514.0)
(334, 13.617644548416138, -86771.3361999771, -24514.0)
(335, 13.699899911880493, -86771.3361999771, -24514.0)
(336, 13.767339944839478, -86771.3361999771, -24514.0)
(337, 13.82917833328247, -86771.3361999771, -24514.0)
(338, 13.915354251861572, -86771.3361999771, -24514.0)
(339, 14.002851247787476, -86771.3361999771, -24514.0)
(340, 14.058300018310547, -86771.3361999771, -24514.0)
(341, 14.177079439163208, -86771.3361999771, -24514.0)
(342, 14.275130033493042, -86771.3361999771, -24514.0)
(343, 14.371800661087036, -86771.3361999771, -24514.0)
(344, 14.464094877243042, -86771.3361999771, -24514.0)
(345, 14.58545446395874, -86145.35919540227, -24514.0)
(346, 14.658905506134033, -86145.35919540227, -24514.0)
(347, 14.772097826004028, -86145.35919540227, -24514.0)
(348, 14.907654762268066, -86145.35919540227, -24514.0)
(349, 15.013866424560547, -86145.35919540227, -24514.0)
(350, 15.156548023223877, -81356.7189486043, -24514.0)
(351, 15.268088102340698, -81356.7189486043, -24514.0)
(352, 15.356754541397095, -81356.7189486043, -24514.0)
(353, 15.5192129611969, -77941.65221012992, -24514.0)
(354, 15.6365647315979, -77941.65221012992, -24514.0)
(355, 15.799670457839966, -77941.65221012992, -24514.0)
(356, 15.961785078048706, -75520.72684975344, -24514.0)
(357, 16.12121343612671, -75520.72684975344, -24514.0)
(358, 16.339816093444824, -60751.97854587593, -24514.0)
(359, 16.569254398345947, -53697.60375301348, -24514.0)
(360, 16.781955242156982, -50229.434466373496, -24514.0)
(361, 17.01517963409424, -45799.63046860554, -24514.0)
(362, 17.19219970703125, -43159.70693720056, -24514.0)
(363, 17.39050602912903, -40130.382616607625, -24514.0)
(364, 17.61656141281128, -38409.81580360577, -24514.0)
(365, 17.8350989818573, -31379.42313942855, -31327.08098809426)
(366, 17.907606601715088, -31366.474856361565, -31330.421544053694)
(367, 17.970362186431885, -31332.232653061477, -31332.232653061226)
(368, 18.004491090774536, -31332.232653061477, -31332.23265306122)
