(1, 0.014808416366577148, -48266.0, -10867.0)
(2, 0.028253793716430664, -47246.36842105263, -10867.0)
(3, 0.042516231536865234, -44935.64705882353, -10867.0)
(4, 0.05582737922668457, -39313.0, -10867.0)
(5, 0.0698843002319336, -39313.0, -10867.0)
(6, 0.08388757705688477, -39313.0, -10867.0)
(7, 0.09835672378540039, -39313.0, -10867.0)
(8, 0.11295080184936523, -39313.0, -10867.0)
(9, 0.12719130516052246, -39313.0, -10867.0)
(10, 0.1412811279296875, -39313.0, -10867.0)
(11, 0.15525126457214355, -39313.0, -10867.0)
(12, 0.16917681694030762, -39313.0, -10867.0)
(13, 0.18359923362731934, -39313.0, -10867.0)
(14, 0.19716215133666992, -39313.0, -10867.0)
(15, 0.21068549156188965, -39313.0, -10867.0)
(16, 0.22478747367858887, -39313.0, -10867.0)
(17, 0.2386307716369629, -39313.0, -10867.0)
(18, 0.2519950866699219, -39313.0, -10867.0)
(19, 0.2666153907775879, -39313.0, -10867.0)
(20, 0.28078532218933105, -39313.0, -10867.0)
(21, 0.2949075698852539, -39313.0, -10867.0)
(22, 0.309384822845459, -39313.0, -10867.0)
(23, 0.3234894275665283, -39313.0, -10867.0)
(24, 0.3373599052429199, -39313.0, -10867.0)
(25, 0.352536678314209, -39313.0, -10867.0)
(26, 0.3666727542877197, -39313.0, -10867.0)
(27, 0.38048624992370605, -39313.0, -10867.0)
(28, 0.394254207611084, -33912.42222222222, -10867.0)
(29, 0.4079866409301758, -33912.42222222222, -10867.0)
(30, 0.42304396629333496, -33912.42222222222, -10867.0)
(31, 0.4389979839324951, -33912.42222222222, -10867.0)
(32, 0.453183650970459, -33912.42222222222, -10867.0)
(33, 0.4684112071990967, -33912.42222222222, -10867.0)
(34, 0.48166584968566895, -32305.5, -10867.0)
(35, 0.49591922760009766, -32123.212499999994, -10867.0)
(36, 0.5110194683074951, -32123.212499999994, -10867.0)
(37, 0.5238738059997559, -32123.212499999994, -10867.0)
(38, 0.5351016521453857, -32123.212499999994, -10867.0)
(39, 0.546821117401123, -32123.212499999994, -10867.0)
(40, 0.5581133365631104, -32123.212499999994, -10867.0)
(41, 0.5703887939453125, -32123.212499999994, -10867.0)
(42, 0.5822441577911377, -32123.212499999994, -10867.0)
(43, 0.5942082405090332, -32123.212499999994, -10867.0)
(44, 0.6062443256378174, -32123.212499999994, -10867.0)
(45, 0.6186392307281494, -32123.212499999994, -10867.0)
(46, 0.6302387714385986, -32123.212499999994, -10867.0)
(47, 0.6428284645080566, -32123.212499999994, -10867.0)
(48, 0.655040979385376, -32123.212499999994, -10867.0)
(49, 0.6671488285064697, -32123.212499999994, -10867.0)
(50, 0.6792585849761963, -32123.212499999994, -10867.0)
(51, 0.6919009685516357, -32123.212499999994, -10867.0)
(52, 0.7034955024719238, -32123.212499999994, -10867.0)
(53, 0.7153692245483398, -32123.212499999994, -10867.0)
(54, 0.7286944389343262, -32123.212499999994, -10867.0)
(55, 0.7411210536956787, -32123.212499999994, -10867.0)
(56, 0.7543661594390869, -32123.212499999994, -10867.0)
(57, 0.76991868019104, -32123.212499999994, -10867.0)
(58, 0.785193681716919, -32123.212499999994, -10867.0)
(59, 0.8000576496124268, -32123.212499999994, -10867.0)
(60, 0.8133196830749512, -32123.212499999994, -10867.0)
(61, 0.825937032699585, -32123.212499999994, -10867.0)
(62, 0.8430490493774414, -32123.212499999994, -10867.0)
(63, 0.8573205471038818, -32123.212499999994, -10867.0)
(64, 0.8701033592224121, -32123.212499999994, -10867.0)
(65, 0.8850281238555908, -27924.666666666668, -10867.0)
(66, 0.8976452350616455, -25480.5, -10867.0)
(67, 0.9084029197692871, -25480.5, -10867.0)
(68, 0.9251675605773926, -25001.758620689656, -10867.0)
(69, 0.9429304599761963, -25001.758620689656, -10867.0)
(70, 0.9616150856018066, -25001.758620689656, -10867.0)
(71, 0.9824709892272949, -23283.0, -10867.0)
(72, 0.9994938373565674, -23283.0, -10867.0)
(73, 1.0183513164520264, -23283.0, -10867.0)
(74, 1.0369665622711182, -21294.428571428572, -10867.0)
(75, 1.0545759201049805, -21254.000000000004, -10867.0)
(76, 1.0772430896759033, -20273.460000000006, -10867.0)
(77, 1.1014583110809326, -19251.88235294118, -10867.0)
(78, 1.1191353797912598, -19015.366666666665, -10867.0)
(79, 1.140989065170288, -17667.513513513513, -10867.0)
(80, 1.1629109382629395, -16823.657439446364, -10867.0)
(81, 1.1815693378448486, -16823.657439446364, -10867.0)
(82, 1.2057559490203857, -16823.657439446364, -10867.0)
(83, 1.2309696674346924, -13663.722222222223, -13588.055555555557)
(84, 1.2475991249084473, -13603.66666666667, -13591.238095238095)
(85, 1.2635893821716309, -13591.428571428574, -13591.428571428572)
(86, 1.2793188095092773, -13591.428571428574, -13591.428571428572)
