(1, 0.07304930686950684, -220055.0, -49693.0)
(2, 0.13832426071166992, -220055.0, -49693.0)
(3, 0.20604205131530762, -220055.0, -49693.0)
(4, 0.2721741199493408, -220055.0, -49693.0)
(5, 0.34180212020874023, -220055.0, -49693.0)
(6, 0.40165114402770996, -220055.0, -49693.0)
(7, 0.46955084800720215, -220055.0, -49693.0)
(8, 0.5356519222259521, -220055.0, -49693.0)
(9, 0.6025886535644531, -220055.0, -49693.0)
(10, 0.6703274250030518, -220055.0, -49693.0)
(11, 0.7383301258087158, -220055.0, -49693.0)
(12, 0.8060686588287354, -220055.0, -49693.0)
(13, 0.869875431060791, -220055.0, -49693.0)
(14, 0.940209150314331, -220055.0, -49693.0)
(15, 1.0080890655517578, -220055.0, -49693.0)
(16, 1.0797269344329834, -220055.0, -49693.0)
(17, 1.1545295715332031, -220055.0, -49693.0)
(18, 1.217508316040039, -220055.0, -49693.0)
(19, 1.287238597869873, -220055.0, -49693.0)
(20, 1.356442928314209, -220055.0, -49693.0)
(21, 1.4136881828308105, -220055.0, -49693.0)
(22, 1.4881155490875244, -220055.0, -49693.0)
(23, 1.5541956424713135, -220055.0, -49693.0)
(24, 1.621633768081665, -220055.0, -49693.0)
(25, 1.6875789165496826, -220055.0, -49693.0)
(26, 1.7629752159118652, -220055.0, -49693.0)
(27, 1.8250725269317627, -220055.0, -49693.0)
(28, 1.8933827877044678, -220055.0, -49693.0)
(29, 1.9616072177886963, -220055.0, -49693.0)
(30, 2.029693126678467, -220055.0, -49693.0)
(31, 2.1019115447998047, -220055.0, -49693.0)
(32, 2.174553155899048, -220055.0, -49693.0)
(33, 2.241274118423462, -220055.0, -49693.0)
(34, 2.309427261352539, -220055.0, -49693.0)
(35, 2.376523733139038, -220055.0, -49693.0)
(36, 2.4498350620269775, -220055.0, -49693.0)
(37, 2.519094944000244, -220055.0, -49693.0)
(38, 2.589179754257202, -220055.0, -49693.0)
(39, 2.6613805294036865, -220055.0, -49693.0)
(40, 2.731259346008301, -220055.0, -49693.0)
(41, 2.8036062717437744, -220055.0, -49693.0)
(42, 2.8717398643493652, -220055.0, -49693.0)
(43, 2.9383177757263184, -220055.0, -49693.0)
(44, 3.0068955421447754, -220055.0, -49693.0)
(45, 3.0771660804748535, -220055.0, -49693.0)
(46, 3.1441490650177, -220055.0, -49693.0)
(47, 3.223266363143921, -220055.0, -49693.0)
(48, 3.294698715209961, -220055.0, -49693.0)
(49, 3.376617908477783, -220055.0, -49693.0)
(50, 3.459000587463379, -220055.0, -49693.0)
(51, 3.540046453475952, -220055.0, -49693.0)
(52, 3.62782621383667, -220055.0, -49693.0)
(53, 3.7129344940185547, -220055.0, -49693.0)
(54, 3.796966314315796, -220055.0, -49693.0)
(55, 3.8745198249816895, -220055.0, -49693.0)
(56, 3.9552085399627686, -220055.0, -49693.0)
(57, 4.025848150253296, -220055.0, -49693.0)
(58, 4.096636056900024, -220055.0, -49693.0)
(59, 4.177340269088745, -220055.0, -49693.0)
(60, 4.254683971405029, -220055.0, -49693.0)
(61, 4.329244136810303, -220055.0, -49693.0)
(62, 4.411766052246094, -220055.0, -49693.0)
(63, 4.484312057495117, -220055.0, -49693.0)
(64, 4.561904191970825, -220055.0, -49693.0)
(65, 4.640139579772949, -220055.0, -49693.0)
(66, 4.719932794570923, -220055.0, -49693.0)
(67, 4.799758434295654, -220055.0, -49693.0)
(68, 4.878782510757446, -220055.0, -49693.0)
(69, 4.962724447250366, -220055.0, -49693.0)
(70, 5.0450239181518555, -220055.0, -49693.0)
(71, 5.121694803237915, -220055.0, -49693.0)
(72, 5.195590972900391, -220055.0, -49693.0)
(73, 5.2662248611450195, -220055.0, -49693.0)
(74, 5.345488786697388, -220055.0, -49693.0)
(75, 5.425602197647095, -220055.0, -49693.0)
(76, 5.502580165863037, -220055.0, -49693.0)
(77, 5.5832414627075195, -220055.0, -49693.0)
(78, 5.65740442276001, -220055.0, -49693.0)
(79, 5.734131336212158, -220055.0, -49693.0)
(80, 5.809279918670654, -220055.0, -49693.0)
(81, 5.886754751205444, -220055.0, -49693.0)
(82, 5.967836380004883, -220055.0, -49693.0)
(83, 6.046987056732178, -220055.0, -49693.0)
(84, 6.133701801300049, -220055.0, -49693.0)
(85, 6.211183071136475, -220055.0, -49693.0)
(86, 6.2853686809539795, -220055.0, -49693.0)
(87, 6.369094133377075, -220055.0, -49693.0)
(88, 6.450377941131592, -220055.0, -49693.0)
(89, 6.532151460647583, -220055.0, -49693.0)
(90, 6.612968921661377, -220055.0, -49693.0)
(91, 6.6941978931427, -220055.0, -49693.0)
(92, 6.772439002990723, -220055.0, -49693.0)
(93, 6.852158069610596, -220055.0, -49693.0)
(94, 6.934000492095947, -220055.0, -49693.0)
(95, 7.017518997192383, -220055.0, -49693.0)
(96, 7.098546028137207, -220055.0, -49693.0)
(97, 7.178379058837891, -220055.0, -49693.0)
(98, 7.264854669570923, -220055.0, -49693.0)
(99, 7.344423294067383, -220055.0, -49693.0)
(100, 7.416273593902588, -220055.0, -49693.0)
(101, 7.49148964881897, -220055.0, -49693.0)
(102, 7.564805507659912, -220055.0, -49693.0)
(103, 7.638347625732422, -220055.0, -49693.0)
(104, 7.707099437713623, -220055.0, -49693.0)
(105, 7.7776970863342285, -220055.0, -49693.0)
(106, 7.860506534576416, -220055.0, -49693.0)
(107, 7.93782901763916, -220055.0, -49693.0)
(108, 8.008901357650757, -220055.0, -49693.0)
(109, 8.080377101898193, -220055.0, -49693.0)
(110, 8.157922506332397, -220055.0, -49693.0)
(111, 8.234522104263306, -220055.0, -49693.0)
(112, 8.310646772384644, -220055.0, -49693.0)
(113, 8.380593061447144, -220055.0, -49693.0)
(114, 8.459309101104736, -220055.0, -49693.0)
(115, 8.543357610702515, -220055.0, -49693.0)
(116, 8.616456747055054, -220055.0, -49693.0)
(117, 8.691474437713623, -220055.0, -49693.0)
(118, 8.76410698890686, -220055.0, -49693.0)
(119, 8.829141616821289, -220055.0, -49693.0)
(120, 8.897289276123047, -220055.0, -49693.0)
(121, 8.974963426589966, -220055.0, -49693.0)
(122, 9.048086166381836, -220055.0, -49693.0)
(123, 9.12075400352478, -220055.0, -49693.0)
(124, 9.194122552871704, -220055.0, -49693.0)
(125, 9.269771575927734, -220055.0, -49693.0)
(126, 9.347946166992188, -220055.0, -49693.0)
(127, 9.42464542388916, -220055.0, -49693.0)
(128, 9.507102966308594, -220055.0, -49693.0)
(129, 9.585745096206665, -220055.0, -49693.0)
(130, 9.667127847671509, -220055.0, -49693.0)
(131, 9.741674423217773, -220055.0, -49693.0)
(132, 9.821726322174072, -220055.0, -49693.0)
(133, 9.897869348526001, -220055.0, -49693.0)
(134, 9.978806257247925, -220055.0, -49693.0)
(135, 10.051828384399414, -220055.0, -49693.0)
(136, 10.129758834838867, -220055.0, -49693.0)
(137, 10.210273742675781, -220055.0, -49693.0)
(138, 10.290776491165161, -220055.0, -49693.0)
(139, 10.361671924591064, -220055.0, -49693.0)
(140, 10.438406229019165, -220055.0, -49693.0)
(141, 10.520658493041992, -220055.0, -49693.0)
(142, 10.597060441970825, -220055.0, -49693.0)
(143, 10.680936336517334, -220055.0, -49693.0)
(144, 10.770174503326416, -220055.0, -49693.0)
(145, 10.862482070922852, -220055.0, -49693.0)
(146, 10.951075553894043, -220055.0, -49693.0)
(147, 11.033127546310425, -220055.0, -49693.0)
(148, 11.118523597717285, -220055.0, -49693.0)
(149, 11.198424100875854, -220055.0, -49693.0)
(150, 11.276225090026855, -220055.0, -49693.0)
(151, 11.361454486846924, -220055.0, -49693.0)
(152, 11.444841623306274, -220055.0, -49693.0)
(153, 11.521318912506104, -220055.0, -49693.0)
(154, 11.60223913192749, -220055.0, -49693.0)
(155, 11.682525157928467, -220055.0, -49693.0)
(156, 11.767464637756348, -220055.0, -49693.0)
(157, 11.851517915725708, -220055.0, -49693.0)
(158, 11.933807611465454, -220055.0, -49693.0)
(159, 12.017939329147339, -220055.0, -49693.0)
(160, 12.093634366989136, -220055.0, -49693.0)
(161, 12.169391632080078, -220055.0, -49693.0)
(162, 12.246882200241089, -220055.0, -49693.0)
(163, 12.325026035308838, -220055.0, -49693.0)
(164, 12.401023149490356, -220055.0, -49693.0)
(165, 12.47621774673462, -220055.0, -49693.0)
(166, 12.551138401031494, -220055.0, -49693.0)
(167, 12.629129648208618, -220055.0, -49693.0)
(168, 12.698613405227661, -220055.0, -49693.0)
(169, 12.778815984725952, -220055.0, -49693.0)
(170, 12.848517179489136, -220055.0, -49693.0)
(171, 12.922568321228027, -220055.0, -49693.0)
(172, 12.991479873657227, -220055.0, -49693.0)
(173, 13.062906503677368, -220055.0, -49693.0)
(174, 13.144375801086426, -220055.0, -49693.0)
(175, 13.2162926197052, -220055.0, -49693.0)
(176, 13.294352769851685, -220055.0, -49693.0)
(177, 13.364701747894287, -220055.0, -49693.0)
(178, 13.43946361541748, -220055.0, -49693.0)
(179, 13.518615007400513, -220055.0, -49693.0)
(180, 13.59286618232727, -220055.0, -49693.0)
(181, 13.663201332092285, -220055.0, -49693.0)
(182, 13.7469801902771, -220055.0, -49693.0)
(183, 13.829787492752075, -220055.0, -49693.0)
(184, 13.90828824043274, -220055.0, -49693.0)
(185, 13.983583688735962, -220055.0, -49693.0)
(186, 14.05654764175415, -220055.0, -49693.0)
(187, 14.136012554168701, -220055.0, -49693.0)
(188, 14.21265959739685, -220055.0, -49693.0)
(189, 14.284980535507202, -220055.0, -49693.0)
(190, 14.355991125106812, -220055.0, -49693.0)
(191, 14.426295518875122, -220055.0, -49693.0)
(192, 14.49267840385437, -220055.0, -49693.0)
(193, 14.558817863464355, -220055.0, -49693.0)
(194, 14.629142761230469, -220055.0, -49693.0)
(195, 14.699647188186646, -220055.0, -49693.0)
(196, 14.80343508720398, -220055.0, -49693.0)
(197, 14.911247253417969, -220055.0, -49693.0)
(198, 14.9912748336792, -220055.0, -49693.0)
(199, 15.088491678237915, -220055.0, -49693.0)
(200, 15.173133611679077, -220055.0, -49693.0)
(201, 15.245101690292358, -220055.0, -49693.0)
(202, 15.320000648498535, -220055.0, -49693.0)
(203, 15.40977931022644, -220055.0, -49693.0)
(204, 15.489234447479248, -220055.0, -49693.0)
(205, 15.57526707649231, -220055.0, -49693.0)
(206, 15.657730102539062, -220055.0, -49693.0)
(207, 15.736533880233765, -220055.0, -49693.0)
(208, 15.815087795257568, -220055.0, -49693.0)
(209, 15.891703128814697, -220055.0, -49693.0)
(210, 15.97568392753601, -220055.0, -49693.0)
(211, 16.058022499084473, -220055.0, -49693.0)
(212, 16.151546716690063, -220055.0, -49693.0)
(213, 16.23394513130188, -220055.0, -49693.0)
(214, 16.313702821731567, -220055.0, -49693.0)
(215, 16.399637937545776, -220055.0, -49693.0)
(216, 16.48581099510193, -220055.0, -49693.0)
(217, 16.570276737213135, -220055.0, -49693.0)
(218, 16.65475630760193, -220055.0, -49693.0)
(219, 16.73204016685486, -220055.0, -49693.0)
(220, 16.813947439193726, -220055.0, -49693.0)
(221, 16.904263496398926, -220055.0, -49693.0)
(222, 16.996809005737305, -220055.0, -49693.0)
(223, 17.094010591506958, -220055.0, -49693.0)
(224, 17.188050270080566, -220055.0, -49693.0)
(225, 17.282952547073364, -220055.0, -49693.0)
(226, 17.37980055809021, -220055.0, -49693.0)
(227, 17.474994897842407, -220055.0, -49693.0)
(228, 17.572466611862183, -220055.0, -49693.0)
(229, 17.668668031692505, -220055.0, -49693.0)
(230, 17.75481104850769, -220055.0, -49693.0)
(231, 17.855053901672363, -220055.0, -49693.0)
(232, 17.951959371566772, -220055.0, -49693.0)
(233, 18.046190977096558, -220055.0, -49693.0)
(234, 18.155012607574463, -220055.0, -49693.0)
(235, 18.249586820602417, -220055.0, -49693.0)
(236, 18.333641529083252, -220055.0, -49693.0)
(237, 18.43414807319641, -220055.0, -49693.0)
(238, 18.538109064102173, -220055.0, -49693.0)
(239, 18.6324462890625, -220055.0, -49693.0)
(240, 18.728772163391113, -220055.0, -49693.0)
(241, 18.82123851776123, -220055.0, -49693.0)
(242, 18.914814710617065, -220055.0, -49693.0)
(243, 19.002819538116455, -220055.0, -49693.0)
(244, 19.09138035774231, -220055.0, -49693.0)
(245, 19.183245420455933, -220055.0, -49693.0)
(246, 19.276777267456055, -220055.0, -49693.0)
(247, 19.363178491592407, -220055.0, -49693.0)
(248, 19.454806327819824, -220055.0, -49693.0)
(249, 19.544079065322876, -220055.0, -49693.0)
(250, 19.635554552078247, -220055.0, -49693.0)
(251, 19.73398995399475, -220055.0, -49693.0)
(252, 19.82750701904297, -220055.0, -49693.0)
(253, 19.916204929351807, -220055.0, -49693.0)
(254, 20.01024866104126, -220055.0, -49693.0)
(255, 20.105209827423096, -220055.0, -49693.0)
(256, 20.198121070861816, -220055.0, -49693.0)
(257, 20.293789863586426, -220055.0, -49693.0)
(258, 20.386043787002563, -220055.0, -49693.0)
(259, 20.485347747802734, -220055.0, -49693.0)
(260, 20.5798499584198, -220055.0, -49693.0)
(261, 20.682366609573364, -220055.0, -49693.0)
(262, 20.77857780456543, -220055.0, -49693.0)
(263, 20.87835717201233, -220055.0, -49693.0)
(264, 20.97997522354126, -220055.0, -49693.0)
(265, 21.082075834274292, -220055.0, -49693.0)
(266, 21.182833671569824, -220055.0, -49693.0)
(267, 21.282349109649658, -220055.0, -49693.0)
(268, 21.385831356048584, -220055.0, -49693.0)
(269, 21.48866868019104, -220055.0, -49693.0)
(270, 21.590723991394043, -220055.0, -49693.0)
(271, 21.685729265213013, -220055.0, -49693.0)
(272, 21.79027795791626, -220055.0, -49693.0)
(273, 21.884342432022095, -220055.0, -49693.0)
(274, 21.978023529052734, -220055.0, -49693.0)
(275, 22.070074319839478, -220055.0, -49693.0)
(276, 22.156134366989136, -220055.0, -49693.0)
(277, 22.252793312072754, -220055.0, -49693.0)
(278, 22.346120357513428, -220055.0, -49693.0)
(279, 22.43986201286316, -220055.0, -49693.0)
(280, 22.54134702682495, -220055.0, -49693.0)
(281, 22.6374351978302, -220055.0, -49693.0)
(282, 22.729594469070435, -220055.0, -49693.0)
(283, 22.829520225524902, -220055.0, -49693.0)
(284, 22.931817293167114, -220055.0, -49693.0)
(285, 23.03193974494934, -220055.0, -49693.0)
(286, 23.127671241760254, -220055.0, -49693.0)
(287, 23.221420526504517, -220055.0, -49693.0)
(288, 23.314533472061157, -220055.0, -49693.0)
(289, 23.4117374420166, -220055.0, -49693.0)
(290, 23.5119948387146, -220055.0, -49693.0)
(291, 23.61105728149414, -220055.0, -49693.0)
(292, 23.706865072250366, -220055.0, -49693.0)
(293, 23.794692993164062, -220055.0, -49693.0)
(294, 23.896204948425293, -220055.0, -49693.0)
(295, 23.992467164993286, -220055.0, -49693.0)
(296, 24.09045124053955, -220055.0, -49693.0)
(297, 24.195014476776123, -220055.0, -49693.0)
(298, 24.301950454711914, -220055.0, -49693.0)
(299, 24.411234617233276, -220055.0, -49693.0)
(300, 24.507997035980225, -220055.0, -49693.0)
(301, 24.613914966583252, -220055.0, -49693.0)
(302, 24.709268808364868, -220055.0, -49693.0)
(303, 24.81498074531555, -220055.0, -49693.0)
(304, 24.921658039093018, -220055.0, -49693.0)
(305, 25.010088682174683, -220055.0, -49693.0)
(306, 25.103562593460083, -220055.0, -49693.0)
(307, 25.199188232421875, -220055.0, -49693.0)
(308, 25.308741807937622, -220055.0, -49693.0)
(309, 25.40778112411499, -220055.0, -49693.0)
(310, 25.503272771835327, -220055.0, -49693.0)
(311, 25.613380908966064, -220055.0, -49693.0)
(312, 25.70755362510681, -220055.0, -49693.0)
(313, 25.822235345840454, -220055.0, -49693.0)
(314, 25.92842936515808, -220055.0, -49693.0)
(315, 26.035521507263184, -220055.0, -49693.0)
(316, 26.132468223571777, -220055.0, -49693.0)
(317, 26.242391109466553, -220055.0, -49693.0)
(318, 26.34782910346985, -220055.0, -49693.0)
(319, 26.451685428619385, -220055.0, -49693.0)
(320, 26.562110424041748, -220055.0, -49693.0)
(321, 26.66568922996521, -220055.0, -49693.0)
(322, 26.771772861480713, -220055.0, -49693.0)
(323, 26.873828411102295, -220055.0, -49693.0)
(324, 26.9842631816864, -220055.0, -49693.0)
(325, 27.08799648284912, -220055.0, -49693.0)
(326, 27.19072127342224, -220055.0, -49693.0)
(327, 27.286355018615723, -220055.0, -49693.0)
(328, 27.39208197593689, -220055.0, -49693.0)
(329, 27.501842498779297, -220055.0, -49693.0)
(330, 27.593446731567383, -220055.0, -49693.0)
(331, 27.691816568374634, -220055.0, -49693.0)
(332, 27.78828740119934, -220055.0, -49693.0)
(333, 27.894099950790405, -220055.0, -49693.0)
(334, 27.988581895828247, -220055.0, -49693.0)
(335, 28.10522699356079, -220055.0, -49693.0)
(336, 28.213512897491455, -220055.0, -49693.0)
(337, 28.313406944274902, -220055.0, -49693.0)
(338, 28.410136938095093, -220055.0, -49693.0)
(339, 28.519612550735474, -220055.0, -49693.0)
(340, 28.621912240982056, -220055.0, -49693.0)
(341, 28.73285937309265, -220055.0, -49693.0)
(342, 28.86980962753296, -217975.05228758173, -49693.0)
(343, 28.981569290161133, -217975.05228758173, -49693.0)
(344, 29.093300580978394, -217975.05228758173, -49693.0)
(345, 29.201905012130737, -217975.05228758173, -49693.0)
(346, 29.311826467514038, -217975.05228758173, -49693.0)
(347, 29.41459035873413, -217975.05228758173, -49693.0)
(348, 29.5060715675354, -217975.05228758173, -49693.0)
(349, 29.606556177139282, -217975.05228758173, -49693.0)
(350, 29.69122314453125, -217975.05228758173, -49693.0)
(351, 29.784266710281372, -217975.05228758173, -49693.0)
(352, 29.869487524032593, -217975.05228758173, -49693.0)
(353, 29.960179090499878, -217975.05228758173, -49693.0)
(354, 30.053117036819458, -217975.05228758173, -49693.0)
(355, 30.1440908908844, -217975.05228758173, -49693.0)
(356, 30.233852863311768, -217975.05228758173, -49693.0)
(357, 30.326156616210938, -217975.05228758173, -49693.0)
(358, 30.41321873664856, -217975.05228758173, -49693.0)
(359, 30.502623796463013, -217975.05228758173, -49693.0)
(360, 30.607357025146484, -217975.05228758173, -49693.0)
(361, 30.710312843322754, -217975.05228758173, -49693.0)
(362, 30.806159019470215, -217975.05228758173, -49693.0)
(363, 30.906198978424072, -217975.05228758173, -49693.0)
(364, 30.99834156036377, -217975.05228758173, -49693.0)
(365, 31.11375856399536, -217975.05228758173, -49693.0)
(366, 31.20987367630005, -217975.05228758173, -49693.0)
(367, 31.305014610290527, -217975.05228758173, -49693.0)
(368, 31.388510704040527, -217975.05228758173, -49693.0)
(369, 31.482171535491943, -217975.05228758173, -49693.0)
(370, 31.581042766571045, -217975.05228758173, -49693.0)
(371, 31.671968936920166, -217975.05228758173, -49693.0)
(372, 31.774150609970093, -217975.05228758173, -49693.0)
(373, 31.863629579544067, -217975.05228758173, -49693.0)
(374, 31.96169638633728, -217975.05228758173, -49693.0)
(375, 32.04761290550232, -217975.05228758173, -49693.0)
(376, 32.14417600631714, -217975.05228758173, -49693.0)
(377, 32.24113869667053, -217975.05228758173, -49693.0)
(378, 32.32982873916626, -217975.05228758173, -49693.0)
(379, 32.42559814453125, -217975.05228758173, -49693.0)
(380, 32.53506803512573, -217975.05228758173, -49693.0)
(381, 32.63331341743469, -217975.05228758173, -49693.0)
(382, 32.73322892189026, -217975.05228758173, -49693.0)
(383, 32.83470296859741, -217975.05228758173, -49693.0)
(384, 32.92664456367493, -217975.05228758173, -49693.0)
(385, 33.02537798881531, -217975.05228758173, -49693.0)
(386, 33.11815524101257, -217975.05228758173, -49693.0)
(387, 33.206425189971924, -217975.05228758173, -49693.0)
(388, 33.29291033744812, -217975.05228758173, -49693.0)
(389, 33.385908365249634, -217975.05228758173, -49693.0)
(390, 33.4820613861084, -217975.05228758173, -49693.0)
(391, 33.59360694885254, -217975.05228758173, -49693.0)
(392, 33.69747352600098, -217975.05228758173, -49693.0)
(393, 33.794766426086426, -217975.05228758173, -49693.0)
(394, 33.90384125709534, -217975.05228758173, -49693.0)
(395, 34.00816631317139, -217975.05228758173, -49693.0)
(396, 34.10718536376953, -217975.05228758173, -49693.0)
(397, 34.218056440353394, -217975.05228758173, -49693.0)
(398, 34.316744804382324, -217975.05228758173, -49693.0)
(399, 34.42498183250427, -217975.05228758173, -49693.0)
(400, 34.522727489471436, -217975.05228758173, -49693.0)
(401, 34.61967635154724, -217975.05228758173, -49693.0)
(402, 34.713119983673096, -217975.05228758173, -49693.0)
(403, 34.82218647003174, -217975.05228758173, -49693.0)
(404, 34.91455793380737, -217975.05228758173, -49693.0)
(405, 35.026301860809326, -217975.05228758173, -49693.0)
(406, 35.130032539367676, -217975.05228758173, -49693.0)
(407, 35.23937940597534, -217975.05228758173, -49693.0)
(408, 35.34324812889099, -217975.05228758173, -49693.0)
(409, 35.461079597473145, -217975.05228758173, -49693.0)
(410, 35.5632643699646, -217975.05228758173, -49693.0)
(411, 35.674203395843506, -217975.05228758173, -49693.0)
(412, 35.788278341293335, -217975.05228758173, -49693.0)
(413, 35.89794874191284, -217975.05228758173, -49693.0)
(414, 35.991865158081055, -217975.05228758173, -49693.0)
(415, 36.108792781829834, -217975.05228758173, -49693.0)
(416, 36.215900897979736, -217975.05228758173, -49693.0)
(417, 36.328924894332886, -217975.05228758173, -49693.0)
(418, 36.435670375823975, -217975.05228758173, -49693.0)
(419, 36.53848099708557, -217975.05228758173, -49693.0)
(420, 36.652318477630615, -217975.05228758173, -49693.0)
(421, 36.77368116378784, -217975.05228758173, -49693.0)
(422, 36.879860639572144, -217975.05228758173, -49693.0)
(423, 36.98908305168152, -217975.05228758173, -49693.0)
(424, 37.10370111465454, -217975.05228758173, -49693.0)
(425, 37.20505404472351, -217975.05228758173, -49693.0)
(426, 37.313825607299805, -217975.05228758173, -49693.0)
(427, 37.425365686416626, -217975.05228758173, -49693.0)
(428, 37.531269788742065, -217975.05228758173, -49693.0)
(429, 37.64948487281799, -217975.05228758173, -49693.0)
(430, 37.76721811294556, -217975.05228758173, -49693.0)
(431, 37.877596378326416, -217975.05228758173, -49693.0)
(432, 37.999194383621216, -217975.05228758173, -49693.0)
(433, 38.10692310333252, -217975.05228758173, -49693.0)
(434, 38.211904764175415, -217975.05228758173, -49693.0)
(435, 38.319990396499634, -217975.05228758173, -49693.0)
(436, 38.43755578994751, -217975.05228758173, -49693.0)
(437, 38.54824638366699, -217975.05228758173, -49693.0)
(438, 38.66275763511658, -217975.05228758173, -49693.0)
(439, 38.773969411849976, -217975.05228758173, -49693.0)
(440, 38.89098048210144, -217975.05228758173, -49693.0)
(441, 38.99811267852783, -217975.05228758173, -49693.0)
(442, 39.10749888420105, -217975.05228758173, -49693.0)
(443, 39.21306228637695, -217975.05228758173, -49693.0)
(444, 39.329854249954224, -217975.05228758173, -49693.0)
(445, 39.44101142883301, -217975.05228758173, -49693.0)
(446, 39.554617166519165, -217975.05228758173, -49693.0)
(447, 39.66816282272339, -217975.05228758173, -49693.0)
(448, 39.78113889694214, -217975.05228758173, -49693.0)
(449, 39.89134669303894, -217975.05228758173, -49693.0)
(450, 39.993874073028564, -217975.05228758173, -49693.0)
(451, 40.132394313812256, -217975.05228758173, -49693.0)
(452, 40.240782022476196, -217975.05228758173, -49693.0)
(453, 40.35992670059204, -217975.05228758173, -49693.0)
(454, 40.48592185974121, -217975.05228758173, -49693.0)
(455, 40.59711956977844, -217975.05228758173, -49693.0)
(456, 40.71769452095032, -217975.05228758173, -49693.0)
(457, 40.83094882965088, -217975.05228758173, -49693.0)
(458, 40.96044421195984, -217975.05228758173, -49693.0)
(459, 41.067338705062866, -217975.05228758173, -49693.0)
(460, 41.18797159194946, -217975.05228758173, -49693.0)
(461, 41.28780007362366, -217975.05228758173, -49693.0)
(462, 41.40814805030823, -217975.05228758173, -49693.0)
(463, 41.540794372558594, -217975.05228758173, -49693.0)
(464, 41.662320375442505, -217975.05228758173, -49693.0)
(465, 41.77975392341614, -217975.05228758173, -49693.0)
(466, 41.88793897628784, -217975.05228758173, -49693.0)
(467, 41.989428997039795, -217975.05228758173, -49693.0)
(468, 42.102044105529785, -217975.05228758173, -49693.0)
(469, 42.21078443527222, -217975.05228758173, -49693.0)
(470, 42.315402030944824, -217975.05228758173, -49693.0)
(471, 42.41868019104004, -217975.05228758173, -49693.0)
(472, 42.522422790527344, -217975.05228758173, -49693.0)
(473, 42.61706233024597, -217975.05228758173, -49693.0)
(474, 42.72712254524231, -217975.05228758173, -49693.0)
(475, 42.83786487579346, -217975.05228758173, -49693.0)
(476, 42.946448802948, -217975.05228758173, -49693.0)
(477, 43.03568243980408, -217975.05228758173, -49693.0)
(478, 43.142268657684326, -217975.05228758173, -49693.0)
(479, 43.240994453430176, -217975.05228758173, -49693.0)
(480, 43.34274744987488, -217975.05228758173, -49693.0)
(481, 43.45532774925232, -217975.05228758173, -49693.0)
(482, 43.57256531715393, -217975.05228758173, -49693.0)
(483, 43.684287309646606, -217975.05228758173, -49693.0)
(484, 43.79961562156677, -217975.05228758173, -49693.0)
(485, 43.91733646392822, -217975.05228758173, -49693.0)
(486, 44.028157234191895, -217975.05228758173, -49693.0)
(487, 44.12642574310303, -217975.05228758173, -49693.0)
(488, 44.23368811607361, -217975.05228758173, -49693.0)
(489, 44.3437294960022, -217975.05228758173, -49693.0)
(490, 44.45134353637695, -217975.05228758173, -49693.0)
(491, 44.566728353500366, -217975.05228758173, -49693.0)
(492, 44.682175636291504, -217975.05228758173, -49693.0)
(493, 44.79173278808594, -217975.05228758173, -49693.0)
(494, 44.909157276153564, -217975.05228758173, -49693.0)
(495, 45.029022216796875, -217975.05228758173, -49693.0)
(496, 45.14364171028137, -217975.05228758173, -49693.0)
(497, 45.243093967437744, -217975.05228758173, -49693.0)
(498, 45.35262703895569, -217975.05228758173, -49693.0)
(499, 45.46601700782776, -217975.05228758173, -49693.0)
(500, 45.572184324264526, -217975.05228758173, -49693.0)
(501, 45.68112874031067, -217975.05228758173, -49693.0)
(502, 45.79070258140564, -217975.05228758173, -49693.0)
(503, 45.89742922782898, -217975.05228758173, -49693.0)
(504, 46.0094838142395, -217975.05228758173, -49693.0)
(505, 46.129616260528564, -217975.05228758173, -49693.0)
(506, 46.23734974861145, -217975.05228758173, -49693.0)
(507, 46.35235142707825, -217975.05228758173, -49693.0)
(508, 46.46453666687012, -217975.05228758173, -49693.0)
(509, 46.5677969455719, -217975.05228758173, -49693.0)
(510, 46.68677735328674, -217975.05228758173, -49693.0)
(511, 46.81281852722168, -217975.05228758173, -49693.0)
(512, 46.96599888801575, -217975.05228758173, -49693.0)
(513, 47.09561562538147, -217975.05228758173, -49693.0)
(514, 47.20112895965576, -217975.05228758173, -49693.0)
(515, 47.31954002380371, -217975.05228758173, -49693.0)
(516, 47.436209201812744, -217975.05228758173, -49693.0)
(517, 47.560059785842896, -217975.05228758173, -49693.0)
(518, 47.68200182914734, -217975.05228758173, -49693.0)
(519, 47.78907632827759, -217975.05228758173, -49693.0)
(520, 47.91255164146423, -217975.05228758173, -49693.0)
(521, 48.041258096694946, -217975.05228758173, -49693.0)
(522, 48.173518896102905, -217975.05228758173, -49693.0)
(523, 48.294586420059204, -217975.05228758173, -49693.0)
(524, 48.39755606651306, -217975.05228758173, -49693.0)
(525, 48.539708614349365, -217975.05228758173, -49693.0)
(526, 48.668877840042114, -217975.05228758173, -49693.0)
(527, 48.7931067943573, -217975.05228758173, -49693.0)
(528, 48.92610764503479, -217975.05228758173, -49693.0)
(529, 49.044859886169434, -217975.05228758173, -49693.0)
(530, 49.15665316581726, -217975.05228758173, -49693.0)
(531, 49.287651777267456, -217975.05228758173, -49693.0)
(532, 49.44686675071716, -217975.05228758173, -49693.0)
(533, 49.58114171028137, -217975.05228758173, -49693.0)
(534, 49.70716452598572, -217975.05228758173, -49693.0)
(535, 49.84754967689514, -217975.05228758173, -49693.0)
(536, 49.9673969745636, -217975.05228758173, -49693.0)
(537, 50.09345841407776, -217975.05228758173, -49693.0)
(538, 50.223795652389526, -217975.05228758173, -49693.0)
(539, 50.33630561828613, -217975.05228758173, -49693.0)
(540, 50.443849086761475, -217975.05228758173, -49693.0)
(541, 50.55571746826172, -217975.05228758173, -49693.0)
(542, 50.686856746673584, -217975.05228758173, -49693.0)
(543, 50.82444357872009, -217975.05228758173, -49693.0)
(544, 50.93860936164856, -217975.05228758173, -49693.0)
(545, 51.054723024368286, -217975.05228758173, -49693.0)
(546, 51.17764735221863, -217975.05228758173, -49693.0)
(547, 51.31370759010315, -217975.05228758173, -49693.0)
(548, 51.437530279159546, -217975.05228758173, -49693.0)
(549, 51.56714177131653, -217975.05228758173, -49693.0)
(550, 51.704960346221924, -217975.05228758173, -49693.0)
(551, 51.82268047332764, -217975.05228758173, -49693.0)
(552, 51.95590114593506, -217975.05228758173, -49693.0)
(553, 52.079593658447266, -217975.05228758173, -49693.0)
(554, 52.25889730453491, -217975.05228758173, -49693.0)
(555, 52.40387773513794, -217975.05228758173, -49693.0)
(556, 52.54603695869446, -217975.05228758173, -49693.0)
(557, 52.66632413864136, -217975.05228758173, -49693.0)
(558, 52.799691677093506, -217975.05228758173, -49693.0)
(559, 52.918272972106934, -217975.05228758173, -49693.0)
(560, 53.03956413269043, -217975.05228758173, -49693.0)
(561, 53.16902160644531, -217975.05228758173, -49693.0)
(562, 53.291263818740845, -217975.05228758173, -49693.0)
(563, 53.40641236305237, -217975.05228758173, -49693.0)
(564, 53.51207685470581, -217975.05228758173, -49693.0)
(565, 53.624971866607666, -217975.05228758173, -49693.0)
(566, 53.73862051963806, -217975.05228758173, -49693.0)
(567, 53.85903239250183, -217975.05228758173, -49693.0)
(568, 53.97288179397583, -217975.05228758173, -49693.0)
(569, 54.08732509613037, -217975.05228758173, -49693.0)
(570, 54.197200775146484, -217975.05228758173, -49693.0)
(571, 54.32003593444824, -217975.05228758173, -49693.0)
(572, 54.440979957580566, -217975.05228758173, -49693.0)
(573, 54.55119347572327, -217975.05228758173, -49693.0)
(574, 54.67117142677307, -217975.05228758173, -49693.0)
(575, 54.79458141326904, -217975.05228758173, -49693.0)
(576, 54.90510034561157, -217975.05228758173, -49693.0)
(577, 55.02668786048889, -217975.05228758173, -49693.0)
(578, 55.15058517456055, -217975.05228758173, -49693.0)
(579, 55.2813618183136, -217975.05228758173, -49693.0)
(580, 55.41767930984497, -217975.05228758173, -49693.0)
(581, 55.55104351043701, -217975.05228758173, -49693.0)
(582, 55.68761610984802, -217975.05228758173, -49693.0)
(583, 55.814152002334595, -217975.05228758173, -49693.0)
(584, 55.952089071273804, -217975.05228758173, -49693.0)
(585, 56.0817346572876, -217975.05228758173, -49693.0)
(586, 56.208197832107544, -217975.05228758173, -49693.0)
(587, 56.33778619766235, -217975.05228758173, -49693.0)
(588, 56.47988152503967, -217975.05228758173, -49693.0)
(589, 56.62705159187317, -217975.05228758173, -49693.0)
(590, 56.76449012756348, -217975.05228758173, -49693.0)
(591, 56.90568733215332, -217975.05228758173, -49693.0)
(592, 57.046892404556274, -217975.05228758173, -49693.0)
(593, 57.17243194580078, -217975.05228758173, -49693.0)
(594, 57.30651831626892, -217975.05228758173, -49693.0)
(595, 57.4462456703186, -217975.05228758173, -49693.0)
(596, 57.57849335670471, -217975.05228758173, -49693.0)
(597, 57.736578702926636, -217975.05228758173, -49693.0)
(598, 57.88943123817444, -217975.05228758173, -49693.0)
(599, 58.04484176635742, -217975.05228758173, -49693.0)
(600, 58.182554483413696, -217975.05228758173, -49693.0)
(601, 58.31789708137512, -217975.05228758173, -49693.0)
(602, 58.44565486907959, -217975.05228758173, -49693.0)
(603, 58.60007309913635, -217975.05228758173, -49693.0)
(604, 58.73871898651123, -217975.05228758173, -49693.0)
(605, 58.87415099143982, -217975.05228758173, -49693.0)
(606, 59.01332068443298, -217975.05228758173, -49693.0)
(607, 59.1645884513855, -217975.05228758173, -49693.0)
(608, 59.2962851524353, -217975.05228758173, -49693.0)
(609, 59.43612194061279, -217975.05228758173, -49693.0)
(610, 59.572545289993286, -217975.05228758173, -49693.0)
(611, 59.719162940979004, -217975.05228758173, -49693.0)
(612, 59.84797549247742, -217975.05228758173, -49693.0)
(613, 59.97159004211426, -217975.05228758173, -49693.0)
(614, 60.11900210380554, -217975.05228758173, -49693.0)
(615, 60.271507263183594, -217975.05228758173, -49693.0)
(616, 60.43045210838318, -217975.05228758173, -49693.0)
(617, 60.57211422920227, -217975.05228758173, -49693.0)
(618, 60.711015462875366, -217975.05228758173, -49693.0)
(619, 60.84996747970581, -217975.05228758173, -49693.0)
(620, 60.95181632041931, -217975.05228758173, -49693.0)
(621, 61.069883584976196, -217975.05228758173, -49693.0)
(622, 61.198386669158936, -217975.05228758173, -49693.0)
(623, 61.316490173339844, -217975.05228758173, -49693.0)
(624, 61.445831537246704, -217975.05228758173, -49693.0)
(625, 61.55467915534973, -217975.05228758173, -49693.0)
(626, 61.659178733825684, -217975.05228758173, -49693.0)
(627, 61.781927824020386, -217975.05228758173, -49693.0)
(628, 61.90166139602661, -217975.05228758173, -49693.0)
(629, 62.01633310317993, -217975.05228758173, -49693.0)
(630, 62.129006147384644, -217975.05228758173, -49693.0)
(631, 62.27357745170593, -217975.05228758173, -49693.0)
(632, 62.40451216697693, -217975.05228758173, -49693.0)
(633, 62.536046504974365, -217975.05228758173, -49693.0)
(634, 62.67372679710388, -217975.05228758173, -49693.0)
(635, 62.80561423301697, -217975.05228758173, -49693.0)
(636, 62.93120622634888, -217975.05228758173, -49693.0)
(637, 63.04970979690552, -217975.05228758173, -49693.0)
(638, 63.170737981796265, -217975.05228758173, -49693.0)
(639, 63.299046993255615, -217975.05228758173, -49693.0)
(640, 63.43426990509033, -217975.05228758173, -49693.0)
(641, 63.56844091415405, -217975.05228758173, -49693.0)
(642, 63.70709204673767, -217975.05228758173, -49693.0)
(643, 63.838685512542725, -217975.05228758173, -49693.0)
(644, 63.97120499610901, -217975.05228758173, -49693.0)
(645, 64.11585903167725, -217975.05228758173, -49693.0)
(646, 64.28680777549744, -217975.05228758173, -49693.0)
(647, 64.44234776496887, -217975.05228758173, -49693.0)
(648, 64.59061360359192, -217975.05228758173, -49693.0)
(649, 64.74380850791931, -217975.05228758173, -49693.0)
(650, 64.88799142837524, -217975.05228758173, -49693.0)
(651, 65.02094507217407, -217975.05228758173, -49693.0)
(652, 65.13774013519287, -217975.05228758173, -49693.0)
(653, 65.24869084358215, -217975.05228758173, -49693.0)
(654, 65.35939002037048, -217975.05228758173, -49693.0)
(655, 65.4766948223114, -217975.05228758173, -49693.0)
(656, 65.57072734832764, -217975.05228758173, -49693.0)
(657, 65.67715954780579, -217975.05228758173, -49693.0)
(658, 65.78688526153564, -217975.05228758173, -49693.0)
(659, 65.90248131752014, -217975.05228758173, -49693.0)
(660, 66.01537919044495, -217975.05228758173, -49693.0)
(661, 66.12706232070923, -217975.05228758173, -49693.0)
(662, 66.25596761703491, -217975.05228758173, -49693.0)
(663, 66.38438487052917, -217975.05228758173, -49693.0)
(664, 66.49792623519897, -217975.05228758173, -49693.0)
(665, 66.62582659721375, -217975.05228758173, -49693.0)
(666, 66.75967526435852, -217975.05228758173, -49693.0)
(667, 66.8955545425415, -217975.05228758173, -49693.0)
(668, 67.02545022964478, -217975.05228758173, -49693.0)
(669, 67.14367532730103, -217975.05228758173, -49693.0)
(670, 67.2593629360199, -217975.05228758173, -49693.0)
(671, 67.37321972846985, -217975.05228758173, -49693.0)
(672, 67.49142789840698, -217975.05228758173, -49693.0)
(673, 67.60643529891968, -217975.05228758173, -49693.0)
(674, 67.72507667541504, -217975.05228758173, -49693.0)
(675, 67.86273622512817, -217975.05228758173, -49693.0)
(676, 67.98985457420349, -217975.05228758173, -49693.0)
(677, 68.11294221878052, -217975.05228758173, -49693.0)
(678, 68.22378849983215, -217975.05228758173, -49693.0)
(679, 68.3559639453888, -217975.05228758173, -49693.0)
(680, 68.47951078414917, -217975.05228758173, -49693.0)
(681, 68.62269902229309, -217975.05228758173, -49693.0)
(682, 68.76609301567078, -217975.05228758173, -49693.0)
(683, 68.91084313392639, -217975.05228758173, -49693.0)
(684, 69.05278539657593, -217975.05228758173, -49693.0)
(685, 69.19072818756104, -217975.05228758173, -49693.0)
(686, 69.32505965232849, -217975.05228758173, -49693.0)
(687, 69.4425413608551, -217975.05228758173, -49693.0)
(688, 69.5764524936676, -217975.05228758173, -49693.0)
(689, 69.71703290939331, -217975.05228758173, -49693.0)
(690, 69.84391331672668, -217975.05228758173, -49693.0)
(691, 69.977224111557, -217975.05228758173, -49693.0)
(692, 70.10875415802002, -217975.05228758173, -49693.0)
(693, 70.24383568763733, -217975.05228758173, -49693.0)
(694, 70.37370276451111, -217975.05228758173, -49693.0)
(695, 70.51243448257446, -217975.05228758173, -49693.0)
(696, 70.67191123962402, -217975.05228758173, -49693.0)
(697, 70.81668019294739, -217975.05228758173, -49693.0)
(698, 70.95671796798706, -217975.05228758173, -49693.0)
(699, 71.11549472808838, -217975.05228758173, -49693.0)
(700, 71.26209449768066, -217975.05228758173, -49693.0)
(701, 71.42381143569946, -217975.05228758173, -49693.0)
(702, 71.5764787197113, -217975.05228758173, -49693.0)
(703, 71.73183083534241, -217975.05228758173, -49693.0)
(704, 71.8779354095459, -217975.05228758173, -49693.0)
(705, 72.02634930610657, -217975.05228758173, -49693.0)
(706, 72.17226195335388, -217975.05228758173, -49693.0)
(707, 72.31042289733887, -217975.05228758173, -49693.0)
(708, 72.42921328544617, -217975.05228758173, -49693.0)
(709, 72.53462076187134, -217975.05228758173, -49693.0)
(710, 72.6499490737915, -217975.05228758173, -49693.0)
(711, 72.78835439682007, -217975.05228758173, -49693.0)
(712, 72.92420983314514, -217975.05228758173, -49693.0)
(713, 73.05526304244995, -217975.05228758173, -49693.0)
(714, 73.17314124107361, -217975.05228758173, -49693.0)
(715, 73.28995180130005, -217975.05228758173, -49693.0)
(716, 73.40488409996033, -217975.05228758173, -49693.0)
(717, 73.54084014892578, -217975.05228758173, -49693.0)
(718, 73.65998077392578, -217975.05228758173, -49693.0)
(719, 73.78191471099854, -217975.05228758173, -49693.0)
(720, 73.90871787071228, -217975.05228758173, -49693.0)
(721, 74.03054618835449, -217975.05228758173, -49693.0)
(722, 74.13980174064636, -217975.05228758173, -49693.0)
(723, 74.29894304275513, -217975.05228758173, -49693.0)
(724, 74.43716287612915, -217975.05228758173, -49693.0)
(725, 74.54635381698608, -217975.05228758173, -49693.0)
(726, 74.66397738456726, -217975.05228758173, -49693.0)
(727, 74.79404783248901, -217975.05228758173, -49693.0)
(728, 74.91346454620361, -217975.05228758173, -49693.0)
(729, 75.03786039352417, -217975.05228758173, -49693.0)
(730, 75.15800881385803, -217975.05228758173, -49693.0)
(731, 75.29763913154602, -217975.05228758173, -49693.0)
(732, 75.44338798522949, -217975.05228758173, -49693.0)
(733, 75.57887434959412, -217975.05228758173, -49693.0)
(734, 75.72189521789551, -217975.05228758173, -49693.0)
(735, 75.87785482406616, -217975.05228758173, -49693.0)
(736, 76.01377081871033, -217975.05228758173, -49693.0)
(737, 76.16065096855164, -217975.05228758173, -49693.0)
(738, 76.31072211265564, -217975.05228758173, -49693.0)
(739, 76.45669078826904, -217975.05228758173, -49693.0)
(740, 76.58566379547119, -217975.05228758173, -49693.0)
(741, 76.72309875488281, -217975.05228758173, -49693.0)
(742, 76.84945011138916, -217975.05228758173, -49693.0)
(743, 76.98119854927063, -217975.05228758173, -49693.0)
(744, 77.10102200508118, -217975.05228758173, -49693.0)
(745, 77.23274517059326, -217975.05228758173, -49693.0)
(746, 77.35432362556458, -217975.05228758173, -49693.0)
(747, 77.49123287200928, -217975.05228758173, -49693.0)
(748, 77.61858868598938, -217975.05228758173, -49693.0)
(749, 77.76588916778564, -217975.05228758173, -49693.0)
(750, 77.90786218643188, -217975.05228758173, -49693.0)
(751, 78.04986143112183, -217975.05228758173, -49693.0)
(752, 78.16367959976196, -217975.05228758173, -49693.0)
(753, 78.30592179298401, -217975.05228758173, -49693.0)
(754, 78.46837902069092, -217975.05228758173, -49693.0)
(755, 78.63670301437378, -217975.05228758173, -49693.0)
(756, 78.80995726585388, -217975.05228758173, -49693.0)
(757, 78.96584582328796, -217975.05228758173, -49693.0)
(758, 79.12497663497925, -217975.05228758173, -49693.0)
(759, 79.27501845359802, -217975.05228758173, -49693.0)
(760, 79.43799614906311, -217975.05228758173, -49693.0)
(761, 79.58284139633179, -217975.05228758173, -49693.0)
(762, 79.73152828216553, -217975.05228758173, -49693.0)
(763, 79.89473986625671, -217975.05228758173, -49693.0)
(764, 80.05367517471313, -217975.05228758173, -49693.0)
(765, 80.19618535041809, -217975.05228758173, -49693.0)
(766, 80.34313654899597, -217975.05228758173, -49693.0)
(767, 80.53092169761658, -217975.05228758173, -49693.0)
(768, 80.67030191421509, -217975.05228758173, -49693.0)
(769, 80.82151341438293, -217975.05228758173, -49693.0)
(770, 80.9514889717102, -217975.05228758173, -49693.0)
(771, 81.06604862213135, -217975.05228758173, -49693.0)
(772, 81.19291186332703, -217975.05228758173, -49693.0)
(773, 81.32215332984924, -217975.05228758173, -49693.0)
(774, 81.46659874916077, -217975.05228758173, -49693.0)
(775, 81.62213110923767, -217975.05228758173, -49693.0)
(776, 81.76379919052124, -217975.05228758173, -49693.0)
(777, 81.90528678894043, -217975.05228758173, -49693.0)
(778, 82.02730917930603, -217975.05228758173, -49693.0)
(779, 82.15795254707336, -217975.05228758173, -49693.0)
(780, 82.29038429260254, -217975.05228758173, -49693.0)
(781, 82.41626715660095, -217975.05228758173, -49693.0)
(782, 82.56133818626404, -217975.05228758173, -49693.0)
(783, 82.71641850471497, -217975.05228758173, -49693.0)
(784, 82.87137293815613, -217975.05228758173, -49693.0)
(785, 83.03130912780762, -217975.05228758173, -49693.0)
(786, 83.17629671096802, -217975.05228758173, -49693.0)
(787, 83.31933236122131, -217975.05228758173, -49693.0)
(788, 83.464679479599, -217975.05228758173, -49693.0)
(789, 83.62102007865906, -217975.05228758173, -49693.0)
(790, 83.77879500389099, -217975.05228758173, -49693.0)
(791, 83.94164180755615, -217975.05228758173, -49693.0)
(792, 84.09189414978027, -217975.05228758173, -49693.0)
(793, 84.24407148361206, -217975.05228758173, -49693.0)
(794, 84.39456152915955, -217975.05228758173, -49693.0)
(795, 84.52360582351685, -217975.05228758173, -49693.0)
(796, 84.64026427268982, -217975.05228758173, -49693.0)
(797, 84.75972414016724, -217975.05228758173, -49693.0)
(798, 84.88788223266602, -217975.05228758173, -49693.0)
(799, 85.02570080757141, -217975.05228758173, -49693.0)
(800, 85.17005181312561, -217975.05228758173, -49693.0)
(801, 85.29245638847351, -217975.05228758173, -49693.0)
(802, 85.4253671169281, -217975.05228758173, -49693.0)
(803, 85.56444311141968, -217975.05228758173, -49693.0)
(804, 85.70467352867126, -217975.05228758173, -49693.0)
(805, 85.85150527954102, -217975.05228758173, -49693.0)
(806, 86.0087947845459, -217975.05228758173, -49693.0)
(807, 86.15019512176514, -217975.05228758173, -49693.0)
(808, 86.29995107650757, -217975.05228758173, -49693.0)
(809, 86.4518563747406, -217975.05228758173, -49693.0)
(810, 86.6339123249054, -217975.05228758173, -49693.0)
(811, 86.79778003692627, -217975.05228758173, -49693.0)
(812, 86.97175025939941, -217975.05228758173, -49693.0)
(813, 87.1193573474884, -217975.05228758173, -49693.0)
(814, 87.28896808624268, -217975.05228758173, -49693.0)
(815, 87.43824100494385, -217975.05228758173, -49693.0)
(816, 87.60380172729492, -217975.05228758173, -49693.0)
(817, 87.7746810913086, -217975.05228758173, -49693.0)
(818, 87.95194292068481, -217975.05228758173, -49693.0)
(819, 88.14299726486206, -217975.05228758173, -49693.0)
(820, 88.29730319976807, -217975.05228758173, -49693.0)
(821, 88.45627760887146, -217975.05228758173, -49693.0)
(822, 88.60918998718262, -217975.05228758173, -49693.0)
(823, 88.74033379554749, -217975.05228758173, -49693.0)
(824, 88.88539910316467, -217975.05228758173, -49693.0)
(825, 89.00447702407837, -217975.05228758173, -49693.0)
(826, 89.13127136230469, -217975.05228758173, -49693.0)
(827, 89.26367282867432, -217975.05228758173, -49693.0)
(828, 89.38583278656006, -217975.05228758173, -49693.0)
(829, 89.51564764976501, -217975.05228758173, -49693.0)
(830, 89.6345944404602, -217975.05228758173, -49693.0)
(831, 89.76251029968262, -217975.05228758173, -49693.0)
(832, 89.90879583358765, -217975.05228758173, -49693.0)
(833, 90.0651216506958, -217975.05228758173, -49693.0)
(834, 90.22867393493652, -217975.05228758173, -49693.0)
(835, 90.34854292869568, -217975.05228758173, -49693.0)
(836, 90.50133633613586, -217975.05228758173, -49693.0)
(837, 90.65834355354309, -217975.05228758173, -49693.0)
(838, 90.82721900939941, -217975.05228758173, -49693.0)
(839, 91.00137710571289, -217975.05228758173, -49693.0)
(840, 91.15736198425293, -217975.05228758173, -49693.0)
(841, 91.3160228729248, -217975.05228758173, -49693.0)
(842, 91.47035765647888, -217975.05228758173, -49693.0)
(843, 91.63243269920349, -217975.05228758173, -49693.0)
(844, 91.78189969062805, -217975.05228758173, -49693.0)
(845, 91.93718647956848, -217975.05228758173, -49693.0)
(846, 92.1146764755249, -217975.05228758173, -49693.0)
(847, 92.26807618141174, -217975.05228758173, -49693.0)
(848, 92.4306104183197, -217975.05228758173, -49693.0)
(849, 92.60861349105835, -217975.05228758173, -49693.0)
(850, 92.75889587402344, -217975.05228758173, -49693.0)
(851, 92.87932991981506, -217975.05228758173, -49693.0)
(852, 93.03529381752014, -217975.05228758173, -49693.0)
(853, 93.18954968452454, -217975.05228758173, -49693.0)
(854, 93.31856107711792, -217975.05228758173, -49693.0)
(855, 93.45396685600281, -217975.05228758173, -49693.0)
(856, 93.60480093955994, -217975.05228758173, -49693.0)
(857, 93.75445675849915, -217975.05228758173, -49693.0)
(858, 93.91682052612305, -217975.05228758173, -49693.0)
(859, 94.08504009246826, -217975.05228758173, -49693.0)
(860, 94.23909568786621, -217975.05228758173, -49693.0)
(861, 94.40472054481506, -217975.05228758173, -49693.0)
(862, 94.567551612854, -217975.05228758173, -49693.0)
(863, 94.72884726524353, -217975.05228758173, -49693.0)
(864, 94.90370535850525, -217975.05228758173, -49693.0)
(865, 95.07028841972351, -217975.05228758173, -49693.0)
(866, 95.26187086105347, -217975.05228758173, -49693.0)
(867, 95.45080518722534, -217975.05228758173, -49693.0)
(868, 95.621258020401, -217975.05228758173, -49693.0)
(869, 95.79062938690186, -217975.05228758173, -49693.0)
(870, 95.95433330535889, -217975.05228758173, -49693.0)
(871, 96.12430381774902, -217975.05228758173, -49693.0)
(872, 96.30420327186584, -217975.05228758173, -49693.0)
(873, 96.48905277252197, -217975.05228758173, -49693.0)
(874, 96.66039395332336, -217975.05228758173, -49693.0)
(875, 96.83398199081421, -217975.05228758173, -49693.0)
(876, 96.99582481384277, -217975.05228758173, -49693.0)
(877, 97.16303634643555, -217975.05228758173, -49693.0)
(878, 97.36634373664856, -217975.05228758173, -49693.0)
(879, 97.55463933944702, -217975.05228758173, -49693.0)
(880, 97.67911100387573, -217975.05228758173, -49693.0)
(881, 97.80930304527283, -217975.05228758173, -49693.0)
(882, 97.93671584129333, -217975.05228758173, -49693.0)
(883, 98.06614065170288, -217975.05228758173, -49693.0)
(884, 98.17555594444275, -217975.05228758173, -49693.0)
(885, 98.29379749298096, -217975.05228758173, -49693.0)
(886, 98.42124581336975, -217975.05228758173, -49693.0)
(887, 98.54051232337952, -217975.05228758173, -49693.0)
(888, 98.67151641845703, -217975.05228758173, -49693.0)
(889, 98.80128121376038, -217975.05228758173, -49693.0)
(890, 98.92889928817749, -217975.05228758173, -49693.0)
(891, 99.0573832988739, -217975.05228758173, -49693.0)
(892, 99.18918776512146, -217975.05228758173, -49693.0)
(893, 99.3171615600586, -217975.05228758173, -49693.0)
(894, 99.43478989601135, -217975.05228758173, -49693.0)
(895, 99.55942916870117, -217975.05228758173, -49693.0)
(896, 99.67144131660461, -217975.05228758173, -49693.0)
(897, 99.80389451980591, -217975.05228758173, -49693.0)
(898, 99.91942834854126, -217975.05228758173, -49693.0)
(899, 100.03533124923706, -217975.05228758173, -49693.0)
(900, 100.15951728820801, -217975.05228758173, -49693.0)
(901, 100.2922728061676, -217975.05228758173, -49693.0)
(902, 100.41034436225891, -217975.05228758173, -49693.0)
(903, 100.53795051574707, -217975.05228758173, -49693.0)
(904, 100.65024781227112, -217975.05228758173, -49693.0)
(905, 100.77745032310486, -217975.05228758173, -49693.0)
(906, 100.91777658462524, -217975.05228758173, -49693.0)
(907, 101.0456190109253, -217975.05228758173, -49693.0)
(908, 101.18518614768982, -217975.05228758173, -49693.0)
(909, 101.3077449798584, -217975.05228758173, -49693.0)
(910, 101.43928909301758, -217975.05228758173, -49693.0)
(911, 101.5683901309967, -217975.05228758173, -49693.0)
(912, 101.6884412765503, -217975.05228758173, -49693.0)
(913, 101.82365107536316, -217975.05228758173, -49693.0)
(914, 101.95555400848389, -217975.05228758173, -49693.0)
(915, 102.08808612823486, -217975.05228758173, -49693.0)
(916, 102.22449994087219, -217975.05228758173, -49693.0)
(917, 102.33442687988281, -217975.05228758173, -49693.0)
(918, 102.47841310501099, -217975.05228758173, -49693.0)
(919, 102.62333393096924, -217975.05228758173, -49693.0)
(920, 102.78465223312378, -217975.05228758173, -49693.0)
(921, 102.9330267906189, -217975.05228758173, -49693.0)
(922, 103.08817267417908, -217975.05228758173, -49693.0)
(923, 103.23076796531677, -217975.05228758173, -49693.0)
(924, 103.39407634735107, -217975.05228758173, -49693.0)
(925, 103.54257893562317, -217975.05228758173, -49693.0)
(926, 103.69867491722107, -217975.05228758173, -49693.0)
(927, 103.82898926734924, -217975.05228758173, -49693.0)
(928, 103.98130822181702, -217975.05228758173, -49693.0)
(929, 104.14318013191223, -217975.05228758173, -49693.0)
(930, 104.27179670333862, -217975.05228758173, -49693.0)
(931, 104.40189361572266, -217975.05228758173, -49693.0)
(932, 104.53142976760864, -217975.05228758173, -49693.0)
(933, 104.67181372642517, -217975.05228758173, -49693.0)
(934, 104.83466696739197, -217975.05228758173, -49693.0)
(935, 104.97234773635864, -217975.05228758173, -49693.0)
(936, 105.1184868812561, -217975.05228758173, -49693.0)
(937, 105.24976563453674, -217975.05228758173, -49693.0)
(938, 105.38187026977539, -217975.05228758173, -49693.0)
(939, 105.55339980125427, -217975.05228758173, -49693.0)
(940, 105.71664261817932, -217975.05228758173, -49693.0)
(941, 105.87659740447998, -217975.05228758173, -49693.0)
(942, 106.05132174491882, -217975.05228758173, -49693.0)
(943, 106.19599866867065, -217975.05228758173, -49693.0)
(944, 106.36656308174133, -217975.05228758173, -49693.0)
(945, 106.51764106750488, -217975.05228758173, -49693.0)
(946, 106.69786643981934, -217975.05228758173, -49693.0)
(947, 106.8769907951355, -217975.05228758173, -49693.0)
(948, 107.04702830314636, -217975.05228758173, -49693.0)
(949, 107.2085633277893, -217975.05228758173, -49693.0)
(950, 107.3868944644928, -217975.05228758173, -49693.0)
(951, 107.56832909584045, -217975.05228758173, -49693.0)
(952, 107.74450302124023, -217975.05228758173, -49693.0)
(953, 107.90519618988037, -217975.05228758173, -49693.0)
(954, 108.0596854686737, -217975.05228758173, -49693.0)
(955, 108.21956896781921, -217975.05228758173, -49693.0)
(956, 108.35597348213196, -217975.05228758173, -49693.0)
(957, 108.53157472610474, -217975.05228758173, -49693.0)
(958, 108.69144320487976, -217975.05228758173, -49693.0)
(959, 108.87261199951172, -217975.05228758173, -49693.0)
(960, 109.0390477180481, -217975.05228758173, -49693.0)
(961, 109.24431777000427, -217975.05228758173, -49693.0)
(962, 109.40507960319519, -217975.05228758173, -49693.0)
(963, 109.58277201652527, -217975.05228758173, -49693.0)
(964, 109.76829671859741, -217975.05228758173, -49693.0)
(965, 109.95674061775208, -217975.05228758173, -49693.0)
(966, 110.1445415019989, -217975.05228758173, -49693.0)
(967, 110.32512283325195, -217975.05228758173, -49693.0)
(968, 110.5779402256012, -217975.05228758173, -49693.0)
(969, 110.80251622200012, -217975.05228758173, -49693.0)
(970, 110.98044347763062, -217975.05228758173, -49693.0)
(971, 111.12330794334412, -217975.05228758173, -49693.0)
(972, 111.3222324848175, -217975.05228758173, -49693.0)
(973, 111.48726391792297, -217975.05228758173, -49693.0)
(974, 111.680734872818, -217975.05228758173, -49693.0)
(975, 111.83046627044678, -217975.05228758173, -49693.0)
(976, 111.96896553039551, -217975.05228758173, -49693.0)
(977, 112.12953042984009, -217975.05228758173, -49693.0)
(978, 112.31856679916382, -217975.05228758173, -49693.0)
(979, 112.47886228561401, -217975.05228758173, -49693.0)
(980, 112.647216796875, -217975.05228758173, -49693.0)
(981, 112.80484461784363, -217975.05228758173, -49693.0)
(982, 112.97748684883118, -217975.05228758173, -49693.0)
(983, 113.11767029762268, -217975.05228758173, -49693.0)
(984, 113.28193926811218, -217975.05228758173, -49693.0)
(985, 113.46226620674133, -217975.05228758173, -49693.0)
(986, 113.63777303695679, -217975.05228758173, -49693.0)
(987, 113.83700919151306, -217975.05228758173, -49693.0)
(988, 114.03562474250793, -217975.05228758173, -49693.0)
(989, 114.22309851646423, -217975.05228758173, -49693.0)
(990, 114.39624881744385, -217975.05228758173, -49693.0)
(991, 114.61697483062744, -217975.05228758173, -49693.0)
(992, 114.80290150642395, -217975.05228758173, -49693.0)
(993, 114.99917531013489, -217975.05228758173, -49693.0)
(994, 115.20753073692322, -217975.05228758173, -49693.0)
(995, 115.39499831199646, -217975.05228758173, -49693.0)
(996, 115.60016322135925, -217975.05228758173, -49693.0)
(997, 115.79954314231873, -217975.05228758173, -49693.0)
(998, 116.01626873016357, -217975.05228758173, -49693.0)
(999, 116.18886160850525, -217975.05228758173, -49693.0)
(1000, 116.35276412963867, -217975.05228758173, -49693.0)
