(1, 0.05679011344909668, -365063.0, -40936.0)
(2, 0.10903048515319824, -365063.0, -40936.0)
(3, 0.16239714622497559, -365063.0, -40936.0)
(4, 0.2159886360168457, -365063.0, -40936.0)
(5, 0.2692842483520508, -365063.0, -40936.0)
(6, 0.32233691215515137, -365063.0, -40936.0)
(7, 0.37683701515197754, -365063.0, -40936.0)
(8, 0.42822909355163574, -365063.0, -40936.0)
(9, 0.4804682731628418, -365063.0, -40936.0)
(10, 0.5335209369659424, -365063.0, -40936.0)
(11, 0.5856761932373047, -365063.0, -40936.0)
(12, 0.6386692523956299, -365063.0, -40936.0)
(13, 0.6917800903320312, -365063.0, -40936.0)
(14, 0.7455649375915527, -365063.0, -40936.0)
(15, 0.7991468906402588, -365063.0, -40936.0)
(16, 0.8522984981536865, -365063.0, -40936.0)
(17, 0.9064972400665283, -365063.0, -40936.0)
(18, 0.9589235782623291, -365063.0, -40936.0)
(19, 1.0119783878326416, -365063.0, -40936.0)
(20, 1.06477952003479, -365063.0, -40936.0)
(21, 1.1193532943725586, -365063.0, -40936.0)
(22, 1.1731443405151367, -365063.0, -40936.0)
(23, 1.2271208763122559, -365063.0, -40936.0)
(24, 1.281672477722168, -365063.0, -40936.0)
(25, 1.3353538513183594, -365063.0, -40936.0)
(26, 1.3889777660369873, -365063.0, -40936.0)
(27, 1.4430437088012695, -365063.0, -40936.0)
(28, 1.4973697662353516, -365063.0, -40936.0)
(29, 1.551072359085083, -365063.0, -40936.0)
(30, 1.6045112609863281, -365063.0, -40936.0)
(31, 1.6581950187683105, -365063.0, -40936.0)
(32, 1.710862636566162, -365063.0, -40936.0)
(33, 1.7653045654296875, -365063.0, -40936.0)
(34, 1.8201138973236084, -365063.0, -40936.0)
(35, 1.8749241828918457, -365063.0, -40936.0)
(36, 1.9281582832336426, -365063.0, -40936.0)
(37, 1.982196569442749, -365063.0, -40936.0)
(38, 2.035919666290283, -365063.0, -40936.0)
(39, 2.0887699127197266, -365063.0, -40936.0)
(40, 2.1408066749572754, -365063.0, -40936.0)
(41, 2.1957223415374756, -365063.0, -40936.0)
(42, 2.2514894008636475, -365063.0, -40936.0)
(43, 2.3052656650543213, -365063.0, -40936.0)
(44, 2.3600268363952637, -365063.0, -40936.0)
(45, 2.414498805999756, -365063.0, -40936.0)
(46, 2.4687132835388184, -365063.0, -40936.0)
(47, 2.52345871925354, -365063.0, -40936.0)
(48, 2.57784366607666, -365063.0, -40936.0)
(49, 2.632312774658203, -365063.0, -40936.0)
(50, 2.6870532035827637, -365063.0, -40936.0)
(51, 2.7411253452301025, -365063.0, -40936.0)
(52, 2.7948672771453857, -365063.0, -40936.0)
(53, 2.8502771854400635, -365063.0, -40936.0)
(54, 2.9054758548736572, -365063.0, -40936.0)
(55, 2.9591214656829834, -365063.0, -40936.0)
(56, 3.0131983757019043, -365063.0, -40936.0)
(57, 3.067089557647705, -365063.0, -40936.0)
(58, 3.120466470718384, -365063.0, -40936.0)
(59, 3.172447443008423, -365063.0, -40936.0)
(60, 3.2159783840179443, -365063.0, -40936.0)
(61, 3.267200469970703, -365063.0, -40936.0)
(62, 3.3177268505096436, -365063.0, -40936.0)
(63, 3.3676676750183105, -365063.0, -40936.0)
(64, 3.4171199798583984, -365063.0, -40936.0)
(65, 3.46761417388916, -365063.0, -40936.0)
(66, 3.519148826599121, -365063.0, -40936.0)
(67, 3.5683534145355225, -365063.0, -40936.0)
(68, 3.617664337158203, -365063.0, -40936.0)
(69, 3.6669397354125977, -365063.0, -40936.0)
(70, 3.7153127193450928, -365063.0, -40936.0)
(71, 3.7640817165374756, -365063.0, -40936.0)
(72, 3.811378240585327, -365063.0, -40936.0)
(73, 3.860081195831299, -365063.0, -40936.0)
(74, 3.908396005630493, -365063.0, -40936.0)
(75, 3.960859775543213, -351812.0833333333, -40936.0)
(76, 4.01150107383728, -351812.0833333333, -40936.0)
(77, 4.064452409744263, -351812.0833333333, -40936.0)
(78, 4.117987155914307, -351812.0833333333, -40936.0)
(79, 4.169959545135498, -351812.0833333333, -40936.0)
(80, 4.224210500717163, -351812.0833333333, -40936.0)
(81, 4.277190923690796, -351812.0833333333, -40936.0)
(82, 4.329516887664795, -351812.0833333333, -40936.0)
(83, 4.383908987045288, -351812.0833333333, -40936.0)
(84, 4.436020135879517, -351812.0833333333, -40936.0)
(85, 4.491041421890259, -351812.0833333333, -40936.0)
(86, 4.543290376663208, -351812.0833333333, -40936.0)
(87, 4.602216482162476, -345412.58647674904, -40936.0)
(88, 4.655991077423096, -345412.58647674904, -40936.0)
(89, 4.716722726821899, -345412.58647674904, -40936.0)
(90, 4.77881383895874, -345412.58647674904, -40936.0)
(91, 4.837456464767456, -345412.58647674904, -40936.0)
(92, 4.9009411334991455, -345412.58647674904, -40936.0)
(93, 4.959182024002075, -345412.58647674904, -40936.0)
(94, 5.01844596862793, -345412.58647674904, -40936.0)
(95, 5.0731894969940186, -345412.58647674904, -40936.0)
(96, 5.129427909851074, -345412.58647674904, -40936.0)
(97, 5.187959671020508, -345412.58647674904, -40936.0)
(98, 5.243438482284546, -345412.58647674904, -40936.0)
(99, 5.306860685348511, -345412.58647674904, -40936.0)
(100, 5.363638877868652, -345412.58647674904, -40936.0)
(101, 5.419055938720703, -345412.58647674904, -40936.0)
(102, 5.475060701370239, -345412.58647674904, -40936.0)
(103, 5.530820846557617, -345412.58647674904, -40936.0)
(104, 5.595143795013428, -345412.58647674904, -40936.0)
(105, 5.650751352310181, -345412.58647674904, -40936.0)
(106, 5.710785150527954, -345412.58647674904, -40936.0)
(107, 5.765272855758667, -345412.58647674904, -40936.0)
(108, 5.83212423324585, -345412.58647674904, -40936.0)
(109, 5.8958587646484375, -345412.58647674904, -40936.0)
(110, 5.958877086639404, -345412.58647674904, -40936.0)
(111, 6.021892547607422, -345412.58647674904, -40936.0)
(112, 6.081984043121338, -345412.58647674904, -40936.0)
(113, 6.138979434967041, -345412.58647674904, -40936.0)
(114, 6.206433296203613, -345412.58647674904, -40936.0)
(115, 6.266197204589844, -345412.58647674904, -40936.0)
(116, 6.32608699798584, -345412.58647674904, -40936.0)
(117, 6.384544372558594, -345412.58647674904, -40936.0)
(118, 6.448822498321533, -345412.58647674904, -40936.0)
(119, 6.534887075424194, -345412.58647674904, -40936.0)
(120, 6.590249538421631, -345412.58647674904, -40936.0)
(121, 6.652594327926636, -345412.58647674904, -40936.0)
(122, 6.715718984603882, -345412.58647674904, -40936.0)
(123, 6.776547431945801, -345412.58647674904, -40936.0)
(124, 6.834737777709961, -345412.58647674904, -40936.0)
(125, 6.919424772262573, -345412.58647674904, -40936.0)
(126, 6.978754281997681, -345412.58647674904, -40936.0)
(127, 7.048267364501953, -345412.58647674904, -40936.0)
(128, 7.107860803604126, -345412.58647674904, -40936.0)
(129, 7.168453693389893, -345412.58647674904, -40936.0)
(130, 7.236560106277466, -345412.58647674904, -40936.0)
(131, 7.318293809890747, -345412.58647674904, -40936.0)
(132, 7.378069877624512, -345412.58647674904, -40936.0)
(133, 7.450540781021118, -345412.58647674904, -40936.0)
(134, 7.519052267074585, -345412.58647674904, -40936.0)
(135, 7.5831639766693115, -345412.58647674904, -40936.0)
(136, 7.644040584564209, -345412.58647674904, -40936.0)
(137, 7.7051002979278564, -345412.58647674904, -40936.0)
(138, 7.779013395309448, -345412.58647674904, -40936.0)
(139, 7.841977119445801, -345412.58647674904, -40936.0)
(140, 7.903241157531738, -345412.58647674904, -40936.0)
(141, 7.958820581436157, -345412.58647674904, -40936.0)
(142, 8.014108896255493, -345412.58647674904, -40936.0)
(143, 8.076519966125488, -345412.58647674904, -40936.0)
(144, 8.130234479904175, -345412.58647674904, -40936.0)
(145, 8.194589138031006, -345412.58647674904, -40936.0)
(146, 8.25284719467163, -345412.58647674904, -40936.0)
(147, 8.314878225326538, -345412.58647674904, -40936.0)
(148, 8.38917851448059, -345412.58647674904, -40936.0)
(149, 8.461385726928711, -345412.58647674904, -40936.0)
(150, 8.53842806816101, -345412.58647674904, -40936.0)
(151, 8.63278341293335, -345412.58647674904, -40936.0)
(152, 8.706096172332764, -345412.58647674904, -40936.0)
(153, 8.798871517181396, -345412.58647674904, -40936.0)
(154, 8.858526945114136, -345412.58647674904, -40936.0)
(155, 8.922057867050171, -345412.58647674904, -40936.0)
(156, 8.977925539016724, -345412.58647674904, -40936.0)
(157, 9.033618450164795, -345412.58647674904, -40936.0)
(158, 9.0871741771698, -345412.58647674904, -40936.0)
(159, 9.146445989608765, -345412.58647674904, -40936.0)
(160, 9.198546409606934, -345412.58647674904, -40936.0)
(161, 9.25022006034851, -345412.58647674904, -40936.0)
(162, 9.304895877838135, -345412.58647674904, -40936.0)
(163, 9.361914873123169, -345412.58647674904, -40936.0)
(164, 9.412340879440308, -345412.58647674904, -40936.0)
(165, 9.469502687454224, -345412.58647674904, -40936.0)
(166, 9.523353338241577, -345412.58647674904, -40936.0)
(167, 9.582027196884155, -345412.58647674904, -40936.0)
(168, 9.64267349243164, -345412.58647674904, -40936.0)
(169, 9.702929258346558, -345412.58647674904, -40936.0)
(170, 9.764589548110962, -345412.58647674904, -40936.0)
(171, 9.809484481811523, -345412.58647674904, -40936.0)
(172, 9.852404356002808, -345412.58647674904, -40936.0)
(173, 9.907666444778442, -345412.58647674904, -40936.0)
(174, 9.95448613166809, -345412.58647674904, -40936.0)
(175, 9.997154712677002, -345412.58647674904, -40936.0)
(176, 10.041695356369019, -345412.58647674904, -40936.0)
(177, 10.084882974624634, -345412.58647674904, -40936.0)
(178, 10.135134935379028, -345412.58647674904, -40936.0)
(179, 10.178165912628174, -345412.58647674904, -40936.0)
(180, 10.235296249389648, -345412.58647674904, -40936.0)
(181, 10.278685092926025, -345412.58647674904, -40936.0)
(182, 10.333367586135864, -345412.58647674904, -40936.0)
(183, 10.38595199584961, -345412.58647674904, -40936.0)
(184, 10.43476390838623, -345412.58647674904, -40936.0)
(185, 10.482956171035767, -345412.58647674904, -40936.0)
(186, 10.528150796890259, -345412.58647674904, -40936.0)
(187, 10.584538459777832, -345412.58647674904, -40936.0)
(188, 10.637866020202637, -345412.58647674904, -40936.0)
(189, 10.688035011291504, -345412.58647674904, -40936.0)
(190, 10.760688781738281, -345412.58647674904, -40936.0)
(191, 10.828160047531128, -345412.58647674904, -40936.0)
(192, 10.877185821533203, -345412.58647674904, -40936.0)
(193, 10.934805393218994, -345412.58647674904, -40936.0)
(194, 10.989139556884766, -345412.58647674904, -40936.0)
(195, 11.048972368240356, -345412.58647674904, -40936.0)
(196, 11.123379707336426, -345412.58647674904, -40936.0)
(197, 11.179651737213135, -345412.58647674904, -40936.0)
(198, 11.22709059715271, -345412.58647674904, -40936.0)
(199, 11.275997400283813, -345412.58647674904, -40936.0)
(200, 11.323837280273438, -345412.58647674904, -40936.0)
(201, 11.375772714614868, -345412.58647674904, -40936.0)
(202, 11.426106214523315, -345412.58647674904, -40936.0)
(203, 11.474641799926758, -345412.58647674904, -40936.0)
(204, 11.530219554901123, -345412.58647674904, -40936.0)
(205, 11.581106901168823, -345412.58647674904, -40936.0)
(206, 11.64137601852417, -345412.58647674904, -40936.0)
(207, 11.69202971458435, -345412.58647674904, -40936.0)
(208, 11.749462842941284, -345412.58647674904, -40936.0)
(209, 11.805226802825928, -345412.58647674904, -40936.0)
(210, 11.861227750778198, -345412.58647674904, -40936.0)
(211, 11.911213397979736, -345412.58647674904, -40936.0)
(212, 11.956264019012451, -345412.58647674904, -40936.0)
(213, 12.006216764450073, -345412.58647674904, -40936.0)
(214, 12.072866916656494, -345412.58647674904, -40936.0)
(215, 12.1255202293396, -345412.58647674904, -40936.0)
(216, 12.184429407119751, -345412.58647674904, -40936.0)
(217, 12.23950719833374, -345412.58647674904, -40936.0)
(218, 12.293384313583374, -345412.58647674904, -40936.0)
(219, 12.354754209518433, -345412.58647674904, -40936.0)
(220, 12.431112051010132, -323531.68244949495, -40936.0)
(221, 12.501442909240723, -323531.68244949495, -40936.0)
(222, 12.560115098953247, -323531.68244949495, -40936.0)
(223, 12.616434574127197, -323531.68244949495, -40936.0)
(224, 12.668910503387451, -323531.68244949495, -40936.0)
(225, 12.722121477127075, -323531.68244949495, -40936.0)
(226, 12.780757904052734, -323531.68244949495, -40936.0)
(227, 12.872172117233276, -323531.68244949495, -40936.0)
(228, 12.95306134223938, -323531.68244949495, -40936.0)
(229, 13.036779880523682, -323531.68244949495, -40936.0)
(230, 13.125289678573608, -323531.68244949495, -40936.0)
(231, 13.223905324935913, -323531.68244949495, -40936.0)
(232, 13.310834884643555, -323531.68244949495, -40936.0)
(233, 13.400197267532349, -323531.68244949495, -40936.0)
(234, 13.492677450180054, -323531.68244949495, -40936.0)
(235, 13.603851556777954, -323531.68244949495, -40936.0)
(236, 13.689600467681885, -323531.68244949495, -40936.0)
(237, 13.775030136108398, -323531.68244949495, -40936.0)
(238, 13.852185487747192, -323531.68244949495, -40936.0)
(239, 13.925239324569702, -323531.68244949495, -40936.0)
(240, 13.999126434326172, -323531.68244949495, -40936.0)
(241, 14.06376051902771, -323531.68244949495, -40936.0)
(242, 14.140082597732544, -323531.68244949495, -40936.0)
(243, 14.207735300064087, -323531.68244949495, -40936.0)
(244, 14.279336929321289, -323531.68244949495, -40936.0)
(245, 14.34709095954895, -323531.68244949495, -40936.0)
(246, 14.413845539093018, -323531.68244949495, -40936.0)
(247, 14.477527856826782, -323531.68244949495, -40936.0)
(248, 14.551683187484741, -323531.68244949495, -40936.0)
(249, 14.634700775146484, -323531.68244949495, -40936.0)
(250, 14.708165168762207, -323531.68244949495, -40936.0)
(251, 14.787149667739868, -323531.68244949495, -40936.0)
(252, 14.859640836715698, -323531.68244949495, -40936.0)
(253, 14.94202733039856, -323531.68244949495, -40936.0)
(254, 15.014845848083496, -323531.68244949495, -40936.0)
(255, 15.085383415222168, -323531.68244949495, -40936.0)
(256, 15.148850202560425, -323531.68244949495, -40936.0)
(257, 15.24637746810913, -323531.68244949495, -40936.0)
(258, 15.324553489685059, -323531.68244949495, -40936.0)
(259, 15.394436597824097, -323531.68244949495, -40936.0)
(260, 15.482771873474121, -323531.68244949495, -40936.0)
(261, 15.551524639129639, -323531.68244949495, -40936.0)
(262, 15.616987943649292, -323531.68244949495, -40936.0)
(263, 15.675051212310791, -323531.68244949495, -40936.0)
(264, 15.730224370956421, -323531.68244949495, -40936.0)
(265, 15.79432225227356, -323531.68244949495, -40936.0)
(266, 15.858628749847412, -323531.68244949495, -40936.0)
(267, 15.923446416854858, -323531.68244949495, -40936.0)
(268, 15.989862442016602, -323531.68244949495, -40936.0)
(269, 16.053199768066406, -323531.68244949495, -40936.0)
(270, 16.124780654907227, -323531.68244949495, -40936.0)
(271, 16.197672605514526, -323531.68244949495, -40936.0)
(272, 16.26825261116028, -323531.68244949495, -40936.0)
(273, 16.336745500564575, -323531.68244949495, -40936.0)
(274, 16.413235664367676, -323531.68244949495, -40936.0)
(275, 16.47797465324402, -323531.68244949495, -40936.0)
(276, 16.5557701587677, -323531.68244949495, -40936.0)
(277, 16.625375986099243, -323531.68244949495, -40936.0)
(278, 16.697235345840454, -323531.68244949495, -40936.0)
(279, 16.77286434173584, -323531.68244949495, -40936.0)
(280, 16.85290789604187, -323531.68244949495, -40936.0)
(281, 16.933499813079834, -323531.68244949495, -40936.0)
(282, 17.011752128601074, -323531.68244949495, -40936.0)
(283, 17.087661504745483, -323531.68244949495, -40936.0)
(284, 17.15983486175537, -323531.68244949495, -40936.0)
(285, 17.232844829559326, -323531.68244949495, -40936.0)
(286, 17.299182891845703, -323531.68244949495, -40936.0)
(287, 17.369078636169434, -323531.68244949495, -40936.0)
(288, 17.444105625152588, -323531.68244949495, -40936.0)
(289, 17.51992392539978, -323531.68244949495, -40936.0)
(290, 17.600115060806274, -323531.68244949495, -40936.0)
(291, 17.684808254241943, -323531.68244949495, -40936.0)
(292, 17.75565218925476, -323531.68244949495, -40936.0)
(293, 17.827059507369995, -323531.68244949495, -40936.0)
(294, 17.904749631881714, -323531.68244949495, -40936.0)
(295, 17.992416381835938, -323531.68244949495, -40936.0)
(296, 18.09234118461609, -323531.68244949495, -40936.0)
(297, 18.18418025970459, -323531.68244949495, -40936.0)
(298, 18.27965211868286, -323531.68244949495, -40936.0)
(299, 18.373890161514282, -323531.68244949495, -40936.0)
(300, 18.462764024734497, -323531.68244949495, -40936.0)
(301, 18.568531036376953, -323531.68244949495, -40936.0)
(302, 18.66557812690735, -323531.68244949495, -40936.0)
(303, 18.75737237930298, -323531.68244949495, -40936.0)
(304, 18.8441059589386, -323531.68244949495, -40936.0)
(305, 18.930590629577637, -323531.68244949495, -40936.0)
(306, 19.029616355895996, -323531.68244949495, -40936.0)
(307, 19.141963720321655, -323531.68244949495, -40936.0)
(308, 19.23008918762207, -323531.68244949495, -40936.0)
(309, 19.33113408088684, -323531.68244949495, -40936.0)
(310, 19.429253101348877, -323531.68244949495, -40936.0)
(311, 19.5292010307312, -323531.68244949495, -40936.0)
(312, 19.65897274017334, -323531.68244949495, -40936.0)
(313, 19.745937824249268, -323531.68244949495, -40936.0)
(314, 19.852333545684814, -323531.68244949495, -40936.0)
(315, 19.956838369369507, -323531.68244949495, -40936.0)
(316, 20.066789865493774, -323531.68244949495, -40936.0)
(317, 20.174768924713135, -323531.68244949495, -40936.0)
(318, 20.270167350769043, -323531.68244949495, -40936.0)
(319, 20.39000940322876, -323531.68244949495, -40936.0)
(320, 20.49663281440735, -323531.68244949495, -40936.0)
(321, 20.612124919891357, -323531.68244949495, -40936.0)
(322, 20.72095775604248, -323531.68244949495, -40936.0)
(323, 20.810221433639526, -323531.68244949495, -40936.0)
(324, 20.919294357299805, -323531.68244949495, -40936.0)
(325, 21.01728320121765, -323531.68244949495, -40936.0)
(326, 21.105872869491577, -323531.68244949495, -40936.0)
(327, 21.212403059005737, -323531.68244949495, -40936.0)
(328, 21.317505359649658, -323531.68244949495, -40936.0)
(329, 21.417451858520508, -323531.68244949495, -40936.0)
(330, 21.50179100036621, -323531.68244949495, -40936.0)
(331, 21.59161114692688, -323531.68244949495, -40936.0)
(332, 21.68778705596924, -323531.68244949495, -40936.0)
(333, 21.783034086227417, -323531.68244949495, -40936.0)
(334, 21.8755042552948, -323531.68244949495, -40936.0)
(335, 21.976449251174927, -323531.68244949495, -40936.0)
(336, 22.08226466178894, -323531.68244949495, -40936.0)
(337, 22.172419786453247, -323531.68244949495, -40936.0)
(338, 22.27962589263916, -323531.68244949495, -40936.0)
(339, 22.37385630607605, -323531.68244949495, -40936.0)
(340, 22.470901489257812, -323531.68244949495, -40936.0)
(341, 22.582400798797607, -323531.68244949495, -40936.0)
(342, 22.699172735214233, -323531.68244949495, -40936.0)
(343, 22.7942111492157, -323531.68244949495, -40936.0)
(344, 22.893980503082275, -323531.68244949495, -40936.0)
(345, 22.99336051940918, -323531.68244949495, -40936.0)
(346, 23.090420961380005, -323531.68244949495, -40936.0)
(347, 23.187870025634766, -323531.68244949495, -40936.0)
(348, 23.285009145736694, -323531.68244949495, -40936.0)
(349, 23.399089813232422, -323531.68244949495, -40936.0)
(350, 23.50263738632202, -323531.68244949495, -40936.0)
(351, 23.604496717453003, -323531.68244949495, -40936.0)
(352, 23.702211380004883, -323531.68244949495, -40936.0)
(353, 23.807873725891113, -323531.68244949495, -40936.0)
(354, 23.93693518638611, -323531.68244949495, -40936.0)
(355, 24.05032253265381, -323531.68244949495, -40936.0)
(356, 24.147342443466187, -323531.68244949495, -40936.0)
(357, 24.26839542388916, -323531.68244949495, -40936.0)
(358, 24.374468564987183, -323531.68244949495, -40936.0)
(359, 24.452957153320312, -323531.68244949495, -40936.0)
(360, 24.560390949249268, -323531.68244949495, -40936.0)
(361, 24.666109561920166, -323531.68244949495, -40936.0)
(362, 24.771355390548706, -323531.68244949495, -40936.0)
(363, 24.883661031723022, -323531.68244949495, -40936.0)
(364, 24.999538898468018, -323531.68244949495, -40936.0)
(365, 25.106739282608032, -323531.68244949495, -40936.0)
(366, 25.197989225387573, -323531.68244949495, -40936.0)
(367, 25.3153076171875, -323531.68244949495, -40936.0)
(368, 25.424357652664185, -323531.68244949495, -40936.0)
(369, 25.559697151184082, -323531.68244949495, -40936.0)
(370, 25.673891067504883, -323531.68244949495, -40936.0)
(371, 25.810566663742065, -323531.68244949495, -40936.0)
(372, 25.92719841003418, -323531.68244949495, -40936.0)
(373, 26.038742065429688, -323531.68244949495, -40936.0)
(374, 26.142542839050293, -323531.68244949495, -40936.0)
(375, 26.250823974609375, -323531.68244949495, -40936.0)
(376, 26.349229335784912, -323531.68244949495, -40936.0)
(377, 26.455543518066406, -323531.68244949495, -40936.0)
(378, 26.568604230880737, -323531.68244949495, -40936.0)
(379, 26.664212703704834, -323531.68244949495, -40936.0)
(380, 26.759716033935547, -323531.68244949495, -40936.0)
(381, 26.85818123817444, -323531.68244949495, -40936.0)
(382, 26.961294651031494, -323531.68244949495, -40936.0)
(383, 27.060153245925903, -323531.68244949495, -40936.0)
(384, 27.157052516937256, -323531.68244949495, -40936.0)
(385, 27.255163192749023, -323531.68244949495, -40936.0)
(386, 27.353616952896118, -323531.68244949495, -40936.0)
(387, 27.454581022262573, -323531.68244949495, -40936.0)
(388, 27.577486276626587, -323531.68244949495, -40936.0)
(389, 27.671668767929077, -323531.68244949495, -40936.0)
(390, 27.79949712753296, -323531.68244949495, -40936.0)
(391, 27.92820453643799, -323531.68244949495, -40936.0)
(392, 28.048633098602295, -323531.68244949495, -40936.0)
(393, 28.176778554916382, -323531.68244949495, -40936.0)
(394, 28.29264235496521, -323531.68244949495, -40936.0)
(395, 28.4398033618927, -323531.68244949495, -40936.0)
(396, 28.55934977531433, -323531.68244949495, -40936.0)
(397, 28.679277181625366, -323531.68244949495, -40936.0)
(398, 28.814890146255493, -323531.68244949495, -40936.0)
(399, 28.92668318748474, -323531.68244949495, -40936.0)
(400, 29.08583426475525, -323531.68244949495, -40936.0)
(401, 29.217052459716797, -323531.68244949495, -40936.0)
(402, 29.354405879974365, -323531.68244949495, -40936.0)
(403, 29.4372136592865, -323531.68244949495, -40936.0)
(404, 29.53347682952881, -323531.68244949495, -40936.0)
(405, 29.61929941177368, -323531.68244949495, -40936.0)
(406, 29.746519088745117, -323531.68244949495, -40936.0)
(407, 29.840688705444336, -323531.68244949495, -40936.0)
(408, 29.952314376831055, -323531.68244949495, -40936.0)
(409, 30.070449113845825, -323531.68244949495, -40936.0)
(410, 30.22307562828064, -323531.68244949495, -40936.0)
(411, 30.362443923950195, -323531.68244949495, -40936.0)
(412, 30.483787536621094, -323531.68244949495, -40936.0)
(413, 30.620203495025635, -323531.68244949495, -40936.0)
(414, 30.779765367507935, -323531.68244949495, -40936.0)
(415, 30.919195890426636, -323531.68244949495, -40936.0)
(416, 31.037012577056885, -323531.68244949495, -40936.0)
(417, 31.183433055877686, -323531.68244949495, -40936.0)
(418, 31.303964138031006, -323531.68244949495, -40936.0)
(419, 31.40938901901245, -323531.68244949495, -40936.0)
(420, 31.50584101676941, -323531.68244949495, -40936.0)
(421, 31.596876621246338, -323531.68244949495, -40936.0)
(422, 31.712765216827393, -323531.68244949495, -40936.0)
(423, 31.817127466201782, -323531.68244949495, -40936.0)
(424, 31.91685152053833, -323531.68244949495, -40936.0)
(425, 32.03588509559631, -323531.68244949495, -40936.0)
(426, 32.14572501182556, -323531.68244949495, -40936.0)
(427, 32.25525403022766, -323531.68244949495, -40936.0)
(428, 32.3739755153656, -323531.68244949495, -40936.0)
(429, 32.48495006561279, -323531.68244949495, -40936.0)
(430, 32.63319635391235, -323531.68244949495, -40936.0)
(431, 32.73734521865845, -323531.68244949495, -40936.0)
(432, 32.882368326187134, -323531.68244949495, -40936.0)
(433, 33.00569415092468, -323531.68244949495, -40936.0)
(434, 33.14145588874817, -323531.68244949495, -40936.0)
(435, 33.24643087387085, -323531.68244949495, -40936.0)
(436, 33.354108810424805, -323531.68244949495, -40936.0)
(437, 33.46427130699158, -323531.68244949495, -40936.0)
(438, 33.57707405090332, -323531.68244949495, -40936.0)
(439, 33.68194937705994, -323531.68244949495, -40936.0)
(440, 33.802592754364014, -323531.68244949495, -40936.0)
(441, 33.91600155830383, -323531.68244949495, -40936.0)
(442, 33.9996554851532, -323531.68244949495, -40936.0)
(443, 34.11591625213623, -323531.68244949495, -40936.0)
(444, 34.24074196815491, -323531.68244949495, -40936.0)
(445, 34.35527062416077, -323531.68244949495, -40936.0)
(446, 34.47935676574707, -323531.68244949495, -40936.0)
(447, 34.62160873413086, -323531.68244949495, -40936.0)
(448, 34.78015613555908, -323531.68244949495, -40936.0)
(449, 34.910072803497314, -323531.68244949495, -40936.0)
(450, 35.06042408943176, -323531.68244949495, -40936.0)
(451, 35.20073318481445, -323531.68244949495, -40936.0)
(452, 35.327213525772095, -323531.68244949495, -40936.0)
(453, 35.52531862258911, -323531.68244949495, -40936.0)
(454, 35.68784284591675, -323531.68244949495, -40936.0)
(455, 35.80655789375305, -323531.68244949495, -40936.0)
(456, 35.91927623748779, -323531.68244949495, -40936.0)
(457, 36.02799201011658, -323531.68244949495, -40936.0)
(458, 36.15053915977478, -323531.68244949495, -40936.0)
(459, 36.26319766044617, -323531.68244949495, -40936.0)
(460, 36.370320081710815, -323531.68244949495, -40936.0)
(461, 36.509169816970825, -323531.68244949495, -40936.0)
(462, 36.64485478401184, -323531.68244949495, -40936.0)
(463, 36.79607343673706, -323531.68244949495, -40936.0)
(464, 37.000269412994385, -264963.5608158421, -40936.0)
(465, 37.423401832580566, -264963.5608158421, -40936.0)
(466, 37.63709878921509, -264963.5608158421, -40936.0)
(467, 37.74380087852478, -264963.5608158421, -40936.0)
(468, 38.04783248901367, -264963.5608158421, -46825.500000000015)
(469, 38.19394779205322, -264963.5608158421, -50854.875)
(470, 38.39120292663574, -264963.5608158421, -56874.950682677685)
(471, 38.69520664215088, -95639.94134366326, -61000.11137689427)
(472, 39.01000738143921, -74287.33722681025, -61122.000333504475)
(473, 39.26615834236145, -73774.57134301533, -61151.549561660635)
(474, 39.521008014678955, -66548.49490286504, -61166.63605864511)
(475, 39.78450918197632, -61831.664218334496, -61190.94326443497)
(476, 39.997997522354126, -61465.22233730568, -61197.41967968988)
(477, 40.23076057434082, -61308.772567397944, -61200.16363902693)
(478, 40.36045861244202, -61283.475960084696, -61200.57447428501)
(479, 40.47546458244324, -61216.74831102817, -61201.45885488985)
(480, 40.55587649345398, -61201.50828729446, -61201.508287292854)
(481, 40.62208890914917, -61201.50828729446, -61201.5082872928)
