(1, 0.18395566940307617, -1378204.0, -69532.0)
(2, 0.36078929901123047, -1378204.0, -69532.0)
(3, 0.5411498546600342, -1378204.0, -69532.0)
(4, 0.7190632820129395, -1378204.0, -69532.0)
(5, 0.8965692520141602, -1378204.0, -69532.0)
(6, 1.0740580558776855, -1378204.0, -69532.0)
(7, 1.2515075206756592, -1378204.0, -69532.0)
(8, 1.4296784400939941, -1378204.0, -69532.0)
(9, 1.6087849140167236, -1378204.0, -69532.0)
(10, 1.7883222103118896, -1378204.0, -69532.0)
(11, 1.966137409210205, -1378204.0, -69532.0)
(12, 2.1452674865722656, -1378204.0, -69532.0)
(13, 2.324631690979004, -1378204.0, -69532.0)
(14, 2.503448963165283, -1378204.0, -69532.0)
(15, 2.6827566623687744, -1378204.0, -69532.0)
(16, 2.862191677093506, -1378204.0, -69532.0)
(17, 3.042419195175171, -1378204.0, -69532.0)
(18, 3.2226309776306152, -1378204.0, -69532.0)
(19, 3.4031567573547363, -1378204.0, -69532.0)
(20, 3.5820727348327637, -1378204.0, -69532.0)
(21, 3.7605772018432617, -1378204.0, -69532.0)
(22, 3.9375829696655273, -1378204.0, -69532.0)
(23, 4.120662450790405, -1378204.0, -69532.0)
(24, 4.300788402557373, -1378204.0, -69532.0)
(25, 4.485811233520508, -1378204.0, -69532.0)
(26, 4.667074680328369, -1378204.0, -69532.0)
(27, 4.849406003952026, -1378204.0, -69532.0)
(28, 5.030301332473755, -1378204.0, -69532.0)
(29, 5.209901809692383, -1378204.0, -69532.0)
(30, 5.391695261001587, -1378204.0, -69532.0)
(31, 5.572359561920166, -1378204.0, -69532.0)
(32, 5.75246000289917, -1378204.0, -69532.0)
(33, 5.958311557769775, -1378204.0, -69532.0)
(34, 6.150200128555298, -1378204.0, -69532.0)
(35, 6.337569952011108, -1378204.0, -69532.0)
(36, 6.529667615890503, -1378204.0, -69532.0)
(37, 6.716340065002441, -1378204.0, -69532.0)
(38, 6.902615547180176, -1378204.0, -69532.0)
(39, 7.089131593704224, -1378204.0, -69532.0)
(40, 7.277185678482056, -1378204.0, -69532.0)
(41, 7.4639527797698975, -1378204.0, -69532.0)
(42, 7.651280879974365, -1378204.0, -69532.0)
(43, 7.841855764389038, -1378204.0, -69532.0)
(44, 8.029982566833496, -1378204.0, -69532.0)
(45, 8.216814041137695, -1378204.0, -69532.0)
(46, 8.40412187576294, -1378204.0, -69532.0)
(47, 8.591639518737793, -1378204.0, -69532.0)
(48, 8.793507099151611, -1378204.0, -69532.0)
(49, 8.98467206954956, -1378204.0, -69532.0)
(50, 9.185412406921387, -1378204.0, -69532.0)
(51, 9.380639791488647, -1378204.0, -69532.0)
(52, 9.577481269836426, -1378204.0, -69532.0)
(53, 9.77389645576477, -1378204.0, -69532.0)
(54, 9.967329263687134, -1378204.0, -69532.0)
(55, 10.162527084350586, -1378204.0, -69532.0)
(56, 10.356664180755615, -1378204.0, -69532.0)
(57, 10.549736499786377, -1378204.0, -69532.0)
(58, 10.748318672180176, -1378204.0, -69532.0)
(59, 10.947495460510254, -1378204.0, -69532.0)
(60, 11.143577575683594, -1378204.0, -69532.0)
(61, 11.342557430267334, -1378204.0, -69532.0)
(62, 11.541739702224731, -1378204.0, -69532.0)
(63, 11.740947246551514, -1378204.0, -69532.0)
(64, 11.940316915512085, -1378204.0, -69532.0)
(65, 12.140218257904053, -1378204.0, -69532.0)
(66, 12.338656425476074, -1378204.0, -69532.0)
(67, 12.537410020828247, -1378204.0, -69532.0)
(68, 12.738045930862427, -1378204.0, -69532.0)
(69, 12.941298246383667, -1378204.0, -69532.0)
(70, 13.142112493515015, -1378204.0, -69532.0)
(71, 13.344956398010254, -1378204.0, -69532.0)
(72, 13.547093391418457, -1378204.0, -69532.0)
(73, 13.750022411346436, -1378204.0, -69532.0)
(74, 13.951555252075195, -1378204.0, -69532.0)
(75, 14.156252384185791, -1378204.0, -69532.0)
(76, 14.359394073486328, -1378204.0, -69532.0)
(77, 14.560115814208984, -1378204.0, -69532.0)
(78, 14.76569128036499, -1378204.0, -69532.0)
(79, 14.982333421707153, -1378204.0, -69532.0)
(80, 15.196621417999268, -1378204.0, -69532.0)
(81, 15.403743982315063, -1378204.0, -69532.0)
(82, 15.615819931030273, -1378204.0, -69532.0)
(83, 15.824536323547363, -1378204.0, -69532.0)
(84, 16.03319239616394, -1378204.0, -69532.0)
(85, 16.240041255950928, -1378204.0, -69532.0)
(86, 16.45395302772522, -1378204.0, -69532.0)
(87, 16.661412715911865, -1378204.0, -69532.0)
(88, 16.876015663146973, -1378204.0, -69532.0)
(89, 17.085319757461548, -1378204.0, -69532.0)
(90, 17.299445629119873, -1378204.0, -69532.0)
(91, 17.50992202758789, -1378204.0, -69532.0)
(92, 17.718053817749023, -1378204.0, -69532.0)
(93, 17.94360375404358, -1378204.0, -69532.0)
(94, 18.164042472839355, -1378204.0, -69532.0)
(95, 18.38089084625244, -1378204.0, -69532.0)
(96, 18.598738193511963, -1378204.0, -69532.0)
(97, 18.816014766693115, -1378204.0, -69532.0)
(98, 19.033740282058716, -1378204.0, -69532.0)
(99, 19.250849962234497, -1378204.0, -69532.0)
(100, 19.468836069107056, -1378204.0, -69532.0)
(101, 19.691556453704834, -1378204.0, -69532.0)
(102, 19.91139531135559, -1378204.0, -69532.0)
(103, 20.130445957183838, -1378204.0, -69532.0)
(104, 20.353435516357422, -1378204.0, -69532.0)
(105, 20.574988842010498, -1378204.0, -69532.0)
(106, 20.796873569488525, -1378204.0, -69532.0)
(107, 21.019065618515015, -1378204.0, -69532.0)
(108, 21.242998123168945, -1378204.0, -69532.0)
(109, 21.463975429534912, -1378204.0, -69532.0)
(110, 21.69419813156128, -1378204.0, -69532.0)
(111, 21.925556421279907, -1378204.0, -69532.0)
(112, 22.152381658554077, -1378204.0, -69532.0)
(113, 22.379056930541992, -1378204.0, -69532.0)
(114, 22.605579137802124, -1378204.0, -69532.0)
(115, 22.83503246307373, -1378204.0, -69532.0)
(116, 23.062967538833618, -1378204.0, -69532.0)
(117, 23.287710905075073, -1378204.0, -69532.0)
(118, 23.5113046169281, -1378204.0, -69532.0)
(119, 23.737355947494507, -1378204.0, -69532.0)
(120, 23.96704936027527, -1378204.0, -69532.0)
(121, 24.195783853530884, -1378204.0, -69532.0)
(122, 24.42295265197754, -1378204.0, -69532.0)
(123, 24.65235733985901, -1378204.0, -69532.0)
(124, 24.894182205200195, -1378204.0, -69532.0)
(125, 25.126813888549805, -1378204.0, -69532.0)
(126, 25.358044862747192, -1378204.0, -69532.0)
(127, 25.595924139022827, -1378204.0, -69532.0)
(128, 25.826771020889282, -1378204.0, -69532.0)
(129, 26.060264587402344, -1378204.0, -69532.0)
(130, 26.28887391090393, -1378204.0, -69532.0)
(131, 26.53053569793701, -1378204.0, -69532.0)
(132, 26.769909143447876, -1378204.0, -69532.0)
(133, 27.00490093231201, -1378204.0, -69532.0)
(134, 27.24197506904602, -1378204.0, -69532.0)
(135, 27.480096578598022, -1378204.0, -69532.0)
(136, 27.724379062652588, -1378204.0, -69532.0)
(137, 27.967316389083862, -1378204.0, -69532.0)
(138, 28.21303915977478, -1378204.0, -69532.0)
(139, 28.452706575393677, -1378204.0, -69532.0)
(140, 28.695720672607422, -1378204.0, -69532.0)
(141, 28.93382430076599, -1378204.0, -69532.0)
(142, 29.17598056793213, -1378204.0, -69532.0)
(143, 29.41668701171875, -1378204.0, -69532.0)
(144, 29.660392999649048, -1378204.0, -69532.0)
(145, 29.903809070587158, -1378204.0, -69532.0)
(146, 30.145865440368652, -1378204.0, -69532.0)
(147, 30.38779640197754, -1378204.0, -69532.0)
(148, 30.632813215255737, -1378204.0, -69532.0)
(149, 30.904415369033813, -1378204.0, -69532.0)
(150, 31.148077964782715, -1378204.0, -69532.0)
(151, 31.394712209701538, -1378204.0, -69532.0)
(152, 31.644595861434937, -1378204.0, -69532.0)
(153, 31.896053552627563, -1378204.0, -69532.0)
(154, 32.14385747909546, -1378204.0, -69532.0)
(155, 32.394147872924805, -1378204.0, -69532.0)
(156, 32.64100885391235, -1378204.0, -69532.0)
(157, 32.885234117507935, -1378204.0, -69532.0)
(158, 33.13822078704834, -1378204.0, -69532.0)
(159, 33.39802932739258, -1378204.0, -69532.0)
(160, 33.650880098342896, -1378204.0, -69532.0)
(161, 33.902334451675415, -1378204.0, -69532.0)
(162, 34.156667709350586, -1378204.0, -69532.0)
(163, 34.40487360954285, -1378204.0, -69532.0)
(164, 34.6501944065094, -1378204.0, -69532.0)
(165, 34.91040086746216, -1378204.0, -69532.0)
(166, 35.17102122306824, -1378204.0, -69532.0)
(167, 35.43431043624878, -1378204.0, -69532.0)
(168, 35.70047116279602, -1378204.0, -69532.0)
(169, 35.96017551422119, -1378204.0, -69532.0)
(170, 36.215781450271606, -1378204.0, -69532.0)
(171, 36.473666191101074, -1378204.0, -69532.0)
(172, 36.72597932815552, -1378204.0, -69532.0)
(173, 36.983689069747925, -1378204.0, -69532.0)
(174, 37.23863434791565, -1378204.0, -69532.0)
(175, 37.49036264419556, -1378204.0, -69532.0)
(176, 37.74531126022339, -1378204.0, -69532.0)
(177, 38.00329089164734, -1378204.0, -69532.0)
(178, 38.25871253013611, -1378204.0, -69532.0)
(179, 38.515610218048096, -1378204.0, -69532.0)
(180, 38.77158308029175, -1378204.0, -69532.0)
(181, 39.03101873397827, -1378204.0, -69532.0)
(182, 39.291879415512085, -1378204.0, -69532.0)
(183, 39.55201172828674, -1378204.0, -69532.0)
(184, 39.817636013031006, -1378204.0, -69532.0)
(185, 40.081153869628906, -1378204.0, -69532.0)
(186, 40.34404683113098, -1378204.0, -69532.0)
(187, 40.60993266105652, -1378204.0, -69532.0)
(188, 40.88225340843201, -1378204.0, -69532.0)
(189, 41.1479754447937, -1378204.0, -69532.0)
(190, 41.41293025016785, -1378204.0, -69532.0)
(191, 41.68400287628174, -1378204.0, -69532.0)
(192, 41.960593700408936, -1378204.0, -69532.0)
(193, 42.242149353027344, -1378204.0, -69532.0)
(194, 42.51424980163574, -1378204.0, -69532.0)
(195, 42.78243684768677, -1378204.0, -69532.0)
(196, 43.0489182472229, -1378204.0, -69532.0)
(197, 43.31852650642395, -1378204.0, -69532.0)
(198, 43.58912706375122, -1378204.0, -69532.0)
(199, 43.85319495201111, -1378204.0, -69532.0)
(200, 44.12551736831665, -1378204.0, -69532.0)
(201, 44.403644323349, -1378204.0, -69532.0)
(202, 44.676039695739746, -1378204.0, -69532.0)
(203, 44.9477972984314, -1378204.0, -69532.0)
(204, 45.21984815597534, -1378204.0, -69532.0)
(205, 45.49378800392151, -1378204.0, -69532.0)
(206, 45.76506066322327, -1378204.0, -69532.0)
(207, 46.033618211746216, -1378204.0, -69532.0)
(208, 46.308263063430786, -1378204.0, -69532.0)
(209, 46.58129286766052, -1378204.0, -69532.0)
(210, 46.85439658164978, -1378204.0, -69532.0)
(211, 47.1356258392334, -1378204.0, -69532.0)
(212, 47.41590070724487, -1378204.0, -69532.0)
(213, 47.68431806564331, -1378204.0, -69532.0)
(214, 47.96912145614624, -1378204.0, -69532.0)
(215, 48.245362281799316, -1378204.0, -69532.0)
(216, 48.52414631843567, -1378204.0, -69532.0)
(217, 48.8178608417511, -1378204.0, -69532.0)
(218, 49.09548258781433, -1378204.0, -69532.0)
(219, 49.37886929512024, -1378204.0, -69532.0)
(220, 49.66727900505066, -1378204.0, -69532.0)
(221, 49.95469069480896, -1378204.0, -69532.0)
(222, 50.24556374549866, -1378204.0, -69532.0)
(223, 50.53386187553406, -1378204.0, -69532.0)
(224, 50.80986523628235, -1378204.0, -69532.0)
(225, 51.086758852005005, -1378204.0, -69532.0)
(226, 51.37153220176697, -1378204.0, -69532.0)
(227, 51.65019106864929, -1378204.0, -69532.0)
(228, 51.93961715698242, -1378204.0, -69532.0)
(229, 52.24223256111145, -1378204.0, -69532.0)
(230, 52.528831005096436, -1378204.0, -69532.0)
(231, 52.83425807952881, -1378204.0, -69532.0)
(232, 53.13050198554993, -1378204.0, -69532.0)
(233, 53.41450214385986, -1378204.0, -69532.0)
(234, 53.70880603790283, -1378204.0, -69532.0)
(235, 54.01324009895325, -1378204.0, -69532.0)
(236, 54.30238342285156, -1378204.0, -69532.0)
(237, 54.5924232006073, -1378204.0, -69532.0)
(238, 54.91466665267944, -1378204.0, -69532.0)
(239, 55.21853017807007, -1378204.0, -69532.0)
(240, 55.51598596572876, -1378204.0, -69532.0)
(241, 55.80080485343933, -1378204.0, -69532.0)
(242, 56.10016489028931, -1378204.0, -69532.0)
(243, 56.40356230735779, -1378204.0, -69532.0)
(244, 56.70291090011597, -1378204.0, -69532.0)
(245, 56.99400353431702, -1378204.0, -69532.0)
(246, 57.28973841667175, -1378204.0, -69532.0)
(247, 57.59234690666199, -1378204.0, -69532.0)
(248, 57.886362075805664, -1378204.0, -69532.0)
(249, 58.18162202835083, -1378204.0, -69532.0)
(250, 58.48390579223633, -1378204.0, -69532.0)
(251, 58.7934844493866, -1378204.0, -69532.0)
(252, 59.10028290748596, -1378204.0, -69532.0)
(253, 59.415871381759644, -1378204.0, -69532.0)
(254, 59.71569776535034, -1378204.0, -69532.0)
(255, 60.02824068069458, -1378204.0, -69532.0)
(256, 60.33358883857727, -1378204.0, -69532.0)
(257, 60.64448928833008, -1378204.0, -69532.0)
(258, 60.957950592041016, -1378204.0, -69532.0)
(259, 61.27449107170105, -1378204.0, -69532.0)
(260, 61.58206558227539, -1378204.0, -69532.0)
(261, 61.909743547439575, -1378204.0, -69532.0)
(262, 62.22917342185974, -1378204.0, -69532.0)
(263, 62.54361939430237, -1378204.0, -69532.0)
(264, 62.8680784702301, -1378204.0, -69532.0)
(265, 63.17634296417236, -1378204.0, -69532.0)
(266, 63.477195501327515, -1378204.0, -69532.0)
(267, 63.777308225631714, -1378204.0, -69532.0)
(268, 64.07635569572449, -1378204.0, -69532.0)
(269, 64.372318983078, -1378204.0, -69532.0)
(270, 64.67090725898743, -1378204.0, -69532.0)
(271, 64.9702217578888, -1378204.0, -69532.0)
(272, 65.27569675445557, -1378204.0, -69532.0)
(273, 65.58164596557617, -1378204.0, -69532.0)
(274, 65.87980031967163, -1378204.0, -69532.0)
(275, 66.18561363220215, -1378204.0, -69532.0)
(276, 66.48868346214294, -1378204.0, -69532.0)
(277, 66.78802180290222, -1378204.0, -69532.0)
(278, 67.08820509910583, -1378204.0, -69532.0)
(279, 67.40310001373291, -1378204.0, -69532.0)
(280, 67.70842933654785, -1378204.0, -69532.0)
(281, 68.00627017021179, -1378204.0, -69532.0)
(282, 68.31461668014526, -1378204.0, -69532.0)
(283, 68.63065385818481, -1378204.0, -69532.0)
(284, 68.94748258590698, -1378204.0, -69532.0)
(285, 69.25974154472351, -1378204.0, -69532.0)
(286, 69.57552766799927, -1378204.0, -69532.0)
(287, 69.89558696746826, -1378204.0, -69532.0)
(288, 70.20280742645264, -1378204.0, -69532.0)
(289, 70.52766633033752, -1378204.0, -69532.0)
(290, 70.84407234191895, -1378204.0, -69532.0)
(291, 71.17657423019409, -1378204.0, -69532.0)
(292, 71.49904799461365, -1378204.0, -69532.0)
(293, 71.80659651756287, -1378204.0, -69532.0)
(294, 72.1242003440857, -1378204.0, -69532.0)
(295, 72.44313359260559, -1378204.0, -69532.0)
(296, 72.759756565094, -1378204.0, -69532.0)
(297, 73.07832717895508, -1378204.0, -69532.0)
(298, 73.38915276527405, -1378204.0, -69532.0)
(299, 73.70864796638489, -1378204.0, -69532.0)
(300, 74.02585911750793, -1378204.0, -69532.0)
(301, 74.35006284713745, -1378204.0, -69532.0)
(302, 74.67263054847717, -1378204.0, -69532.0)
(303, 74.99344301223755, -1378204.0, -69532.0)
(304, 75.32189011573792, -1378204.0, -69532.0)
(305, 75.6426146030426, -1378204.0, -69532.0)
(306, 75.97198605537415, -1378204.0, -69532.0)
(307, 76.28692936897278, -1378204.0, -69532.0)
(308, 76.61405086517334, -1378204.0, -69532.0)
(309, 76.94088816642761, -1378204.0, -69532.0)
(310, 77.25849294662476, -1378204.0, -69532.0)
(311, 77.57493686676025, -1378204.0, -69532.0)
(312, 77.89838814735413, -1378204.0, -69532.0)
(313, 78.22675371170044, -1378204.0, -69532.0)
(314, 78.55128192901611, -1378204.0, -69532.0)
(315, 78.87033796310425, -1378204.0, -69532.0)
(316, 79.20535635948181, -1378204.0, -69532.0)
(317, 79.53559064865112, -1378204.0, -69532.0)
(318, 79.85819840431213, -1378204.0, -69532.0)
(319, 80.18789958953857, -1378204.0, -69532.0)
(320, 80.52577090263367, -1378204.0, -69532.0)
(321, 80.85653233528137, -1378204.0, -69532.0)
(322, 81.17856049537659, -1378204.0, -69532.0)
(323, 81.50872349739075, -1378204.0, -69532.0)
(324, 81.83345222473145, -1378204.0, -69532.0)
(325, 82.1840193271637, -1378204.0, -69532.0)
(326, 82.52071690559387, -1378204.0, -69532.0)
(327, 82.87094497680664, -1378204.0, -69532.0)
(328, 83.21822500228882, -1378204.0, -69532.0)
(329, 83.5528416633606, -1378204.0, -69532.0)
(330, 83.90593004226685, -1378204.0, -69532.0)
(331, 84.28093886375427, -1378204.0, -69532.0)
(332, 84.63802933692932, -1378204.0, -69532.0)
(333, 84.97696590423584, -1378204.0, -69532.0)
(334, 85.35128736495972, -1378204.0, -69532.0)
(335, 85.70306777954102, -1378204.0, -69532.0)
(336, 86.04858636856079, -1378204.0, -69532.0)
(337, 86.39001321792603, -1378204.0, -69532.0)
(338, 86.7415828704834, -1378204.0, -69532.0)
(339, 87.07953333854675, -1378204.0, -69532.0)
(340, 87.4372398853302, -1378204.0, -69532.0)
(341, 87.77356815338135, -1378204.0, -69532.0)
(342, 88.11914443969727, -1378204.0, -69532.0)
(343, 88.48385906219482, -1378204.0, -69532.0)
(344, 88.83363437652588, -1378204.0, -69532.0)
(345, 89.17258262634277, -1378204.0, -69532.0)
(346, 89.51924896240234, -1378204.0, -69532.0)
(347, 89.87100076675415, -1378204.0, -69532.0)
(348, 90.22855806350708, -1378204.0, -69532.0)
(349, 90.57830595970154, -1378204.0, -69532.0)
(350, 90.93189477920532, -1378204.0, -69532.0)
(351, 91.30243182182312, -1378204.0, -69532.0)
(352, 91.65694618225098, -1378204.0, -69532.0)
(353, 92.0066146850586, -1378204.0, -69532.0)
(354, 92.37635707855225, -1378204.0, -69532.0)
(355, 92.75100803375244, -1378204.0, -69532.0)
(356, 93.10633444786072, -1378204.0, -69532.0)
(357, 93.45733571052551, -1378204.0, -69532.0)
(358, 93.83548021316528, -1378204.0, -69532.0)
(359, 94.19791674613953, -1378204.0, -69532.0)
(360, 94.54062247276306, -1378204.0, -69532.0)
(361, 94.89011907577515, -1378204.0, -69532.0)
(362, 95.2332546710968, -1378204.0, -69532.0)
(363, 95.62347865104675, -1378204.0, -69532.0)
(364, 96.01764059066772, -1378204.0, -69532.0)
(365, 96.3960611820221, -1378204.0, -69532.0)
(366, 96.78578233718872, -1378204.0, -69532.0)
(367, 97.16934490203857, -1378204.0, -69532.0)
(368, 97.5597927570343, -1378204.0, -69532.0)
(369, 97.94880652427673, -1378204.0, -69532.0)
(370, 98.3448281288147, -1378204.0, -69532.0)
(371, 98.72655391693115, -1378204.0, -69532.0)
(372, 99.10725259780884, -1378204.0, -69532.0)
(373, 99.48856544494629, -1378204.0, -69532.0)
(374, 99.88088703155518, -1378204.0, -69532.0)
(375, 100.28824996948242, -1378204.0, -69532.0)
(376, 100.67619466781616, -1378204.0, -69532.0)
(377, 101.07361054420471, -1378204.0, -69532.0)
(378, 101.45056247711182, -1378204.0, -69532.0)
(379, 101.83668327331543, -1378204.0, -69532.0)
(380, 102.22187113761902, -1378204.0, -69532.0)
(381, 102.59639859199524, -1378204.0, -69532.0)
(382, 103.00202178955078, -1378204.0, -69532.0)
(383, 103.39911007881165, -1378204.0, -69532.0)
(384, 103.77548503875732, -1378204.0, -69532.0)
(385, 104.15157556533813, -1378204.0, -69532.0)
(386, 104.54051971435547, -1378204.0, -69532.0)
(387, 104.94318580627441, -1378204.0, -69532.0)
(388, 105.33728194236755, -1378204.0, -69532.0)
(389, 105.77417588233948, -1378204.0, -69532.0)
(390, 106.17579126358032, -1378204.0, -69532.0)
(391, 106.5597882270813, -1378204.0, -69532.0)
(392, 106.95866250991821, -1378204.0, -69532.0)
(393, 107.34496259689331, -1378204.0, -69532.0)
(394, 107.76096534729004, -1378204.0, -69532.0)
(395, 108.17373919487, -1378204.0, -69532.0)
(396, 108.6002151966095, -1378204.0, -69532.0)
(397, 109.0013165473938, -1378204.0, -69532.0)
(398, 109.41249537467957, -1378204.0, -69532.0)
(399, 109.81677007675171, -1378204.0, -69532.0)
(400, 110.19614458084106, -1378204.0, -69532.0)
(401, 110.57984638214111, -1378204.0, -69532.0)
(402, 110.97322988510132, -1378204.0, -69532.0)
(403, 111.35780167579651, -1378204.0, -69532.0)
(404, 111.7819275856018, -1378204.0, -69532.0)
(405, 112.22931218147278, -1378204.0, -69532.0)
(406, 112.63918590545654, -1378204.0, -69532.0)
(407, 113.02952027320862, -1378204.0, -69532.0)
(408, 113.42783427238464, -1378204.0, -69532.0)
(409, 113.81064319610596, -1378204.0, -69532.0)
(410, 114.21503114700317, -1378204.0, -69532.0)
(411, 114.6029200553894, -1378204.0, -69532.0)
(412, 114.98787140846252, -1378204.0, -69532.0)
(413, 115.37188220024109, -1378204.0, -69532.0)
(414, 115.77103090286255, -1378204.0, -69532.0)
(415, 116.16490411758423, -1378204.0, -69532.0)
(416, 116.54967021942139, -1378204.0, -69532.0)
(417, 116.96177744865417, -1378204.0, -69532.0)
(418, 117.35506224632263, -1378204.0, -69532.0)
(419, 117.74094009399414, -1378204.0, -69532.0)
(420, 118.14383506774902, -1378204.0, -69532.0)
(421, 118.54048204421997, -1378204.0, -69532.0)
(422, 118.92272710800171, -1378204.0, -69532.0)
(423, 119.3184745311737, -1378204.0, -69532.0)
(424, 119.73495674133301, -1378204.0, -69532.0)
(425, 120.14806699752808, -1378204.0, -69532.0)
(426, 120.56548762321472, -1378204.0, -69532.0)
(427, 120.9638946056366, -1378204.0, -69532.0)
(428, 121.40142869949341, -1378204.0, -69532.0)
(429, 121.81962251663208, -1378204.0, -69532.0)
(430, 122.22835659980774, -1378204.0, -69532.0)
(431, 122.64586234092712, -1378204.0, -69532.0)
(432, 123.074636220932, -1378204.0, -69532.0)
(433, 123.48836350440979, -1378204.0, -69532.0)
(434, 123.89269471168518, -1378204.0, -69532.0)
(435, 124.29428339004517, -1378204.0, -69532.0)
(436, 124.6961567401886, -1378204.0, -69532.0)
(437, 125.11308765411377, -1378204.0, -69532.0)
(438, 125.54146218299866, -1378204.0, -69532.0)
(439, 125.97176837921143, -1378204.0, -69532.0)
(440, 126.38820910453796, -1378204.0, -69532.0)
(441, 126.80902671813965, -1378204.0, -69532.0)
(442, 127.23048996925354, -1378204.0, -69532.0)
(443, 127.64109802246094, -1378204.0, -69532.0)
(444, 128.0667474269867, -1378204.0, -69532.0)
(445, 128.48411321640015, -1378204.0, -69532.0)
(446, 128.9046745300293, -1378204.0, -69532.0)
(447, 129.3075864315033, -1378204.0, -69532.0)
(448, 129.7329559326172, -1378204.0, -69532.0)
(449, 130.15027403831482, -1378204.0, -69532.0)
(450, 130.56324577331543, -1378204.0, -69532.0)
(451, 130.98873686790466, -1378204.0, -69532.0)
(452, 131.39765429496765, -1378204.0, -69532.0)
(453, 131.83987641334534, -1378204.0, -69532.0)
(454, 132.29174757003784, -1378204.0, -69532.0)
(455, 132.73497343063354, -1378204.0, -69532.0)
(456, 133.1462209224701, -1378204.0, -69532.0)
(457, 133.58284759521484, -1378204.0, -69532.0)
(458, 134.04735040664673, -1378204.0, -69532.0)
(459, 134.49072694778442, -1378204.0, -69532.0)
(460, 134.96210527420044, -1378204.0, -69532.0)
(461, 135.42520022392273, -1378204.0, -69532.0)
(462, 135.91184425354004, -1378204.0, -69532.0)
(463, 136.36608839035034, -1378204.0, -69532.0)
(464, 136.82898378372192, -1378204.0, -69532.0)
(465, 137.25064182281494, -1378204.0, -69532.0)
(466, 137.71048188209534, -1378204.0, -69532.0)
(467, 138.16542029380798, -1378204.0, -69532.0)
(468, 138.6063461303711, -1378204.0, -69532.0)
(469, 139.04338121414185, -1378204.0, -69532.0)
(470, 139.47792887687683, -1378204.0, -69532.0)
(471, 139.93490886688232, -1378204.0, -69532.0)
(472, 140.37241291999817, -1378204.0, -69532.0)
(473, 140.81234979629517, -1378204.0, -69532.0)
(474, 141.2648642063141, -1378204.0, -69532.0)
(475, 141.69907069206238, -1378204.0, -69532.0)
(476, 142.15364456176758, -1378204.0, -69532.0)
(477, 142.5963282585144, -1378204.0, -69532.0)
(478, 143.05385303497314, -1378204.0, -69532.0)
(479, 143.50233721733093, -1378204.0, -69532.0)
(480, 143.95036697387695, -1378204.0, -69532.0)
(481, 144.3902862071991, -1378204.0, -69532.0)
(482, 144.83287477493286, -1378204.0, -69532.0)
(483, 145.30669116973877, -1378204.0, -69532.0)
(484, 145.7826759815216, -1378204.0, -69532.0)
(485, 146.25793361663818, -1378204.0, -69532.0)
(486, 146.74551582336426, -1378204.0, -69532.0)
(487, 147.25854349136353, -1378204.0, -69532.0)
(488, 147.7167181968689, -1378204.0, -69532.0)
(489, 148.21672368049622, -1378204.0, -69532.0)
(490, 148.68225812911987, -1378204.0, -69532.0)
(491, 149.15496563911438, -1378204.0, -69532.0)
(492, 149.60324096679688, -1378204.0, -69532.0)
(493, 150.10562348365784, -1378204.0, -69532.0)
(494, 150.5862374305725, -1378204.0, -69532.0)
(495, 151.07564210891724, -1378204.0, -69532.0)
(496, 151.5759608745575, -1378204.0, -69532.0)
(497, 152.09509921073914, -1378204.0, -69532.0)
(498, 152.59755754470825, -1378204.0, -69532.0)
(499, 153.09606385231018, -1378204.0, -69532.0)
(500, 153.58571410179138, -1378204.0, -69532.0)
(501, 154.0722575187683, -1378204.0, -69532.0)
(502, 154.52354741096497, -1378204.0, -69532.0)
(503, 154.97223949432373, -1378204.0, -69532.0)
(504, 155.46716451644897, -1378204.0, -69532.0)
(505, 155.93885374069214, -1378204.0, -69532.0)
(506, 156.40129399299622, -1378204.0, -69532.0)
(507, 156.86377024650574, -1378204.0, -69532.0)
(508, 157.34639358520508, -1378204.0, -69532.0)
(509, 157.8023054599762, -1378204.0, -69532.0)
(510, 158.25524854660034, -1378204.0, -69532.0)
(511, 158.70977425575256, -1378204.0, -69532.0)
(512, 159.1750626564026, -1378204.0, -69532.0)
(513, 159.6197738647461, -1378204.0, -69532.0)
(514, 160.09745955467224, -1378204.0, -69532.0)
(515, 160.59779167175293, -1378204.0, -69532.0)
(516, 161.10358238220215, -1378204.0, -69532.0)
(517, 161.5800473690033, -1378204.0, -69532.0)
(518, 162.07115268707275, -1378204.0, -69532.0)
(519, 162.55126476287842, -1378204.0, -69532.0)
(520, 163.01258087158203, -1378204.0, -69532.0)
(521, 163.51336908340454, -1378204.0, -69532.0)
(522, 164.0400664806366, -1378204.0, -69532.0)
(523, 164.51490664482117, -1378204.0, -69532.0)
(524, 165.04459309577942, -1378204.0, -69532.0)
(525, 165.54027152061462, -1378204.0, -69532.0)
(526, 166.0223970413208, -1378204.0, -69532.0)
(527, 166.52735209465027, -1378204.0, -69532.0)
(528, 167.0501890182495, -1378204.0, -69532.0)
(529, 167.5663104057312, -1378204.0, -69532.0)
(530, 168.0560965538025, -1378204.0, -69532.0)
(531, 168.56012678146362, -1378204.0, -69532.0)
(532, 169.02745604515076, -1378204.0, -69532.0)
(533, 169.52788019180298, -1378204.0, -69532.0)
(534, 170.0416226387024, -1378204.0, -69532.0)
(535, 170.5803837776184, -1378204.0, -69532.0)
(536, 171.0896453857422, -1378204.0, -69532.0)
(537, 171.6169557571411, -1378204.0, -69532.0)
(538, 172.15853571891785, -1378204.0, -69532.0)
(539, 172.68075728416443, -1378204.0, -69532.0)
(540, 173.22890329360962, -1378204.0, -69532.0)
(541, 173.760240316391, -1378204.0, -69532.0)
(542, 174.2824409008026, -1378204.0, -69532.0)
(543, 174.78296875953674, -1378204.0, -69532.0)
(544, 175.30453395843506, -1378204.0, -69532.0)
(545, 175.8095440864563, -1378204.0, -69532.0)
(546, 176.35936093330383, -1378204.0, -69532.0)
(547, 176.88276171684265, -1378204.0, -69532.0)
(548, 177.39902448654175, -1378204.0, -69532.0)
(549, 177.87313222885132, -1378204.0, -69532.0)
(550, 178.41333866119385, -1378204.0, -69532.0)
(551, 178.9797441959381, -1378204.0, -69532.0)
(552, 179.5356924533844, -1378204.0, -69532.0)
(553, 180.05052542686462, -1378204.0, -69532.0)
(554, 180.57363533973694, -1378204.0, -69532.0)
(555, 181.0842900276184, -1378204.0, -69532.0)
(556, 181.58854961395264, -1378204.0, -69532.0)
(557, 182.12241077423096, -1378204.0, -69532.0)
(558, 182.625718832016, -1378204.0, -69532.0)
(559, 183.12456369400024, -1378204.0, -69532.0)
(560, 183.62732362747192, -1378204.0, -69532.0)
(561, 184.11689805984497, -1378204.0, -69532.0)
(562, 184.61718344688416, -1378204.0, -69532.0)
(563, 185.1050579547882, -1378204.0, -69532.0)
(564, 185.61131191253662, -1378204.0, -69532.0)
(565, 186.09986448287964, -1378204.0, -69532.0)
(566, 186.60518550872803, -1378204.0, -69532.0)
(567, 187.11305975914001, -1378204.0, -69532.0)
(568, 187.64302682876587, -1378204.0, -69532.0)
(569, 188.14523005485535, -1378204.0, -69532.0)
(570, 188.67202019691467, -1378204.0, -69532.0)
(571, 189.1802682876587, -1378204.0, -69532.0)
(572, 189.68777751922607, -1378204.0, -69532.0)
(573, 190.20359778404236, -1378204.0, -69532.0)
(574, 190.70452427864075, -1378204.0, -69532.0)
(575, 191.2318172454834, -1378204.0, -69532.0)
(576, 191.7633638381958, -1378204.0, -69532.0)
(577, 192.29215168952942, -1378204.0, -69532.0)
(578, 192.82428002357483, -1378204.0, -69532.0)
(579, 193.33499360084534, -1378204.0, -69532.0)
(580, 193.84890341758728, -1378204.0, -69532.0)
(581, 194.3858938217163, -1378204.0, -69532.0)
(582, 194.92591428756714, -1378204.0, -69532.0)
(583, 195.49073219299316, -1378204.0, -69532.0)
(584, 196.01700401306152, -1378204.0, -69532.0)
(585, 196.53843307495117, -1378204.0, -69532.0)
(586, 197.08120036125183, -1378204.0, -69532.0)
(587, 197.66049551963806, -1378204.0, -69532.0)
(588, 198.1940939426422, -1378204.0, -69532.0)
(589, 198.71823644638062, -1378204.0, -69532.0)
(590, 199.23966431617737, -1378204.0, -69532.0)
(591, 199.77648663520813, -1378204.0, -69532.0)
(592, 200.3012011051178, -1378204.0, -69532.0)
(593, 200.81347680091858, -1378204.0, -69532.0)
(594, 201.33474373817444, -1378204.0, -69532.0)
(595, 201.8608853816986, -1378204.0, -69532.0)
(596, 202.3685348033905, -1378204.0, -69532.0)
(597, 202.8918182849884, -1378204.0, -69532.0)
(598, 203.4211847782135, -1378204.0, -69532.0)
(599, 203.9573335647583, -1378204.0, -69532.0)
(600, 204.50062322616577, -1378204.0, -69532.0)
(601, 205.04598832130432, -1378204.0, -69532.0)
(602, 205.57924365997314, -1378204.0, -69532.0)
(603, 206.16635489463806, -1378204.0, -69532.0)
(604, 206.69824123382568, -1378204.0, -69532.0)
(605, 207.27740669250488, -1378204.0, -69532.0)
(606, 207.83123397827148, -1378204.0, -69532.0)
(607, 208.39833664894104, -1378204.0, -69532.0)
(608, 208.93530321121216, -1378204.0, -69532.0)
(609, 209.4742147922516, -1378204.0, -69532.0)
(610, 210.00977754592896, -1378204.0, -69532.0)
(611, 210.61272644996643, -1378204.0, -69532.0)
(612, 211.18461680412292, -1378204.0, -69532.0)
(613, 211.7705192565918, -1378204.0, -69532.0)
(614, 212.2928524017334, -1378204.0, -69532.0)
(615, 212.8329360485077, -1378204.0, -69532.0)
(616, 213.40593338012695, -1378204.0, -69532.0)
(617, 213.96303153038025, -1378204.0, -69532.0)
(618, 214.5085108280182, -1378204.0, -69532.0)
(619, 215.05878496170044, -1378204.0, -69532.0)
(620, 215.60313057899475, -1378204.0, -69532.0)
(621, 216.17270874977112, -1378204.0, -69532.0)
(622, 216.70770144462585, -1378204.0, -69532.0)
(623, 217.272527217865, -1378204.0, -69532.0)
(624, 217.836678981781, -1378204.0, -69532.0)
(625, 218.39866662025452, -1378204.0, -69532.0)
(626, 218.9764964580536, -1378204.0, -69532.0)
(627, 219.55603885650635, -1378204.0, -69532.0)
(628, 220.1257927417755, -1378204.0, -69532.0)
(629, 220.74348425865173, -1378204.0, -69532.0)
(630, 221.31945872306824, -1378204.0, -69532.0)
(631, 221.8875126838684, -1378204.0, -69532.0)
(632, 222.48238611221313, -1378204.0, -69532.0)
(633, 223.12545084953308, -1378204.0, -69532.0)
(634, 223.7386679649353, -1378204.0, -69532.0)
(635, 224.34496068954468, -1378204.0, -69532.0)
(636, 224.95809936523438, -1378204.0, -69532.0)
(637, 225.5428442955017, -1378204.0, -69532.0)
(638, 226.12087035179138, -1378204.0, -69532.0)
(639, 226.68984150886536, -1378204.0, -69532.0)
(640, 227.27219915390015, -1378204.0, -69532.0)
(641, 227.83271145820618, -1378204.0, -69532.0)
(642, 228.39224243164062, -1378204.0, -69532.0)
(643, 228.994704246521, -1378204.0, -69532.0)
(644, 229.58453345298767, -1378204.0, -69532.0)
(645, 230.16831922531128, -1378204.0, -69532.0)
(646, 230.72582697868347, -1378204.0, -69532.0)
(647, 231.3365535736084, -1378204.0, -69532.0)
(648, 231.92857027053833, -1378204.0, -69532.0)
(649, 232.5031886100769, -1378204.0, -69532.0)
(650, 233.09903502464294, -1378204.0, -69532.0)
(651, 233.69229197502136, -1378204.0, -69532.0)
(652, 234.34237837791443, -1378204.0, -69532.0)
(653, 234.97688746452332, -1378204.0, -69532.0)
(654, 235.58203744888306, -1378204.0, -69532.0)
(655, 236.18742418289185, -1378204.0, -69532.0)
(656, 236.8258249759674, -1378204.0, -69532.0)
(657, 237.42666959762573, -1378204.0, -69532.0)
(658, 238.04104042053223, -1378204.0, -69532.0)
(659, 238.65788888931274, -1378204.0, -69532.0)
(660, 239.31377792358398, -1378204.0, -69532.0)
(661, 239.90437054634094, -1378204.0, -69532.0)
(662, 240.5828619003296, -1378204.0, -69532.0)
(663, 241.179185628891, -1378204.0, -69532.0)
(664, 241.84777116775513, -1378204.0, -69532.0)
(665, 242.54818654060364, -1378204.0, -69532.0)
(666, 243.19331574440002, -1378204.0, -69532.0)
(667, 243.79039192199707, -1378204.0, -69532.0)
(668, 244.47449851036072, -1378204.0, -69532.0)
(669, 245.07062482833862, -1378204.0, -69532.0)
(670, 245.67864847183228, -1378204.0, -69532.0)
(671, 246.2649199962616, -1378204.0, -69532.0)
(672, 246.86257076263428, -1378204.0, -69532.0)
(673, 247.498948097229, -1378204.0, -69532.0)
(674, 248.12989783287048, -1378204.0, -69532.0)
(675, 248.76038002967834, -1378204.0, -69532.0)
(676, 249.35906863212585, -1378204.0, -69532.0)
(677, 249.94423365592957, -1378204.0, -69532.0)
(678, 250.56445384025574, -1378204.0, -69532.0)
(679, 251.1754720211029, -1378204.0, -69532.0)
(680, 251.7749662399292, -1378204.0, -69532.0)
(681, 252.39763379096985, -1378204.0, -69532.0)
(682, 253.02523970603943, -1378204.0, -69532.0)
(683, 253.662691116333, -1378204.0, -69532.0)
(684, 254.26005363464355, -1378204.0, -69532.0)
(685, 254.91289901733398, -1378204.0, -69532.0)
(686, 255.5541491508484, -1378204.0, -69532.0)
(687, 256.1897141933441, -1378204.0, -69532.0)
(688, 256.8452525138855, -1378204.0, -69532.0)
(689, 257.47862696647644, -1378204.0, -69532.0)
(690, 258.15024614334106, -1378204.0, -69532.0)
(691, 258.85260128974915, -1378204.0, -69532.0)
(692, 259.5135715007782, -1378204.0, -69532.0)
(693, 260.1495580673218, -1378204.0, -69532.0)
(694, 260.78924679756165, -1378204.0, -69532.0)
(695, 261.45985984802246, -1378204.0, -69532.0)
(696, 262.11984634399414, -1378204.0, -69532.0)
(697, 262.78451108932495, -1378204.0, -69532.0)
(698, 263.438848733902, -1378204.0, -69532.0)
(699, 264.08957839012146, -1378204.0, -69532.0)
(700, 264.7148585319519, -1378204.0, -69532.0)
(701, 265.33900713920593, -1378204.0, -69532.0)
(702, 266.0220949649811, -1378204.0, -69532.0)
(703, 266.6845693588257, -1378204.0, -69532.0)
(704, 267.2901153564453, -1378204.0, -69532.0)
(705, 267.906893491745, -1378204.0, -69532.0)
(706, 268.5833537578583, -1378204.0, -69532.0)
(707, 269.2249553203583, -1378204.0, -69532.0)
(708, 269.9174015522003, -1378204.0, -69532.0)
(709, 270.58367466926575, -1378204.0, -69532.0)
(710, 271.27502036094666, -1378204.0, -69532.0)
(711, 272.00383043289185, -1378204.0, -69532.0)
(712, 272.75199365615845, -1378204.0, -69532.0)
(713, 273.4540853500366, -1378204.0, -69532.0)
(714, 274.1704697608948, -1378204.0, -69532.0)
(715, 274.86003065109253, -1378204.0, -69532.0)
(716, 275.528683423996, -1378204.0, -69532.0)
(717, 276.22294545173645, -1378204.0, -69532.0)
(718, 277.03400206565857, -1378204.0, -69532.0)
(719, 277.82797861099243, -1378204.0, -69532.0)
(720, 278.54293417930603, -1378204.0, -69532.0)
(721, 279.2024669647217, -1378204.0, -69532.0)
(722, 279.8684244155884, -1378204.0, -69532.0)
(723, 280.5475797653198, -1378204.0, -69532.0)
(724, 281.2032654285431, -1378204.0, -69532.0)
(725, 281.82422852516174, -1378204.0, -69532.0)
(726, 282.466628074646, -1378204.0, -69532.0)
(727, 283.06850934028625, -1378204.0, -69532.0)
(728, 283.68638372421265, -1378204.0, -69532.0)
(729, 284.3021113872528, -1378204.0, -69532.0)
(730, 284.92462372779846, -1378204.0, -69532.0)
(731, 285.53919553756714, -1378204.0, -69532.0)
(732, 286.1940960884094, -1378204.0, -69532.0)
(733, 286.8844587802887, -1378204.0, -69532.0)
(734, 287.5575952529907, -1378204.0, -69532.0)
(735, 288.19533467292786, -1378204.0, -69532.0)
(736, 288.8456244468689, -1378204.0, -69532.0)
(737, 289.52745294570923, -1378204.0, -69532.0)
(738, 290.1722011566162, -1378204.0, -69532.0)
(739, 290.8061945438385, -1378204.0, -69532.0)
(740, 291.44673371315, -1378204.0, -69532.0)
(741, 292.0645673274994, -1378204.0, -69532.0)
(742, 292.75072479248047, -1378204.0, -69532.0)
(743, 293.4375891685486, -1378204.0, -69532.0)
(744, 294.1431772708893, -1378204.0, -69532.0)
(745, 294.9080801010132, -1378204.0, -69532.0)
(746, 295.613481760025, -1378204.0, -69532.0)
(747, 296.27122163772583, -1378204.0, -69532.0)
(748, 296.9142436981201, -1378204.0, -69532.0)
(749, 297.5813808441162, -1378204.0, -69532.0)
(750, 298.2965567111969, -1378204.0, -69532.0)
(751, 299.01140785217285, -1378204.0, -69532.0)
(752, 299.7672996520996, -1378204.0, -69532.0)
(753, 300.5164394378662, -1378204.0, -69532.0)
(754, 301.2334175109863, -1378204.0, -69532.0)
(755, 301.87428522109985, -1378204.0, -69532.0)
(756, 302.54287481307983, -1378204.0, -69532.0)
(757, 303.1902000904083, -1378204.0, -69532.0)
(758, 303.8610854148865, -1378204.0, -69532.0)
(759, 304.6091272830963, -1378204.0, -69532.0)
(760, 305.2797451019287, -1378204.0, -69532.0)
(761, 305.949072599411, -1378204.0, -69532.0)
(762, 306.6349241733551, -1378204.0, -69532.0)
(763, 307.2804093360901, -1378204.0, -69532.0)
(764, 307.9494116306305, -1378204.0, -69532.0)
(765, 308.64177894592285, -1378204.0, -69532.0)
(766, 309.343297958374, -1378204.0, -69532.0)
(767, 310.00525069236755, -1378204.0, -69532.0)
(768, 310.7154657840729, -1378204.0, -69532.0)
(769, 311.43699073791504, -1378204.0, -69532.0)
(770, 312.13269877433777, -1378204.0, -69532.0)
(771, 312.83214020729065, -1378204.0, -69532.0)
(772, 313.5276303291321, -1378204.0, -69532.0)
(773, 314.2188458442688, -1378204.0, -69532.0)
(774, 314.8934917449951, -1378204.0, -69532.0)
(775, 315.6957595348358, -1366065.5671191553, -69532.0)
(776, 316.3958899974823, -1366065.5671191553, -69532.0)
(777, 317.0530569553375, -1366065.5671191553, -69532.0)
(778, 317.81218218803406, -1366065.5671191553, -69532.0)
(779, 318.4783413410187, -1366065.5671191553, -69532.0)
(780, 319.2076852321625, -1366065.5671191553, -69532.0)
(781, 319.88578701019287, -1366065.5671191553, -69532.0)
(782, 320.55885076522827, -1366065.5671191553, -69532.0)
(783, 321.2298586368561, -1366065.5671191553, -69532.0)
(784, 321.8724341392517, -1366065.5671191553, -69532.0)
(785, 322.58869099617004, -1366065.5671191553, -69532.0)
(786, 323.2636728286743, -1366065.5671191553, -69532.0)
(787, 324.027006149292, -1366065.5671191553, -69532.0)
(788, 324.78058099746704, -1366065.5671191553, -69532.0)
(789, 325.464900970459, -1366065.5671191553, -69532.0)
(790, 326.16481733322144, -1366065.5671191553, -69532.0)
(791, 326.863671541214, -1366065.5671191553, -69532.0)
(792, 327.52596282958984, -1366065.5671191553, -69532.0)
(793, 328.1826548576355, -1366065.5671191553, -69532.0)
(794, 328.933057308197, -1366065.5671191553, -69532.0)
(795, 329.6325285434723, -1366065.5671191553, -69532.0)
(796, 330.29347562789917, -1366065.5671191553, -69532.0)
(797, 330.95195055007935, -1366065.5671191553, -69532.0)
(798, 331.6272015571594, -1366065.5671191553, -69532.0)
(799, 332.3181872367859, -1366065.5671191553, -69532.0)
(800, 332.97892475128174, -1366065.5671191553, -69532.0)
(801, 333.6410024166107, -1366065.5671191553, -69532.0)
(802, 334.3796331882477, -1366065.5671191553, -69532.0)
(803, 335.2792294025421, -1366065.5671191553, -69532.0)
(804, 336.0585811138153, -1366065.5671191553, -69532.0)
(805, 336.80429458618164, -1366065.5671191553, -69532.0)
(806, 337.55833888053894, -1366065.5671191553, -69532.0)
(807, 338.25868487358093, -1366065.5671191553, -69532.0)
(808, 338.9493525028229, -1366065.5671191553, -69532.0)
(809, 339.77607131004333, -1366065.5671191553, -69532.0)
(810, 340.5405967235565, -1366065.5671191553, -69532.0)
(811, 341.29186606407166, -1366065.5671191553, -69532.0)
(812, 341.97326135635376, -1366065.5671191553, -69532.0)
(813, 342.71762323379517, -1366065.5671191553, -69532.0)
(814, 343.5961287021637, -1366065.5671191553, -69532.0)
(815, 344.49716663360596, -1366065.5671191553, -69532.0)
(816, 345.33401441574097, -1366065.5671191553, -69532.0)
(817, 346.13588190078735, -1366065.5671191553, -69532.0)
(818, 346.86909461021423, -1366065.5671191553, -69532.0)
(819, 347.54771542549133, -1366065.5671191553, -69532.0)
(820, 348.2753734588623, -1366065.5671191553, -69532.0)
(821, 349.08554124832153, -1366065.5671191553, -69532.0)
(822, 349.8858177661896, -1366065.5671191553, -69532.0)
(823, 350.6959092617035, -1366065.5671191553, -69532.0)
(824, 351.4831311702728, -1366065.5671191553, -69532.0)
(825, 352.2179443836212, -1366065.5671191553, -69532.0)
(826, 352.9781880378723, -1366065.5671191553, -69532.0)
(827, 353.80706667900085, -1366065.5671191553, -69532.0)
(828, 354.6696479320526, -1366065.5671191553, -69532.0)
(829, 355.483806848526, -1366065.5671191553, -69532.0)
(830, 356.3748502731323, -1366065.5671191553, -69532.0)
(831, 357.1492648124695, -1366065.5671191553, -69532.0)
(832, 357.9517104625702, -1366065.5671191553, -69532.0)
(833, 358.85260009765625, -1366065.5671191553, -69532.0)
(834, 359.65527987480164, -1366065.5671191553, -69532.0)
(835, 360.3885245323181, -1366065.5671191553, -69532.0)
(836, 361.12414836883545, -1366065.5671191553, -69532.0)
(837, 361.9003164768219, -1366065.5671191553, -69532.0)
(838, 362.6203062534332, -1366065.5671191553, -69532.0)
(839, 363.3922429084778, -1366065.5671191553, -69532.0)
(840, 364.164253950119, -1366065.5671191553, -69532.0)
(841, 364.95249915122986, -1366065.5671191553, -69532.0)
(842, 365.68683338165283, -1366065.5671191553, -69532.0)
(843, 366.45940113067627, -1366065.5671191553, -69532.0)
(844, 367.20064902305603, -1366065.5671191553, -69532.0)
(845, 368.11788630485535, -1366065.5671191553, -69532.0)
(846, 368.91311502456665, -1366065.5671191553, -69532.0)
(847, 369.7325186729431, -1366065.5671191553, -69532.0)
(848, 370.5478253364563, -1366065.5671191553, -69532.0)
(849, 371.3479187488556, -1366065.5671191553, -69532.0)
(850, 372.45366501808167, -1366065.5671191553, -69532.0)
(851, 373.24986457824707, -1366065.5671191553, -69532.0)
(852, 374.077734708786, -1366065.5671191553, -69532.0)
(853, 375.11942291259766, -1366065.5671191553, -69532.0)
(854, 376.0613226890564, -1366065.5671191553, -69532.0)
(855, 376.96368074417114, -1366065.5671191553, -69532.0)
(856, 377.9306445121765, -1366065.5671191553, -69532.0)
(857, 378.77282667160034, -1366065.5671191553, -69532.0)
(858, 379.62633180618286, -1366065.5671191553, -69532.0)
(859, 380.4759855270386, -1366065.5671191553, -69532.0)
(860, 381.3497779369354, -1366065.5671191553, -69532.0)
(861, 382.2723205089569, -1366065.5671191553, -69532.0)
(862, 383.16129207611084, -1366065.5671191553, -69532.0)
(863, 383.9960217475891, -1366065.5671191553, -69532.0)
(864, 384.8615655899048, -1366065.5671191553, -69532.0)
(865, 385.7547256946564, -1366065.5671191553, -69532.0)
(866, 386.6299657821655, -1366065.5671191553, -69532.0)
(867, 387.52325797080994, -1366065.5671191553, -69532.0)
(868, 388.82963466644287, -1366065.5671191553, -69532.0)
(869, 389.7398500442505, -1366065.5671191553, -69532.0)
(870, 391.13106322288513, -1366065.5671191553, -69532.0)
(871, 391.9975571632385, -1366065.5671191553, -69532.0)
(872, 392.8781216144562, -1366065.5671191553, -69532.0)
(873, 393.8311958312988, -1366065.5671191553, -69532.0)
(874, 394.85687470436096, -1366065.5671191553, -69532.0)
(875, 395.84917664527893, -1366065.5671191553, -69532.0)
(876, 396.7277090549469, -1366065.5671191553, -69532.0)
(877, 397.6324610710144, -1366065.5671191553, -69532.0)
(878, 398.73974442481995, -1366065.5671191553, -69532.0)
(879, 399.7139935493469, -1366065.5671191553, -69532.0)
(880, 400.521276473999, -1366065.5671191553, -69532.0)
(881, 401.278578042984, -1366065.5671191553, -69532.0)
(882, 402.1160750389099, -1366065.5671191553, -69532.0)
(883, 402.965030670166, -1366065.5671191553, -69532.0)
(884, 403.7624397277832, -1366065.5671191553, -69532.0)
(885, 404.5326464176178, -1366065.5671191553, -69532.0)
(886, 405.31100511550903, -1366065.5671191553, -69532.0)
(887, 406.08838415145874, -1366065.5671191553, -69532.0)
(888, 406.8581500053406, -1366065.5671191553, -69532.0)
(889, 407.6343352794647, -1366065.5671191553, -69532.0)
(890, 408.3935248851776, -1366065.5671191553, -69532.0)
(891, 409.1143476963043, -1366065.5671191553, -69532.0)
(892, 409.8273034095764, -1366065.5671191553, -69532.0)
(893, 410.5882179737091, -1366065.5671191553, -69532.0)
(894, 411.34216356277466, -1366065.5671191553, -69532.0)
(895, 412.2186698913574, -1366065.5671191553, -69532.0)
(896, 413.14150047302246, -1366065.5671191553, -69532.0)
(897, 413.965283870697, -1366065.5671191553, -69532.0)
(898, 414.7397208213806, -1366065.5671191553, -69532.0)
(899, 415.480105638504, -1366065.5671191553, -69532.0)
(900, 416.29527521133423, -1366065.5671191553, -69532.0)
(901, 417.10527324676514, -1366065.5671191553, -69532.0)
(902, 417.8516981601715, -1366065.5671191553, -69532.0)
(903, 418.65221786499023, -1366065.5671191553, -69532.0)
(904, 419.3879146575928, -1366065.5671191553, -69532.0)
(905, 420.14916014671326, -1366065.5671191553, -69532.0)
(906, 420.9539179801941, -1366065.5671191553, -69532.0)
(907, 421.7025799751282, -1366065.5671191553, -69532.0)
(908, 422.4844205379486, -1366065.5671191553, -69532.0)
(909, 423.24745202064514, -1366065.5671191553, -69532.0)
(910, 424.04942655563354, -1366065.5671191553, -69532.0)
(911, 424.88200879096985, -1366065.5671191553, -69532.0)
(912, 425.68969774246216, -1366065.5671191553, -69532.0)
(913, 426.6040301322937, -1366065.5671191553, -69532.0)
(914, 427.3318145275116, -1366065.5671191553, -69532.0)
(915, 428.33747148513794, -1366065.5671191553, -69532.0)
(916, 429.21301674842834, -1366065.5671191553, -69532.0)
(917, 430.0570559501648, -1366065.5671191553, -69532.0)
(918, 430.9098846912384, -1366065.5671191553, -69532.0)
(919, 431.7073640823364, -1366065.5671191553, -69532.0)
(920, 432.49485540390015, -1366065.5671191553, -69532.0)
(921, 433.2692174911499, -1366065.5671191553, -69532.0)
(922, 434.0455713272095, -1366065.5671191553, -69532.0)
(923, 434.8200786113739, -1366065.5671191553, -69532.0)
(924, 435.6488935947418, -1366065.5671191553, -69532.0)
(925, 436.4121341705322, -1366065.5671191553, -69532.0)
(926, 437.12544465065, -1366065.5671191553, -69532.0)
(927, 438.5531015396118, -1366065.5671191553, -69532.0)
(928, 439.56025075912476, -1366065.5671191553, -69532.0)
(929, 440.430757522583, -1366065.5671191553, -69532.0)
(930, 441.35360741615295, -1366065.5671191553, -69532.0)
(931, 442.2355217933655, -1366065.5671191553, -69532.0)
(932, 443.1533668041229, -1366065.5671191553, -69532.0)
(933, 444.01128339767456, -1366065.5671191553, -69532.0)
(934, 444.78478741645813, -1366065.5671191553, -69532.0)
(935, 445.56002593040466, -1366065.5671191553, -69532.0)
(936, 446.3449721336365, -1366065.5671191553, -69532.0)
(937, 447.1248652935028, -1366065.5671191553, -69532.0)
(938, 447.950724363327, -1366065.5671191553, -69532.0)
(939, 448.72229647636414, -1366065.5671191553, -69532.0)
(940, 449.6969015598297, -1366065.5671191553, -69532.0)
(941, 450.83550333976746, -1366065.5671191553, -69532.0)
(942, 451.7813837528229, -1366065.5671191553, -69532.0)
(943, 452.6781268119812, -1366065.5671191553, -69532.0)
(944, 453.51198744773865, -1366065.5671191553, -69532.0)
(945, 454.389945268631, -1366065.5671191553, -69532.0)
(946, 455.21250891685486, -1366065.5671191553, -69532.0)
(947, 456.0992479324341, -1366065.5671191553, -69532.0)
(948, 456.8873333930969, -1366065.5671191553, -69532.0)
(949, 457.6449477672577, -1366065.5671191553, -69532.0)
(950, 458.4507577419281, -1366065.5671191553, -69532.0)
(951, 459.3012058734894, -1366065.5671191553, -69532.0)
(952, 460.11502480506897, -1366065.5671191553, -69532.0)
(953, 460.9934802055359, -1366065.5671191553, -69532.0)
(954, 461.8791399002075, -1366065.5671191553, -69532.0)
(955, 462.726101398468, -1366065.5671191553, -69532.0)
(956, 463.79671573638916, -1366065.5671191553, -69532.0)
(957, 464.6925754547119, -1366065.5671191553, -69532.0)
(958, 465.6109323501587, -1366065.5671191553, -69532.0)
(959, 466.5345387458801, -1366065.5671191553, -69532.0)
(960, 467.43766021728516, -1366065.5671191553, -69532.0)
(961, 468.2713406085968, -1366065.5671191553, -69532.0)
(962, 469.28887820243835, -1366065.5671191553, -69532.0)
(963, 470.2262625694275, -1366065.5671191553, -69532.0)
(964, 471.11975598335266, -1366065.5671191553, -69532.0)
(965, 471.9961893558502, -1366065.5671191553, -69532.0)
(966, 472.8042628765106, -1366065.5671191553, -69532.0)
(967, 473.65179467201233, -1366065.5671191553, -69532.0)
(968, 474.55837297439575, -1366065.5671191553, -69532.0)
(969, 475.43282866477966, -1366065.5671191553, -69532.0)
(970, 476.25635409355164, -1366065.5671191553, -69532.0)
(971, 477.10378670692444, -1366065.5671191553, -69532.0)
(972, 478.0923721790314, -1366065.5671191553, -69532.0)
(973, 479.07434034347534, -1366065.5671191553, -69532.0)
(974, 480.04237961769104, -1366065.5671191553, -69532.0)
(975, 481.1650724411011, -1366065.5671191553, -69532.0)
(976, 482.1289165019989, -1366065.5671191553, -69532.0)
(977, 483.0121464729309, -1366065.5671191553, -69532.0)
(978, 484.0523724555969, -1366065.5671191553, -69532.0)
(979, 485.0932946205139, -1366065.5671191553, -69532.0)
(980, 486.03673243522644, -1366065.5671191553, -69532.0)
(981, 487.1005127429962, -1366065.5671191553, -69532.0)
(982, 488.0027279853821, -1366065.5671191553, -69532.0)
(983, 488.94743299484253, -1366065.5671191553, -69532.0)
(984, 489.8169319629669, -1366065.5671191553, -69532.0)
(985, 490.8021721839905, -1366065.5671191553, -69532.0)
(986, 491.77931547164917, -1366065.5671191553, -69532.0)
(987, 492.77621936798096, -1366065.5671191553, -69532.0)
(988, 493.678448677063, -1366065.5671191553, -69532.0)
(989, 495.19792222976685, -1366065.5671191553, -69532.0)
(990, 496.29094195365906, -1366065.5671191553, -69532.0)
(991, 497.2820158004761, -1366065.5671191553, -69532.0)
(992, 498.29151344299316, -1366065.5671191553, -69532.0)
(993, 499.89754700660706, -1366065.5671191553, -69532.0)
(994, 500.89810371398926, -1366065.5671191553, -69532.0)
(995, 501.8898124694824, -1366065.5671191553, -69532.0)
(996, 502.84392786026, -1366065.5671191553, -69532.0)
(997, 503.84752202033997, -1366065.5671191553, -69532.0)
(998, 505.0545566082001, -1366065.5671191553, -69532.0)
(999, 506.1772985458374, -1366065.5671191553, -69532.0)
(1000, 507.33809328079224, -1366065.5671191553, -69532.0)
