(1, 0.22226548194885254, -1540441.0, -40421.0)
(2, 0.4295527935028076, -1540441.0, -40421.0)
(3, 0.6375954151153564, -1540441.0, -40421.0)
(4, 0.8451263904571533, -1540441.0, -40421.0)
(5, 1.0505585670471191, -1540441.0, -40421.0)
(6, 1.2580435276031494, -1540441.0, -40421.0)
(7, 1.467195749282837, -1540441.0, -40421.0)
(8, 1.6750617027282715, -1540441.0, -40421.0)
(9, 1.8829326629638672, -1540441.0, -40421.0)
(10, 2.0915262699127197, -1540441.0, -40421.0)
(11, 2.3015999794006348, -1540441.0, -40421.0)
(12, 2.511719226837158, -1540441.0, -40421.0)
(13, 2.72178316116333, -1540441.0, -40421.0)
(14, 2.93139386177063, -1540441.0, -40421.0)
(15, 3.1434152126312256, -1540441.0, -40421.0)
(16, 3.3565876483917236, -1540441.0, -40421.0)
(17, 3.571100950241089, -1540441.0, -40421.0)
(18, 3.7829430103302, -1501538.5, -40421.0)
(19, 3.9964404106140137, -1501538.5, -40421.0)
(20, 4.208399534225464, -1501538.5, -40421.0)
(21, 4.420569658279419, -1501538.5, -40421.0)
(22, 4.633429050445557, -1501538.5, -40421.0)
(23, 4.845982313156128, -1501538.5, -40421.0)
(24, 5.060568809509277, -1501538.5, -40421.0)
(25, 5.275644063949585, -1501538.5, -40421.0)
(26, 5.491361618041992, -1501538.5, -40421.0)
(27, 5.70890998840332, -1501538.5, -40421.0)
(28, 5.925158262252808, -1501538.5, -40421.0)
(29, 6.164053201675415, -1501538.5, -40421.0)
(30, 6.385780334472656, -1501538.5, -40421.0)
(31, 6.60546088218689, -1501538.5, -40421.0)
(32, 6.826962232589722, -1466648.3815789474, -40421.0)
(33, 7.048278093338013, -1466648.3815789474, -40421.0)
(34, 7.269224166870117, -1466648.3815789474, -40421.0)
(35, 7.4907896518707275, -1466648.3815789474, -40421.0)
(36, 7.714699029922485, -1466648.3815789474, -40421.0)
(37, 7.944985389709473, -1466648.3815789474, -40421.0)
(38, 8.16752815246582, -1466648.3815789474, -40421.0)
(39, 8.389097929000854, -1466648.3815789474, -40421.0)
(40, 8.615509271621704, -1466648.3815789474, -40421.0)
(41, 8.83820128440857, -1466648.3815789474, -40421.0)
(42, 9.06088137626648, -1426099.4324324324, -40421.0)
(43, 9.287424802780151, -1416712.7894736843, -40421.0)
(44, 9.513866901397705, -1416712.7894736843, -40421.0)
(45, 9.741111278533936, -1416712.7894736843, -40421.0)
(46, 9.96966290473938, -1416712.7894736843, -40421.0)
(47, 10.199201583862305, -1416712.7894736843, -40421.0)
(48, 10.42565107345581, -1416712.7894736843, -40421.0)
(49, 10.652496337890625, -1416712.7894736843, -40421.0)
(50, 10.879625797271729, -1416712.7894736843, -40421.0)
(51, 11.107020378112793, -1416712.7894736843, -40421.0)
(52, 11.336524724960327, -1416712.7894736843, -40421.0)
(53, 11.563035726547241, -1416712.7894736843, -40421.0)
(54, 11.791131973266602, -1416712.7894736843, -40421.0)
(55, 12.02579927444458, -1332618.1578947369, -40421.0)
(56, 12.260265588760376, -1332618.1578947369, -40421.0)
(57, 12.494205951690674, -1332618.1578947369, -40421.0)
(58, 12.728436708450317, -1332618.1578947369, -40421.0)
(59, 12.961921691894531, -1332618.1578947369, -40421.0)
(60, 13.199359893798828, -1332618.1578947369, -40421.0)
(61, 13.44075894355774, -1332618.1578947369, -40421.0)
(62, 13.679619789123535, -1332618.1578947369, -40421.0)
(63, 13.920444965362549, -1332618.1578947369, -40421.0)
(64, 14.156955480575562, -1330045.605263158, -40421.0)
(65, 14.421674013137817, -1330045.605263158, -40421.0)
(66, 14.66097354888916, -1330045.605263158, -40421.0)
(67, 14.911323308944702, -1330045.605263158, -40421.0)
(68, 15.148148536682129, -1330045.605263158, -40421.0)
(69, 15.385808229446411, -1323402.0285714285, -40421.0)
(70, 15.61743426322937, -1298763.2857142857, -40421.0)
(71, 15.85295820236206, -1298763.2857142857, -40421.0)
(72, 16.08539915084839, -1298763.2857142857, -40421.0)
(73, 16.320237398147583, -1298763.2857142857, -40421.0)
(74, 16.55734610557556, -1298763.2857142857, -40421.0)
(75, 16.818448543548584, -1242213.2222222222, -40421.0)
(76, 17.063117265701294, -1242213.2222222222, -40421.0)
(77, 17.305227518081665, -1242213.2222222222, -40421.0)
(78, 17.546179056167603, -1242213.2222222222, -40421.0)
(79, 17.786545038223267, -1242213.2222222222, -40421.0)
(80, 18.032417058944702, -1242213.2222222222, -40421.0)
(81, 18.282685041427612, -1242213.2222222222, -40421.0)
(82, 18.528140783309937, -1242213.2222222222, -40421.0)
(83, 18.770406246185303, -1225471.7567567567, -40421.0)
(84, 19.00972318649292, -1225471.7567567567, -40421.0)
(85, 19.251133680343628, -1225471.7567567567, -40421.0)
(86, 19.491634845733643, -1225471.7567567567, -40421.0)
(87, 19.745387077331543, -1225471.7567567567, -40421.0)
(88, 19.992547750473022, -1225471.7567567567, -40421.0)
(89, 20.24452519416809, -1215162.6666666667, -40421.0)
(90, 20.48786449432373, -1215162.6666666667, -40421.0)
(91, 20.7331964969635, -1206327.875, -40421.0)
(92, 20.977540254592896, -1129803.894736842, -40421.0)
(93, 21.220065593719482, -1129803.894736842, -40421.0)
(94, 21.45971965789795, -1129803.894736842, -40421.0)
(95, 21.700277090072632, -1129803.894736842, -40421.0)
(96, 21.940452337265015, -1129803.894736842, -40421.0)
(97, 22.18053650856018, -1129803.894736842, -40421.0)
(98, 22.424330234527588, -1129803.894736842, -40421.0)
(99, 22.663400888442993, -1129803.894736842, -40421.0)
(100, 22.909260511398315, -1129803.894736842, -40421.0)
(101, 23.154078006744385, -1068919.394736842, -40421.0)
(102, 23.396613597869873, -1068919.394736842, -40421.0)
(103, 23.637995958328247, -1068919.394736842, -40421.0)
(104, 23.887539386749268, -1068919.394736842, -40421.0)
(105, 24.125331163406372, -1068919.394736842, -40421.0)
(106, 24.365659475326538, -1068919.394736842, -40421.0)
(107, 24.60786533355713, -1068919.394736842, -40421.0)
(108, 24.852336406707764, -1068919.394736842, -40421.0)
(109, 25.0946843624115, -1068919.394736842, -40421.0)
(110, 25.339653730392456, -1068919.394736842, -40421.0)
(111, 25.588131189346313, -1068919.394736842, -40421.0)
(112, 25.832207918167114, -1068919.394736842, -40421.0)
(113, 26.07677435874939, -1030300.8684210526, -40421.0)
(114, 26.32478165626526, -1030300.8684210526, -40421.0)
(115, 26.57098698616028, -1030300.8684210526, -40421.0)
(116, 26.815531969070435, -1030300.8684210526, -40421.0)
(117, 27.05721092224121, -1030300.8684210526, -40421.0)
(118, 27.30378007888794, -1030300.8684210526, -40421.0)
(119, 27.550041437149048, -1030300.8684210526, -40421.0)
(120, 27.79885721206665, -1030300.8684210526, -40421.0)
(121, 28.074980974197388, -1030300.8684210526, -40421.0)
(122, 28.32485294342041, -1030300.8684210526, -40421.0)
(123, 28.579676389694214, -1030300.8684210526, -40421.0)
(124, 28.837548971176147, -987239.894736842, -40421.0)
(125, 29.105544090270996, -987239.894736842, -40421.0)
(126, 29.350977897644043, -987239.894736842, -40421.0)
(127, 29.59424638748169, -987239.894736842, -40421.0)
(128, 29.840089082717896, -987239.894736842, -40421.0)
(129, 30.086928606033325, -987239.894736842, -40421.0)
(130, 30.334158658981323, -987239.894736842, -40421.0)
(131, 30.587167739868164, -948088.5294117647, -40421.0)
(132, 30.84062147140503, -948088.5294117647, -40421.0)
(133, 31.095084190368652, -948088.5294117647, -40421.0)
(134, 31.347541570663452, -948088.5294117647, -40421.0)
(135, 31.602623462677002, -948088.5294117647, -40421.0)
(136, 31.854532480239868, -889523.8918918918, -40421.0)
(137, 32.10396671295166, -889523.8918918918, -40421.0)
(138, 32.34947347640991, -889523.8918918918, -40421.0)
(139, 32.595292806625366, -889523.8918918918, -40421.0)
(140, 32.843881368637085, -889523.8918918918, -40421.0)
(141, 33.09532856941223, -872248.6470588235, -40421.0)
(142, 33.35971474647522, -872248.6470588235, -40421.0)
(143, 33.609140157699585, -872248.6470588235, -40421.0)
(144, 33.863983392715454, -872248.6470588235, -40421.0)
(145, 34.11563754081726, -872248.6470588235, -40421.0)
(146, 34.36936330795288, -872248.6470588235, -40421.0)
(147, 34.63208889961243, -872248.6470588235, -40421.0)
(148, 34.89372444152832, -872248.6470588235, -40421.0)
(149, 35.15425252914429, -872248.6470588235, -40421.0)
(150, 35.410489082336426, -872248.6470588235, -40421.0)
(151, 35.668848276138306, -821077.0810810811, -40421.0)
(152, 35.925071477890015, -821077.0810810811, -40421.0)
(153, 36.174718618392944, -821077.0810810811, -40421.0)
(154, 36.42582130432129, -821077.0810810811, -40421.0)
(155, 36.677733182907104, -821077.0810810811, -40421.0)
(156, 36.931304693222046, -821077.0810810811, -40421.0)
(157, 37.18957781791687, -821077.0810810811, -40421.0)
(158, 37.44904947280884, -821077.0810810811, -40421.0)
(159, 37.70939493179321, -821077.0810810811, -40421.0)
(160, 37.96806192398071, -821077.0810810811, -40421.0)
(161, 38.22537136077881, -821077.0810810811, -40421.0)
(162, 38.48432517051697, -821077.0810810811, -40421.0)
(163, 38.74573373794556, -802840.2957746478, -40421.0)
(164, 39.011372089385986, -754600.2702702703, -40421.0)
(165, 39.27183127403259, -754600.2702702703, -40421.0)
(166, 39.52676725387573, -754600.2702702703, -40421.0)
(167, 39.7832407951355, -754600.2702702703, -40421.0)
(168, 40.03904891014099, -754600.2702702703, -40421.0)
(169, 40.29556441307068, -754600.2702702703, -40421.0)
(170, 40.55365014076233, -754600.2702702703, -40421.0)
(171, 40.81089425086975, -754600.2702702703, -40421.0)
(172, 41.074320793151855, -754600.2702702703, -40421.0)
(173, 41.34138894081116, -754600.2702702703, -40421.0)
(174, 41.60652422904968, -754600.2702702703, -40421.0)
(175, 41.874377727508545, -698736.8055555555, -40421.0)
(176, 42.171658515930176, -698736.8055555555, -40421.0)
(177, 42.43366813659668, -698736.8055555555, -40421.0)
(178, 42.6939594745636, -698736.8055555555, -40421.0)
(179, 42.952807903289795, -698736.8055555555, -40421.0)
(180, 43.21151423454285, -698736.8055555555, -40421.0)
(181, 43.47798156738281, -698736.8055555555, -40421.0)
(182, 43.74828910827637, -698736.8055555555, -40421.0)
(183, 44.0181827545166, -698736.8055555555, -40421.0)
(184, 44.28584599494934, -641455.4444444445, -40421.0)
(185, 44.55059504508972, -641455.4444444445, -40421.0)
(186, 44.81173372268677, -641455.4444444445, -40421.0)
(187, 45.068891286849976, -641455.4444444445, -40421.0)
(188, 45.327120780944824, -641455.4444444445, -40421.0)
(189, 45.59014892578125, -638302.6, -40421.0)
(190, 45.84747910499573, -638302.6, -40421.0)
(191, 46.11863350868225, -638302.6, -40421.0)
(192, 46.38889265060425, -638302.6, -40421.0)
(193, 46.654035806655884, -638302.6, -40421.0)
(194, 46.92323279380798, -638302.6, -40421.0)
(195, 47.19142556190491, -586857.2571428572, -40421.0)
(196, 47.45669960975647, -586857.2571428572, -40421.0)
(197, 47.71751093864441, -586857.2571428572, -40421.0)
(198, 47.97998666763306, -586857.2571428572, -40421.0)
(199, 48.239402294158936, -586857.2571428572, -40421.0)
(200, 48.503307580947876, -586857.2571428572, -40421.0)
(201, 48.76647162437439, -586857.2571428572, -40421.0)
(202, 49.036625623703, -586857.2571428572, -40421.0)
(203, 49.314404249191284, -586857.2571428572, -40421.0)
(204, 49.58968806266785, -586857.2571428572, -40421.0)
(205, 49.85817241668701, -586857.2571428572, -40421.0)
(206, 50.1243257522583, -586857.2571428572, -40421.0)
(207, 50.39282941818237, -586857.2571428572, -40421.0)
(208, 50.66896724700928, -586857.2571428572, -40421.0)
(209, 50.946329832077026, -586857.2571428572, -40421.0)
(210, 51.21548867225647, -586857.2571428572, -40421.0)
(211, 51.4877827167511, -586857.2571428572, -40421.0)
(212, 51.75949954986572, -533706.6857142857, -40421.0)
(213, 52.034345626831055, -533706.6857142857, -40421.0)
(214, 52.30903935432434, -533706.6857142857, -40421.0)
(215, 52.58194947242737, -533706.6857142857, -40421.0)
(216, 52.85011672973633, -533706.6857142857, -40421.0)
(217, 53.11758518218994, -533706.6857142857, -40421.0)
(218, 53.38631200790405, -533706.6857142857, -40421.0)
(219, 53.65672254562378, -533706.6857142857, -40421.0)
(220, 53.9387309551239, -521959.97142857144, -40421.0)
(221, 54.217493534088135, -521959.97142857144, -40421.0)
(222, 54.49602389335632, -521959.97142857144, -40421.0)
(223, 54.782710313797, -521959.97142857144, -40421.0)
(224, 55.06283617019653, -521959.97142857144, -40421.0)
(225, 55.346134185791016, -521959.97142857144, -40421.0)
(226, 55.63134717941284, -488473.0882352941, -40421.0)
(227, 55.918469190597534, -488473.0882352941, -40421.0)
(228, 56.19860625267029, -488473.0882352941, -40421.0)
(229, 56.48376154899597, -488473.0882352941, -40421.0)
(230, 56.77130842208862, -488473.0882352941, -40421.0)
(231, 57.055119037628174, -488473.0882352941, -40421.0)
(232, 57.33515119552612, -488473.0882352941, -40421.0)
(233, 57.612144470214844, -488473.0882352941, -40421.0)
(234, 57.89225101470947, -488473.0882352941, -40421.0)
(235, 58.167402267456055, -488473.0882352941, -40421.0)
(236, 58.45413398742676, -487043.9661016949, -40421.0)
(237, 58.75607371330261, -487043.9661016949, -40421.0)
(238, 59.04328393936157, -414201.0303030303, -40421.0)
(239, 59.32542300224304, -414201.0303030303, -40421.0)
(240, 59.60140943527222, -414201.0303030303, -40421.0)
(241, 59.87910866737366, -414201.0303030303, -40421.0)
(242, 60.15593194961548, -414201.0303030303, -40421.0)
(243, 60.4339439868927, -414201.0303030303, -40421.0)
(244, 60.71387481689453, -414201.0303030303, -40421.0)
(245, 61.00206136703491, -414201.0303030303, -40421.0)
(246, 61.29650092124939, -404371.4179104478, -40421.0)
(247, 61.631170988082886, -404371.4179104478, -40421.0)
(248, 61.925129890441895, -404371.4179104478, -40421.0)
(249, 62.20966029167175, -404371.4179104478, -40421.0)
(250, 62.49954676628113, -404371.4179104478, -40421.0)
(251, 62.790175676345825, -404371.4179104478, -40421.0)
(252, 63.083125591278076, -404371.4179104478, -40421.0)
(253, 63.378371477127075, -404371.4179104478, -40421.0)
(254, 63.6735520362854, -361504.96875, -40421.0)
(255, 63.96287941932678, -361504.96875, -40421.0)
(256, 64.24598002433777, -361504.96875, -40421.0)
(257, 64.52555632591248, -361504.96875, -40421.0)
(258, 64.80479383468628, -361504.96875, -40421.0)
(259, 65.09066867828369, -361504.96875, -40421.0)
(260, 65.38075566291809, -358892.6666666667, -40421.0)
(261, 65.66636657714844, -358892.6666666667, -40421.0)
(262, 65.9631597995758, -358892.6666666667, -40421.0)
(263, 66.24487519264221, -358892.6666666667, -40421.0)
(264, 66.53145384788513, -358892.6666666667, -40421.0)
(265, 66.82670497894287, -358892.6666666667, -40421.0)
(266, 67.1184196472168, -315661.1176470588, -40421.0)
(267, 67.42591404914856, -315661.1176470588, -40421.0)
(268, 67.74152088165283, -315661.1176470588, -40421.0)
(269, 68.05568242073059, -315661.1176470588, -40421.0)
(270, 68.37005043029785, -315661.1176470588, -40421.0)
(271, 68.67901039123535, -315661.1176470588, -40421.0)
(272, 68.98188209533691, -315661.1176470588, -40421.0)
(273, 69.2746696472168, -310694.3333333333, -40421.0)
(274, 69.58517050743103, -310694.3333333333, -40421.0)
(275, 69.8847177028656, -310694.3333333333, -40421.0)
(276, 70.18110799789429, -310694.3333333333, -40421.0)
(277, 70.47044014930725, -310694.3333333333, -40421.0)
(278, 70.77364706993103, -310694.3333333333, -40421.0)
(279, 71.07025003433228, -310694.3333333333, -40421.0)
(280, 71.36055421829224, -310694.3333333333, -40421.0)
(281, 71.6558928489685, -310694.3333333333, -40421.0)
(282, 71.95645213127136, -310694.3333333333, -40421.0)
(283, 72.28946375846863, -266358.71875, -40421.0)
(284, 72.60508871078491, -266358.71875, -40421.0)
(285, 72.89364099502563, -266358.71875, -40421.0)
(286, 73.18315052986145, -266358.71875, -40421.0)
(287, 73.47374606132507, -266358.71875, -40421.0)
(288, 73.76672959327698, -266358.71875, -40421.0)
(289, 74.06213116645813, -266358.71875, -40421.0)
(290, 74.36071681976318, -266358.71875, -40421.0)
(291, 74.69419002532959, -223880.61290322582, -40421.0)
(292, 75.00237989425659, -223880.61290322582, -40421.0)
(293, 75.33391785621643, -223880.61290322582, -40421.0)
(294, 75.65114903450012, -223880.61290322582, -40421.0)
(295, 75.99651980400085, -223880.61290322582, -40421.0)
(296, 76.31195449829102, -223880.61290322582, -40421.0)
(297, 76.64547848701477, -223880.61290322582, -40421.0)
(298, 76.9794282913208, -193682.40000000002, -40421.0)
(299, 77.29037976264954, -193682.40000000002, -40421.0)
(300, 77.59971976280212, -193682.40000000002, -40421.0)
(301, 77.89967203140259, -193682.40000000002, -40421.0)
(302, 78.20810914039612, -190023.3448275862, -40421.0)
(303, 78.51984167098999, -162429.11538461538, -40421.0)
(304, 78.83469343185425, -162429.11538461538, -40421.0)
(305, 79.13561773300171, -160260.2857142857, -40421.0)
(306, 79.44465112686157, -160260.2857142857, -40421.0)
(307, 79.73597002029419, -160260.2857142857, -40421.0)
(308, 80.03174877166748, -160260.2857142857, -40421.0)
(309, 80.32479119300842, -160260.2857142857, -40421.0)
(310, 80.622309923172, -143878.49999999997, -40421.0)
(311, 80.93112897872925, -126954.5, -40421.0)
(312, 81.25394082069397, -126954.5, -40421.0)
(313, 81.58153533935547, -126954.5, -40421.0)
(314, 81.8963851928711, -126954.5, -40421.0)
(315, 82.19880223274231, -126954.5, -40421.0)
(316, 82.50146651268005, -126954.5, -40421.0)
(317, 82.80943059921265, -126954.5, -40421.0)
(318, 83.13380527496338, -120528.82608695651, -40421.0)
(319, 83.45092296600342, -104396.0, -40421.0)
(320, 83.76419234275818, -104396.0, -40421.0)
(321, 84.08117079734802, -104396.0, -40421.0)
(322, 84.44763565063477, -104396.0, -40421.0)
(323, 84.7869942188263, -104396.0, -40421.0)
(324, 85.09471487998962, -104396.0, -40421.0)
(325, 85.4410948753357, -104396.0, -40421.0)
(326, 85.85703945159912, -104396.0, -40421.0)
(327, 86.16320753097534, -104396.0, -40421.0)
(328, 86.52207803726196, -104396.0, -40421.0)
(329, 86.90203261375427, -104396.0, -40421.0)
(330, 87.34075951576233, -104396.0, -40421.0)
(331, 87.81270360946655, -104396.0, -40421.0)
(332, 88.24214720726013, -104396.0, -40421.0)
(333, 88.71299290657043, -104396.0, -40421.0)
(334, 89.20926141738892, -104396.0, -40421.0)
(335, 89.74795603752136, -104396.0, -40421.0)
(336, 90.2919270992279, -104396.0, -40421.0)
(337, 91.03673124313354, -104396.0, -40421.0)
(338, 91.46794390678406, -104396.0, -40421.0)
(339, 91.90830898284912, -104396.0, -40421.0)
(340, 92.44220280647278, -104396.0, -40421.0)
(341, 92.85271453857422, -104396.0, -40421.0)
(342, 93.54410886764526, -104396.0, -40421.0)
(343, 94.44373846054077, -104396.0, -40421.0)
(344, 96.05535769462585, -104396.0, -40421.0)
(345, 97.75422716140747, -104396.0, -40421.0)
(346, 99.31100678443909, -104396.0, -40421.0)
(347, 100.82482767105103, -104396.0, -40421.0)
(348, 102.17560744285583, -104396.0, -40421.0)
(349, 103.23898386955261, -104396.0, -40421.0)
(350, 104.94380235671997, -104396.0, -40421.0)
(351, 106.01900935173035, -104396.0, -40421.0)
(352, 106.58590531349182, -104396.0, -40421.0)
(353, 108.17464017868042, -104396.0, -40421.0)
(354, 109.57151699066162, -104396.0, -40421.0)
(355, 111.30589652061462, -104396.0, -40421.0)
(356, 113.70410442352295, -104396.0, -40421.0)
(357, 115.47481775283813, -104396.0, -40421.0)
(358, 117.02871656417847, -104396.0, -40421.0)
(359, 128.74330639839172, -64552.01194820997, -61760.05932829334)
(360, 129.87654304504395, -62007.35669781933, -61847.68847352025)
(361, 130.64500665664673, -61870.57657647294, -61865.34698510579)
(362, 131.1332733631134, -61865.4145597444, -61865.41455974441)
(363, 131.52301216125488, -61865.41455974439, -61865.41455974441)
