(1, 0.10239124298095703, -185737.0, -10682.0)
(2, 0.23076891899108887, -104103.02666239787, -10682.0)
(3, 0.33899974822998047, -48279.37658144448, -10682.0)
(4, 0.45209240913391113, -29719.61758005925, -10682.0)
(5, 0.5754208564758301, -19748.326353741228, -10682.0)
(6, 0.7072916030883789, -15808.418211573868, -10682.0)
(7, 0.8364737033843994, -14223.795447752957, -10682.0)
(8, 0.9724867343902588, -13124.7230327469, -10682.0)
(9, 1.114774465560913, -12817.61690980855, -12686.0)
(10, 1.2531094551086426, -12725.485072942434, -12686.0)
(11, 1.4028747081756592, -12697.845521882955, -12686.0)
(12, 1.5445530414581299, -12689.553656564822, -12686.0)
(13, 1.6852591037750244, -12687.06609696832, -12686.0)
(14, 1.8285853862762451, -12686.319829088503, -12686.0)
(15, 1.972823143005371, -12686.095948723501, -12686.0)
(16, 2.1189966201782227, -12686.028784616637, -12686.0)
(17, 2.2706298828125, -12686.008635384993, -12686.0)
(18, 2.4193718433380127, -12686.002590614891, -12686.0)
