(1, 0.04208731651306152, -153848.0, -28411.0)
(2, 0.0856618881225586, -85628.70053467886, -28411.0)
(3, 0.13148999214172363, -71196.43471324132, -28411.0)
(4, 0.18421721458435059, -64045.84282837584, -28411.0)
(5, 0.24435067176818848, -59389.449134597206, -28411.0)
(6, 0.3143613338470459, -58322.743136187346, -28411.0)
(7, 0.3841981887817383, -54073.670289367896, -28411.0)
(8, 0.4553337097167969, -52026.11307783764, -28411.0)
(9, 0.528937816619873, -48134.29784981624, -28411.0)
(10, 0.617393970489502, -44098.96410913587, -28411.0)
(11, 0.6993567943572998, -40563.536542379166, -28411.0)
(12, 0.8042325973510742, -36090.3852651336, -28411.0)
(13, 0.9151368141174316, -33824.2568934617, -32234.584699453546)
(14, 1.033726692199707, -32997.70748211932, -32261.281976744183)
(15, 1.154773235321045, -32628.717354792578, -32337.208972845336)
(16, 1.2763724327087402, -32476.492844635744, -32346.265306122445)
(17, 1.3991246223449707, -32402.505470253847, -32355.56985294119)
(18, 1.5337762832641602, -32378.053691225752, -32355.56985294119)
(19, 1.6751172542572021, -32366.517534576727, -32356.826086956527)
(20, 1.8168082237243652, -32361.856818474866, -32358.239999999994)
(21, 1.9598431587219238, -32361.856818474866, -32358.239999999994)
(22, 2.093750238418579, -32359.32504553235, -32358.240000000013)
(23, 2.23354172706604, -32358.92874079994, -32358.239999999998)
(24, 2.3789501190185547, -32358.728364269886, -32358.239999999987)
(25, 2.5264980792999268, -32358.386509279073, -32358.239999999998)
(26, 2.6661837100982666, -32358.283952784233, -32358.239999999994)
(27, 2.816218137741089, -32358.253185838905, -32358.239999999998)
(28, 2.9707446098327637, -32358.243955739592, -32358.240000000005)
