(1, 0.015074729919433594, -84490.0, -24037.0)
(2, 0.029549598693847656, -84490.0, -24037.0)
(3, 0.04422640800476074, -84490.0, -24037.0)
(4, 0.058630943298339844, -84490.0, -24037.0)
(5, 0.07326602935791016, -84490.0, -24037.0)
(6, 0.08762741088867188, -84490.0, -24037.0)
(7, 0.10229063034057617, -84490.0, -24037.0)
(8, 0.11705780029296875, -84490.0, -24037.0)
(9, 0.13185930252075195, -84490.0, -24037.0)
(10, 0.14647269248962402, -84490.0, -24037.0)
(11, 0.16118621826171875, -84490.0, -24037.0)
(12, 0.17579913139343262, -84490.0, -24037.0)
(13, 0.19055938720703125, -84490.0, -24037.0)
(14, 0.20516419410705566, -84490.0, -24037.0)
(15, 0.21975469589233398, -84490.0, -24037.0)
(16, 0.23437809944152832, -84490.0, -24037.0)
(17, 0.24895143508911133, -84490.0, -24037.0)
(18, 0.26303601264953613, -84490.0, -24037.0)
(19, 0.2782094478607178, -84490.0, -24037.0)
(20, 0.29291200637817383, -84490.0, -24037.0)
(21, 0.3075277805328369, -84490.0, -24037.0)
(22, 0.322110652923584, -84490.0, -24037.0)
(23, 0.3367321491241455, -84490.0, -24037.0)
(24, 0.35118842124938965, -84490.0, -24037.0)
(25, 0.366100549697876, -84490.0, -24037.0)
(26, 0.38066649436950684, -84490.0, -24037.0)
(27, 0.395263671875, -84490.0, -24037.0)
(28, 0.410778284072876, -84490.0, -24037.0)
(29, 0.4260597229003906, -84490.0, -24037.0)
(30, 0.4407637119293213, -84490.0, -24037.0)
(31, 0.45630764961242676, -84490.0, -24037.0)
(32, 0.47214794158935547, -84490.0, -24037.0)
(33, 0.4956526756286621, -84490.0, -24037.0)
(34, 0.5120007991790771, -84490.0, -24037.0)
(35, 0.5275170803070068, -84490.0, -24037.0)
(36, 0.5434699058532715, -84490.0, -24037.0)
(37, 0.558525562286377, -84490.0, -24037.0)
(38, 0.5741791725158691, -84490.0, -24037.0)
(39, 0.5904028415679932, -84490.0, -24037.0)
(40, 0.605726957321167, -84490.0, -24037.0)
(41, 0.6229438781738281, -84490.0, -24037.0)
(42, 0.64028000831604, -84490.0, -24037.0)
(43, 0.6560134887695312, -84490.0, -24037.0)
(44, 0.672003984451294, -84490.0, -24037.0)
(45, 0.6879003047943115, -84490.0, -24037.0)
(46, 0.7036116123199463, -84490.0, -24037.0)
(47, 0.7201359272003174, -84490.0, -24037.0)
(48, 0.7504630088806152, -84490.0, -24037.0)
(49, 0.7671515941619873, -84490.0, -24037.0)
(50, 0.7889294624328613, -84490.0, -24037.0)
(51, 0.804387092590332, -84490.0, -24037.0)
(52, 0.8357830047607422, -84490.0, -24037.0)
(53, 0.853675365447998, -84490.0, -24037.0)
(54, 0.8689022064208984, -84490.0, -24037.0)
(55, 0.8967947959899902, -84490.0, -24037.0)
(56, 0.9227800369262695, -84490.0, -24037.0)
(57, 0.9583146572113037, -84490.0, -24037.0)
(58, 0.9743194580078125, -84490.0, -24037.0)
(59, 1.0078673362731934, -84490.0, -24037.0)
(60, 1.0391666889190674, -84490.0, -24037.0)
(61, 1.072706937789917, -84490.0, -24037.0)
(62, 1.0900766849517822, -84490.0, -24037.0)
(63, 1.1064631938934326, -84490.0, -24037.0)
(64, 1.1234486103057861, -84490.0, -24037.0)
(65, 1.1565766334533691, -84490.0, -24037.0)
(66, 1.1917164325714111, -84490.0, -24037.0)
(67, 1.2257921695709229, -84490.0, -24037.0)
(68, 1.2579035758972168, -84490.0, -24037.0)
(69, 1.275681972503662, -84490.0, -24037.0)
(70, 1.3117454051971436, -84490.0, -24037.0)
(71, 1.344005823135376, -84490.0, -24037.0)
(72, 1.377166509628296, -84490.0, -24037.0)
(73, 1.4101922512054443, -84490.0, -24037.0)
(74, 1.4444527626037598, -84490.0, -24037.0)
(75, 1.477553129196167, -84490.0, -24037.0)
(76, 1.5107808113098145, -84490.0, -24037.0)
(77, 1.5445828437805176, -84490.0, -24037.0)
(78, 1.5778937339782715, -84490.0, -24037.0)
(79, 1.611445665359497, -84490.0, -24037.0)
(80, 1.644167184829712, -84490.0, -24037.0)
(81, 1.6775295734405518, -84490.0, -24037.0)
(82, 1.7098326683044434, -84490.0, -24037.0)
(83, 1.7428631782531738, -84490.0, -24037.0)
(84, 1.77683687210083, -84490.0, -24037.0)
(85, 1.8105156421661377, -84490.0, -24037.0)
(86, 1.8444552421569824, -84490.0, -24037.0)
(87, 1.8781075477600098, -84490.0, -24037.0)
(88, 1.9092342853546143, -84490.0, -24037.0)
(89, 1.9431040287017822, -84490.0, -24037.0)
(90, 1.976806879043579, -84490.0, -24037.0)
(91, 2.010402202606201, -84490.0, -24037.0)
(92, 2.0438649654388428, -84490.0, -24037.0)
(93, 2.0779356956481934, -84490.0, -24037.0)
(94, 2.1100234985351562, -84490.0, -24037.0)
(95, 2.142717123031616, -84490.0, -24037.0)
(96, 2.176889181137085, -84490.0, -24037.0)
(97, 2.2113230228424072, -84490.0, -24037.0)
(98, 2.24511981010437, -84490.0, -24037.0)
(99, 2.2780699729919434, -84490.0, -24037.0)
(100, 2.311710834503174, -84490.0, -24037.0)
(101, 2.344918727874756, -84490.0, -24037.0)
(102, 2.377307653427124, -84490.0, -24037.0)
(103, 2.4108402729034424, -84490.0, -24037.0)
(104, 2.443992853164673, -84490.0, -24037.0)
(105, 2.4770777225494385, -84490.0, -24037.0)
(106, 2.5120551586151123, -84490.0, -24037.0)
(107, 2.545985221862793, -84490.0, -24037.0)
(108, 2.579021453857422, -84490.0, -24037.0)
(109, 2.612565755844116, -84490.0, -24037.0)
(110, 2.64569091796875, -84490.0, -24037.0)
(111, 2.680126190185547, -84490.0, -24037.0)
(112, 2.7147340774536133, -84490.0, -24037.0)
(113, 2.7469019889831543, -84490.0, -24037.0)
(114, 2.7796361446380615, -84490.0, -24037.0)
(115, 2.8123350143432617, -84490.0, -24037.0)
(116, 2.845179796218872, -84490.0, -24037.0)
(117, 2.8799259662628174, -84490.0, -24037.0)
(118, 2.9144351482391357, -84490.0, -24037.0)
(119, 2.9488742351531982, -84490.0, -24037.0)
(120, 2.983839273452759, -84490.0, -24037.0)
(121, 3.017840623855591, -84490.0, -24037.0)
(122, 3.051239013671875, -84490.0, -24037.0)
(123, 3.0862700939178467, -84490.0, -24037.0)
(124, 3.1215763092041016, -84490.0, -24037.0)
(125, 3.1567494869232178, -84490.0, -24037.0)
(126, 3.1906659603118896, -84490.0, -24037.0)
(127, 3.22538161277771, -84490.0, -24037.0)
(128, 3.259131669998169, -84490.0, -24037.0)
(129, 3.294292449951172, -84490.0, -24037.0)
(130, 3.3293609619140625, -84490.0, -24037.0)
(131, 3.3653056621551514, -84490.0, -24037.0)
(132, 3.4011666774749756, -84490.0, -24037.0)
(133, 3.43636417388916, -84490.0, -24037.0)
(134, 3.4697048664093018, -84490.0, -24037.0)
(135, 3.506378173828125, -84490.0, -24037.0)
(136, 3.5421082973480225, -84490.0, -24037.0)
(137, 3.5774524211883545, -84490.0, -24037.0)
(138, 3.612666130065918, -84490.0, -24037.0)
(139, 3.6480648517608643, -84490.0, -24037.0)
(140, 3.6821341514587402, -84490.0, -24037.0)
(141, 3.718005657196045, -84490.0, -24037.0)
(142, 3.753277063369751, -84490.0, -24037.0)
(143, 3.789447546005249, -84490.0, -24037.0)
(144, 3.824087381362915, -84490.0, -24037.0)
(145, 3.8618295192718506, -79436.60133137491, -24037.0)
(146, 3.8992083072662354, -79436.60133137491, -24037.0)
(147, 3.9352030754089355, -79436.60133137491, -24037.0)
(148, 3.969061851501465, -79436.60133137491, -24037.0)
(149, 4.00369930267334, -79436.60133137491, -24037.0)
(150, 4.038748264312744, -79436.60133137491, -24037.0)
(151, 4.073703765869141, -79436.60133137491, -24037.0)
(152, 4.107699632644653, -79436.60133137491, -24037.0)
(153, 4.142789602279663, -79436.60133137491, -24037.0)
(154, 4.177890777587891, -79436.60133137491, -24037.0)
(155, 4.212252616882324, -79436.60133137491, -24037.0)
(156, 4.249096155166626, -79436.60133137491, -24037.0)
(157, 4.283177614212036, -79436.60133137491, -24037.0)
(158, 4.317746877670288, -79436.60133137491, -24037.0)
(159, 4.351507663726807, -79436.60133137491, -24037.0)
(160, 4.387406349182129, -79436.60133137491, -24037.0)
(161, 4.423271656036377, -79436.60133137491, -24037.0)
(162, 4.458228349685669, -79436.60133137491, -24037.0)
(163, 4.492928981781006, -79436.60133137491, -24037.0)
(164, 4.5269622802734375, -79436.60133137491, -24037.0)
(165, 4.561513423919678, -79436.60133137491, -24037.0)
(166, 4.596081495285034, -79436.60133137491, -24037.0)
(167, 4.632750749588013, -79436.60133137491, -24037.0)
(168, 4.666930437088013, -79436.60133137491, -24037.0)
(169, 4.703705310821533, -79436.60133137491, -24037.0)
(170, 4.740554571151733, -79436.60133137491, -24037.0)
(171, 4.7776038646698, -79436.60133137491, -24037.0)
(172, 4.813119411468506, -79436.60133137491, -24037.0)
(173, 4.8501505851745605, -79436.60133137491, -24037.0)
(174, 4.889598608016968, -79436.60133137491, -24037.0)
(175, 4.9268553256988525, -79436.60133137491, -24037.0)
(176, 4.962125778198242, -79436.60133137491, -24037.0)
(177, 4.995669841766357, -79436.60133137491, -24037.0)
(178, 5.031299591064453, -79436.60133137491, -24037.0)
(179, 5.065748929977417, -79436.60133137491, -24037.0)
(180, 5.099640607833862, -79436.60133137491, -24037.0)
(181, 5.136916399002075, -79436.60133137491, -24037.0)
(182, 5.173912525177002, -79436.60133137491, -24037.0)
(183, 5.208241701126099, -79436.60133137491, -24037.0)
(184, 5.242802619934082, -79436.60133137491, -24037.0)
(185, 5.277641296386719, -79436.60133137491, -24037.0)
(186, 5.312164068222046, -79436.60133137491, -24037.0)
(187, 5.347548961639404, -79436.60133137491, -24037.0)
(188, 5.384493350982666, -79436.60133137491, -24037.0)
(189, 5.4208574295043945, -79436.60133137491, -24037.0)
(190, 5.455468416213989, -79436.60133137491, -24037.0)
(191, 5.489846229553223, -79436.60133137491, -24037.0)
(192, 5.52679705619812, -79436.60133137491, -24037.0)
(193, 5.5618274211883545, -79436.60133137491, -24037.0)
(194, 5.597808122634888, -79436.60133137491, -24037.0)
(195, 5.63446569442749, -79436.60133137491, -24037.0)
(196, 5.671632289886475, -79436.60133137491, -24037.0)
(197, 5.710344076156616, -79436.60133137491, -24037.0)
(198, 5.748422384262085, -79436.60133137491, -24037.0)
(199, 5.786154270172119, -79436.60133137491, -24037.0)
(200, 5.825716495513916, -79436.60133137491, -24037.0)
(201, 5.865245580673218, -79436.60133137491, -24037.0)
(202, 5.902775287628174, -79436.60133137491, -24037.0)
(203, 5.941174268722534, -79436.60133137491, -24037.0)
(204, 5.979165077209473, -79436.60133137491, -24037.0)
(205, 6.021198749542236, -79436.60133137491, -24037.0)
(206, 6.064115285873413, -74860.66514868115, -24037.0)
(207, 6.103238344192505, -74860.66514868115, -24037.0)
(208, 6.143653392791748, -74860.66514868115, -24037.0)
(209, 6.179867744445801, -74860.66514868115, -24037.0)
(210, 6.216010570526123, -74860.66514868115, -24037.0)
(211, 6.2544355392456055, -74860.66514868115, -24037.0)
(212, 6.29018497467041, -74860.66514868115, -24037.0)
(213, 6.325715065002441, -74860.66514868115, -24037.0)
(214, 6.361083745956421, -74860.66514868115, -24037.0)
(215, 6.3958563804626465, -74860.66514868115, -24037.0)
(216, 6.433449983596802, -74860.66514868115, -24037.0)
(217, 6.469252824783325, -74860.66514868115, -24037.0)
(218, 6.506758689880371, -74860.66514868115, -24037.0)
(219, 6.543198347091675, -74860.66514868115, -24037.0)
(220, 6.58146595954895, -74860.66514868115, -24037.0)
(221, 6.6184093952178955, -74860.66514868115, -24037.0)
(222, 6.655083179473877, -74860.66514868115, -24037.0)
(223, 6.690891265869141, -74860.66514868115, -24037.0)
(224, 6.726144790649414, -74860.66514868115, -24037.0)
(225, 6.76163649559021, -74860.66514868115, -24037.0)
(226, 6.800614356994629, -74860.66514868115, -24037.0)
(227, 6.836393594741821, -74860.66514868115, -24037.0)
(228, 6.8748459815979, -74860.66514868115, -24037.0)
(229, 6.913825988769531, -74860.66514868115, -24037.0)
(230, 6.9534406661987305, -74860.66514868115, -24037.0)
(231, 6.991692543029785, -74860.66514868115, -24037.0)
(232, 7.032023668289185, -74860.66514868115, -24037.0)
(233, 7.067636966705322, -74860.66514868115, -24037.0)
(234, 7.1032490730285645, -74860.66514868115, -24037.0)
(235, 7.138995409011841, -74860.66514868115, -24037.0)
(236, 7.174368381500244, -74860.66514868115, -24037.0)
(237, 7.210928201675415, -74860.66514868115, -24037.0)
(238, 7.247543811798096, -74860.66514868115, -24037.0)
(239, 7.2869298458099365, -74860.66514868115, -24037.0)
(240, 7.322925806045532, -74860.66514868115, -24037.0)
(241, 7.359168291091919, -74860.66514868115, -24037.0)
(242, 7.395690441131592, -74860.66514868115, -24037.0)
(243, 7.432748794555664, -74860.66514868115, -24037.0)
(244, 7.46830940246582, -74860.66514868115, -24037.0)
(245, 7.508161544799805, -74860.66514868115, -24037.0)
(246, 7.5436975955963135, -74860.66514868115, -24037.0)
(247, 7.584242582321167, -74860.66514868115, -24037.0)
(248, 7.6232898235321045, -74860.66514868115, -24037.0)
(249, 7.6602113246917725, -74860.66514868115, -24037.0)
(250, 7.697402715682983, -74860.66514868115, -24037.0)
(251, 7.734638214111328, -74860.66514868115, -24037.0)
(252, 7.7711029052734375, -74860.66514868115, -24037.0)
(253, 7.810346364974976, -74860.66514868115, -24037.0)
(254, 7.851623296737671, -74860.66514868115, -24037.0)
(255, 7.8913352489471436, -74860.66514868115, -24037.0)
(256, 7.93502950668335, -74860.66514868115, -24037.0)
(257, 7.973790884017944, -74860.66514868115, -24037.0)
(258, 8.013540029525757, -74860.66514868115, -24037.0)
(259, 8.050532817840576, -74860.66514868115, -24037.0)
(260, 8.096875667572021, -74860.66514868115, -24037.0)
(261, 8.137513875961304, -74860.66514868115, -24037.0)
(262, 8.177945613861084, -74860.66514868115, -24037.0)
(263, 8.218506097793579, -74860.66514868115, -24037.0)
(264, 8.253071784973145, -74860.66514868115, -24037.0)
(265, 8.286339044570923, -74860.66514868115, -24037.0)
(266, 8.322436571121216, -74860.66514868115, -24037.0)
(267, 8.350016355514526, -74860.66514868115, -24037.0)
(268, 8.37649941444397, -74860.66514868115, -24037.0)
(269, 8.39845323562622, -74860.66514868115, -24037.0)
(270, 8.418260097503662, -74860.66514868115, -24037.0)
(271, 8.440447330474854, -74860.66514868115, -24037.0)
(272, 8.462689399719238, -74860.66514868115, -24037.0)
(273, 8.481530904769897, -74860.66514868115, -24037.0)
(274, 8.506782531738281, -74860.66514868115, -24037.0)
(275, 8.528903007507324, -74860.66514868115, -24037.0)
(276, 8.55176591873169, -74860.66514868115, -24037.0)
(277, 8.574437141418457, -74860.66514868115, -24037.0)
(278, 8.594834089279175, -74860.66514868115, -24037.0)
(279, 8.613590478897095, -74860.66514868115, -24037.0)
(280, 8.637717485427856, -74860.66514868115, -24037.0)
(281, 8.65831208229065, -74860.66514868115, -24037.0)
(282, 8.681375503540039, -74860.66514868115, -24037.0)
(283, 8.705126762390137, -74860.66514868115, -24037.0)
(284, 8.728111028671265, -74860.66514868115, -24037.0)
(285, 8.755255222320557, -74860.66514868115, -24037.0)
(286, 8.787246942520142, -74860.66514868115, -24037.0)
(287, 8.831804752349854, -74860.66514868115, -24037.0)
(288, 8.865713596343994, -74860.66514868115, -24037.0)
(289, 8.896743774414062, -74860.66514868115, -24037.0)
(290, 8.926169157028198, -74860.66514868115, -24037.0)
(291, 8.950542211532593, -74860.66514868115, -24037.0)
(292, 8.977344751358032, -74860.66514868115, -24037.0)
(293, 9.003958463668823, -74860.66514868115, -24037.0)
(294, 9.028680086135864, -74860.66514868115, -24037.0)
(295, 9.053374290466309, -74860.66514868115, -24037.0)
(296, 9.078821897506714, -74860.66514868115, -24037.0)
(297, 9.109094142913818, -74860.66514868115, -24037.0)
(298, 9.139321565628052, -74860.66514868115, -24037.0)
(299, 9.181573629379272, -74860.66514868115, -24037.0)
(300, 9.21481204032898, -74860.66514868115, -24037.0)
(301, 9.25155520439148, -74860.66514868115, -24037.0)
(302, 9.277574062347412, -74860.66514868115, -24037.0)
(303, 9.307884931564331, -74860.66514868115, -24037.0)
(304, 9.336280822753906, -74860.66514868115, -24037.0)
(305, 9.359830856323242, -74860.66514868115, -24037.0)
(306, 9.38507628440857, -74860.66514868115, -24037.0)
(307, 9.417544841766357, -74860.66514868115, -24037.0)
(308, 9.44624638557434, -74860.66514868115, -24037.0)
(309, 9.474414348602295, -74860.66514868115, -24037.0)
(310, 9.506947755813599, -74860.66514868115, -24037.0)
(311, 9.540797710418701, -74860.66514868115, -24037.0)
(312, 9.566716432571411, -74860.66514868115, -24037.0)
(313, 9.59361219406128, -74860.66514868115, -24037.0)
(314, 9.63154125213623, -74860.66514868115, -24037.0)
(315, 9.6645827293396, -74860.66514868115, -24037.0)
(316, 9.702264785766602, -74860.66514868115, -24037.0)
(317, 9.738268375396729, -74860.66514868115, -24037.0)
(318, 9.77458143234253, -74860.66514868115, -24037.0)
(319, 9.817551136016846, -74860.66514868115, -24037.0)
(320, 9.840576171875, -74860.66514868115, -24037.0)
(321, 9.876329898834229, -74860.66514868115, -24037.0)
(322, 9.9365816116333, -74860.66514868115, -24037.0)
(323, 9.976723909378052, -74860.66514868115, -24037.0)
(324, 10.007477283477783, -74860.66514868115, -24037.0)
(325, 10.033457279205322, -74860.66514868115, -24037.0)
(326, 10.061248064041138, -74860.66514868115, -24037.0)
(327, 10.088557720184326, -74860.66514868115, -24037.0)
(328, 10.115031957626343, -74860.66514868115, -24037.0)
(329, 10.135332584381104, -74860.66514868115, -24037.0)
(330, 10.161273717880249, -74860.66514868115, -24037.0)
(331, 10.188065767288208, -74860.66514868115, -24037.0)
(332, 10.22493028640747, -74860.66514868115, -24037.0)
(333, 10.267718076705933, -74860.66514868115, -24037.0)
(334, 10.315616607666016, -74860.66514868115, -24037.0)
(335, 10.385607719421387, -74860.66514868115, -24037.0)
(336, 10.43648624420166, -74860.66514868115, -24037.0)
(337, 10.517830610275269, -33505.133737100616, -29555.80512579014)
(338, 10.570088863372803, -30998.51316891819, -29710.539644562545)
(339, 10.618900299072266, -30151.18914355618, -29770.83469025144)
(340, 10.658901453018188, -30031.50873838622, -29781.719006908406)
(341, 10.69436526298523, -29899.63450572696, -29789.535383441682)
(342, 10.726921081542969, -29867.905808503776, -29792.675988852126)
(343, 10.761660099029541, -29835.038146376362, -29795.2983326932)
(344, 10.794697284698486, -29810.696665478274, -29796.570076039257)
(345, 10.812862157821655, -29796.574742268174, -29796.574742268036)
(346, 10.833667516708374, -29796.574742268174, -29796.574742268047)
