(1, 0.26496100425720215, -2383547.0, -58115.0)
(2, 0.5130312442779541, -2383547.0, -58115.0)
(3, 0.7614212036132812, -2383547.0, -58115.0)
(4, 1.009002685546875, -2383547.0, -58115.0)
(5, 1.2570717334747314, -2383547.0, -58115.0)
(6, 1.5050156116485596, -2383547.0, -58115.0)
(7, 1.753976821899414, -2383547.0, -58115.0)
(8, 2.0035688877105713, -2383547.0, -58115.0)
(9, 2.2543418407440186, -2383547.0, -58115.0)
(10, 2.506413698196411, -2383547.0, -58115.0)
(11, 2.758028984069824, -2383547.0, -58115.0)
(12, 3.0097200870513916, -2383547.0, -58115.0)
(13, 3.26332426071167, -2383547.0, -58115.0)
(14, 3.517737865447998, -2383547.0, -58115.0)
(15, 3.7733278274536133, -2383547.0, -58115.0)
(16, 4.028478622436523, -2383547.0, -58115.0)
(17, 4.285725116729736, -2383547.0, -58115.0)
(18, 4.542348384857178, -2383547.0, -58115.0)
(19, 4.800293207168579, -2383547.0, -58115.0)
(20, 5.061304092407227, -2383547.0, -58115.0)
(21, 5.323027610778809, -2383547.0, -58115.0)
(22, 5.583863735198975, -2383547.0, -58115.0)
(23, 5.845343589782715, -2383547.0, -58115.0)
(24, 6.107886552810669, -2383547.0, -58115.0)
(25, 6.3708579540252686, -2383547.0, -58115.0)
(26, 6.634936809539795, -2383547.0, -58115.0)
(27, 6.899081707000732, -2383547.0, -58115.0)
(28, 7.1645872592926025, -2383547.0, -58115.0)
(29, 7.43071985244751, -2383547.0, -58115.0)
(30, 7.700236558914185, -2383547.0, -58115.0)
(31, 7.96954870223999, -2383547.0, -58115.0)
(32, 8.237688064575195, -2383547.0, -58115.0)
(33, 8.507798910140991, -2383547.0, -58115.0)
(34, 8.781273365020752, -2383547.0, -58115.0)
(35, 9.053911924362183, -2383547.0, -58115.0)
(36, 9.327222108840942, -2383547.0, -58115.0)
(37, 9.60012435913086, -2383547.0, -58115.0)
(38, 9.872908592224121, -2383547.0, -58115.0)
(39, 10.146968841552734, -2383547.0, -58115.0)
(40, 10.424201488494873, -2383547.0, -58115.0)
(41, 10.70277714729309, -2383547.0, -58115.0)
(42, 10.980977535247803, -2383547.0, -58115.0)
(43, 11.25863003730774, -2383547.0, -58115.0)
(44, 11.537271499633789, -2383547.0, -58115.0)
(45, 11.816330194473267, -2383547.0, -58115.0)
(46, 12.097182035446167, -2383547.0, -58115.0)
(47, 12.382445573806763, -2383547.0, -58115.0)
(48, 12.66724944114685, -2383547.0, -58115.0)
(49, 12.95274043083191, -2383547.0, -58115.0)
(50, 13.237365245819092, -2383547.0, -58115.0)
(51, 13.521470069885254, -2351136.0256410255, -58115.0)
(52, 13.807740926742554, -2351136.0256410255, -58115.0)
(53, 14.093040466308594, -2351136.0256410255, -58115.0)
(54, 14.378963232040405, -2351136.0256410255, -58115.0)
(55, 14.666611909866333, -2351136.0256410255, -58115.0)
(56, 14.951792240142822, -2351136.0256410255, -58115.0)
(57, 15.239208221435547, -2351136.0256410255, -58115.0)
(58, 15.52701735496521, -2351136.0256410255, -58115.0)
(59, 15.814547061920166, -2351136.0256410255, -58115.0)
(60, 16.10405659675598, -2351136.0256410255, -58115.0)
(61, 16.394230604171753, -2351136.0256410255, -58115.0)
(62, 16.68589186668396, -2351136.0256410255, -58115.0)
(63, 16.978489637374878, -2351136.0256410255, -58115.0)
(64, 17.272956609725952, -2351136.0256410255, -58115.0)
(65, 17.567319631576538, -2351136.0256410255, -58115.0)
(66, 17.86323642730713, -2351136.0256410255, -58115.0)
(67, 18.15999698638916, -2351136.0256410255, -58115.0)
(68, 18.457617044448853, -2351136.0256410255, -58115.0)
(69, 18.757171869277954, -2351136.0256410255, -58115.0)
(70, 19.05556583404541, -2351136.0256410255, -58115.0)
(71, 19.357549905776978, -2351136.0256410255, -58115.0)
(72, 19.658315420150757, -2351136.0256410255, -58115.0)
(73, 19.959676504135132, -2351136.0256410255, -58115.0)
(74, 20.26042366027832, -2351136.0256410255, -58115.0)
(75, 20.561464548110962, -2351136.0256410255, -58115.0)
(76, 20.864794969558716, -2351136.0256410255, -58115.0)
(77, 21.17359733581543, -2351136.0256410255, -58115.0)
(78, 21.48120427131653, -2351136.0256410255, -58115.0)
(79, 21.789331912994385, -2351136.0256410255, -58115.0)
(80, 22.09643316268921, -2351136.0256410255, -58115.0)
(81, 22.404090404510498, -2351136.0256410255, -58115.0)
(82, 22.715453624725342, -2351136.0256410255, -58115.0)
(83, 23.025914192199707, -2275955.205128205, -58115.0)
(84, 23.336341857910156, -2275955.205128205, -58115.0)
(85, 23.64616322517395, -2275955.205128205, -58115.0)
(86, 23.953476190567017, -2275955.205128205, -58115.0)
(87, 24.262634992599487, -2275955.205128205, -58115.0)
(88, 24.56918501853943, -2275955.205128205, -58115.0)
(89, 24.881017208099365, -2275955.205128205, -58115.0)
(90, 25.19219970703125, -2275955.205128205, -58115.0)
(91, 25.507179498672485, -2275955.205128205, -58115.0)
(92, 25.82352924346924, -2275955.205128205, -58115.0)
(93, 26.137644290924072, -2275955.205128205, -58115.0)
(94, 26.451366424560547, -2275955.205128205, -58115.0)
(95, 26.766303300857544, -2275955.205128205, -58115.0)
(96, 27.080885410308838, -2275955.205128205, -58115.0)
(97, 27.39807963371277, -2275955.205128205, -58115.0)
(98, 27.71597409248352, -2275955.205128205, -58115.0)
(99, 28.030454397201538, -2275955.205128205, -58115.0)
(100, 28.34943413734436, -2275955.205128205, -58115.0)
(101, 28.670572996139526, -2275955.205128205, -58115.0)
(102, 28.9960777759552, -2275955.205128205, -58115.0)
(103, 29.319381952285767, -2275955.205128205, -58115.0)
(104, 29.640294075012207, -2275955.205128205, -58115.0)
(105, 29.960713148117065, -2275955.205128205, -58115.0)
(106, 30.286402702331543, -2275955.205128205, -58115.0)
(107, 30.618406295776367, -2275955.205128205, -58115.0)
(108, 30.950440645217896, -2275955.205128205, -58115.0)
(109, 31.281097173690796, -2275955.205128205, -58115.0)
(110, 31.609385013580322, -2275955.205128205, -58115.0)
(111, 31.93493366241455, -2275955.205128205, -58115.0)
(112, 32.2630410194397, -2275955.205128205, -58115.0)
(113, 32.590431213378906, -2275955.205128205, -58115.0)
(114, 32.91859579086304, -2275955.205128205, -58115.0)
(115, 33.25036859512329, -2275955.205128205, -58115.0)
(116, 33.584349632263184, -2275955.205128205, -58115.0)
(117, 33.91675877571106, -2275955.205128205, -58115.0)
(118, 34.25294232368469, -2275955.205128205, -58115.0)
(119, 34.59173345565796, -2275955.205128205, -58115.0)
(120, 34.929760456085205, -2275955.205128205, -58115.0)
(121, 35.26760697364807, -2275955.205128205, -58115.0)
(122, 35.605191469192505, -2275955.205128205, -58115.0)
(123, 35.9438738822937, -2275955.205128205, -58115.0)
(124, 36.281737327575684, -2275955.205128205, -58115.0)
(125, 36.63093614578247, -2275955.205128205, -58115.0)
(126, 36.97289228439331, -2275955.205128205, -58115.0)
(127, 37.3142991065979, -2275955.205128205, -58115.0)
(128, 37.65932273864746, -2275955.205128205, -58115.0)
(129, 38.00473093986511, -2275955.205128205, -58115.0)
(130, 38.352407932281494, -2275955.205128205, -58115.0)
(131, 38.699710845947266, -2275955.205128205, -58115.0)
(132, 39.043087005615234, -2275955.205128205, -58115.0)
(133, 39.39002823829651, -2275955.205128205, -58115.0)
(134, 39.74091339111328, -2275955.205128205, -58115.0)
(135, 40.09508538246155, -2275955.205128205, -58115.0)
(136, 40.45439553260803, -2275955.205128205, -58115.0)
(137, 40.807695150375366, -2275955.205128205, -58115.0)
(138, 41.15828609466553, -2275955.205128205, -58115.0)
(139, 41.51106309890747, -2275955.205128205, -58115.0)
(140, 41.866148948669434, -2275955.205128205, -58115.0)
(141, 42.21898126602173, -2275955.205128205, -58115.0)
(142, 42.582603454589844, -2275955.205128205, -58115.0)
(143, 42.93672728538513, -2275955.205128205, -58115.0)
(144, 43.29251265525818, -2275955.205128205, -58115.0)
(145, 43.65000057220459, -2275955.205128205, -58115.0)
(146, 44.014063119888306, -2275955.205128205, -58115.0)
(147, 44.378824949264526, -2275955.205128205, -58115.0)
(148, 44.742531538009644, -2275955.205128205, -58115.0)
(149, 45.10954213142395, -2275955.205128205, -58115.0)
(150, 45.47133255004883, -2275955.205128205, -58115.0)
(151, 45.83497858047485, -2275955.205128205, -58115.0)
(152, 46.19794821739197, -2275955.205128205, -58115.0)
(153, 46.55816078186035, -2275955.205128205, -58115.0)
(154, 46.9171187877655, -2275955.205128205, -58115.0)
(155, 47.28219509124756, -2275955.205128205, -58115.0)
(156, 47.64601492881775, -2275955.205128205, -58115.0)
(157, 48.011298418045044, -2275955.205128205, -58115.0)
(158, 48.37427306175232, -2275955.205128205, -58115.0)
(159, 48.74255681037903, -2275955.205128205, -58115.0)
(160, 49.11026668548584, -2275955.205128205, -58115.0)
(161, 49.48070287704468, -2275955.205128205, -58115.0)
(162, 49.85893368721008, -2275955.205128205, -58115.0)
(163, 50.2327778339386, -2275955.205128205, -58115.0)
(164, 50.60454988479614, -2275955.205128205, -58115.0)
(165, 50.977389097213745, -2275955.205128205, -58115.0)
(166, 51.349889516830444, -2275955.205128205, -58115.0)
(167, 51.71970009803772, -2275955.205128205, -58115.0)
(168, 52.09534192085266, -2275955.205128205, -58115.0)
(169, 52.472399950027466, -2275955.205128205, -58115.0)
(170, 52.849459171295166, -2275955.205128205, -58115.0)
(171, 53.237874269485474, -2275955.205128205, -58115.0)
(172, 53.620821714401245, -2275955.205128205, -58115.0)
(173, 54.007795095443726, -2275955.205128205, -58115.0)
(174, 54.38433361053467, -2275955.205128205, -58115.0)
(175, 54.76555109024048, -2275955.205128205, -58115.0)
(176, 55.14781212806702, -2275955.205128205, -58115.0)
(177, 55.53395986557007, -2275955.205128205, -58115.0)
(178, 55.92362189292908, -2275955.205128205, -58115.0)
(179, 56.30872869491577, -2275955.205128205, -58115.0)
(180, 56.6931893825531, -2275955.205128205, -58115.0)
(181, 57.08381628990173, -2275955.205128205, -58115.0)
(182, 57.47052073478699, -2153880.3076923075, -58115.0)
(183, 57.858123540878296, -2149023.277777778, -58115.0)
(184, 58.24586033821106, -2149023.277777778, -58115.0)
(185, 58.635337352752686, -2149023.277777778, -58115.0)
(186, 59.01922273635864, -2149023.277777778, -58115.0)
(187, 59.40461587905884, -2149023.277777778, -58115.0)
(188, 59.78952622413635, -2149023.277777778, -58115.0)
(189, 60.180184841156006, -2149023.277777778, -58115.0)
(190, 60.56551551818848, -2149023.277777778, -58115.0)
(191, 60.95948529243469, -2149023.277777778, -58115.0)
(192, 61.35781788825989, -2149023.277777778, -58115.0)
(193, 61.753114223480225, -2149023.277777778, -58115.0)
(194, 62.14828014373779, -2149023.277777778, -58115.0)
(195, 62.54718232154846, -2149023.277777778, -58115.0)
(196, 62.94900679588318, -2149023.277777778, -58115.0)
(197, 63.35038208961487, -2149023.277777778, -58115.0)
(198, 63.75143504142761, -2149023.277777778, -58115.0)
(199, 64.15126609802246, -2149023.277777778, -58115.0)
(200, 64.55396461486816, -2149023.277777778, -58115.0)
(201, 64.95455265045166, -2149023.277777778, -58115.0)
(202, 65.36049270629883, -2149023.277777778, -58115.0)
(203, 65.76640057563782, -2149023.277777778, -58115.0)
(204, 66.17943048477173, -2149023.277777778, -58115.0)
(205, 66.59516501426697, -2149023.277777778, -58115.0)
(206, 66.99942684173584, -2149023.277777778, -58115.0)
(207, 67.40067863464355, -2149023.277777778, -58115.0)
(208, 67.80185723304749, -2149023.277777778, -58115.0)
(209, 68.20575666427612, -2149023.277777778, -58115.0)
(210, 68.65453767776489, -2149023.277777778, -58115.0)
(211, 69.06146955490112, -2149023.277777778, -58115.0)
(212, 69.46924376487732, -2149023.277777778, -58115.0)
(213, 69.88245940208435, -2149023.277777778, -58115.0)
(214, 70.29725217819214, -2149023.277777778, -58115.0)
(215, 70.70568251609802, -2149023.277777778, -58115.0)
(216, 71.11678504943848, -2149023.277777778, -58115.0)
(217, 71.5336365699768, -2149023.277777778, -58115.0)
(218, 71.94754385948181, -2149023.277777778, -58115.0)
(219, 72.3668909072876, -2149023.277777778, -58115.0)
(220, 72.79041290283203, -2149023.277777778, -58115.0)
(221, 73.21264934539795, -2149023.277777778, -58115.0)
(222, 73.6431052684784, -2149023.277777778, -58115.0)
(223, 74.07847905158997, -2149023.277777778, -58115.0)
(224, 74.50090742111206, -2149023.277777778, -58115.0)
(225, 74.9277274608612, -2149023.277777778, -58115.0)
(226, 75.36391639709473, -2149023.277777778, -58115.0)
(227, 75.79407572746277, -2149023.277777778, -58115.0)
(228, 76.2222216129303, -2149023.277777778, -58115.0)
(229, 76.6632993221283, -2149023.277777778, -58115.0)
(230, 77.09936499595642, -2149023.277777778, -58115.0)
(231, 77.53187417984009, -2149023.277777778, -58115.0)
(232, 77.97310471534729, -2149023.277777778, -58115.0)
(233, 78.40835285186768, -2149023.277777778, -58115.0)
(234, 78.84939432144165, -2149023.277777778, -58115.0)
(235, 79.30169200897217, -2149023.277777778, -58115.0)
(236, 79.74847340583801, -2149023.277777778, -58115.0)
(237, 80.18826937675476, -2149023.277777778, -58115.0)
(238, 80.63719367980957, -2149023.277777778, -58115.0)
(239, 81.09804558753967, -2149023.277777778, -58115.0)
(240, 81.55179214477539, -2048592.0, -58115.0)
(241, 82.00339436531067, -2048592.0, -58115.0)
(242, 82.44318699836731, -2048592.0, -58115.0)
(243, 82.88203120231628, -2048592.0, -58115.0)
(244, 83.32600975036621, -2048592.0, -58115.0)
(245, 83.7771577835083, -2048592.0, -58115.0)
(246, 84.22352480888367, -2048592.0, -58115.0)
(247, 84.68458914756775, -2048592.0, -58115.0)
(248, 85.13662052154541, -2048592.0, -58115.0)
(249, 85.58755874633789, -2048592.0, -58115.0)
(250, 86.03676843643188, -2048592.0, -58115.0)
(251, 86.48516964912415, -2048592.0, -58115.0)
(252, 86.9325704574585, -2048592.0, -58115.0)
(253, 87.38392090797424, -2048592.0, -58115.0)
(254, 87.84930419921875, -2048592.0, -58115.0)
(255, 88.31522798538208, -2048592.0, -58115.0)
(256, 88.76815104484558, -2048592.0, -58115.0)
(257, 89.2358546257019, -2048592.0, -58115.0)
(258, 89.7067551612854, -2048592.0, -58115.0)
(259, 90.17710256576538, -2048592.0, -58115.0)
(260, 90.64369606971741, -2048592.0, -58115.0)
(261, 91.10223603248596, -2048592.0, -58115.0)
(262, 91.57669043540955, -2048592.0, -58115.0)
(263, 92.04417753219604, -2048592.0, -58115.0)
(264, 92.52141523361206, -2048592.0, -58115.0)
(265, 92.9981632232666, -2048592.0, -58115.0)
(266, 93.47424697875977, -2048592.0, -58115.0)
(267, 93.95464134216309, -2048592.0, -58115.0)
(268, 94.43862795829773, -2048592.0, -58115.0)
(269, 94.9209406375885, -2048592.0, -58115.0)
(270, 95.39598059654236, -2048592.0, -58115.0)
(271, 95.8874294757843, -2048592.0, -58115.0)
(272, 96.36827659606934, -1998193.5128205128, -58115.0)
(273, 96.85063123703003, -1998193.5128205128, -58115.0)
(274, 97.32745218276978, -1998193.5128205128, -58115.0)
(275, 97.80179953575134, -1998193.5128205128, -58115.0)
(276, 98.27372574806213, -1998193.5128205128, -58115.0)
(277, 98.7543716430664, -1998193.5128205128, -58115.0)
(278, 99.24384903907776, -1998193.5128205128, -58115.0)
(279, 99.7239260673523, -1998193.5128205128, -58115.0)
(280, 100.20655012130737, -1998193.5128205128, -58115.0)
(281, 100.68758273124695, -1998193.5128205128, -58115.0)
(282, 101.17350840568542, -1998193.5128205128, -58115.0)
(283, 101.66750979423523, -1998193.5128205128, -58115.0)
(284, 102.16293358802795, -1998193.5128205128, -58115.0)
(285, 102.64472937583923, -1998193.5128205128, -58115.0)
(286, 103.13194036483765, -1998193.5128205128, -58115.0)
(287, 103.62063312530518, -1998193.5128205128, -58115.0)
(288, 104.11528897285461, -1998193.5128205128, -58115.0)
(289, 104.61561942100525, -1998193.5128205128, -58115.0)
(290, 105.16750645637512, -1998193.5128205128, -58115.0)
(291, 105.65199375152588, -1998193.5128205128, -58115.0)
(292, 106.13682317733765, -1998193.5128205128, -58115.0)
(293, 106.62449240684509, -1998193.5128205128, -58115.0)
(294, 107.11980652809143, -1998193.5128205128, -58115.0)
(295, 107.61409139633179, -1998193.5128205128, -58115.0)
(296, 108.11354422569275, -1998193.5128205128, -58115.0)
(297, 108.62541556358337, -1998193.5128205128, -58115.0)
(298, 109.13197803497314, -1998193.5128205128, -58115.0)
(299, 109.6403067111969, -1998193.5128205128, -58115.0)
(300, 110.1442506313324, -1998193.5128205128, -58115.0)
(301, 110.6590371131897, -1998193.5128205128, -58115.0)
(302, 111.16545152664185, -1998193.5128205128, -58115.0)
(303, 111.66827726364136, -1998193.5128205128, -58115.0)
(304, 112.16621899604797, -1998193.5128205128, -58115.0)
(305, 112.66876935958862, -1998193.5128205128, -58115.0)
(306, 113.17387795448303, -1998193.5128205128, -58115.0)
(307, 113.68680953979492, -1998193.5128205128, -58115.0)
(308, 114.2074658870697, -1998193.5128205128, -58115.0)
(309, 114.72031235694885, -1998193.5128205128, -58115.0)
(310, 115.22963118553162, -1998193.5128205128, -58115.0)
(311, 115.76182961463928, -1998193.5128205128, -58115.0)
(312, 116.29014277458191, -1998193.5128205128, -58115.0)
(313, 116.80951809883118, -1998193.5128205128, -58115.0)
(314, 117.33720350265503, -1998193.5128205128, -58115.0)
(315, 117.85194253921509, -1998193.5128205128, -58115.0)
(316, 118.3810350894928, -1998193.5128205128, -58115.0)
(317, 118.91158676147461, -1998193.5128205128, -58115.0)
(318, 119.4436891078949, -1998193.5128205128, -58115.0)
(319, 119.98394680023193, -1998193.5128205128, -58115.0)
(320, 120.5172655582428, -1998193.5128205128, -58115.0)
(321, 121.05879044532776, -1998193.5128205128, -58115.0)
(322, 121.5819571018219, -1998193.5128205128, -58115.0)
(323, 122.1264431476593, -1998193.5128205128, -58115.0)
(324, 122.66021704673767, -1998193.5128205128, -58115.0)
(325, 123.20272040367126, -1998193.5128205128, -58115.0)
(326, 123.74483847618103, -1915197.8421052631, -58115.0)
(327, 124.27636289596558, -1915197.8421052631, -58115.0)
(328, 124.79945468902588, -1915197.8421052631, -58115.0)
(329, 125.34080076217651, -1915197.8421052631, -58115.0)
(330, 125.86067032814026, -1915197.8421052631, -58115.0)
(331, 126.37617206573486, -1915197.8421052631, -58115.0)
(332, 126.91944193840027, -1915197.8421052631, -58115.0)
(333, 127.44001889228821, -1915197.8421052631, -58115.0)
(334, 127.97709822654724, -1915197.8421052631, -58115.0)
(335, 128.49991416931152, -1915197.8421052631, -58115.0)
(336, 129.03948950767517, -1915197.8421052631, -58115.0)
(337, 129.5844554901123, -1915197.8421052631, -58115.0)
(338, 130.13298511505127, -1915197.8421052631, -58115.0)
(339, 130.66841506958008, -1915197.8421052631, -58115.0)
(340, 131.2143943309784, -1915197.8421052631, -58115.0)
(341, 131.76063895225525, -1915197.8421052631, -58115.0)
(342, 132.32184386253357, -1915197.8421052631, -58115.0)
(343, 132.8776819705963, -1915197.8421052631, -58115.0)
(344, 133.4338948726654, -1915197.8421052631, -58115.0)
(345, 133.99913954734802, -1915197.8421052631, -58115.0)
(346, 134.5464973449707, -1915197.8421052631, -58115.0)
(347, 135.09996461868286, -1915197.8421052631, -58115.0)
(348, 135.64802861213684, -1915197.8421052631, -58115.0)
(349, 136.19615507125854, -1915197.8421052631, -58115.0)
(350, 136.75836372375488, -1915197.8421052631, -58115.0)
(351, 137.31534957885742, -1915197.8421052631, -58115.0)
(352, 137.8769953250885, -1915197.8421052631, -58115.0)
(353, 138.4412293434143, -1915197.8421052631, -58115.0)
(354, 138.99558854103088, -1915197.8421052631, -58115.0)
(355, 139.5659203529358, -1915197.8421052631, -58115.0)
(356, 140.1384460926056, -1915197.8421052631, -58115.0)
(357, 140.7404079437256, -1915197.8421052631, -58115.0)
(358, 141.3090419769287, -1915197.8421052631, -58115.0)
(359, 141.86950039863586, -1915197.8421052631, -58115.0)
(360, 142.4282741546631, -1915197.8421052631, -58115.0)
(361, 142.9999439716339, -1915197.8421052631, -58115.0)
(362, 143.5574131011963, -1915197.8421052631, -58115.0)
(363, 144.1107497215271, -1915197.8421052631, -58115.0)
(364, 144.66321444511414, -1915197.8421052631, -58115.0)
(365, 145.23357224464417, -1915197.8421052631, -58115.0)
(366, 145.80973553657532, -1915197.8421052631, -58115.0)
(367, 146.3872525691986, -1915197.8421052631, -58115.0)
(368, 146.95044827461243, -1915197.8421052631, -58115.0)
(369, 147.5114197731018, -1915197.8421052631, -58115.0)
(370, 148.10539627075195, -1915197.8421052631, -58115.0)
(371, 148.693128824234, -1915197.8421052631, -58115.0)
(372, 149.2750597000122, -1915197.8421052631, -58115.0)
(373, 149.85141468048096, -1915197.8421052631, -58115.0)
(374, 150.4337546825409, -1915197.8421052631, -58115.0)
(375, 151.01486015319824, -1915197.8421052631, -58115.0)
(376, 151.5899441242218, -1915197.8421052631, -58115.0)
(377, 152.16446733474731, -1915197.8421052631, -58115.0)
(378, 152.75410652160645, -1915197.8421052631, -58115.0)
(379, 153.34147238731384, -1915197.8421052631, -58115.0)
(380, 153.9355788230896, -1915197.8421052631, -58115.0)
(381, 154.52846431732178, -1915197.8421052631, -58115.0)
(382, 155.12523746490479, -1915197.8421052631, -58115.0)
(383, 155.7063705921173, -1915197.8421052631, -58115.0)
(384, 156.30588102340698, -1915197.8421052631, -58115.0)
(385, 156.9111738204956, -1915197.8421052631, -58115.0)
(386, 157.5061013698578, -1811491.9473684211, -58115.0)
(387, 158.09578275680542, -1811491.9473684211, -58115.0)
(388, 158.68645858764648, -1811491.9473684211, -58115.0)
(389, 159.26767587661743, -1811491.9473684211, -58115.0)
(390, 159.9176688194275, -1811491.9473684211, -58115.0)
(391, 160.50798058509827, -1811491.9473684211, -58115.0)
(392, 161.10030436515808, -1811491.9473684211, -58115.0)
(393, 161.6983664035797, -1811491.9473684211, -58115.0)
(394, 162.30052876472473, -1811491.9473684211, -58115.0)
(395, 162.89515256881714, -1811491.9473684211, -58115.0)
(396, 163.51110768318176, -1811491.9473684211, -58115.0)
(397, 164.1220440864563, -1811491.9473684211, -58115.0)
(398, 164.7253179550171, -1811491.9473684211, -58115.0)
(399, 165.33467745780945, -1811491.9473684211, -58115.0)
(400, 165.9517364501953, -1811491.9473684211, -58115.0)
(401, 166.61479425430298, -1811491.9473684211, -58115.0)
(402, 167.23768043518066, -1811491.9473684211, -58115.0)
(403, 167.85018062591553, -1811491.9473684211, -58115.0)
(404, 168.4690580368042, -1811491.9473684211, -58115.0)
(405, 169.07406544685364, -1811491.9473684211, -58115.0)
(406, 169.69770455360413, -1811491.9473684211, -58115.0)
(407, 170.31751418113708, -1811491.9473684211, -58115.0)
(408, 170.93160104751587, -1811491.9473684211, -58115.0)
(409, 171.60522031784058, -1811491.9473684211, -58115.0)
(410, 172.22218298912048, -1811491.9473684211, -58115.0)
(411, 172.84813714027405, -1811491.9473684211, -58115.0)
(412, 173.48501229286194, -1811491.9473684211, -58115.0)
(413, 174.11763906478882, -1811491.9473684211, -58115.0)
(414, 174.75288343429565, -1811491.9473684211, -58115.0)
(415, 175.42086935043335, -1811491.9473684211, -58115.0)
(416, 176.03926277160645, -1811491.9473684211, -58115.0)
(417, 176.70383620262146, -1811491.9473684211, -58115.0)
(418, 177.34258913993835, -1811491.9473684211, -58115.0)
(419, 178.018803358078, -1811491.9473684211, -58115.0)
(420, 178.718190908432, -1811491.9473684211, -58115.0)
(421, 179.4020712375641, -1811491.9473684211, -58115.0)
(422, 180.08210825920105, -1811491.9473684211, -58115.0)
(423, 180.75707006454468, -1811491.9473684211, -58115.0)
(424, 181.43928980827332, -1811491.9473684211, -58115.0)
(425, 182.1094970703125, -1811491.9473684211, -58115.0)
(426, 182.78165578842163, -1811491.9473684211, -58115.0)
(427, 183.45864510536194, -1811491.9473684211, -58115.0)
(428, 184.14277863502502, -1811491.9473684211, -58115.0)
(429, 184.78271317481995, -1811491.9473684211, -58115.0)
(430, 185.48004865646362, -1811491.9473684211, -58115.0)
(431, 186.1693172454834, -1811491.9473684211, -58115.0)
(432, 186.8572473526001, -1811491.9473684211, -58115.0)
(433, 187.56830859184265, -1811491.9473684211, -58115.0)
(434, 188.21798396110535, -1811491.9473684211, -58115.0)
(435, 188.8623561859131, -1811491.9473684211, -58115.0)
(436, 189.52083277702332, -1811491.9473684211, -58115.0)
(437, 190.2053837776184, -1811491.9473684211, -58115.0)
(438, 190.8545789718628, -1811491.9473684211, -58115.0)
(439, 191.5094873905182, -1811491.9473684211, -58115.0)
(440, 192.2066135406494, -1811491.9473684211, -58115.0)
(441, 192.88640999794006, -1811491.9473684211, -58115.0)
(442, 193.5532627105713, -1811491.9473684211, -58115.0)
(443, 194.2215130329132, -1708529.9210526315, -58115.0)
(444, 194.87937569618225, -1708529.9210526315, -58115.0)
(445, 195.53659057617188, -1708529.9210526315, -58115.0)
(446, 196.18353986740112, -1708529.9210526315, -58115.0)
(447, 196.83950853347778, -1708529.9210526315, -58115.0)
(448, 197.49591875076294, -1708529.9210526315, -58115.0)
(449, 198.14874744415283, -1708529.9210526315, -58115.0)
(450, 198.8133316040039, -1708529.9210526315, -58115.0)
(451, 199.4718496799469, -1708529.9210526315, -58115.0)
(452, 200.14346432685852, -1708529.9210526315, -58115.0)
(453, 200.82213044166565, -1708529.9210526315, -58115.0)
(454, 201.50462007522583, -1708529.9210526315, -58115.0)
(455, 202.18808770179749, -1708529.9210526315, -58115.0)
(456, 202.86784601211548, -1708529.9210526315, -58115.0)
(457, 203.54742336273193, -1708529.9210526315, -58115.0)
(458, 204.22074389457703, -1708529.9210526315, -58115.0)
(459, 204.88628125190735, -1708529.9210526315, -58115.0)
(460, 205.5597915649414, -1708529.9210526315, -58115.0)
(461, 206.2404909133911, -1708529.9210526315, -58115.0)
(462, 206.98275685310364, -1708529.9210526315, -58115.0)
(463, 207.68218970298767, -1708529.9210526315, -58115.0)
(464, 208.40581369400024, -1708529.9210526315, -58115.0)
(465, 209.10009837150574, -1708529.9210526315, -58115.0)
(466, 209.8670310974121, -1659409.5, -58115.0)
(467, 210.61280179023743, -1659409.5, -58115.0)
(468, 211.36958146095276, -1659409.5, -58115.0)
(469, 212.09598565101624, -1659409.5, -58115.0)
(470, 212.84156227111816, -1659409.5, -58115.0)
(471, 213.60676884651184, -1659409.5, -58115.0)
(472, 214.34391951560974, -1659409.5, -58115.0)
(473, 215.02963662147522, -1659409.5, -58115.0)
(474, 215.7447783946991, -1659409.5, -58115.0)
(475, 216.43987274169922, -1659409.5, -58115.0)
(476, 217.16689229011536, -1659409.5, -58115.0)
(477, 217.89517521858215, -1659409.5, -58115.0)
(478, 218.5949969291687, -1659409.5, -58115.0)
(479, 219.2953872680664, -1659409.5, -58115.0)
(480, 220.04465627670288, -1659409.5, -58115.0)
(481, 220.73251509666443, -1659409.5, -58115.0)
(482, 221.46489453315735, -1659409.5, -58115.0)
(483, 222.19137597084045, -1659409.5, -58115.0)
(484, 222.95483875274658, -1659409.5, -58115.0)
(485, 223.69458174705505, -1659409.5, -58115.0)
(486, 224.43810963630676, -1659409.5, -58115.0)
(487, 225.1758213043213, -1659409.5, -58115.0)
(488, 225.9023630619049, -1659409.5, -58115.0)
(489, 226.66460180282593, -1659409.5, -58115.0)
(490, 227.41569328308105, -1659409.5, -58115.0)
(491, 228.16440892219543, -1659409.5, -58115.0)
(492, 228.90077710151672, -1659409.5, -58115.0)
(493, 229.6378481388092, -1659409.5, -58115.0)
(494, 230.3847405910492, -1659409.5, -58115.0)
(495, 231.13674998283386, -1659409.5, -58115.0)
(496, 231.8918707370758, -1659409.5, -58115.0)
(497, 232.6656529903412, -1659409.5, -58115.0)
(498, 233.41148161888123, -1659409.5, -58115.0)
(499, 234.18469643592834, -1659409.5, -58115.0)
(500, 234.96983098983765, -1659409.5, -58115.0)
(501, 235.76927208900452, -1659409.5, -58115.0)
(502, 236.52196741104126, -1659409.5, -58115.0)
(503, 237.3032054901123, -1659409.5, -58115.0)
(504, 238.05794620513916, -1659409.5, -58115.0)
(505, 238.8259241580963, -1659409.5, -58115.0)
(506, 239.59429574012756, -1659409.5, -58115.0)
(507, 240.3824770450592, -1659409.5, -58115.0)
(508, 241.1653687953949, -1659409.5, -58115.0)
(509, 241.94985604286194, -1659409.5, -58115.0)
(510, 242.7216603755951, -1659409.5, -58115.0)
(511, 243.52975034713745, -1659409.5, -58115.0)
(512, 244.31423926353455, -1659409.5, -58115.0)
(513, 245.11346745491028, -1659409.5, -58115.0)
(514, 245.88968801498413, -1659409.5, -58115.0)
(515, 246.78457260131836, -1659409.5, -58115.0)
(516, 247.59316515922546, -1659409.5, -58115.0)
(517, 248.39786553382874, -1659409.5, -58115.0)
(518, 249.17599368095398, -1659409.5, -58115.0)
(519, 249.95990228652954, -1659409.5, -58115.0)
(520, 250.75718474388123, -1659409.5, -58115.0)
(521, 251.55105900764465, -1659409.5, -58115.0)
(522, 252.37287425994873, -1659409.5, -58115.0)
(523, 253.17720890045166, -1659409.5, -58115.0)
(524, 253.99045825004578, -1659409.5, -58115.0)
(525, 254.77823162078857, -1659409.5, -58115.0)
(526, 255.57212114334106, -1659409.5, -58115.0)
(527, 256.3668940067291, -1659409.5, -58115.0)
(528, 257.15816712379456, -1659409.5, -58115.0)
(529, 257.94108414649963, -1659409.5, -58115.0)
(530, 258.7355315685272, -1659409.5, -58115.0)
(531, 259.5390989780426, -1659409.5, -58115.0)
(532, 260.34213638305664, -1659409.5, -58115.0)
(533, 261.1516878604889, -1659409.5, -58115.0)
(534, 261.9262092113495, -1659409.5, -58115.0)
(535, 262.7204256057739, -1659409.5, -58115.0)
(536, 263.5356414318085, -1659409.5, -58115.0)
(537, 264.3315443992615, -1659409.5, -58115.0)
(538, 265.1426010131836, -1659409.5, -58115.0)
(539, 265.9208257198334, -1659409.5, -58115.0)
(540, 266.75905585289, -1659409.5, -58115.0)
(541, 267.57975220680237, -1659409.5, -58115.0)
(542, 268.3994529247284, -1659409.5, -58115.0)
(543, 269.2267699241638, -1659409.5, -58115.0)
(544, 270.0437066555023, -1659409.5, -58115.0)
(545, 270.85404348373413, -1659409.5, -58115.0)
(546, 271.7480208873749, -1641814.8907103825, -58115.0)
(547, 272.5756392478943, -1641814.8907103825, -58115.0)
(548, 273.38767194747925, -1641814.8907103825, -58115.0)
(549, 274.18823766708374, -1641814.8907103825, -58115.0)
(550, 274.9960639476776, -1641814.8907103825, -58115.0)
(551, 275.8116571903229, -1641814.8907103825, -58115.0)
(552, 276.6186571121216, -1641814.8907103825, -58115.0)
(553, 277.43914580345154, -1641814.8907103825, -58115.0)
(554, 278.2654469013214, -1641814.8907103825, -58115.0)
(555, 279.0842230319977, -1641814.8907103825, -58115.0)
(556, 279.9108347892761, -1641814.8907103825, -58115.0)
(557, 280.72900199890137, -1641814.8907103825, -58115.0)
(558, 281.54970264434814, -1641814.8907103825, -58115.0)
(559, 282.3575134277344, -1641814.8907103825, -58115.0)
(560, 283.1308174133301, -1641814.8907103825, -58115.0)
(561, 283.95033073425293, -1641814.8907103825, -58115.0)
(562, 284.7511441707611, -1641814.8907103825, -58115.0)
(563, 285.6190252304077, -1641814.8907103825, -58115.0)
(564, 286.40523386001587, -1641814.8907103825, -58115.0)
(565, 287.1818153858185, -1641814.8907103825, -58115.0)
(566, 287.9626181125641, -1641814.8907103825, -58115.0)
(567, 288.7451822757721, -1641814.8907103825, -58115.0)
(568, 289.5154721736908, -1641814.8907103825, -58115.0)
(569, 290.30831599235535, -1641814.8907103825, -58115.0)
(570, 291.09923100471497, -1641814.8907103825, -58115.0)
(571, 291.8798236846924, -1641814.8907103825, -58115.0)
(572, 292.68512296676636, -1641814.8907103825, -58115.0)
(573, 293.4895544052124, -1641814.8907103825, -58115.0)
(574, 294.27822852134705, -1641814.8907103825, -58115.0)
(575, 295.0905559062958, -1641814.8907103825, -58115.0)
(576, 295.88679814338684, -1641814.8907103825, -58115.0)
(577, 296.70277762413025, -1641814.8907103825, -58115.0)
(578, 297.5485272407532, -1641814.8907103825, -58115.0)
(579, 298.3783016204834, -1641814.8907103825, -58115.0)
(580, 299.18773078918457, -1641814.8907103825, -58115.0)
(581, 300.00783038139343, -1641814.8907103825, -58115.0)
(582, 300.7942454814911, -1641814.8907103825, -58115.0)
(583, 301.60260462760925, -1641814.8907103825, -58115.0)
(584, 302.40903997421265, -1641814.8907103825, -58115.0)
(585, 303.2052073478699, -1641814.8907103825, -58115.0)
(586, 304.0192868709564, -1641814.8907103825, -58115.0)
(587, 304.837504863739, -1641814.8907103825, -58115.0)
(588, 305.6497628688812, -1641814.8907103825, -58115.0)
(589, 306.5010163784027, -1641814.8907103825, -58115.0)
(590, 307.3464024066925, -1641814.8907103825, -58115.0)
(591, 308.19707584381104, -1641814.8907103825, -58115.0)
(592, 309.0317840576172, -1505020.5135135136, -58115.0)
(593, 309.87714171409607, -1505020.5135135136, -58115.0)
(594, 310.696270942688, -1505020.5135135136, -58115.0)
(595, 311.506493806839, -1505020.5135135136, -58115.0)
(596, 312.3016984462738, -1505020.5135135136, -58115.0)
(597, 313.09561467170715, -1505020.5135135136, -58115.0)
(598, 313.9316477775574, -1505020.5135135136, -58115.0)
(599, 314.7593824863434, -1505020.5135135136, -58115.0)
(600, 315.59286880493164, -1505020.5135135136, -58115.0)
(601, 316.41181468963623, -1505020.5135135136, -58115.0)
(602, 317.2686755657196, -1505020.5135135136, -58115.0)
(603, 318.10681223869324, -1505020.5135135136, -58115.0)
(604, 318.91720485687256, -1505020.5135135136, -58115.0)
(605, 319.7255518436432, -1505020.5135135136, -58115.0)
(606, 320.53518629074097, -1505020.5135135136, -58115.0)
(607, 321.3871512413025, -1505020.5135135136, -58115.0)
(608, 322.2404260635376, -1505020.5135135136, -58115.0)
(609, 323.07759857177734, -1505020.5135135136, -58115.0)
(610, 323.901269197464, -1505020.5135135136, -58115.0)
(611, 324.7521493434906, -1505020.5135135136, -58115.0)
(612, 325.62792563438416, -1505020.5135135136, -58115.0)
(613, 326.5149245262146, -1505020.5135135136, -58115.0)
(614, 327.3742320537567, -1505020.5135135136, -58115.0)
(615, 328.2369980812073, -1505020.5135135136, -58115.0)
(616, 329.0993070602417, -1505020.5135135136, -58115.0)
(617, 329.9592990875244, -1505020.5135135136, -58115.0)
(618, 330.8034899234772, -1505020.5135135136, -58115.0)
(619, 331.69708800315857, -1505020.5135135136, -58115.0)
(620, 332.53556203842163, -1505020.5135135136, -58115.0)
(621, 333.40584230422974, -1505020.5135135136, -58115.0)
(622, 334.25537753105164, -1505020.5135135136, -58115.0)
(623, 335.1271698474884, -1505020.5135135136, -58115.0)
(624, 336.0178084373474, -1505020.5135135136, -58115.0)
(625, 336.8828020095825, -1505020.5135135136, -58115.0)
(626, 337.7845649719238, -1505020.5135135136, -58115.0)
(627, 338.64248394966125, -1505020.5135135136, -58115.0)
(628, 339.5194344520569, -1505020.5135135136, -58115.0)
(629, 340.4023733139038, -1505020.5135135136, -58115.0)
(630, 341.28550839424133, -1505020.5135135136, -58115.0)
(631, 342.14317202568054, -1505020.5135135136, -58115.0)
(632, 343.04887318611145, -1505020.5135135136, -58115.0)
(633, 343.9610698223114, -1505020.5135135136, -58115.0)
(634, 344.82357358932495, -1505020.5135135136, -58115.0)
(635, 345.68830156326294, -1505020.5135135136, -58115.0)
(636, 346.58087849617004, -1505020.5135135136, -58115.0)
(637, 347.4435524940491, -1505020.5135135136, -58115.0)
(638, 348.3399500846863, -1505020.5135135136, -58115.0)
(639, 349.20201349258423, -1505020.5135135136, -58115.0)
(640, 350.08421421051025, -1505020.5135135136, -58115.0)
(641, 350.9867351055145, -1505020.5135135136, -58115.0)
(642, 351.8534781932831, -1505020.5135135136, -58115.0)
(643, 352.7694139480591, -1505020.5135135136, -58115.0)
(644, 353.6820385456085, -1505020.5135135136, -58115.0)
(645, 354.61696672439575, -1505020.5135135136, -58115.0)
(646, 355.5604043006897, -1505020.5135135136, -58115.0)
(647, 356.50409173965454, -1505020.5135135136, -58115.0)
(648, 357.4711112976074, -1505020.5135135136, -58115.0)
(649, 358.39890217781067, -1505020.5135135136, -58115.0)
(650, 359.3508036136627, -1505020.5135135136, -58115.0)
(651, 360.28548312187195, -1505020.5135135136, -58115.0)
(652, 361.1891756057739, -1505020.5135135136, -58115.0)
(653, 362.1221845149994, -1505020.5135135136, -58115.0)
(654, 363.0732457637787, -1505020.5135135136, -58115.0)
(655, 364.03871488571167, -1505020.5135135136, -58115.0)
(656, 364.97530245780945, -1505020.5135135136, -58115.0)
(657, 365.9201891422272, -1408742.2432432433, -58115.0)
(658, 366.8188886642456, -1408742.2432432433, -58115.0)
(659, 367.7172977924347, -1408742.2432432433, -58115.0)
(660, 368.62022972106934, -1408742.2432432433, -58115.0)
(661, 369.5015940666199, -1408742.2432432433, -58115.0)
(662, 370.399866104126, -1408742.2432432433, -58115.0)
(663, 371.2975709438324, -1408742.2432432433, -58115.0)
(664, 372.16893100738525, -1408742.2432432433, -58115.0)
(665, 373.0715403556824, -1408742.2432432433, -58115.0)
(666, 373.9633960723877, -1408742.2432432433, -58115.0)
(667, 374.87110900878906, -1408742.2432432433, -58115.0)
(668, 375.7727813720703, -1408742.2432432433, -58115.0)
(669, 376.68867325782776, -1408742.2432432433, -58115.0)
(670, 377.58285689353943, -1408742.2432432433, -58115.0)
(671, 378.4745056629181, -1408742.2432432433, -58115.0)
(672, 379.3809938430786, -1408742.2432432433, -58115.0)
(673, 380.33212447166443, -1408742.2432432433, -58115.0)
(674, 381.3669400215149, -1408742.2432432433, -58115.0)
(675, 382.2987539768219, -1408742.2432432433, -58115.0)
(676, 383.17444014549255, -1408742.2432432433, -58115.0)
(677, 384.0830466747284, -1408742.2432432433, -58115.0)
(678, 384.99882912635803, -1408742.2432432433, -58115.0)
(679, 385.93500542640686, -1408742.2432432433, -58115.0)
(680, 386.82840061187744, -1408742.2432432433, -58115.0)
(681, 387.7581555843353, -1408742.2432432433, -58115.0)
(682, 388.6872420310974, -1408742.2432432433, -58115.0)
(683, 389.60398626327515, -1408742.2432432433, -58115.0)
(684, 390.53795647621155, -1408742.2432432433, -58115.0)
(685, 391.44793605804443, -1408742.2432432433, -58115.0)
(686, 392.3707869052887, -1408742.2432432433, -58115.0)
(687, 393.32594871520996, -1408742.2432432433, -58115.0)
(688, 394.2532525062561, -1408742.2432432433, -58115.0)
(689, 395.2125434875488, -1408742.2432432433, -58115.0)
(690, 396.13881278038025, -1408742.2432432433, -58115.0)
(691, 397.0723412036896, -1408742.2432432433, -58115.0)
(692, 398.006639957428, -1408742.2432432433, -58115.0)
(693, 398.9544429779053, -1408742.2432432433, -58115.0)
(694, 399.90945625305176, -1408742.2432432433, -58115.0)
(695, 400.8621871471405, -1408742.2432432433, -58115.0)
(696, 401.8339014053345, -1408742.2432432433, -58115.0)
(697, 402.81355834007263, -1408742.2432432433, -58115.0)
(698, 403.80693078041077, -1408742.2432432433, -58115.0)
(699, 404.739458322525, -1408742.2432432433, -58115.0)
(700, 405.65242862701416, -1408742.2432432433, -58115.0)
(701, 406.5802364349365, -1408742.2432432433, -58115.0)
(702, 407.52171301841736, -1408742.2432432433, -58115.0)
(703, 408.45701789855957, -1408742.2432432433, -58115.0)
(704, 409.44247460365295, -1408742.2432432433, -58115.0)
(705, 410.3616921901703, -1408742.2432432433, -58115.0)
(706, 411.3303415775299, -1408742.2432432433, -58115.0)
(707, 412.2927260398865, -1408742.2432432433, -58115.0)
(708, 413.2637732028961, -1332527.1351351351, -58115.0)
(709, 414.2418918609619, -1332527.1351351351, -58115.0)
(710, 415.18806552886963, -1332527.1351351351, -58115.0)
(711, 416.1335380077362, -1332527.1351351351, -58115.0)
(712, 417.0929160118103, -1332527.1351351351, -58115.0)
(713, 418.0246043205261, -1332527.1351351351, -58115.0)
(714, 418.98499059677124, -1332527.1351351351, -58115.0)
(715, 419.92318511009216, -1332527.1351351351, -58115.0)
(716, 420.9160394668579, -1332527.1351351351, -58115.0)
(717, 421.8822498321533, -1332527.1351351351, -58115.0)
(718, 422.8463101387024, -1332527.1351351351, -58115.0)
(719, 423.80598044395447, -1332527.1351351351, -58115.0)
(720, 424.78006649017334, -1332527.1351351351, -58115.0)
(721, 425.74220085144043, -1332527.1351351351, -58115.0)
(722, 426.68985772132874, -1332527.1351351351, -58115.0)
(723, 427.66282653808594, -1332527.1351351351, -58115.0)
(724, 428.667857170105, -1332527.1351351351, -58115.0)
(725, 429.6438386440277, -1332527.1351351351, -58115.0)
(726, 430.6047682762146, -1332527.1351351351, -58115.0)
(727, 431.55779457092285, -1332527.1351351351, -58115.0)
(728, 432.51729369163513, -1332527.1351351351, -58115.0)
(729, 433.5073142051697, -1332527.1351351351, -58115.0)
(730, 434.4579231739044, -1332527.1351351351, -58115.0)
(731, 435.43189334869385, -1332527.1351351351, -58115.0)
(732, 436.4441468715668, -1332527.1351351351, -58115.0)
(733, 437.47530341148376, -1332527.1351351351, -58115.0)
(734, 438.45452404022217, -1332527.1351351351, -58115.0)
(735, 439.43800377845764, -1332527.1351351351, -58115.0)
(736, 440.4191210269928, -1332527.1351351351, -58115.0)
(737, 441.3829860687256, -1332527.1351351351, -58115.0)
(738, 442.3540549278259, -1332527.1351351351, -58115.0)
(739, 443.33967113494873, -1332527.1351351351, -58115.0)
(740, 444.34341621398926, -1332527.1351351351, -58115.0)
(741, 445.3436460494995, -1332527.1351351351, -58115.0)
(742, 446.36137557029724, -1332527.1351351351, -58115.0)
(743, 447.3608343601227, -1332527.1351351351, -58115.0)
(744, 448.38168120384216, -1332527.1351351351, -58115.0)
(745, 449.38949632644653, -1332527.1351351351, -58115.0)
(746, 450.36126828193665, -1332527.1351351351, -58115.0)
(747, 451.35515999794006, -1332527.1351351351, -58115.0)
(748, 452.37784790992737, -1332527.1351351351, -58115.0)
(749, 453.3462862968445, -1332527.1351351351, -58115.0)
(750, 454.35186433792114, -1332527.1351351351, -58115.0)
(751, 455.3709366321564, -1332527.1351351351, -58115.0)
(752, 456.3923280239105, -1332527.1351351351, -58115.0)
(753, 457.45495319366455, -1332527.1351351351, -58115.0)
(754, 458.5065932273865, -1332527.1351351351, -58115.0)
(755, 459.5390636920929, -1332527.1351351351, -58115.0)
(756, 460.62828946113586, -1332527.1351351351, -58115.0)
(757, 461.68842458724976, -1332527.1351351351, -58115.0)
(758, 462.716655254364, -1332527.1351351351, -58115.0)
(759, 463.7426791191101, -1332527.1351351351, -58115.0)
(760, 464.7626190185547, -1332527.1351351351, -58115.0)
(761, 465.7553799152374, -1332527.1351351351, -58115.0)
(762, 466.7493679523468, -1332527.1351351351, -58115.0)
(763, 467.75794410705566, -1332527.1351351351, -58115.0)
(764, 468.7548327445984, -1332527.1351351351, -58115.0)
(765, 469.7764382362366, -1332527.1351351351, -58115.0)
(766, 470.7986207008362, -1332527.1351351351, -58115.0)
(767, 471.795476436615, -1332527.1351351351, -58115.0)
(768, 472.82856607437134, -1332527.1351351351, -58115.0)
(769, 473.8618423938751, -1332527.1351351351, -58115.0)
(770, 474.9008412361145, -1240841.0555555555, -58115.0)
(771, 475.9302546977997, -1240841.0555555555, -58115.0)
(772, 476.92957973480225, -1240841.0555555555, -58115.0)
(773, 477.92800736427307, -1240841.0555555555, -58115.0)
(774, 478.9319214820862, -1240841.0555555555, -58115.0)
(775, 479.9180746078491, -1240841.0555555555, -58115.0)
(776, 480.912513256073, -1240841.0555555555, -58115.0)
(777, 481.9488263130188, -1240841.0555555555, -58115.0)
(778, 482.9904260635376, -1240841.0555555555, -58115.0)
(779, 483.981769323349, -1240841.0555555555, -58115.0)
(780, 484.97576570510864, -1240841.0555555555, -58115.0)
(781, 485.9980311393738, -1240841.0555555555, -58115.0)
(782, 487.0139043331146, -1240841.0555555555, -58115.0)
(783, 488.0649049282074, -1240841.0555555555, -58115.0)
(784, 489.1341247558594, -1240841.0555555555, -58115.0)
(785, 490.1749219894409, -1240841.0555555555, -58115.0)
(786, 491.19569206237793, -1240841.0555555555, -58115.0)
(787, 492.23056960105896, -1240841.0555555555, -58115.0)
(788, 493.26105785369873, -1240841.0555555555, -58115.0)
(789, 494.300616979599, -1240841.0555555555, -58115.0)
(790, 495.34144592285156, -1240841.0555555555, -58115.0)
(791, 496.36162519454956, -1240841.0555555555, -58115.0)
(792, 497.39917254447937, -1240841.0555555555, -58115.0)
(793, 498.47166562080383, -1240841.0555555555, -58115.0)
(794, 499.5221631526947, -1240841.0555555555, -58115.0)
(795, 500.57248640060425, -1240841.0555555555, -58115.0)
(796, 501.6209046840668, -1240841.0555555555, -58115.0)
(797, 502.7007613182068, -1240841.0555555555, -58115.0)
(798, 503.7993609905243, -1240841.0555555555, -58115.0)
(799, 504.8623285293579, -1240841.0555555555, -58115.0)
(800, 505.882310628891, -1240841.0555555555, -58115.0)
(801, 506.933438539505, -1240841.0555555555, -58115.0)
(802, 507.9719967842102, -1240841.0555555555, -58115.0)
(803, 509.0387897491455, -1240841.0555555555, -58115.0)
(804, 510.09428095817566, -1240841.0555555555, -58115.0)
(805, 511.13231921195984, -1240841.0555555555, -58115.0)
(806, 512.2169933319092, -1240841.0555555555, -58115.0)
(807, 513.3188855648041, -1240841.0555555555, -58115.0)
(808, 514.3689775466919, -1240841.0555555555, -58115.0)
(809, 515.4729216098785, -1240841.0555555555, -58115.0)
(810, 516.661328792572, -1240841.0555555555, -58115.0)
(811, 517.821248292923, -1240841.0555555555, -58115.0)
(812, 518.9739408493042, -1240841.0555555555, -58115.0)
(813, 520.0611531734467, -1240841.0555555555, -58115.0)
(814, 521.1685168743134, -1240841.0555555555, -58115.0)
(815, 522.289044380188, -1240841.0555555555, -58115.0)
(816, 523.3796982765198, -1240841.0555555555, -58115.0)
(817, 524.4719476699829, -1240841.0555555555, -58115.0)
(818, 525.5398690700531, -1240841.0555555555, -58115.0)
(819, 526.6074013710022, -1240841.0555555555, -58115.0)
(820, 527.6923282146454, -1240841.0555555555, -58115.0)
(821, 528.7834935188293, -1170836.80037037, -58115.0)
(822, 529.945823431015, -1170836.80037037, -58115.0)
(823, 531.1073408126831, -1170836.80037037, -58115.0)
(824, 532.2563855648041, -1170836.80037037, -58115.0)
(825, 533.3689153194427, -1170836.80037037, -58115.0)
(826, 534.5197415351868, -1170836.80037037, -58115.0)
(827, 535.6756796836853, -1170836.80037037, -58115.0)
(828, 536.7694475650787, -1170836.80037037, -58115.0)
(829, 537.8472657203674, -1170836.80037037, -58115.0)
(830, 538.9380152225494, -1170836.80037037, -58115.0)
(831, 540.0753960609436, -1170836.80037037, -58115.0)
(832, 541.2578814029694, -1170836.80037037, -58115.0)
(833, 542.4131407737732, -1170836.80037037, -58115.0)
(834, 543.4628646373749, -1170836.80037037, -58115.0)
(835, 544.5143504142761, -1170836.80037037, -58115.0)
(836, 545.6351108551025, -1170836.80037037, -58115.0)
(837, 546.7534086704254, -1170836.80037037, -58115.0)
(838, 547.8389003276825, -1170836.80037037, -58115.0)
(839, 548.9726767539978, -1170836.80037037, -58115.0)
(840, 550.0917675495148, -1170836.80037037, -58115.0)
(841, 551.2116205692291, -1170836.80037037, -58115.0)
(842, 552.3179886341095, -1170836.80037037, -58115.0)
(843, 553.4239158630371, -1170836.80037037, -58115.0)
(844, 554.5256209373474, -1170836.80037037, -58115.0)
(845, 555.6388125419617, -1170836.80037037, -58115.0)
(846, 556.7423315048218, -1170836.80037037, -58115.0)
(847, 557.8581688404083, -1170836.80037037, -58115.0)
(848, 559.0038170814514, -1170836.80037037, -58115.0)
(849, 560.1325540542603, -1170836.80037037, -58115.0)
(850, 561.2084290981293, -1170836.80037037, -58115.0)
(851, 562.3108987808228, -1170836.80037037, -58115.0)
(852, 563.4050371646881, -1170836.80037037, -58115.0)
(853, 564.5189452171326, -1170836.80037037, -58115.0)
(854, 565.6381919384003, -1170836.80037037, -58115.0)
(855, 566.7165732383728, -1170836.80037037, -58115.0)
(856, 567.8633170127869, -1170836.80037037, -58115.0)
(857, 568.9742166996002, -1170836.80037037, -58115.0)
(858, 570.102596282959, -1170836.80037037, -58115.0)
(859, 571.2315897941589, -1170836.80037037, -58115.0)
(860, 572.3807311058044, -1170836.80037037, -58115.0)
(861, 573.5554432868958, -1170836.80037037, -58115.0)
(862, 574.6771652698517, -1170836.80037037, -58115.0)
(863, 575.8028643131256, -1170836.80037037, -58115.0)
(864, 576.9650962352753, -1170836.80037037, -58115.0)
(865, 578.2310509681702, -1170836.80037037, -58115.0)
(866, 579.4401392936707, -1170836.80037037, -58115.0)
(867, 580.6019308567047, -1170836.80037037, -58115.0)
(868, 581.7597925662994, -1170836.80037037, -58115.0)
(869, 582.8911492824554, -1170836.80037037, -58115.0)
(870, 584.1921133995056, -1170836.80037037, -58115.0)
(871, 585.3993604183197, -1170836.80037037, -58115.0)
(872, 586.5122413635254, -1170836.80037037, -58115.0)
(873, 587.635589838028, -1170836.80037037, -58115.0)
(874, 588.7851436138153, -1170836.80037037, -58115.0)
(875, 589.950023651123, -1170836.80037037, -58115.0)
(876, 591.0861496925354, -1170836.80037037, -58115.0)
(877, 592.217250585556, -1170836.80037037, -58115.0)
(878, 593.4736816883087, -1170836.80037037, -58115.0)
(879, 594.6593732833862, -1170836.80037037, -58115.0)
(880, 595.8144624233246, -1170836.80037037, -58115.0)
(881, 596.9800605773926, -1170836.80037037, -58115.0)
(882, 598.1924986839294, -1170836.80037037, -58115.0)
(883, 599.3630485534668, -1064005.361111111, -58115.0)
(884, 600.5130562782288, -1064005.361111111, -58115.0)
(885, 601.6528747081757, -1064005.361111111, -58115.0)
(886, 602.777247428894, -1064005.361111111, -58115.0)
(887, 603.9301176071167, -1064005.361111111, -58115.0)
(888, 605.0632467269897, -1064005.361111111, -58115.0)
(889, 606.2093393802643, -1064005.361111111, -58115.0)
(890, 607.375346660614, -1064005.361111111, -58115.0)
(891, 608.5392580032349, -1064005.361111111, -58115.0)
(892, 609.7110347747803, -1064005.361111111, -58115.0)
(893, 610.910117149353, -1064005.361111111, -58115.0)
(894, 612.1563415527344, -1064005.361111111, -58115.0)
(895, 613.3604416847229, -1064005.361111111, -58115.0)
(896, 614.5661995410919, -1064005.361111111, -58115.0)
(897, 615.7415702342987, -1064005.361111111, -58115.0)
(898, 616.9271297454834, -1064005.361111111, -58115.0)
(899, 618.0716531276703, -1064005.361111111, -58115.0)
(900, 619.2338335514069, -1064005.361111111, -58115.0)
(901, 620.3736205101013, -1064005.361111111, -58115.0)
(902, 621.5414705276489, -1064005.361111111, -58115.0)
(903, 622.7280294895172, -1064005.361111111, -58115.0)
(904, 623.9527518749237, -1064005.361111111, -58115.0)
(905, 625.1744563579559, -1064005.361111111, -58115.0)
(906, 626.3737390041351, -1064005.361111111, -58115.0)
(907, 627.5951561927795, -1064005.361111111, -58115.0)
(908, 628.8258199691772, -1064005.361111111, -58115.0)
(909, 629.9972314834595, -1064005.361111111, -58115.0)
(910, 631.1746256351471, -1064005.361111111, -58115.0)
(911, 632.3178951740265, -1064005.361111111, -58115.0)
(912, 633.4988813400269, -1064005.361111111, -58115.0)
(913, 634.7152354717255, -1064005.361111111, -58115.0)
(914, 635.8849182128906, -1064005.361111111, -58115.0)
(915, 637.1103825569153, -1064005.361111111, -58115.0)
(916, 638.4104378223419, -1034499.5686274508, -58115.0)
(917, 640.0142016410828, -1034499.5686274508, -58115.0)
(918, 641.4372808933258, -1034499.5686274508, -58115.0)
(919, 642.8599338531494, -1034499.5686274508, -58115.0)
(920, 644.2424786090851, -1034499.5686274508, -58115.0)
(921, 645.6215889453888, -1034499.5686274508, -58115.0)
(922, 646.9785888195038, -1034499.5686274508, -58115.0)
(923, 648.3690190315247, -1034499.5686274508, -58115.0)
(924, 649.6514291763306, -1034499.5686274508, -58115.0)
(925, 650.9298286437988, -1034499.5686274508, -58115.0)
(926, 652.1878497600555, -1034499.5686274508, -58115.0)
(927, 653.3961913585663, -1034499.5686274508, -58115.0)
(928, 654.6587507724762, -1034499.5686274508, -58115.0)
(929, 656.0729479789734, -1034499.5686274508, -58115.0)
(930, 657.3024227619171, -1034499.5686274508, -58115.0)
(931, 658.5341064929962, -1034499.5686274508, -58115.0)
(932, 659.7026987075806, -1034499.5686274508, -58115.0)
(933, 660.9390385150909, -1034499.5686274508, -58115.0)
(934, 662.1448152065277, -1034499.5686274508, -58115.0)
(935, 663.3857736587524, -1034499.5686274508, -58115.0)
(936, 664.8003356456757, -1023248.923076923, -58115.0)
(937, 666.2999081611633, -1023248.923076923, -58115.0)
(938, 668.06418800354, -1023248.923076923, -58115.0)
(939, 669.7812433242798, -1023248.923076923, -58115.0)
(940, 671.5267140865326, -1023248.923076923, -58115.0)
(941, 673.4183702468872, -1023248.923076923, -58115.0)
(942, 674.8141238689423, -1023248.923076923, -58115.0)
(943, 676.2701358795166, -1023248.923076923, -58115.0)
(944, 677.5416061878204, -1023248.923076923, -58115.0)
(945, 679.5362045764923, -1023248.923076923, -58115.0)
(946, 681.0704700946808, -1023248.923076923, -58115.0)
(947, 682.9733457565308, -1023248.923076923, -58115.0)
(948, 684.6075248718262, -1023248.923076923, -58115.0)
(949, 685.9963839054108, -1023248.923076923, -58115.0)
(950, 687.5290310382843, -1023248.923076923, -58115.0)
(951, 688.9154727458954, -1023248.923076923, -58115.0)
(952, 690.8421552181244, -1023248.923076923, -58115.0)
(953, 692.4073915481567, -1023248.923076923, -58115.0)
(954, 693.9187927246094, -1023248.923076923, -58115.0)
(955, 695.229416847229, -1023248.923076923, -58115.0)
(956, 696.6101863384247, -1023248.923076923, -58115.0)
(957, 698.5476548671722, -1023248.923076923, -58115.0)
(958, 700.0723567008972, -1023248.923076923, -58115.0)
(959, 701.940699338913, -1023248.923076923, -58115.0)
(960, 703.7410793304443, -1023248.923076923, -58115.0)
(961, 705.4449789524078, -1023248.923076923, -58115.0)
(962, 707.319269657135, -1023248.923076923, -58115.0)
(963, 709.0189030170441, -1023248.923076923, -58115.0)
(964, 710.571750164032, -1023248.923076923, -58115.0)
(965, 712.1488697528839, -1023248.923076923, -58115.0)
(966, 713.8172390460968, -1023248.923076923, -58115.0)
(967, 715.458979845047, -1023248.923076923, -58115.0)
(968, 717.1770927906036, -1023248.923076923, -58115.0)
(969, 719.2867302894592, -1023248.923076923, -58115.0)
(970, 720.9245059490204, -1023248.923076923, -58115.0)
(971, 722.4039578437805, -1023248.923076923, -58115.0)
(972, 724.6767747402191, -923810.5294117647, -58115.0)
(973, 726.1605031490326, -923810.5294117647, -58115.0)
(974, 727.6195452213287, -923810.5294117647, -58115.0)
(975, 729.002772808075, -923810.5294117647, -58115.0)
(976, 730.4044053554535, -923810.5294117647, -58115.0)
(977, 731.7849180698395, -923810.5294117647, -58115.0)
(978, 733.2448043823242, -923810.5294117647, -58115.0)
(979, 734.6488859653473, -923810.5294117647, -58115.0)
(980, 735.9334321022034, -923810.5294117647, -58115.0)
(981, 737.2187361717224, -923810.5294117647, -58115.0)
(982, 738.4937105178833, -923810.5294117647, -58115.0)
(983, 739.7614281177521, -923810.5294117647, -58115.0)
(984, 741.0707132816315, -923810.5294117647, -58115.0)
(985, 742.5087070465088, -923810.5294117647, -58115.0)
(986, 743.9657797813416, -923810.5294117647, -58115.0)
(987, 745.3590576648712, -923810.5294117647, -58115.0)
(988, 746.7032170295715, -923810.5294117647, -58115.0)
(989, 748.0104105472565, -923810.5294117647, -58115.0)
(990, 749.3883647918701, -923810.5294117647, -58115.0)
(991, 750.7959356307983, -923810.5294117647, -58115.0)
(992, 752.2253048419952, -923810.5294117647, -58115.0)
(993, 753.830367565155, -923810.5294117647, -58115.0)
(994, 755.3205184936523, -923810.5294117647, -58115.0)
(995, 756.7385187149048, -923810.5294117647, -58115.0)
(996, 758.2161979675293, -923810.5294117647, -58115.0)
(997, 759.5177521705627, -923810.5294117647, -58115.0)
(998, 760.8990252017975, -923810.5294117647, -58115.0)
(999, 762.3125491142273, -923810.5294117647, -58115.0)
(1000, 763.5936045646667, -923810.5294117647, -58115.0)
