(1, 0.11382150650024414, -574537.0, -18182.0)
(2, 0.21708321571350098, -574537.0, -18182.0)
(3, 0.32025933265686035, -574537.0, -18182.0)
(4, 0.4232761859893799, -574537.0, -18182.0)
(5, 0.5266380310058594, -574537.0, -18182.0)
(6, 0.6295163631439209, -574537.0, -18182.0)
(7, 0.7332115173339844, -571440.6896551724, -18182.0)
(8, 0.837367057800293, -571440.6896551724, -18182.0)
(9, 0.9416637420654297, -571440.6896551724, -18182.0)
(10, 1.0454778671264648, -554527.5357142857, -18182.0)
(11, 1.1494872570037842, -554527.5357142857, -18182.0)
(12, 1.2533321380615234, -554527.5357142857, -18182.0)
(13, 1.3573651313781738, -554527.5357142857, -18182.0)
(14, 1.4609043598175049, -523656.14285714284, -18182.0)
(15, 1.5650527477264404, -516073.14285714284, -18182.0)
(16, 1.6683893203735352, -516073.14285714284, -18182.0)
(17, 1.7725350856781006, -516073.14285714284, -18182.0)
(18, 1.8768818378448486, -516073.14285714284, -18182.0)
(19, 1.98045015335083, -493634.9285714286, -18182.0)
(20, 2.084834337234497, -484026.9285714286, -18182.0)
(21, 2.189695119857788, -480742.5925925926, -18182.0)
(22, 2.2938692569732666, -480742.5925925926, -18182.0)
(23, 2.3986334800720215, -480742.5925925926, -18182.0)
(24, 2.5030405521392822, -465228.1923076923, -18182.0)
(25, 2.608036756515503, -465228.1923076923, -18182.0)
(26, 2.712766647338867, -465228.1923076923, -18182.0)
(27, 2.818233013153076, -465228.1923076923, -18182.0)
(28, 2.9222612380981445, -440329.3076923077, -18182.0)
(29, 3.0269289016723633, -440329.3076923077, -18182.0)
(30, 3.131814479827881, -440329.3076923077, -18182.0)
(31, 3.2360267639160156, -440329.3076923077, -18182.0)
(32, 3.358442544937134, -413103.52, -18182.0)
(33, 3.4650769233703613, -413103.52, -18182.0)
(34, 3.570052146911621, -413103.52, -18182.0)
(35, 3.6739859580993652, -413103.52, -18182.0)
(36, 3.777508497238159, -375426.625, -18182.0)
(37, 3.882615327835083, -374472.625, -18182.0)
(38, 3.9902758598327637, -372140.5416666667, -18182.0)
(39, 4.098562002182007, -346423.75, -18182.0)
(40, 4.207560062408447, -341849.25, -18182.0)
(41, 4.3167219161987305, -321390.9583333333, -18182.0)
(42, 4.428552150726318, -293323.3055555556, -18182.0)
(43, 4.539952278137207, -293323.3055555556, -18182.0)
(44, 4.653273582458496, -256862.5, -18182.0)
(45, 4.763575077056885, -254107.33333333334, -18182.0)
(46, 4.875624656677246, -231974.16666666666, -18182.0)
(47, 4.992239475250244, -229996.625, -18182.0)
(48, 5.107348203659058, -228184.41666666666, -18182.0)
(49, 5.221008062362671, -189737.375, -18182.0)
(50, 5.335468769073486, -189737.375, -18182.0)
(51, 5.451170921325684, -177501.1666666667, -18182.0)
(52, 5.5715413093566895, -169962.3333333333, -18182.0)
(53, 5.696793794631958, -169962.3333333333, -18182.0)
(54, 5.825924634933472, -152374.5416666667, -18182.0)
(55, 5.947415351867676, -138212.66666666666, -18182.0)
(56, 6.067172050476074, -114501.20833333334, -18182.0)
(57, 6.188481569290161, -114501.20833333334, -18182.0)
(58, 6.314236402511597, -71633.75, -18182.0)
(59, 6.4427783489227295, -71165.0, -18182.0)
(60, 6.568826913833618, -70120.54166666667, -18182.0)
(61, 6.693660736083984, -69560.54166666667, -18182.0)
(62, 6.819493770599365, -69089.83333333333, -18182.0)
(63, 6.946750640869141, -43628.83333333333, -18182.0)
(64, 7.089243412017822, -35389.33333333333, -18182.0)
(65, 7.232632875442505, -32596.333333333332, -18182.0)
(66, 7.46873664855957, -29054.0, -28075.0)
(67, 7.618509531021118, -28154.000000000004, -28154.0)
(68, 7.751571178436279, -28154.000000000004, -28154.0)
