(1, 0.10289764404296875, -797052.0, -40361.0)
(2, 0.20099997520446777, -797052.0, -40361.0)
(3, 0.2989513874053955, -797052.0, -40361.0)
(4, 0.3962867259979248, -797052.0, -40361.0)
(5, 0.4937565326690674, -797052.0, -40361.0)
(6, 0.5915355682373047, -797052.0, -40361.0)
(7, 0.6907176971435547, -797052.0, -40361.0)
(8, 0.7890393733978271, -797052.0, -40361.0)
(9, 0.8879177570343018, -797052.0, -40361.0)
(10, 0.9857709407806396, -797052.0, -40361.0)
(11, 1.0838394165039062, -797052.0, -40361.0)
(12, 1.1823713779449463, -797052.0, -40361.0)
(13, 1.2785191535949707, -797052.0, -40361.0)
(14, 1.376884937286377, -797052.0, -40361.0)
(15, 1.4765534400939941, -797052.0, -40361.0)
(16, 1.5765531063079834, -797052.0, -40361.0)
(17, 1.67573881149292, -797052.0, -40361.0)
(18, 1.7743360996246338, -797052.0, -40361.0)
(19, 1.8731670379638672, -797052.0, -40361.0)
(20, 1.972965955734253, -797052.0, -40361.0)
(21, 2.0729923248291016, -797052.0, -40361.0)
(22, 2.1714975833892822, -797052.0, -40361.0)
(23, 2.269397258758545, -797052.0, -40361.0)
(24, 2.3683078289031982, -797052.0, -40361.0)
(25, 2.4662349224090576, -797052.0, -40361.0)
(26, 2.5672101974487305, -797052.0, -40361.0)
(27, 2.666518449783325, -797052.0, -40361.0)
(28, 2.768286943435669, -797052.0, -40361.0)
(29, 2.8681163787841797, -797052.0, -40361.0)
(30, 2.9697420597076416, -797052.0, -40361.0)
(31, 3.068925380706787, -797052.0, -40361.0)
(32, 3.1686251163482666, -797052.0, -40361.0)
(33, 3.2704617977142334, -797052.0, -40361.0)
(34, 3.369842290878296, -797052.0, -40361.0)
(35, 3.4712026119232178, -797052.0, -40361.0)
(36, 3.573915719985962, -797052.0, -40361.0)
(37, 3.6749024391174316, -797052.0, -40361.0)
(38, 3.7769289016723633, -797052.0, -40361.0)
(39, 3.8773484230041504, -797052.0, -40361.0)
(40, 3.9807682037353516, -797052.0, -40361.0)
(41, 4.0814878940582275, -797052.0, -40361.0)
(42, 4.186944484710693, -797052.0, -40361.0)
(43, 4.290630102157593, -797052.0, -40361.0)
(44, 4.395289897918701, -797052.0, -40361.0)
(45, 4.4995880126953125, -797052.0, -40361.0)
(46, 4.604448318481445, -797052.0, -40361.0)
(47, 4.707804441452026, -797052.0, -40361.0)
(48, 4.81201958656311, -797052.0, -40361.0)
(49, 4.916064023971558, -797052.0, -40361.0)
(50, 5.021541357040405, -797052.0, -40361.0)
(51, 5.125751256942749, -797052.0, -40361.0)
(52, 5.229836463928223, -797052.0, -40361.0)
(53, 5.33357572555542, -797052.0, -40361.0)
(54, 5.43773341178894, -797052.0, -40361.0)
(55, 5.540548801422119, -797052.0, -40361.0)
(56, 5.645076274871826, -797052.0, -40361.0)
(57, 5.749145269393921, -797052.0, -40361.0)
(58, 5.852448225021362, -797052.0, -40361.0)
(59, 5.956310033798218, -797052.0, -40361.0)
(60, 6.062772512435913, -797052.0, -40361.0)
(61, 6.171225070953369, -797052.0, -40361.0)
(62, 6.279367446899414, -797052.0, -40361.0)
(63, 6.387869834899902, -797052.0, -40361.0)
(64, 6.496205568313599, -797052.0, -40361.0)
(65, 6.605219602584839, -797052.0, -40361.0)
(66, 6.713719844818115, -797052.0, -40361.0)
(67, 6.822430372238159, -797052.0, -40361.0)
(68, 6.931301593780518, -797052.0, -40361.0)
(69, 7.0426623821258545, -797052.0, -40361.0)
(70, 7.151562452316284, -797052.0, -40361.0)
(71, 7.262517929077148, -797052.0, -40361.0)
(72, 7.372195720672607, -797052.0, -40361.0)
(73, 7.482105016708374, -797052.0, -40361.0)
(74, 7.593996286392212, -797052.0, -40361.0)
(75, 7.704751491546631, -797052.0, -40361.0)
(76, 7.813838958740234, -797052.0, -40361.0)
(77, 7.924624681472778, -797052.0, -40361.0)
(78, 8.034491062164307, -797052.0, -40361.0)
(79, 8.145785093307495, -797052.0, -40361.0)
(80, 8.25723910331726, -797052.0, -40361.0)
(81, 8.368067502975464, -797052.0, -40361.0)
(82, 8.479060173034668, -797052.0, -40361.0)
(83, 8.589469909667969, -797052.0, -40361.0)
(84, 8.701778650283813, -797052.0, -40361.0)
(85, 8.81474781036377, -797052.0, -40361.0)
(86, 8.929089307785034, -797052.0, -40361.0)
(87, 9.041850566864014, -797052.0, -40361.0)
(88, 9.152822732925415, -797052.0, -40361.0)
(89, 9.266451120376587, -797052.0, -40361.0)
(90, 9.38038158416748, -797052.0, -40361.0)
(91, 9.49351978302002, -797052.0, -40361.0)
(92, 9.60632586479187, -797052.0, -40361.0)
(93, 9.724202871322632, -797052.0, -40361.0)
(94, 9.838998794555664, -797052.0, -40361.0)
(95, 9.959113597869873, -797052.0, -40361.0)
(96, 10.077233791351318, -797052.0, -40361.0)
(97, 10.19580340385437, -797052.0, -40361.0)
(98, 10.312045335769653, -797052.0, -40361.0)
(99, 10.429207801818848, -797052.0, -40361.0)
(100, 10.547749996185303, -797052.0, -40361.0)
(101, 10.666277647018433, -797052.0, -40361.0)
(102, 10.784846544265747, -797052.0, -40361.0)
(103, 10.904139995574951, -797052.0, -40361.0)
(104, 11.02174162864685, -797052.0, -40361.0)
(105, 11.142850160598755, -797052.0, -40361.0)
(106, 11.261972665786743, -797052.0, -40361.0)
(107, 11.381242990493774, -797052.0, -40361.0)
(108, 11.500741958618164, -797052.0, -40361.0)
(109, 11.622761726379395, -797052.0, -40361.0)
(110, 11.742881298065186, -797052.0, -40361.0)
(111, 11.862861156463623, -797052.0, -40361.0)
(112, 11.982911586761475, -797052.0, -40361.0)
(113, 12.103626012802124, -797052.0, -40361.0)
(114, 12.224809408187866, -797052.0, -40361.0)
(115, 12.345414876937866, -797052.0, -40361.0)
(116, 12.46615743637085, -797052.0, -40361.0)
(117, 12.590371370315552, -797052.0, -40361.0)
(118, 12.714210987091064, -797052.0, -40361.0)
(119, 12.841743469238281, -797052.0, -40361.0)
(120, 12.966260194778442, -797052.0, -40361.0)
(121, 13.092731237411499, -797052.0, -40361.0)
(122, 13.218045473098755, -797052.0, -40361.0)
(123, 13.342255115509033, -797052.0, -40361.0)
(124, 13.470033884048462, -797052.0, -40361.0)
(125, 13.595658540725708, -797052.0, -40361.0)
(126, 13.724087953567505, -797052.0, -40361.0)
(127, 13.850102663040161, -797052.0, -40361.0)
(128, 13.97689414024353, -797052.0, -40361.0)
(129, 14.105262756347656, -797052.0, -40361.0)
(130, 14.232364892959595, -797052.0, -40361.0)
(131, 14.359220743179321, -797052.0, -40361.0)
(132, 14.483377695083618, -797052.0, -40361.0)
(133, 14.613768100738525, -797052.0, -40361.0)
(134, 14.741517305374146, -797052.0, -40361.0)
(135, 14.873384714126587, -797052.0, -40361.0)
(136, 15.00237774848938, -797052.0, -40361.0)
(137, 15.131464719772339, -797052.0, -40361.0)
(138, 15.258720874786377, -797052.0, -40361.0)
(139, 15.39062237739563, -797052.0, -40361.0)
(140, 15.520285606384277, -797052.0, -40361.0)
(141, 15.650933504104614, -797052.0, -40361.0)
(142, 15.778002738952637, -797052.0, -40361.0)
(143, 15.911535024642944, -797052.0, -40361.0)
(144, 16.05252456665039, -797052.0, -40361.0)
(145, 16.193167209625244, -797052.0, -40361.0)
(146, 16.328457832336426, -797052.0, -40361.0)
(147, 16.464346885681152, -797052.0, -40361.0)
(148, 16.598148345947266, -797052.0, -40361.0)
(149, 16.73511052131653, -797052.0, -40361.0)
(150, 16.873645782470703, -797052.0, -40361.0)
(151, 17.008859395980835, -797052.0, -40361.0)
(152, 17.14434552192688, -797052.0, -40361.0)
(153, 17.28138279914856, -797052.0, -40361.0)
(154, 17.417763233184814, -797052.0, -40361.0)
(155, 17.55333662033081, -797052.0, -40361.0)
(156, 17.689663648605347, -797052.0, -40361.0)
(157, 17.828705072402954, -797052.0, -40361.0)
(158, 17.966402530670166, -797052.0, -40361.0)
(159, 18.103928327560425, -797052.0, -40361.0)
(160, 18.249104022979736, -797052.0, -40361.0)
(161, 18.389545679092407, -797052.0, -40361.0)
(162, 18.530930280685425, -797052.0, -40361.0)
(163, 18.6683406829834, -797052.0, -40361.0)
(164, 18.812037229537964, -797052.0, -40361.0)
(165, 18.955409288406372, -797052.0, -40361.0)
(166, 19.098844051361084, -797052.0, -40361.0)
(167, 19.235700607299805, -797052.0, -40361.0)
(168, 19.373250722885132, -797052.0, -40361.0)
(169, 19.517305612564087, -797052.0, -40361.0)
(170, 19.663371562957764, -797052.0, -40361.0)
(171, 19.809197187423706, -797052.0, -40361.0)
(172, 19.954641103744507, -797052.0, -40361.0)
(173, 20.094552993774414, -797052.0, -40361.0)
(174, 20.240269660949707, -797052.0, -40361.0)
(175, 20.38750147819519, -797052.0, -40361.0)
(176, 20.541347980499268, -797052.0, -40361.0)
(177, 20.689395666122437, -797052.0, -40361.0)
(178, 20.837852001190186, -797052.0, -40361.0)
(179, 20.9852511882782, -797052.0, -40361.0)
(180, 21.131836414337158, -797052.0, -40361.0)
(181, 21.27681255340576, -797052.0, -40361.0)
(182, 21.41997456550598, -797052.0, -40361.0)
(183, 21.566204071044922, -797052.0, -40361.0)
(184, 21.71242666244507, -797052.0, -40361.0)
(185, 21.85498881340027, -797052.0, -40361.0)
(186, 22.001387357711792, -797052.0, -40361.0)
(187, 22.150822401046753, -797052.0, -40361.0)
(188, 22.30180549621582, -797052.0, -40361.0)
(189, 22.456207275390625, -797052.0, -40361.0)
(190, 22.608854055404663, -797052.0, -40361.0)
(191, 22.75645923614502, -797052.0, -40361.0)
(192, 22.902015686035156, -797052.0, -40361.0)
(193, 23.05022692680359, -797052.0, -40361.0)
(194, 23.196900606155396, -797052.0, -40361.0)
(195, 23.342814683914185, -797052.0, -40361.0)
(196, 23.495004177093506, -797052.0, -40361.0)
(197, 23.644614458084106, -797052.0, -40361.0)
(198, 23.792144060134888, -797052.0, -40361.0)
(199, 23.93768310546875, -797052.0, -40361.0)
(200, 24.090911149978638, -797052.0, -40361.0)
(201, 24.24616575241089, -797052.0, -40361.0)
(202, 24.404360055923462, -797052.0, -40361.0)
(203, 24.55448603630066, -797052.0, -40361.0)
(204, 24.70641541481018, -797052.0, -40361.0)
(205, 24.856203317642212, -797052.0, -40361.0)
(206, 25.005637407302856, -797052.0, -40361.0)
(207, 25.164202451705933, -797052.0, -40361.0)
(208, 25.318100452423096, -797052.0, -40361.0)
(209, 25.470765829086304, -797052.0, -40361.0)
(210, 25.624724626541138, -797052.0, -40361.0)
(211, 25.78364133834839, -797052.0, -40361.0)
(212, 25.931925535202026, -797052.0, -40361.0)
(213, 26.086202144622803, -797052.0, -40361.0)
(214, 26.243217706680298, -797052.0, -40361.0)
(215, 26.402188301086426, -797052.0, -40361.0)
(216, 26.563412189483643, -797052.0, -40361.0)
(217, 26.71514058113098, -797052.0, -40361.0)
(218, 26.875974893569946, -797052.0, -40361.0)
(219, 27.029709815979004, -797052.0, -40361.0)
(220, 27.19586420059204, -797052.0, -40361.0)
(221, 27.363521337509155, -797052.0, -40361.0)
(222, 27.52180242538452, -797052.0, -40361.0)
(223, 27.687058687210083, -797052.0, -40361.0)
(224, 27.84189748764038, -751637.6206896552, -40361.0)
(225, 27.995156288146973, -751637.6206896552, -40361.0)
(226, 28.14994239807129, -751637.6206896552, -40361.0)
(227, 28.299782752990723, -751637.6206896552, -40361.0)
(228, 28.450085401535034, -751637.6206896552, -40361.0)
(229, 28.60469150543213, -751637.6206896552, -40361.0)
(230, 28.756179094314575, -751637.6206896552, -40361.0)
(231, 28.907376050949097, -751637.6206896552, -40361.0)
(232, 29.063138246536255, -751637.6206896552, -40361.0)
(233, 29.24057149887085, -751637.6206896552, -40361.0)
(234, 29.393144607543945, -751637.6206896552, -40361.0)
(235, 29.55187153816223, -751637.6206896552, -40361.0)
(236, 29.707784414291382, -751637.6206896552, -40361.0)
(237, 29.860270500183105, -751637.6206896552, -40361.0)
(238, 30.01279878616333, -751637.6206896552, -40361.0)
(239, 30.16505193710327, -751637.6206896552, -40361.0)
(240, 30.32341718673706, -751637.6206896552, -40361.0)
(241, 30.481109142303467, -751637.6206896552, -40361.0)
(242, 30.63735008239746, -751637.6206896552, -40361.0)
(243, 30.79434895515442, -751637.6206896552, -40361.0)
(244, 30.95129942893982, -751637.6206896552, -40361.0)
(245, 31.107781648635864, -751637.6206896552, -40361.0)
(246, 31.267865896224976, -751637.6206896552, -40361.0)
(247, 31.429558038711548, -751637.6206896552, -40361.0)
(248, 31.5859637260437, -751637.6206896552, -40361.0)
(249, 31.7464542388916, -751637.6206896552, -40361.0)
(250, 31.90549659729004, -751637.6206896552, -40361.0)
(251, 32.06169629096985, -751637.6206896552, -40361.0)
(252, 32.220094203948975, -751637.6206896552, -40361.0)
(253, 32.389394760131836, -751637.6206896552, -40361.0)
(254, 32.55470418930054, -751637.6206896552, -40361.0)
(255, 32.713984966278076, -751637.6206896552, -40361.0)
(256, 32.87756276130676, -751637.6206896552, -40361.0)
(257, 33.03916072845459, -751637.6206896552, -40361.0)
(258, 33.19933843612671, -751637.6206896552, -40361.0)
(259, 33.360292196273804, -751637.6206896552, -40361.0)
(260, 33.5198655128479, -751637.6206896552, -40361.0)
(261, 33.681976556777954, -751637.6206896552, -40361.0)
(262, 33.843225717544556, -751637.6206896552, -40361.0)
(263, 34.00504446029663, -751637.6206896552, -40361.0)
(264, 34.171566009521484, -751637.6206896552, -40361.0)
(265, 34.33065629005432, -751637.6206896552, -40361.0)
(266, 34.49398422241211, -751637.6206896552, -40361.0)
(267, 34.65296959877014, -751637.6206896552, -40361.0)
(268, 34.820281744003296, -751637.6206896552, -40361.0)
(269, 34.98289155960083, -751637.6206896552, -40361.0)
(270, 35.15211772918701, -751637.6206896552, -40361.0)
(271, 35.32245469093323, -751637.6206896552, -40361.0)
(272, 35.48512005805969, -751637.6206896552, -40361.0)
(273, 35.6642689704895, -751637.6206896552, -40361.0)
(274, 35.83868932723999, -751637.6206896552, -40361.0)
(275, 36.00580358505249, -751637.6206896552, -40361.0)
(276, 36.17240834236145, -751637.6206896552, -40361.0)
(277, 36.33701992034912, -751637.6206896552, -40361.0)
(278, 36.50508141517639, -751637.6206896552, -40361.0)
(279, 36.67427897453308, -751637.6206896552, -40361.0)
(280, 36.84022903442383, -751637.6206896552, -40361.0)
(281, 37.00744962692261, -751637.6206896552, -40361.0)
(282, 37.173917055130005, -751637.6206896552, -40361.0)
(283, 37.35531234741211, -751637.6206896552, -40361.0)
(284, 37.52494502067566, -751637.6206896552, -40361.0)
(285, 37.691043853759766, -751637.6206896552, -40361.0)
(286, 37.86231350898743, -751637.6206896552, -40361.0)
(287, 38.029826402664185, -751637.6206896552, -40361.0)
(288, 38.202396631240845, -751637.6206896552, -40361.0)
(289, 38.369237184524536, -751637.6206896552, -40361.0)
(290, 38.55118536949158, -751637.6206896552, -40361.0)
(291, 38.730128049850464, -751637.6206896552, -40361.0)
(292, 38.905784368515015, -751637.6206896552, -40361.0)
(293, 39.0777645111084, -751637.6206896552, -40361.0)
(294, 39.24824285507202, -751637.6206896552, -40361.0)
(295, 39.42029666900635, -751637.6206896552, -40361.0)
(296, 39.592244386672974, -751637.6206896552, -40361.0)
(297, 39.761605739593506, -751637.6206896552, -40361.0)
(298, 39.9338002204895, -751637.6206896552, -40361.0)
(299, 40.105645179748535, -751637.6206896552, -40361.0)
(300, 40.27782392501831, -751637.6206896552, -40361.0)
(301, 40.44943976402283, -751637.6206896552, -40361.0)
(302, 40.62811470031738, -751637.6206896552, -40361.0)
(303, 40.80797028541565, -751637.6206896552, -40361.0)
(304, 40.98200750350952, -751637.6206896552, -40361.0)
(305, 41.15493988990784, -751637.6206896552, -40361.0)
(306, 41.32839107513428, -751637.6206896552, -40361.0)
(307, 41.50691890716553, -751637.6206896552, -40361.0)
(308, 41.679606676101685, -751637.6206896552, -40361.0)
(309, 41.85344862937927, -751637.6206896552, -40361.0)
(310, 42.02512502670288, -751637.6206896552, -40361.0)
(311, 42.20323348045349, -751637.6206896552, -40361.0)
(312, 42.37642979621887, -751637.6206896552, -40361.0)
(313, 42.54662370681763, -751637.6206896552, -40361.0)
(314, 42.72264504432678, -751637.6206896552, -40361.0)
(315, 42.91005349159241, -751637.6206896552, -40361.0)
(316, 43.08654832839966, -751637.6206896552, -40361.0)
(317, 43.266735315322876, -751637.6206896552, -40361.0)
(318, 43.44997453689575, -751637.6206896552, -40361.0)
(319, 43.64490103721619, -751637.6206896552, -40361.0)
(320, 43.837153673172, -751637.6206896552, -40361.0)
(321, 44.01273584365845, -751637.6206896552, -40361.0)
(322, 44.191264629364014, -751637.6206896552, -40361.0)
(323, 44.372095346450806, -751637.6206896552, -40361.0)
(324, 44.54520845413208, -751637.6206896552, -40361.0)
(325, 44.72384476661682, -751637.6206896552, -40361.0)
(326, 44.9046585559845, -751637.6206896552, -40361.0)
(327, 45.08716368675232, -751637.6206896552, -40361.0)
(328, 45.26933765411377, -751637.6206896552, -40361.0)
(329, 45.451854944229126, -751637.6206896552, -40361.0)
(330, 45.633936166763306, -751637.6206896552, -40361.0)
(331, 45.81887078285217, -751637.6206896552, -40361.0)
(332, 45.99919414520264, -751637.6206896552, -40361.0)
(333, 46.19020915031433, -751637.6206896552, -40361.0)
(334, 46.3722620010376, -751637.6206896552, -40361.0)
(335, 46.5545973777771, -751637.6206896552, -40361.0)
(336, 46.73697376251221, -751637.6206896552, -40361.0)
(337, 46.91602540016174, -751637.6206896552, -40361.0)
(338, 47.097084045410156, -751637.6206896552, -40361.0)
(339, 47.28380036354065, -751637.6206896552, -40361.0)
(340, 47.469298124313354, -751637.6206896552, -40361.0)
(341, 47.65124869346619, -751637.6206896552, -40361.0)
(342, 47.833181858062744, -751637.6206896552, -40361.0)
(343, 48.01569199562073, -751637.6206896552, -40361.0)
(344, 48.19710898399353, -751637.6206896552, -40361.0)
(345, 48.39606595039368, -751637.6206896552, -40361.0)
(346, 48.58476448059082, -751637.6206896552, -40361.0)
(347, 48.776334047317505, -751637.6206896552, -40361.0)
(348, 48.962023973464966, -751637.6206896552, -40361.0)
(349, 49.14794445037842, -751637.6206896552, -40361.0)
(350, 49.33063745498657, -751637.6206896552, -40361.0)
(351, 49.51902770996094, -751637.6206896552, -40361.0)
(352, 49.70270371437073, -751637.6206896552, -40361.0)
(353, 49.8869891166687, -751637.6206896552, -40361.0)
(354, 50.076656103134155, -751637.6206896552, -40361.0)
(355, 50.263816118240356, -751637.6206896552, -40361.0)
(356, 50.458295583724976, -751637.6206896552, -40361.0)
(357, 50.64831256866455, -751637.6206896552, -40361.0)
(358, 50.846832036972046, -751637.6206896552, -40361.0)
(359, 51.035088777542114, -751637.6206896552, -40361.0)
(360, 51.226446866989136, -751637.6206896552, -40361.0)
(361, 51.42000651359558, -751637.6206896552, -40361.0)
(362, 51.61197566986084, -751637.6206896552, -40361.0)
(363, 51.80146074295044, -751637.6206896552, -40361.0)
(364, 52.00028991699219, -751637.6206896552, -40361.0)
(365, 52.19725155830383, -751637.6206896552, -40361.0)
(366, 52.39382529258728, -751637.6206896552, -40361.0)
(367, 52.58857798576355, -751637.6206896552, -40361.0)
(368, 52.78987693786621, -751637.6206896552, -40361.0)
(369, 52.989969968795776, -751637.6206896552, -40361.0)
(370, 53.19090557098389, -751637.6206896552, -40361.0)
(371, 53.383561849594116, -751637.6206896552, -40361.0)
(372, 53.5945143699646, -751637.6206896552, -40361.0)
(373, 53.80361366271973, -751637.6206896552, -40361.0)
(374, 54.003721714019775, -751637.6206896552, -40361.0)
(375, 54.19247531890869, -751637.6206896552, -40361.0)
(376, 54.39182925224304, -751637.6206896552, -40361.0)
(377, 54.5881245136261, -751637.6206896552, -40361.0)
(378, 54.7830331325531, -751637.6206896552, -40361.0)
(379, 54.97670888900757, -751637.6206896552, -40361.0)
(380, 55.18619632720947, -751637.6206896552, -40361.0)
(381, 55.385108947753906, -751637.6206896552, -40361.0)
(382, 55.59053683280945, -751637.6206896552, -40361.0)
(383, 55.79002118110657, -751637.6206896552, -40361.0)
(384, 55.9855682849884, -751637.6206896552, -40361.0)
(385, 56.1789755821228, -751637.6206896552, -40361.0)
(386, 56.38646197319031, -751637.6206896552, -40361.0)
(387, 56.60658359527588, -751637.6206896552, -40361.0)
(388, 56.8059823513031, -751637.6206896552, -40361.0)
(389, 57.014198541641235, -751637.6206896552, -40361.0)
(390, 57.23228597640991, -751637.6206896552, -40361.0)
(391, 57.43009948730469, -751637.6206896552, -40361.0)
(392, 57.63287091255188, -751637.6206896552, -40361.0)
(393, 57.832911014556885, -751637.6206896552, -40361.0)
(394, 58.05679893493652, -751637.6206896552, -40361.0)
(395, 58.26775884628296, -751637.6206896552, -40361.0)
(396, 58.468806982040405, -751637.6206896552, -40361.0)
(397, 58.66770839691162, -751637.6206896552, -40361.0)
(398, 58.87307786941528, -751637.6206896552, -40361.0)
(399, 59.081751585006714, -751637.6206896552, -40361.0)
(400, 59.29895830154419, -751637.6206896552, -40361.0)
(401, 59.49840521812439, -751637.6206896552, -40361.0)
(402, 59.70694923400879, -751637.6206896552, -40361.0)
(403, 59.912367820739746, -751637.6206896552, -40361.0)
(404, 60.116474866867065, -751637.6206896552, -40361.0)
(405, 60.318767070770264, -751637.6206896552, -40361.0)
(406, 60.53221607208252, -751637.6206896552, -40361.0)
(407, 60.74428963661194, -751637.6206896552, -40361.0)
(408, 60.947805881500244, -751637.6206896552, -40361.0)
(409, 61.15247106552124, -751637.6206896552, -40361.0)
(410, 61.359952449798584, -751637.6206896552, -40361.0)
(411, 61.56070804595947, -751637.6206896552, -40361.0)
(412, 61.779133319854736, -751637.6206896552, -40361.0)
(413, 61.98542308807373, -751637.6206896552, -40361.0)
(414, 62.192062854766846, -751637.6206896552, -40361.0)
(415, 62.39203858375549, -751637.6206896552, -40361.0)
(416, 62.614208459854126, -751637.6206896552, -40361.0)
(417, 62.82141995429993, -751637.6206896552, -40361.0)
(418, 63.03372502326965, -751637.6206896552, -40361.0)
(419, 63.25241708755493, -751637.6206896552, -40361.0)
(420, 63.47286891937256, -751637.6206896552, -40361.0)
(421, 63.68058490753174, -751637.6206896552, -40361.0)
(422, 63.90726041793823, -751637.6206896552, -40361.0)
(423, 64.12918043136597, -751637.6206896552, -40361.0)
(424, 64.34151887893677, -751637.6206896552, -40361.0)
(425, 64.55984282493591, -751637.6206896552, -40361.0)
(426, 64.77426433563232, -751637.6206896552, -40361.0)
(427, 64.98838186264038, -751637.6206896552, -40361.0)
(428, 65.2069399356842, -751637.6206896552, -40361.0)
(429, 65.42385363578796, -751637.6206896552, -40361.0)
(430, 65.64561533927917, -751637.6206896552, -40361.0)
(431, 65.85765838623047, -751637.6206896552, -40361.0)
(432, 66.0699315071106, -751637.6206896552, -40361.0)
(433, 66.29197645187378, -751637.6206896552, -40361.0)
(434, 66.50152945518494, -751637.6206896552, -40361.0)
(435, 66.72090363502502, -751637.6206896552, -40361.0)
(436, 66.93407654762268, -751637.6206896552, -40361.0)
(437, 67.15808153152466, -751637.6206896552, -40361.0)
(438, 67.36751246452332, -751637.6206896552, -40361.0)
(439, 67.59482884407043, -751637.6206896552, -40361.0)
(440, 67.82415175437927, -751637.6206896552, -40361.0)
(441, 68.05065965652466, -751637.6206896552, -40361.0)
(442, 68.29046845436096, -751637.6206896552, -40361.0)
(443, 68.51244378089905, -751637.6206896552, -40361.0)
(444, 68.73668456077576, -751637.6206896552, -40361.0)
(445, 68.96534180641174, -751637.6206896552, -40361.0)
(446, 69.19216704368591, -751637.6206896552, -40361.0)
(447, 69.41778373718262, -751637.6206896552, -40361.0)
(448, 69.64384245872498, -751637.6206896552, -40361.0)
(449, 69.86076331138611, -751637.6206896552, -40361.0)
(450, 70.08149290084839, -751637.6206896552, -40361.0)
(451, 70.29650044441223, -751637.6206896552, -40361.0)
(452, 70.5249092578888, -751637.6206896552, -40361.0)
(453, 70.75996947288513, -751637.6206896552, -40361.0)
(454, 70.99514412879944, -751637.6206896552, -40361.0)
(455, 71.22517132759094, -751637.6206896552, -40361.0)
(456, 71.46731996536255, -751637.6206896552, -40361.0)
(457, 71.70451045036316, -751637.6206896552, -40361.0)
(458, 71.92914843559265, -751637.6206896552, -40361.0)
(459, 72.16054916381836, -751637.6206896552, -40361.0)
(460, 72.38492584228516, -751637.6206896552, -40361.0)
(461, 72.60785865783691, -751637.6206896552, -40361.0)
(462, 72.84415864944458, -751637.6206896552, -40361.0)
(463, 73.06922101974487, -751637.6206896552, -40361.0)
(464, 73.29329180717468, -751637.6206896552, -40361.0)
(465, 73.53453969955444, -751637.6206896552, -40361.0)
(466, 73.7707827091217, -751637.6206896552, -40361.0)
(467, 73.99459457397461, -751637.6206896552, -40361.0)
(468, 74.24116635322571, -751637.6206896552, -40361.0)
(469, 74.47405457496643, -751637.6206896552, -40361.0)
(470, 74.70374917984009, -751637.6206896552, -40361.0)
(471, 74.9396538734436, -751637.6206896552, -40361.0)
(472, 75.1685516834259, -751637.6206896552, -40361.0)
(473, 75.39547610282898, -751637.6206896552, -40361.0)
(474, 75.62344646453857, -751637.6206896552, -40361.0)
(475, 75.8507285118103, -751637.6206896552, -40361.0)
(476, 76.07163524627686, -751637.6206896552, -40361.0)
(477, 76.31164026260376, -751637.6206896552, -40361.0)
(478, 76.54779028892517, -751637.6206896552, -40361.0)
(479, 76.78187108039856, -751637.6206896552, -40361.0)
(480, 77.01069355010986, -678080.8275862068, -40361.0)
(481, 77.23722505569458, -678080.8275862068, -40361.0)
(482, 77.45942068099976, -678080.8275862068, -40361.0)
(483, 77.68102097511292, -678080.8275862068, -40361.0)
(484, 77.89736032485962, -678080.8275862068, -40361.0)
(485, 78.11577677726746, -678080.8275862068, -40361.0)
(486, 78.33472037315369, -678080.8275862068, -40361.0)
(487, 78.55584526062012, -678080.8275862068, -40361.0)
(488, 78.77922105789185, -678080.8275862068, -40361.0)
(489, 79.000905752182, -678080.8275862068, -40361.0)
(490, 79.21863079071045, -678080.8275862068, -40361.0)
(491, 79.43732619285583, -678080.8275862068, -40361.0)
(492, 79.65722322463989, -678080.8275862068, -40361.0)
(493, 79.88324093818665, -678080.8275862068, -40361.0)
(494, 80.11568093299866, -678080.8275862068, -40361.0)
(495, 80.34148073196411, -678080.8275862068, -40361.0)
(496, 80.56554841995239, -678080.8275862068, -40361.0)
(497, 80.78494954109192, -678080.8275862068, -40361.0)
(498, 81.00732827186584, -678080.8275862068, -40361.0)
(499, 81.2428662776947, -678080.8275862068, -40361.0)
(500, 81.46734595298767, -678080.8275862068, -40361.0)
(501, 81.69925379753113, -678080.8275862068, -40361.0)
(502, 81.92909336090088, -678080.8275862068, -40361.0)
(503, 82.1650083065033, -678080.8275862068, -40361.0)
(504, 82.40578413009644, -678080.8275862068, -40361.0)
(505, 82.638423204422, -678080.8275862068, -40361.0)
(506, 82.87100410461426, -678080.8275862068, -40361.0)
(507, 83.10790586471558, -678080.8275862068, -40361.0)
(508, 83.34002017974854, -678080.8275862068, -40361.0)
(509, 83.57281303405762, -678080.8275862068, -40361.0)
(510, 83.80405235290527, -678080.8275862068, -40361.0)
(511, 84.03756070137024, -678080.8275862068, -40361.0)
(512, 84.27087020874023, -678080.8275862068, -40361.0)
(513, 84.51002788543701, -678080.8275862068, -40361.0)
(514, 84.74603343009949, -678080.8275862068, -40361.0)
(515, 84.98131728172302, -678080.8275862068, -40361.0)
(516, 85.22269535064697, -678080.8275862068, -40361.0)
(517, 85.48343920707703, -678080.8275862068, -40361.0)
(518, 85.72102069854736, -678080.8275862068, -40361.0)
(519, 85.95430994033813, -678080.8275862068, -40361.0)
(520, 86.18678259849548, -678080.8275862068, -40361.0)
(521, 86.42805361747742, -678080.8275862068, -40361.0)
(522, 86.66638827323914, -678080.8275862068, -40361.0)
(523, 86.9020426273346, -678080.8275862068, -40361.0)
(524, 87.1510021686554, -678080.8275862068, -40361.0)
(525, 87.409987449646, -678080.8275862068, -40361.0)
(526, 87.64945840835571, -678080.8275862068, -40361.0)
(527, 87.88881778717041, -678080.8275862068, -40361.0)
(528, 88.12623620033264, -678080.8275862068, -40361.0)
(529, 88.36248207092285, -678080.8275862068, -40361.0)
(530, 88.59589529037476, -678080.8275862068, -40361.0)
(531, 88.83754658699036, -678080.8275862068, -40361.0)
(532, 89.07517147064209, -678080.8275862068, -40361.0)
(533, 89.31311750411987, -678080.8275862068, -40361.0)
(534, 89.55265402793884, -678080.8275862068, -40361.0)
(535, 89.79377150535583, -678080.8275862068, -40361.0)
(536, 90.03016710281372, -678080.8275862068, -40361.0)
(537, 90.27217721939087, -678080.8275862068, -40361.0)
(538, 90.51989459991455, -678080.8275862068, -40361.0)
(539, 90.76636147499084, -678080.8275862068, -40361.0)
(540, 91.02063322067261, -678080.8275862068, -40361.0)
(541, 91.26075768470764, -678080.8275862068, -40361.0)
(542, 91.49674391746521, -678080.8275862068, -40361.0)
(543, 91.74420762062073, -678080.8275862068, -40361.0)
(544, 91.989661693573, -678080.8275862068, -40361.0)
(545, 92.2348747253418, -678080.8275862068, -40361.0)
(546, 92.473219871521, -678080.8275862068, -40361.0)
(547, 92.7177243232727, -678080.8275862068, -40361.0)
(548, 92.96295642852783, -678080.8275862068, -40361.0)
(549, 93.20252633094788, -678080.8275862068, -40361.0)
(550, 93.46312880516052, -678080.8275862068, -40361.0)
(551, 93.70453023910522, -678080.8275862068, -40361.0)
(552, 93.96573734283447, -678080.8275862068, -40361.0)
(553, 94.21808910369873, -678080.8275862068, -40361.0)
(554, 94.50561141967773, -678080.8275862068, -40361.0)
(555, 94.7587161064148, -678080.8275862068, -40361.0)
(556, 95.00734186172485, -678080.8275862068, -40361.0)
(557, 95.25193929672241, -678080.8275862068, -40361.0)
(558, 95.49358177185059, -678080.8275862068, -40361.0)
(559, 95.7394552230835, -678080.8275862068, -40361.0)
(560, 95.98349976539612, -678080.8275862068, -40361.0)
(561, 96.24435567855835, -678080.8275862068, -40361.0)
(562, 96.50224423408508, -678080.8275862068, -40361.0)
(563, 96.75457000732422, -678080.8275862068, -40361.0)
(564, 97.00954985618591, -678080.8275862068, -40361.0)
(565, 97.28961324691772, -678080.8275862068, -40361.0)
(566, 97.5583987236023, -678080.8275862068, -40361.0)
(567, 97.81471967697144, -678080.8275862068, -40361.0)
(568, 98.05909061431885, -678080.8275862068, -40361.0)
(569, 98.30950927734375, -678080.8275862068, -40361.0)
(570, 98.56048083305359, -678080.8275862068, -40361.0)
(571, 98.81440448760986, -678080.8275862068, -40361.0)
(572, 99.06504654884338, -678080.8275862068, -40361.0)
(573, 99.31821870803833, -678080.8275862068, -40361.0)
(574, 99.5687427520752, -678080.8275862068, -40361.0)
(575, 99.82007050514221, -678080.8275862068, -40361.0)
(576, 100.07272243499756, -678080.8275862068, -40361.0)
(577, 100.31822776794434, -678080.8275862068, -40361.0)
(578, 100.5738582611084, -678080.8275862068, -40361.0)
(579, 100.82734560966492, -678080.8275862068, -40361.0)
(580, 101.07335567474365, -678080.8275862068, -40361.0)
(581, 101.33930349349976, -678080.8275862068, -40361.0)
(582, 101.59675884246826, -678080.8275862068, -40361.0)
(583, 101.86727929115295, -678080.8275862068, -40361.0)
(584, 102.12261366844177, -678080.8275862068, -40361.0)
(585, 102.3740382194519, -678080.8275862068, -40361.0)
(586, 102.62981033325195, -678080.8275862068, -40361.0)
(587, 102.89665579795837, -678080.8275862068, -40361.0)
(588, 103.16115188598633, -678080.8275862068, -40361.0)
(589, 103.42552304267883, -678080.8275862068, -40361.0)
(590, 103.68690228462219, -678080.8275862068, -40361.0)
(591, 103.94885587692261, -678080.8275862068, -40361.0)
(592, 104.20344948768616, -678080.8275862068, -40361.0)
(593, 104.46729278564453, -678080.8275862068, -40361.0)
(594, 104.72705221176147, -678080.8275862068, -40361.0)
(595, 104.98609137535095, -678080.8275862068, -40361.0)
(596, 105.26553916931152, -678080.8275862068, -40361.0)
(597, 105.53574013710022, -678080.8275862068, -40361.0)
(598, 105.80043935775757, -678080.8275862068, -40361.0)
(599, 106.07306337356567, -678080.8275862068, -40361.0)
(600, 106.33545184135437, -678080.8275862068, -40361.0)
(601, 106.62199211120605, -678080.8275862068, -40361.0)
(602, 106.89125490188599, -678080.8275862068, -40361.0)
(603, 107.15917658805847, -678080.8275862068, -40361.0)
(604, 107.44240307807922, -678080.8275862068, -40361.0)
(605, 107.70943093299866, -678080.8275862068, -40361.0)
(606, 107.96916031837463, -678080.8275862068, -40361.0)
(607, 108.23296976089478, -678080.8275862068, -40361.0)
(608, 108.49130892753601, -678080.8275862068, -40361.0)
(609, 108.76445603370667, -678080.8275862068, -40361.0)
(610, 109.03381752967834, -678080.8275862068, -40361.0)
(611, 109.32167363166809, -678080.8275862068, -40361.0)
(612, 109.59734749794006, -678080.8275862068, -40361.0)
(613, 109.88373374938965, -678080.8275862068, -40361.0)
(614, 110.15487933158875, -678080.8275862068, -40361.0)
(615, 110.42345929145813, -678080.8275862068, -40361.0)
(616, 110.69201731681824, -678080.8275862068, -40361.0)
(617, 110.96280598640442, -678080.8275862068, -40361.0)
(618, 111.23103380203247, -678080.8275862068, -40361.0)
(619, 111.4964337348938, -678080.8275862068, -40361.0)
(620, 111.76716566085815, -678080.8275862068, -40361.0)
(621, 112.04045987129211, -678080.8275862068, -40361.0)
(622, 112.30944752693176, -678080.8275862068, -40361.0)
(623, 112.5912618637085, -678080.8275862068, -40361.0)
(624, 112.86676478385925, -678080.8275862068, -40361.0)
(625, 113.13817596435547, -678080.8275862068, -40361.0)
(626, 113.43334436416626, -678080.8275862068, -40361.0)
(627, 113.71185517311096, -678080.8275862068, -40361.0)
(628, 113.98887801170349, -678080.8275862068, -40361.0)
(629, 114.25926780700684, -678080.8275862068, -40361.0)
(630, 114.54857444763184, -678080.8275862068, -40361.0)
(631, 114.82804012298584, -678080.8275862068, -40361.0)
(632, 115.11538887023926, -678080.8275862068, -40361.0)
(633, 115.40391850471497, -678080.8275862068, -40361.0)
(634, 115.71215295791626, -678080.8275862068, -40361.0)
(635, 116.0110354423523, -678080.8275862068, -40361.0)
(636, 116.30323123931885, -678080.8275862068, -40361.0)
(637, 116.59510970115662, -678080.8275862068, -40361.0)
(638, 116.89107418060303, -678080.8275862068, -40361.0)
(639, 117.18025779724121, -678080.8275862068, -40361.0)
(640, 117.46347284317017, -678080.8275862068, -40361.0)
(641, 117.75451683998108, -678080.8275862068, -40361.0)
(642, 118.04722309112549, -678080.8275862068, -40361.0)
(643, 118.33620238304138, -678080.8275862068, -40361.0)
(644, 118.61563158035278, -678080.8275862068, -40361.0)
(645, 118.9076795578003, -678080.8275862068, -40361.0)
(646, 119.20460772514343, -678080.8275862068, -40361.0)
(647, 119.50657153129578, -678080.8275862068, -40361.0)
(648, 119.8226170539856, -678080.8275862068, -40361.0)
(649, 120.11822772026062, -678080.8275862068, -40361.0)
(650, 120.4149374961853, -678080.8275862068, -40361.0)
(651, 120.7091293334961, -678080.8275862068, -40361.0)
(652, 120.99464273452759, -678080.8275862068, -40361.0)
(653, 121.29443955421448, -678080.8275862068, -40361.0)
(654, 121.5786874294281, -678080.8275862068, -40361.0)
(655, 121.87907099723816, -678080.8275862068, -40361.0)
(656, 122.19744682312012, -678080.8275862068, -40361.0)
(657, 122.49400091171265, -678080.8275862068, -40361.0)
(658, 122.78646206855774, -678080.8275862068, -40361.0)
(659, 123.0805139541626, -678080.8275862068, -40361.0)
(660, 123.36399674415588, -678080.8275862068, -40361.0)
(661, 123.66206932067871, -678080.8275862068, -40361.0)
(662, 123.95188212394714, -678080.8275862068, -40361.0)
(663, 124.24863314628601, -678080.8275862068, -40361.0)
(664, 124.54079985618591, -678080.8275862068, -40361.0)
(665, 124.83293128013611, -678080.8275862068, -40361.0)
(666, 125.1193060874939, -678080.8275862068, -40361.0)
(667, 125.46243619918823, -678080.8275862068, -40361.0)
(668, 125.77862119674683, -678080.8275862068, -40361.0)
(669, 126.11418890953064, -678080.8275862068, -40361.0)
(670, 126.4319076538086, -678080.8275862068, -40361.0)
(671, 126.74242615699768, -678080.8275862068, -40361.0)
(672, 127.03596138954163, -678080.8275862068, -40361.0)
(673, 127.32817769050598, -678080.8275862068, -40361.0)
(674, 127.62616086006165, -678080.8275862068, -40361.0)
(675, 127.92450213432312, -678080.8275862068, -40361.0)
(676, 128.22654843330383, -678080.8275862068, -40361.0)
(677, 128.52054452896118, -678080.8275862068, -40361.0)
(678, 128.82553052902222, -678080.8275862068, -40361.0)
(679, 129.12215042114258, -678080.8275862068, -40361.0)
(680, 129.4240620136261, -678080.8275862068, -40361.0)
(681, 129.73467183113098, -678080.8275862068, -40361.0)
(682, 130.06143617630005, -678080.8275862068, -40361.0)
(683, 130.3697955608368, -678080.8275862068, -40361.0)
(684, 130.666184425354, -678080.8275862068, -40361.0)
(685, 130.98185443878174, -678080.8275862068, -40361.0)
(686, 131.29987478256226, -678080.8275862068, -40361.0)
(687, 131.60027599334717, -678080.8275862068, -40361.0)
(688, 131.90457797050476, -678080.8275862068, -40361.0)
(689, 132.21273708343506, -678080.8275862068, -40361.0)
(690, 132.50991773605347, -678080.8275862068, -40361.0)
(691, 132.83881759643555, -678080.8275862068, -40361.0)
(692, 133.15820407867432, -678080.8275862068, -40361.0)
(693, 133.45624089241028, -678080.8275862068, -40361.0)
(694, 133.75636172294617, -678080.8275862068, -40361.0)
(695, 134.07357478141785, -678080.8275862068, -40361.0)
(696, 134.3755316734314, -678080.8275862068, -40361.0)
(697, 134.67536044120789, -678080.8275862068, -40361.0)
(698, 134.98112320899963, -678080.8275862068, -40361.0)
(699, 135.28428411483765, -678080.8275862068, -40361.0)
(700, 135.57552909851074, -678080.8275862068, -40361.0)
(701, 135.89337682724, -678080.8275862068, -40361.0)
(702, 136.19476079940796, -678080.8275862068, -40361.0)
(703, 136.487886428833, -678080.8275862068, -40361.0)
(704, 136.81925249099731, -678080.8275862068, -40361.0)
(705, 137.12322330474854, -678080.8275862068, -40361.0)
(706, 137.43070483207703, -678080.8275862068, -40361.0)
(707, 137.74256587028503, -678080.8275862068, -40361.0)
(708, 138.04841256141663, -678080.8275862068, -40361.0)
(709, 138.35908222198486, -678080.8275862068, -40361.0)
(710, 138.68730926513672, -678080.8275862068, -40361.0)
(711, 139.0147294998169, -678080.8275862068, -40361.0)
(712, 139.33188223838806, -678080.8275862068, -40361.0)
(713, 139.65048003196716, -678080.8275862068, -40361.0)
(714, 139.9636995792389, -678080.8275862068, -40361.0)
(715, 140.27853965759277, -678080.8275862068, -40361.0)
(716, 140.5913848876953, -678080.8275862068, -40361.0)
(717, 140.89591026306152, -678080.8275862068, -40361.0)
(718, 141.19548320770264, -678080.8275862068, -40361.0)
(719, 141.52702832221985, -678080.8275862068, -40361.0)
(720, 141.86891746520996, -678080.8275862068, -40361.0)
(721, 142.18478798866272, -678080.8275862068, -40361.0)
(722, 142.5571210384369, -678080.8275862068, -40361.0)
(723, 142.89804458618164, -678080.8275862068, -40361.0)
(724, 143.22402954101562, -678080.8275862068, -40361.0)
(725, 143.53826379776, -678080.8275862068, -40361.0)
(726, 143.86637711524963, -678080.8275862068, -40361.0)
(727, 144.18541431427002, -678080.8275862068, -40361.0)
(728, 144.50600934028625, -678080.8275862068, -40361.0)
(729, 144.83673930168152, -678080.8275862068, -40361.0)
(730, 145.17110681533813, -678080.8275862068, -40361.0)
(731, 145.4938464164734, -678080.8275862068, -40361.0)
(732, 145.81514883041382, -678080.8275862068, -40361.0)
(733, 146.15542578697205, -678080.8275862068, -40361.0)
(734, 146.47247695922852, -678080.8275862068, -40361.0)
(735, 146.8078920841217, -678080.8275862068, -40361.0)
(736, 147.13480305671692, -678080.8275862068, -40361.0)
(737, 147.46975541114807, -678080.8275862068, -40361.0)
(738, 147.7859344482422, -678080.8275862068, -40361.0)
(739, 148.1278510093689, -678080.8275862068, -40361.0)
(740, 148.47907066345215, -678080.8275862068, -40361.0)
(741, 148.85519790649414, -678080.8275862068, -40361.0)
(742, 149.2155601978302, -678080.8275862068, -40361.0)
(743, 149.54323196411133, -678080.8275862068, -40361.0)
(744, 149.87556862831116, -678080.8275862068, -40361.0)
(745, 150.22303676605225, -678080.8275862068, -40361.0)
(746, 150.54757452011108, -678080.8275862068, -40361.0)
(747, 150.88417553901672, -678080.8275862068, -40361.0)
(748, 151.2097840309143, -678080.8275862068, -40361.0)
(749, 151.53636288642883, -678080.8275862068, -40361.0)
(750, 151.87420177459717, -678080.8275862068, -40361.0)
(751, 152.2180359363556, -678080.8275862068, -40361.0)
(752, 152.5515341758728, -678080.8275862068, -40361.0)
(753, 152.87625789642334, -678080.8275862068, -40361.0)
(754, 153.22184777259827, -678080.8275862068, -40361.0)
(755, 153.57612562179565, -678080.8275862068, -40361.0)
(756, 153.91286373138428, -678080.8275862068, -40361.0)
(757, 154.25531768798828, -678080.8275862068, -40361.0)
(758, 154.58773040771484, -678080.8275862068, -40361.0)
(759, 154.94350337982178, -678080.8275862068, -40361.0)
(760, 155.30799770355225, -678080.8275862068, -40361.0)
(761, 155.64372515678406, -678080.8275862068, -40361.0)
(762, 156.00780129432678, -678080.8275862068, -40361.0)
(763, 156.4055519104004, -678080.8275862068, -40361.0)
(764, 156.74282383918762, -678080.8275862068, -40361.0)
(765, 157.08983874320984, -678080.8275862068, -40361.0)
(766, 157.42951846122742, -678080.8275862068, -40361.0)
(767, 157.7848732471466, -678080.8275862068, -40361.0)
(768, 158.12845420837402, -678080.8275862068, -40361.0)
(769, 158.46830415725708, -678080.8275862068, -40361.0)
(770, 158.8081920146942, -678080.8275862068, -40361.0)
(771, 159.14963603019714, -678080.8275862068, -40361.0)
(772, 159.48130679130554, -678080.8275862068, -40361.0)
(773, 159.82050609588623, -678080.8275862068, -40361.0)
(774, 160.18126463890076, -678080.8275862068, -40361.0)
(775, 160.5285496711731, -678080.8275862068, -40361.0)
(776, 160.86295557022095, -678080.8275862068, -40361.0)
(777, 161.20069646835327, -678080.8275862068, -40361.0)
(778, 161.53854274749756, -678080.8275862068, -40361.0)
(779, 161.9118881225586, -678080.8275862068, -40361.0)
(780, 162.2753622531891, -678080.8275862068, -40361.0)
(781, 162.624516248703, -678080.8275862068, -40361.0)
(782, 162.9649863243103, -678080.8275862068, -40361.0)
(783, 163.30681109428406, -678080.8275862068, -40361.0)
(784, 163.66620302200317, -678080.8275862068, -40361.0)
(785, 164.01430654525757, -678080.8275862068, -40361.0)
(786, 164.36178708076477, -678080.8275862068, -40361.0)
(787, 164.7030735015869, -678080.8275862068, -40361.0)
(788, 165.03196740150452, -678080.8275862068, -40361.0)
(789, 165.3770558834076, -678080.8275862068, -40361.0)
(790, 165.71062207221985, -678080.8275862068, -40361.0)
(791, 166.0522301197052, -678080.8275862068, -40361.0)
(792, 166.38094806671143, -678080.8275862068, -40361.0)
(793, 166.7379240989685, -678080.8275862068, -40361.0)
(794, 167.069406747818, -678080.8275862068, -40361.0)
(795, 167.4312481880188, -678080.8275862068, -40361.0)
(796, 167.7636067867279, -678080.8275862068, -40361.0)
(797, 168.1335427761078, -678080.8275862068, -40361.0)
(798, 168.5315499305725, -678080.8275862068, -40361.0)
(799, 168.90229082107544, -678080.8275862068, -40361.0)
(800, 169.25612497329712, -678080.8275862068, -40361.0)
(801, 169.61610341072083, -678080.8275862068, -40361.0)
(802, 169.980539560318, -678080.8275862068, -40361.0)
(803, 170.35391283035278, -678080.8275862068, -40361.0)
(804, 170.69230484962463, -678080.8275862068, -40361.0)
(805, 171.07993030548096, -678080.8275862068, -40361.0)
(806, 171.4459319114685, -678080.8275862068, -40361.0)
(807, 171.7997922897339, -678080.8275862068, -40361.0)
(808, 172.20144701004028, -678080.8275862068, -40361.0)
(809, 172.58010292053223, -678080.8275862068, -40361.0)
(810, 172.95829963684082, -678080.8275862068, -40361.0)
(811, 173.34800100326538, -678080.8275862068, -40361.0)
(812, 173.6983504295349, -601028.7931034482, -40361.0)
(813, 174.04765725135803, -601028.7931034482, -40361.0)
(814, 174.382746219635, -601028.7931034482, -40361.0)
(815, 174.72074508666992, -601028.7931034482, -40361.0)
(816, 175.05445313453674, -601028.7931034482, -40361.0)
(817, 175.3875024318695, -601028.7931034482, -40361.0)
(818, 175.72609758377075, -601028.7931034482, -40361.0)
(819, 176.06054854393005, -601028.7931034482, -40361.0)
(820, 176.39872670173645, -601028.7931034482, -40361.0)
(821, 176.7568473815918, -601028.7931034482, -40361.0)
(822, 177.10321283340454, -601028.7931034482, -40361.0)
(823, 177.44442415237427, -601028.7931034482, -40361.0)
(824, 177.78594970703125, -601028.7931034482, -40361.0)
(825, 178.14038395881653, -601028.7931034482, -40361.0)
(826, 178.48328185081482, -601028.7931034482, -40361.0)
(827, 178.85716557502747, -601028.7931034482, -40361.0)
(828, 179.19811153411865, -601028.7931034482, -40361.0)
(829, 179.54384112358093, -601028.7931034482, -40361.0)
(830, 179.92105054855347, -601028.7931034482, -40361.0)
(831, 180.2814826965332, -601028.7931034482, -40361.0)
(832, 180.63813543319702, -601028.7931034482, -40361.0)
(833, 180.99034190177917, -601028.7931034482, -40361.0)
(834, 181.33898067474365, -601028.7931034482, -40361.0)
(835, 181.6860454082489, -601028.7931034482, -40361.0)
(836, 182.0334177017212, -601028.7931034482, -40361.0)
(837, 182.37689900398254, -601028.7931034482, -40361.0)
(838, 182.7320306301117, -601028.7931034482, -40361.0)
(839, 183.0800838470459, -601028.7931034482, -40361.0)
(840, 183.43945288658142, -601028.7931034482, -40361.0)
(841, 183.80091094970703, -601028.7931034482, -40361.0)
(842, 184.16486144065857, -601028.7931034482, -40361.0)
(843, 184.5249330997467, -601028.7931034482, -40361.0)
(844, 184.88693475723267, -601028.7931034482, -40361.0)
(845, 185.24682116508484, -601028.7931034482, -40361.0)
(846, 185.60652804374695, -601028.7931034482, -40361.0)
(847, 185.95677876472473, -601028.7931034482, -40361.0)
(848, 186.32842588424683, -601028.7931034482, -40361.0)
(849, 186.69951033592224, -601028.7931034482, -40361.0)
(850, 187.09283804893494, -601028.7931034482, -40361.0)
(851, 187.47231435775757, -601028.7931034482, -40361.0)
(852, 187.86679434776306, -601028.7931034482, -40361.0)
(853, 188.22508430480957, -601028.7931034482, -40361.0)
(854, 188.58680868148804, -601028.7931034482, -40361.0)
(855, 188.94470930099487, -601028.7931034482, -40361.0)
(856, 189.30402779579163, -601028.7931034482, -40361.0)
(857, 189.67085146903992, -601028.7931034482, -40361.0)
(858, 190.03138709068298, -601028.7931034482, -40361.0)
(859, 190.38609075546265, -601028.7931034482, -40361.0)
(860, 190.74246978759766, -601028.7931034482, -40361.0)
(861, 191.10176253318787, -601028.7931034482, -40361.0)
(862, 191.47367811203003, -601028.7931034482, -40361.0)
(863, 191.83907628059387, -601028.7931034482, -40361.0)
(864, 192.2043740749359, -601028.7931034482, -40361.0)
(865, 192.56564927101135, -601028.7931034482, -40361.0)
(866, 192.92942547798157, -601028.7931034482, -40361.0)
(867, 193.2781162261963, -601028.7931034482, -40361.0)
(868, 193.65550827980042, -601028.7931034482, -40361.0)
(869, 194.0493607521057, -601028.7931034482, -40361.0)
(870, 194.42612051963806, -601028.7931034482, -40361.0)
(871, 194.79427981376648, -601028.7931034482, -40361.0)
(872, 195.15563249588013, -601028.7931034482, -40361.0)
(873, 195.52009081840515, -601028.7931034482, -40361.0)
(874, 195.90379357337952, -601028.7931034482, -40361.0)
(875, 196.27775120735168, -601028.7931034482, -40361.0)
(876, 196.63819479942322, -601028.7931034482, -40361.0)
(877, 197.0092430114746, -601028.7931034482, -40361.0)
(878, 197.38647055625916, -601028.7931034482, -40361.0)
(879, 197.76060032844543, -601028.7931034482, -40361.0)
(880, 198.13412618637085, -601028.7931034482, -40361.0)
(881, 198.50047183036804, -601028.7931034482, -40361.0)
(882, 198.88511085510254, -601028.7931034482, -40361.0)
(883, 199.27282810211182, -601028.7931034482, -40361.0)
(884, 199.66461515426636, -601028.7931034482, -40361.0)
(885, 200.0514497756958, -601028.7931034482, -40361.0)
(886, 200.42704248428345, -601028.7931034482, -40361.0)
(887, 200.80374884605408, -601028.7931034482, -40361.0)
(888, 201.19483637809753, -601028.7931034482, -40361.0)
(889, 201.55779218673706, -601028.7931034482, -40361.0)
(890, 201.9329273700714, -601028.7931034482, -40361.0)
(891, 202.30024194717407, -601028.7931034482, -40361.0)
(892, 202.67672419548035, -601028.7931034482, -40361.0)
(893, 203.0450098514557, -601028.7931034482, -40361.0)
(894, 203.43348145484924, -601028.7931034482, -40361.0)
(895, 203.82161045074463, -601028.7931034482, -40361.0)
(896, 204.19889950752258, -601028.7931034482, -40361.0)
(897, 204.5751039981842, -601028.7931034482, -40361.0)
(898, 204.9750530719757, -601028.7931034482, -40361.0)
(899, 205.34877109527588, -601028.7931034482, -40361.0)
(900, 205.7581353187561, -601028.7931034482, -40361.0)
(901, 206.1359965801239, -601028.7931034482, -40361.0)
(902, 206.51367568969727, -601028.7931034482, -40361.0)
(903, 206.90375566482544, -601028.7931034482, -40361.0)
(904, 207.32187342643738, -601028.7931034482, -40361.0)
(905, 207.7233226299286, -601028.7931034482, -40361.0)
(906, 208.11952543258667, -601028.7931034482, -40361.0)
(907, 208.51411128044128, -601028.7931034482, -40361.0)
(908, 208.90658569335938, -601028.7931034482, -40361.0)
(909, 209.30461835861206, -601028.7931034482, -40361.0)
(910, 209.69540405273438, -601028.7931034482, -40361.0)
(911, 210.0917158126831, -601028.7931034482, -40361.0)
(912, 210.4837577342987, -601028.7931034482, -40361.0)
(913, 210.8517508506775, -601028.7931034482, -40361.0)
(914, 211.226655960083, -601028.7931034482, -40361.0)
(915, 211.6306700706482, -601028.7931034482, -40361.0)
(916, 212.01098704338074, -601028.7931034482, -40361.0)
(917, 212.3914771080017, -601028.7931034482, -40361.0)
(918, 212.77553868293762, -601028.7931034482, -40361.0)
(919, 213.21236419677734, -601028.7931034482, -40361.0)
(920, 213.6096968650818, -601028.7931034482, -40361.0)
(921, 214.0052466392517, -601028.7931034482, -40361.0)
(922, 214.38714361190796, -601028.7931034482, -40361.0)
(923, 214.78648352622986, -601028.7931034482, -40361.0)
(924, 215.1754491329193, -601028.7931034482, -40361.0)
(925, 215.5622639656067, -601028.7931034482, -40361.0)
(926, 215.93444228172302, -601028.7931034482, -40361.0)
(927, 216.34706377983093, -601028.7931034482, -40361.0)
(928, 216.74710369110107, -601028.7931034482, -40361.0)
(929, 217.13344979286194, -601028.7931034482, -40361.0)
(930, 217.51494765281677, -601028.7931034482, -40361.0)
(931, 217.94648098945618, -601028.7931034482, -40361.0)
(932, 218.35419487953186, -601028.7931034482, -40361.0)
(933, 218.758074760437, -601028.7931034482, -40361.0)
(934, 219.1407504081726, -601028.7931034482, -40361.0)
(935, 219.5512502193451, -601028.7931034482, -40361.0)
(936, 219.96382641792297, -601028.7931034482, -40361.0)
(937, 220.37402868270874, -601028.7931034482, -40361.0)
(938, 220.78708815574646, -601028.7931034482, -40361.0)
(939, 221.18883657455444, -601028.7931034482, -40361.0)
(940, 221.58172965049744, -601028.7931034482, -40361.0)
(941, 222.01636624336243, -601028.7931034482, -40361.0)
(942, 222.4392330646515, -601028.7931034482, -40361.0)
(943, 222.8621859550476, -601028.7931034482, -40361.0)
(944, 223.26789450645447, -601028.7931034482, -40361.0)
(945, 223.68159890174866, -601028.7931034482, -40361.0)
(946, 224.10143637657166, -601028.7931034482, -40361.0)
(947, 224.53265190124512, -601028.7931034482, -40361.0)
(948, 224.94546937942505, -601028.7931034482, -40361.0)
(949, 225.34437370300293, -601028.7931034482, -40361.0)
(950, 225.75322318077087, -601028.7931034482, -40361.0)
(951, 226.16726899147034, -601028.7931034482, -40361.0)
(952, 226.55751061439514, -601028.7931034482, -40361.0)
(953, 226.9752004146576, -601028.7931034482, -40361.0)
(954, 227.38334393501282, -601028.7931034482, -40361.0)
(955, 227.79707407951355, -601028.7931034482, -40361.0)
(956, 228.20838952064514, -601028.7931034482, -40361.0)
(957, 228.60742950439453, -601028.7931034482, -40361.0)
(958, 229.06942915916443, -601028.7931034482, -40361.0)
(959, 229.51070284843445, -601028.7931034482, -40361.0)
(960, 229.96262168884277, -601028.7931034482, -40361.0)
(961, 230.40064072608948, -601028.7931034482, -40361.0)
(962, 230.8273572921753, -601028.7931034482, -40361.0)
(963, 231.23247528076172, -601028.7931034482, -40361.0)
(964, 231.64535474777222, -601028.7931034482, -40361.0)
(965, 232.06470704078674, -601028.7931034482, -40361.0)
(966, 232.4741222858429, -601028.7931034482, -40361.0)
(967, 232.8832302093506, -601028.7931034482, -40361.0)
(968, 233.2829236984253, -601028.7931034482, -40361.0)
(969, 233.69259524345398, -601028.7931034482, -40361.0)
(970, 234.10788202285767, -601028.7931034482, -40361.0)
(971, 234.51593017578125, -601028.7931034482, -40361.0)
(972, 234.92558789253235, -601028.7931034482, -40361.0)
(973, 235.32153868675232, -601028.7931034482, -40361.0)
(974, 235.7342290878296, -601028.7931034482, -40361.0)
(975, 236.1454782485962, -601028.7931034482, -40361.0)
(976, 236.53939127922058, -601028.7931034482, -40361.0)
(977, 236.97070217132568, -601028.7931034482, -40361.0)
(978, 237.4290153980255, -601028.7931034482, -40361.0)
(979, 237.85098910331726, -601028.7931034482, -40361.0)
(980, 238.26077461242676, -601028.7931034482, -40361.0)
(981, 238.70222115516663, -601028.7931034482, -40361.0)
(982, 239.12129139900208, -601028.7931034482, -40361.0)
(983, 239.5684850215912, -601028.7931034482, -40361.0)
(984, 239.99670577049255, -601028.7931034482, -40361.0)
(985, 240.43690633773804, -601028.7931034482, -40361.0)
(986, 240.86415433883667, -601028.7931034482, -40361.0)
(987, 241.29605865478516, -601028.7931034482, -40361.0)
(988, 241.70118737220764, -601028.7931034482, -40361.0)
(989, 242.13019466400146, -601028.7931034482, -40361.0)
(990, 242.64206051826477, -601028.7931034482, -40361.0)
(991, 243.08508324623108, -601028.7931034482, -40361.0)
(992, 243.50661969184875, -601028.7931034482, -40361.0)
(993, 243.92033505439758, -601028.7931034482, -40361.0)
(994, 244.3593909740448, -601028.7931034482, -40361.0)
(995, 244.79107856750488, -601028.7931034482, -40361.0)
(996, 245.20656371116638, -601028.7931034482, -40361.0)
(997, 245.63308095932007, -601028.7931034482, -40361.0)
(998, 246.06742095947266, -601028.7931034482, -40361.0)
(999, 246.48665952682495, -601028.7931034482, -40361.0)
(1000, 246.93608355522156, -601028.7931034482, -40361.0)
