(1, 0.10619378089904785, -894061.0, -59051.0)
(2, 0.1883678436279297, -516341.20371634373, -59051.0)
(3, 0.2647738456726074, -279790.2969709124, -59051.0)
(4, 0.34105992317199707, -176884.66384461592, -59051.0)
(5, 0.40363454818725586, -169496.1633306376, -59051.0)
(6, 0.5173923969268799, -169496.1633306376, -91783.0)
(7, 0.6617343425750732, -158081.81947323625, -91783.0)
(8, 0.8645412921905518, -133968.3614898463, -91783.0)
(9, 1.1146495342254639, -124258.1613016449, -91783.0)
(10, 1.4751038551330566, -110131.95710113706, -91783.0)
(11, 1.6959311962127686, -110131.95710113706, -91783.0)
(12, 1.952721357345581, -105105.70808400007, -91783.00000000004)
(13, 2.210104465484619, -103754.41188786415, -91783.0)
(14, 2.472764253616333, -101493.85756712587, -91783.0)
(15, 2.716155767440796, -99033.36980434488, -91783.0)
(16, 3.005795478820801, -98421.96337817829, -91783.0)
(17, 3.3100287914276123, -95807.35419270421, -91783.0)
(18, 3.606440305709839, -95166.82688074323, -91783.0)
(19, 3.926790237426758, -93924.22662765403, -91783.0)
(20, 4.276412725448608, -93924.22662765403, -91783.0)
(21, 4.601898193359375, -93212.20950547897, -91783.0)
(22, 4.9431586265563965, -93100.41481682735, -91783.0)
(23, 5.2864296436309814, -92686.71003817262, -91783.0)
(24, 5.6296093463897705, -92415.98798855553, -91783.0)
(25, 5.9692699909210205, -92415.98798855553, -91783.0)
(26, 6.300417184829712, -92082.02850907204, -91783.0)
(27, 6.638978719711304, -91996.66050614574, -91783.0)
(28, 6.998004674911499, -91870.41365642872, -91783.0)
(29, 7.33762526512146, -91834.72409692562, -91783.0)
(30, 7.6974403858184814, -91809.78445815505, -91783.0)
(31, 8.058250188827515, -91791.03533744528, -91783.0)
(32, 8.406206846237183, -91785.41060123633, -91783.0)
(33, 8.76480507850647, -91783.7231803706, -91783.0)
(34, 9.117894411087036, -91783.21695411066, -91783.0)
(35, 9.482712507247925, -91783.06508623336, -91783.0)
(36, 9.849222183227539, -91783.01952586813, -91783.0)
