(1, 0.07268118858337402, -198670.0, -47217.0)
(2, 0.13472294807434082, -198670.0, -47217.0)
(3, 0.19824552536010742, -198670.0, -47217.0)
(4, 0.2620851993560791, -198670.0, -47217.0)
(5, 0.32521557807922363, -198670.0, -47217.0)
(6, 0.3876779079437256, -198670.0, -47217.0)
(7, 0.44592928886413574, -198670.0, -47217.0)
(8, 0.5075263977050781, -198670.0, -47217.0)
(9, 0.5661351680755615, -198670.0, -47217.0)
(10, 0.6228246688842773, -198670.0, -47217.0)
(11, 0.6788780689239502, -198670.0, -47217.0)
(12, 0.7400915622711182, -198670.0, -47217.0)
(13, 0.7998504638671875, -198670.0, -47217.0)
(14, 0.8644371032714844, -198670.0, -47217.0)
(15, 0.9250583648681641, -198670.0, -47217.0)
(16, 0.9938647747039795, -198670.0, -47217.0)
(17, 1.0547606945037842, -198670.0, -47217.0)
(18, 1.1199238300323486, -198670.0, -47217.0)
(19, 1.18355131149292, -198670.0, -47217.0)
(20, 1.2488398551940918, -198670.0, -47217.0)
(21, 1.3099970817565918, -198670.0, -47217.0)
(22, 1.371631383895874, -198670.0, -47217.0)
(23, 1.4348490238189697, -198670.0, -47217.0)
(24, 1.497502326965332, -198670.0, -47217.0)
(25, 1.5560972690582275, -198670.0, -47217.0)
(26, 1.6152138710021973, -198670.0, -47217.0)
(27, 1.6769912242889404, -198670.0, -47217.0)
(28, 1.741743564605713, -198670.0, -47217.0)
(29, 1.8074543476104736, -198670.0, -47217.0)
(30, 1.8633015155792236, -198670.0, -47217.0)
(31, 1.930182933807373, -198670.0, -47217.0)
(32, 1.9886999130249023, -198670.0, -47217.0)
(33, 2.04681134223938, -198670.0, -47217.0)
(34, 2.114470958709717, -198670.0, -47217.0)
(35, 2.176392078399658, -198670.0, -47217.0)
(36, 2.2448232173919678, -198670.0, -47217.0)
(37, 2.305695056915283, -198670.0, -47217.0)
(38, 2.36902117729187, -198670.0, -47217.0)
(39, 2.4337987899780273, -198670.0, -47217.0)
(40, 2.496992826461792, -198670.0, -47217.0)
(41, 2.5582237243652344, -198670.0, -47217.0)
(42, 2.6164379119873047, -198670.0, -47217.0)
(43, 2.6830837726593018, -198670.0, -47217.0)
(44, 2.748271942138672, -198670.0, -47217.0)
(45, 2.809211015701294, -198670.0, -47217.0)
(46, 2.871103525161743, -198670.0, -47217.0)
(47, 2.928844928741455, -198670.0, -47217.0)
(48, 2.993969440460205, -198670.0, -47217.0)
(49, 3.0587587356567383, -198670.0, -47217.0)
(50, 3.119319200515747, -198670.0, -47217.0)
(51, 3.176302671432495, -198670.0, -47217.0)
(52, 3.2369890213012695, -198670.0, -47217.0)
(53, 3.3002326488494873, -198670.0, -47217.0)
(54, 3.359288215637207, -198670.0, -47217.0)
(55, 3.4203286170959473, -198670.0, -47217.0)
(56, 3.485765218734741, -198670.0, -47217.0)
(57, 3.5572824478149414, -198670.0, -47217.0)
(58, 3.621185779571533, -198670.0, -47217.0)
(59, 3.6857268810272217, -198670.0, -47217.0)
(60, 3.7485854625701904, -198670.0, -47217.0)
(61, 3.8141281604766846, -198670.0, -47217.0)
(62, 3.8718254566192627, -198670.0, -47217.0)
(63, 3.9350783824920654, -198670.0, -47217.0)
(64, 3.999732255935669, -198670.0, -47217.0)
(65, 4.060194253921509, -198670.0, -47217.0)
(66, 4.119419097900391, -198670.0, -47217.0)
(67, 4.178430080413818, -198670.0, -47217.0)
(68, 4.243212461471558, -198670.0, -47217.0)
(69, 4.295486211776733, -198670.0, -47217.0)
(70, 4.354410409927368, -198670.0, -47217.0)
(71, 4.425706386566162, -198670.0, -47217.0)
(72, 4.486457109451294, -198670.0, -47217.0)
(73, 4.5456929206848145, -198670.0, -47217.0)
(74, 4.607807397842407, -198670.0, -47217.0)
(75, 4.667298793792725, -198670.0, -47217.0)
(76, 4.7229697704315186, -198670.0, -47217.0)
(77, 4.7872254848480225, -198670.0, -47217.0)
(78, 4.852724552154541, -198670.0, -47217.0)
(79, 4.916447877883911, -198670.0, -47217.0)
(80, 4.9760730266571045, -198670.0, -47217.0)
(81, 5.039181709289551, -198670.0, -47217.0)
(82, 5.110300540924072, -198670.0, -47217.0)
(83, 5.177098035812378, -198670.0, -47217.0)
(84, 5.248986482620239, -198670.0, -47217.0)
(85, 5.312147855758667, -198670.0, -47217.0)
(86, 5.372718334197998, -198670.0, -47217.0)
(87, 5.434936046600342, -198670.0, -47217.0)
(88, 5.499012231826782, -198670.0, -47217.0)
(89, 5.559139013290405, -198670.0, -47217.0)
(90, 5.635257720947266, -198670.0, -47217.0)
(91, 5.703802824020386, -198670.0, -47217.0)
(92, 5.7735679149627686, -198670.0, -47217.0)
(93, 5.837993860244751, -198670.0, -47217.0)
(94, 5.907421827316284, -198670.0, -47217.0)
(95, 5.981487512588501, -198670.0, -47217.0)
(96, 6.060560941696167, -198670.0, -47217.0)
(97, 6.133036375045776, -198670.0, -47217.0)
(98, 6.2031731605529785, -198670.0, -47217.0)
(99, 6.266751527786255, -198670.0, -47217.0)
(100, 6.33690333366394, -198670.0, -47217.0)
(101, 6.407381772994995, -198670.0, -47217.0)
(102, 6.468549489974976, -198670.0, -47217.0)
(103, 6.537466526031494, -198670.0, -47217.0)
(104, 6.610295534133911, -198670.0, -47217.0)
(105, 6.676794052124023, -198670.0, -47217.0)
(106, 6.741717100143433, -198670.0, -47217.0)
(107, 6.810964345932007, -198670.0, -47217.0)
(108, 6.876598834991455, -198670.0, -47217.0)
(109, 6.9469895362854, -198670.0, -47217.0)
(110, 7.011503458023071, -198670.0, -47217.0)
(111, 7.07575798034668, -198670.0, -47217.0)
(112, 7.1419947147369385, -198670.0, -47217.0)
(113, 7.210159778594971, -198670.0, -47217.0)
(114, 7.271105051040649, -198670.0, -47217.0)
(115, 7.336352825164795, -198670.0, -47217.0)
(116, 7.4001381397247314, -198670.0, -47217.0)
(117, 7.47181510925293, -198670.0, -47217.0)
(118, 7.539595127105713, -198670.0, -47217.0)
(119, 7.6095476150512695, -198670.0, -47217.0)
(120, 7.6760923862457275, -198670.0, -47217.0)
(121, 7.745764493942261, -198670.0, -47217.0)
(122, 7.812722682952881, -198670.0, -47217.0)
(123, 7.8836350440979, -198670.0, -47217.0)
(124, 7.958007097244263, -198670.0, -47217.0)
(125, 8.031322956085205, -198670.0, -47217.0)
(126, 8.097204685211182, -198670.0, -47217.0)
(127, 8.162766218185425, -198670.0, -47217.0)
(128, 8.23515248298645, -198670.0, -47217.0)
(129, 8.303980827331543, -198670.0, -47217.0)
(130, 8.375234603881836, -198670.0, -47217.0)
(131, 8.450317144393921, -198670.0, -47217.0)
(132, 8.52040433883667, -198670.0, -47217.0)
(133, 8.5905442237854, -198670.0, -47217.0)
(134, 8.660824298858643, -198670.0, -47217.0)
(135, 8.727793455123901, -198670.0, -47217.0)
(136, 8.793846130371094, -198670.0, -47217.0)
(137, 8.86641526222229, -198670.0, -47217.0)
(138, 8.939838886260986, -198670.0, -47217.0)
(139, 9.004408359527588, -198670.0, -47217.0)
(140, 9.072720289230347, -198670.0, -47217.0)
(141, 9.144113779067993, -198670.0, -47217.0)
(142, 9.21062970161438, -198670.0, -47217.0)
(143, 9.272130250930786, -198670.0, -47217.0)
(144, 9.344351291656494, -198670.0, -47217.0)
(145, 9.40912389755249, -198670.0, -47217.0)
(146, 9.47867727279663, -198670.0, -47217.0)
(147, 9.545572757720947, -198670.0, -47217.0)
(148, 9.61418628692627, -198670.0, -47217.0)
(149, 9.683289289474487, -198670.0, -47217.0)
(150, 9.749715328216553, -198670.0, -47217.0)
(151, 9.815211057662964, -198670.0, -47217.0)
(152, 9.875046253204346, -198670.0, -47217.0)
(153, 9.948546648025513, -198670.0, -47217.0)
(154, 10.02431321144104, -198670.0, -47217.0)
(155, 10.098154783248901, -198670.0, -47217.0)
(156, 10.170092582702637, -198670.0, -47217.0)
(157, 10.235611915588379, -198670.0, -47217.0)
(158, 10.300572872161865, -198670.0, -47217.0)
(159, 10.370931148529053, -198670.0, -47217.0)
(160, 10.443031311035156, -198670.0, -47217.0)
(161, 10.512897491455078, -198670.0, -47217.0)
(162, 10.58594012260437, -198670.0, -47217.0)
(163, 10.653410911560059, -198670.0, -47217.0)
(164, 10.725858449935913, -198670.0, -47217.0)
(165, 10.800924062728882, -198670.0, -47217.0)
(166, 10.865885257720947, -198670.0, -47217.0)
(167, 10.936895370483398, -198670.0, -47217.0)
(168, 11.00760555267334, -198670.0, -47217.0)
(169, 11.080167531967163, -198670.0, -47217.0)
(170, 11.156085729598999, -198670.0, -47217.0)
(171, 11.2275550365448, -198670.0, -47217.0)
(172, 11.299734592437744, -198670.0, -47217.0)
(173, 11.370238780975342, -198670.0, -47217.0)
(174, 11.44206976890564, -198670.0, -47217.0)
(175, 11.51077127456665, -198670.0, -47217.0)
(176, 11.584635734558105, -198670.0, -47217.0)
(177, 11.651992321014404, -198670.0, -47217.0)
(178, 11.72551965713501, -198670.0, -47217.0)
(179, 11.789998769760132, -198670.0, -47217.0)
(180, 11.862725019454956, -198670.0, -47217.0)
(181, 11.925314903259277, -198670.0, -47217.0)
(182, 11.991348505020142, -198670.0, -47217.0)
(183, 12.064995288848877, -198670.0, -47217.0)
(184, 12.135910511016846, -198670.0, -47217.0)
(185, 12.209723949432373, -198670.0, -47217.0)
(186, 12.282338619232178, -198670.0, -47217.0)
(187, 12.347642421722412, -198670.0, -47217.0)
(188, 12.415720701217651, -198670.0, -47217.0)
(189, 12.48931622505188, -198670.0, -47217.0)
(190, 12.562729358673096, -198670.0, -47217.0)
(191, 12.634334564208984, -198670.0, -47217.0)
(192, 12.705031394958496, -198670.0, -47217.0)
(193, 12.775801420211792, -198670.0, -47217.0)
(194, 12.846007108688354, -198670.0, -47217.0)
(195, 12.91983938217163, -198670.0, -47217.0)
(196, 12.993504047393799, -198670.0, -47217.0)
(197, 13.068819999694824, -198670.0, -47217.0)
(198, 13.140544652938843, -198670.0, -47217.0)
(199, 13.218321561813354, -198670.0, -47217.0)
(200, 13.290910720825195, -198670.0, -47217.0)
(201, 13.360688924789429, -198670.0, -47217.0)
(202, 13.430240869522095, -198670.0, -47217.0)
(203, 13.503883838653564, -198670.0, -47217.0)
(204, 13.576975107192993, -198670.0, -47217.0)
(205, 13.653438329696655, -198670.0, -47217.0)
(206, 13.726682662963867, -198670.0, -47217.0)
(207, 13.798559188842773, -198670.0, -47217.0)
(208, 13.86913776397705, -198670.0, -47217.0)
(209, 13.940798044204712, -198670.0, -47217.0)
(210, 14.00967288017273, -198670.0, -47217.0)
(211, 14.087522983551025, -198670.0, -47217.0)
(212, 14.153380870819092, -198670.0, -47217.0)
(213, 14.222075462341309, -198670.0, -47217.0)
(214, 14.297147989273071, -198670.0, -47217.0)
(215, 14.364670991897583, -198670.0, -47217.0)
(216, 14.445586681365967, -198670.0, -47217.0)
(217, 14.518465280532837, -198670.0, -47217.0)
(218, 14.585583209991455, -198670.0, -47217.0)
(219, 14.659542322158813, -198670.0, -47217.0)
(220, 14.730628252029419, -198670.0, -47217.0)
(221, 14.798773050308228, -198670.0, -47217.0)
(222, 14.86696171760559, -198670.0, -47217.0)
(223, 14.93460464477539, -198670.0, -47217.0)
(224, 15.023292779922485, -198670.0, -47217.0)
(225, 15.09436559677124, -198670.0, -47217.0)
(226, 15.188570976257324, -198670.0, -47217.0)
(227, 15.26264214515686, -198670.0, -47217.0)
(228, 15.341700315475464, -198670.0, -47217.0)
(229, 15.430436372756958, -198670.0, -47217.0)
(230, 15.521082162857056, -198670.0, -47217.0)
(231, 15.607813358306885, -198670.0, -47217.0)
(232, 15.700313329696655, -198670.0, -47217.0)
(233, 15.783448696136475, -198670.0, -47217.0)
(234, 15.860897302627563, -198670.0, -47217.0)
(235, 15.941368341445923, -198670.0, -47217.0)
(236, 16.023101091384888, -198670.0, -47217.0)
(237, 16.097491979599, -198670.0, -47217.0)
(238, 16.17316198348999, -198670.0, -47217.0)
(239, 16.248090744018555, -198670.0, -47217.0)
(240, 16.324546575546265, -198670.0, -47217.0)
(241, 16.40348744392395, -198670.0, -47217.0)
(242, 16.476879835128784, -198670.0, -47217.0)
(243, 16.554418087005615, -198670.0, -47217.0)
(244, 16.626274585723877, -198670.0, -47217.0)
(245, 16.6967031955719, -198670.0, -47217.0)
(246, 16.775012254714966, -198670.0, -47217.0)
(247, 16.848950386047363, -198670.0, -47217.0)
(248, 16.924834966659546, -198670.0, -47217.0)
(249, 17.000902891159058, -198670.0, -47217.0)
(250, 17.075572729110718, -198670.0, -47217.0)
(251, 17.14790940284729, -198670.0, -47217.0)
(252, 17.219658613204956, -198670.0, -47217.0)
(253, 17.294410705566406, -198670.0, -47217.0)
(254, 17.365424156188965, -198670.0, -47217.0)
(255, 17.44068741798401, -198670.0, -47217.0)
(256, 17.513259887695312, -198670.0, -47217.0)
(257, 17.583654642105103, -198670.0, -47217.0)
(258, 17.657865524291992, -198670.0, -47217.0)
(259, 17.73339295387268, -198670.0, -47217.0)
(260, 17.799681663513184, -198670.0, -47217.0)
(261, 17.88079285621643, -198670.0, -47217.0)
(262, 17.968265056610107, -198670.0, -47217.0)
(263, 18.062910079956055, -198670.0, -47217.0)
(264, 18.141610383987427, -198670.0, -47217.0)
(265, 18.21964740753174, -198670.0, -47217.0)
(266, 18.299675941467285, -198670.0, -47217.0)
(267, 18.38649821281433, -198670.0, -47217.0)
(268, 18.471267461776733, -198670.0, -47217.0)
(269, 18.55547046661377, -198670.0, -47217.0)
(270, 18.628079414367676, -198670.0, -47217.0)
(271, 18.70703363418579, -198670.0, -47217.0)
(272, 18.783270597457886, -198670.0, -47217.0)
(273, 18.85916495323181, -198670.0, -47217.0)
(274, 18.937801361083984, -198670.0, -47217.0)
(275, 19.00202202796936, -198670.0, -47217.0)
(276, 19.075063705444336, -198670.0, -47217.0)
(277, 19.154135704040527, -198670.0, -47217.0)
(278, 19.22672128677368, -198670.0, -47217.0)
(279, 19.30135202407837, -198670.0, -47217.0)
(280, 19.373329877853394, -198670.0, -47217.0)
(281, 19.440841674804688, -198670.0, -47217.0)
(282, 19.51541042327881, -198670.0, -47217.0)
(283, 19.59029459953308, -198670.0, -47217.0)
(284, 19.66683030128479, -198670.0, -47217.0)
(285, 19.74407720565796, -198670.0, -47217.0)
(286, 19.823625802993774, -198670.0, -47217.0)
(287, 19.894886016845703, -198670.0, -47217.0)
(288, 19.971914529800415, -198670.0, -47217.0)
(289, 20.056933641433716, -198670.0, -47217.0)
(290, 20.14426040649414, -198670.0, -47217.0)
(291, 20.226834297180176, -198670.0, -47217.0)
(292, 20.302257776260376, -198670.0, -47217.0)
(293, 20.376060724258423, -198670.0, -47217.0)
(294, 20.4605929851532, -198670.0, -47217.0)
(295, 20.537480354309082, -198670.0, -47217.0)
(296, 20.61206841468811, -198670.0, -47217.0)
(297, 20.689780950546265, -198670.0, -47217.0)
(298, 20.766162157058716, -198670.0, -47217.0)
(299, 20.840510368347168, -198670.0, -47217.0)
(300, 20.915566444396973, -198670.0, -47217.0)
(301, 20.99526858329773, -198670.0, -47217.0)
(302, 21.07748317718506, -198670.0, -47217.0)
(303, 21.16115927696228, -198670.0, -47217.0)
(304, 21.239559412002563, -198670.0, -47217.0)
(305, 21.317391633987427, -198670.0, -47217.0)
(306, 21.385615587234497, -198670.0, -47217.0)
(307, 21.465657472610474, -198670.0, -47217.0)
(308, 21.539872646331787, -198670.0, -47217.0)
(309, 21.629764080047607, -198670.0, -47217.0)
(310, 21.70628333091736, -198670.0, -47217.0)
(311, 21.78252148628235, -198670.0, -47217.0)
(312, 21.86857318878174, -198670.0, -47217.0)
(313, 21.94437003135681, -198670.0, -47217.0)
(314, 22.02073860168457, -198670.0, -47217.0)
(315, 22.1020245552063, -198670.0, -47217.0)
(316, 22.17927575111389, -198670.0, -47217.0)
(317, 22.257786989212036, -198670.0, -47217.0)
(318, 22.340046405792236, -198670.0, -47217.0)
(319, 22.415245056152344, -198670.0, -47217.0)
(320, 22.49911594390869, -198670.0, -47217.0)
(321, 22.574660301208496, -198670.0, -47217.0)
(322, 22.660627603530884, -198670.0, -47217.0)
(323, 22.74101710319519, -198670.0, -47217.0)
(324, 22.83476734161377, -198670.0, -47217.0)
(325, 22.916998624801636, -198670.0, -47217.0)
(326, 23.003303289413452, -198670.0, -47217.0)
(327, 23.092060804367065, -198670.0, -47217.0)
(328, 23.17148756980896, -198670.0, -47217.0)
(329, 23.25013542175293, -198670.0, -47217.0)
(330, 23.322231769561768, -198670.0, -47217.0)
(331, 23.398792266845703, -198670.0, -47217.0)
(332, 23.476980447769165, -198670.0, -47217.0)
(333, 23.562389135360718, -198670.0, -47217.0)
(334, 23.645424127578735, -198670.0, -47217.0)
(335, 23.73119592666626, -198670.0, -47217.0)
(336, 23.814255237579346, -198670.0, -47217.0)
(337, 23.890148162841797, -198670.0, -47217.0)
(338, 23.97255778312683, -198670.0, -47217.0)
(339, 24.051471948623657, -198670.0, -47217.0)
(340, 24.128052473068237, -198670.0, -47217.0)
(341, 24.210021018981934, -198670.0, -47217.0)
(342, 24.291752815246582, -198670.0, -47217.0)
(343, 24.377411603927612, -198670.0, -47217.0)
(344, 24.455103397369385, -198670.0, -47217.0)
(345, 24.54555630683899, -198670.0, -47217.0)
(346, 24.63277792930603, -198670.0, -47217.0)
(347, 24.72094464302063, -198670.0, -47217.0)
(348, 24.807049036026, -198670.0, -47217.0)
(349, 24.89736819267273, -198670.0, -47217.0)
(350, 24.973813772201538, -198670.0, -47217.0)
(351, 25.050716400146484, -198670.0, -47217.0)
(352, 25.132458209991455, -198670.0, -47217.0)
(353, 25.212854385375977, -198670.0, -47217.0)
(354, 25.293866634368896, -198670.0, -47217.0)
(355, 25.37195086479187, -198670.0, -47217.0)
(356, 25.444404125213623, -198670.0, -47217.0)
(357, 25.514241933822632, -198670.0, -47217.0)
(358, 25.595679998397827, -198670.0, -47217.0)
(359, 25.677934408187866, -198670.0, -47217.0)
(360, 25.7608802318573, -198670.0, -47217.0)
(361, 25.84047818183899, -198670.0, -47217.0)
(362, 25.919945001602173, -198670.0, -47217.0)
(363, 25.99736762046814, -198670.0, -47217.0)
(364, 26.088005781173706, -198670.0, -47217.0)
(365, 26.158260583877563, -198670.0, -47217.0)
(366, 26.241644382476807, -198670.0, -47217.0)
(367, 26.325767040252686, -198670.0, -47217.0)
(368, 26.40093183517456, -198670.0, -47217.0)
(369, 26.47555160522461, -198670.0, -47217.0)
(370, 26.550815105438232, -198670.0, -47217.0)
(371, 26.630701303482056, -198670.0, -47217.0)
(372, 26.711275100708008, -198670.0, -47217.0)
(373, 26.79367208480835, -198670.0, -47217.0)
(374, 26.87157678604126, -198670.0, -47217.0)
(375, 26.95219850540161, -198670.0, -47217.0)
(376, 27.032376289367676, -198670.0, -47217.0)
(377, 27.107457637786865, -198670.0, -47217.0)
(378, 27.186336755752563, -198670.0, -47217.0)
(379, 27.263471126556396, -198670.0, -47217.0)
(380, 27.347806453704834, -198670.0, -47217.0)
(381, 27.42932105064392, -198670.0, -47217.0)
(382, 27.505899906158447, -198670.0, -47217.0)
(383, 27.582480669021606, -198670.0, -47217.0)
(384, 27.65781044960022, -198670.0, -47217.0)
(385, 27.73619842529297, -198670.0, -47217.0)
(386, 27.81485366821289, -198670.0, -47217.0)
(387, 27.88965940475464, -198670.0, -47217.0)
(388, 27.971468210220337, -198670.0, -47217.0)
(389, 28.05298638343811, -198670.0, -47217.0)
(390, 28.130722284317017, -198670.0, -47217.0)
(391, 28.211380004882812, -198670.0, -47217.0)
(392, 28.29853653907776, -198670.0, -47217.0)
(393, 28.385997772216797, -198670.0, -47217.0)
(394, 28.475417137145996, -198670.0, -47217.0)
(395, 28.54953622817993, -198670.0, -47217.0)
(396, 28.62916898727417, -198670.0, -47217.0)
(397, 28.71550488471985, -198670.0, -47217.0)
(398, 28.797183990478516, -198670.0, -47217.0)
(399, 28.876846313476562, -198670.0, -47217.0)
(400, 28.955855131149292, -198670.0, -47217.0)
(401, 29.039161920547485, -198670.0, -47217.0)
(402, 29.119253158569336, -198670.0, -47217.0)
(403, 29.19874620437622, -198670.0, -47217.0)
(404, 29.28562903404236, -198670.0, -47217.0)
(405, 29.368479251861572, -198670.0, -47217.0)
(406, 29.44952654838562, -198670.0, -47217.0)
(407, 29.53145956993103, -198670.0, -47217.0)
(408, 29.613256216049194, -198670.0, -47217.0)
(409, 29.70468807220459, -198670.0, -47217.0)
(410, 29.789388179779053, -198670.0, -47217.0)
(411, 29.876394271850586, -198670.0, -47217.0)
(412, 29.960112810134888, -198670.0, -47217.0)
(413, 30.04800271987915, -198670.0, -47217.0)
(414, 30.13219666481018, -198670.0, -47217.0)
(415, 30.21918821334839, -198670.0, -47217.0)
(416, 30.309348106384277, -198670.0, -47217.0)
(417, 30.395748376846313, -198670.0, -47217.0)
(418, 30.488086223602295, -198670.0, -47217.0)
(419, 30.585981130599976, -198670.0, -47217.0)
(420, 30.673696041107178, -198670.0, -47217.0)
(421, 30.76558566093445, -198670.0, -47217.0)
(422, 30.850956678390503, -198670.0, -47217.0)
(423, 30.933092832565308, -198670.0, -47217.0)
(424, 31.01122784614563, -198670.0, -47217.0)
(425, 31.093056201934814, -198670.0, -47217.0)
(426, 31.17904281616211, -198670.0, -47217.0)
(427, 31.259602308273315, -198670.0, -47217.0)
(428, 31.343341588974, -198670.0, -47217.0)
(429, 31.427400588989258, -198670.0, -47217.0)
(430, 31.507206439971924, -198670.0, -47217.0)
(431, 31.592002391815186, -198670.0, -47217.0)
(432, 31.675618648529053, -198670.0, -47217.0)
(433, 31.75769066810608, -198670.0, -47217.0)
(434, 31.846062421798706, -198670.0, -47217.0)
(435, 31.92495632171631, -198670.0, -47217.0)
(436, 32.01152563095093, -198670.0, -47217.0)
(437, 32.09493541717529, -198670.0, -47217.0)
(438, 32.181329011917114, -198670.0, -47217.0)
(439, 32.266130685806274, -198670.0, -47217.0)
(440, 32.34962177276611, -198670.0, -47217.0)
(441, 32.43665075302124, -198670.0, -47217.0)
(442, 32.52835392951965, -198670.0, -47217.0)
(443, 32.61624002456665, -198670.0, -47217.0)
(444, 32.70274043083191, -198670.0, -47217.0)
(445, 32.788689374923706, -198670.0, -47217.0)
(446, 32.887606382369995, -198670.0, -47217.0)
(447, 32.96963047981262, -198670.0, -47217.0)
(448, 33.064462184906006, -198670.0, -47217.0)
(449, 33.150230884552, -198670.0, -47217.0)
(450, 33.255080223083496, -198670.0, -47217.0)
(451, 33.342657804489136, -198670.0, -47217.0)
(452, 33.439533710479736, -198670.0, -47217.0)
(453, 33.535192012786865, -198670.0, -47217.0)
(454, 33.636420249938965, -198670.0, -47217.0)
(455, 33.72289800643921, -198670.0, -47217.0)
(456, 33.82288575172424, -198670.0, -47217.0)
(457, 33.92227339744568, -198670.0, -47217.0)
(458, 34.01451134681702, -198670.0, -47217.0)
(459, 34.10076427459717, -198670.0, -47217.0)
(460, 34.18509840965271, -198670.0, -47217.0)
(461, 34.26907825469971, -198670.0, -47217.0)
(462, 34.3678343296051, -198670.0, -47217.0)
(463, 34.46364092826843, -198670.0, -47217.0)
(464, 34.552637577056885, -198670.0, -47217.0)
(465, 34.64078211784363, -198670.0, -47217.0)
(466, 34.74185633659363, -198670.0, -47217.0)
(467, 34.824185609817505, -198670.0, -47217.0)
(468, 34.92437744140625, -198670.0, -47217.0)
(469, 35.00588774681091, -198670.0, -47217.0)
(470, 35.10063171386719, -198670.0, -47217.0)
(471, 35.193689584732056, -198670.0, -47217.0)
(472, 35.28844213485718, -198670.0, -47217.0)
(473, 35.37915539741516, -198670.0, -47217.0)
(474, 35.48390603065491, -198670.0, -47217.0)
(475, 35.58569955825806, -198670.0, -47217.0)
(476, 35.66767764091492, -198670.0, -47217.0)
(477, 35.74900197982788, -198670.0, -47217.0)
(478, 35.8357949256897, -198670.0, -47217.0)
(479, 35.91916084289551, -198670.0, -47217.0)
(480, 35.99985098838806, -198670.0, -47217.0)
(481, 36.087241888046265, -198670.0, -47217.0)
(482, 36.171353816986084, -198670.0, -47217.0)
(483, 36.258418798446655, -198670.0, -47217.0)
(484, 36.34087681770325, -198670.0, -47217.0)
(485, 36.43074822425842, -198670.0, -47217.0)
(486, 36.51577043533325, -198670.0, -47217.0)
(487, 36.5999493598938, -198670.0, -47217.0)
(488, 36.68648314476013, -198670.0, -47217.0)
(489, 36.77450466156006, -198670.0, -47217.0)
(490, 36.86324858665466, -198670.0, -47217.0)
(491, 36.945178508758545, -198670.0, -47217.0)
(492, 37.02680158615112, -198670.0, -47217.0)
(493, 37.11489224433899, -198670.0, -47217.0)
(494, 37.201460123062134, -198670.0, -47217.0)
(495, 37.28500771522522, -198670.0, -47217.0)
(496, 37.37349534034729, -198670.0, -47217.0)
(497, 37.4703528881073, -198670.0, -47217.0)
(498, 37.559707164764404, -198670.0, -47217.0)
(499, 37.6461181640625, -198670.0, -47217.0)
(500, 37.732738733291626, -198670.0, -47217.0)
(501, 37.82653737068176, -198670.0, -47217.0)
(502, 37.90960359573364, -198670.0, -47217.0)
(503, 37.99774622917175, -198670.0, -47217.0)
(504, 38.08717346191406, -198670.0, -47217.0)
(505, 38.17714333534241, -198670.0, -47217.0)
(506, 38.26609396934509, -198670.0, -47217.0)
(507, 38.359798192977905, -198670.0, -47217.0)
(508, 38.44231343269348, -198670.0, -47217.0)
(509, 38.52864336967468, -198670.0, -47217.0)
(510, 38.61414837837219, -198670.0, -47217.0)
(511, 38.70196509361267, -198670.0, -47217.0)
(512, 38.78599309921265, -198670.0, -47217.0)
(513, 38.873061180114746, -198670.0, -47217.0)
(514, 38.95960855484009, -198670.0, -47217.0)
(515, 39.04431176185608, -198670.0, -47217.0)
(516, 39.12655186653137, -198670.0, -47217.0)
(517, 39.21441292762756, -198670.0, -47217.0)
(518, 39.296202182769775, -198670.0, -47217.0)
(519, 39.38338756561279, -198670.0, -47217.0)
(520, 39.46746635437012, -198670.0, -47217.0)
(521, 39.5583221912384, -198670.0, -47217.0)
(522, 39.649725914001465, -198670.0, -47217.0)
(523, 39.740588665008545, -198670.0, -47217.0)
(524, 39.831658601760864, -198670.0, -47217.0)
(525, 39.92013216018677, -198670.0, -47217.0)
(526, 40.01104116439819, -198670.0, -47217.0)
(527, 40.09843468666077, -198670.0, -47217.0)
(528, 40.20119762420654, -198670.0, -47217.0)
(529, 40.29707074165344, -198670.0, -47217.0)
(530, 40.39058327674866, -198670.0, -47217.0)
(531, 40.47996282577515, -198670.0, -47217.0)
(532, 40.585099935531616, -198670.0, -47217.0)
(533, 40.669960260391235, -198670.0, -47217.0)
(534, 40.75856852531433, -198670.0, -47217.0)
(535, 40.84897065162659, -198670.0, -47217.0)
(536, 40.935709953308105, -198670.0, -47217.0)
(537, 41.02661466598511, -198670.0, -47217.0)
(538, 41.110750675201416, -198670.0, -47217.0)
(539, 41.19418001174927, -198670.0, -47217.0)
(540, 41.27609086036682, -198670.0, -47217.0)
(541, 41.36490225791931, -198670.0, -47217.0)
(542, 41.45806956291199, -198670.0, -47217.0)
(543, 41.5466091632843, -198670.0, -47217.0)
(544, 41.62790274620056, -198670.0, -47217.0)
(545, 41.72120237350464, -198670.0, -47217.0)
(546, 41.81104040145874, -198670.0, -47217.0)
(547, 41.90076994895935, -198670.0, -47217.0)
(548, 41.99374318122864, -198670.0, -47217.0)
(549, 42.083500623703, -198670.0, -47217.0)
(550, 42.174124002456665, -198670.0, -47217.0)
(551, 42.26542353630066, -198670.0, -47217.0)
(552, 42.36175036430359, -198670.0, -47217.0)
(553, 42.44280958175659, -198670.0, -47217.0)
(554, 42.53179883956909, -198670.0, -47217.0)
(555, 42.619370222091675, -198670.0, -47217.0)
(556, 42.70671367645264, -198670.0, -47217.0)
(557, 42.793938636779785, -198670.0, -47217.0)
(558, 42.88116788864136, -198670.0, -47217.0)
(559, 42.971301317214966, -198670.0, -47217.0)
(560, 43.06401348114014, -198670.0, -47217.0)
(561, 43.151103496551514, -198670.0, -47217.0)
(562, 43.24553155899048, -198670.0, -47217.0)
(563, 43.34120750427246, -198670.0, -47217.0)
(564, 43.43445658683777, -198670.0, -47217.0)
(565, 43.52901339530945, -198670.0, -47217.0)
(566, 43.624040603637695, -198670.0, -47217.0)
(567, 43.71912455558777, -198670.0, -47217.0)
(568, 43.811275005340576, -198670.0, -47217.0)
(569, 43.89667105674744, -198670.0, -47217.0)
(570, 43.9905059337616, -198670.0, -47217.0)
(571, 44.08530306816101, -198670.0, -47217.0)
(572, 44.17518591880798, -198670.0, -47217.0)
(573, 44.262442111968994, -198670.0, -47217.0)
(574, 44.35213232040405, -198670.0, -47217.0)
(575, 44.4459331035614, -198670.0, -47217.0)
(576, 44.5374915599823, -198670.0, -47217.0)
(577, 44.63289999961853, -198670.0, -47217.0)
(578, 44.728204011917114, -198670.0, -47217.0)
(579, 44.824742794036865, -198670.0, -47217.0)
(580, 44.91714954376221, -198670.0, -47217.0)
(581, 45.00680112838745, -198670.0, -47217.0)
(582, 45.10633945465088, -198670.0, -47217.0)
(583, 45.19650149345398, -198670.0, -47217.0)
(584, 45.28715419769287, -198670.0, -47217.0)
(585, 45.38739252090454, -198670.0, -47217.0)
(586, 45.48023056983948, -198670.0, -47217.0)
(587, 45.57389044761658, -198670.0, -47217.0)
(588, 45.66444277763367, -198670.0, -47217.0)
(589, 45.75980472564697, -198670.0, -47217.0)
(590, 45.85566449165344, -198670.0, -47217.0)
(591, 45.964696645736694, -198670.0, -47217.0)
(592, 46.06368613243103, -198670.0, -47217.0)
(593, 46.16344857215881, -198670.0, -47217.0)
(594, 46.255287885665894, -198670.0, -47217.0)
(595, 46.35762596130371, -198670.0, -47217.0)
(596, 46.44736981391907, -198670.0, -47217.0)
(597, 46.544453382492065, -198670.0, -47217.0)
(598, 46.6391384601593, -198670.0, -47217.0)
(599, 46.732221603393555, -198670.0, -47217.0)
(600, 46.829017877578735, -198670.0, -47217.0)
(601, 46.92702293395996, -198670.0, -47217.0)
(602, 47.03499627113342, -198670.0, -47217.0)
(603, 47.12705159187317, -198670.0, -47217.0)
(604, 47.220298290252686, -198670.0, -47217.0)
(605, 47.326995611190796, -198670.0, -47217.0)
(606, 47.435866832733154, -198670.0, -47217.0)
(607, 47.53344774246216, -198670.0, -47217.0)
(608, 47.639643907547, -198670.0, -47217.0)
(609, 47.743141651153564, -198670.0, -47217.0)
(610, 47.85552358627319, -198670.0, -47217.0)
(611, 47.965831995010376, -198670.0, -47217.0)
(612, 48.06535625457764, -198670.0, -47217.0)
(613, 48.16598176956177, -198670.0, -47217.0)
(614, 48.26576614379883, -198670.0, -47217.0)
(615, 48.37117290496826, -198670.0, -47217.0)
(616, 48.47510051727295, -198670.0, -47217.0)
(617, 48.56340479850769, -198670.0, -47217.0)
(618, 48.65985465049744, -198670.0, -47217.0)
(619, 48.748101472854614, -198670.0, -47217.0)
(620, 48.84167766571045, -198670.0, -47217.0)
(621, 48.93471956253052, -198670.0, -47217.0)
(622, 49.025410652160645, -198670.0, -47217.0)
(623, 49.12201142311096, -198670.0, -47217.0)
(624, 49.22005772590637, -198670.0, -47217.0)
(625, 49.317482233047485, -198670.0, -47217.0)
(626, 49.40257453918457, -198670.0, -47217.0)
(627, 49.49587345123291, -198670.0, -47217.0)
(628, 49.58820629119873, -198670.0, -47217.0)
(629, 49.679956912994385, -198670.0, -47217.0)
(630, 49.78345608711243, -198670.0, -47217.0)
(631, 49.88792419433594, -198670.0, -47217.0)
(632, 49.982497453689575, -198670.0, -47217.0)
(633, 50.081984996795654, -198670.0, -47217.0)
(634, 50.17627239227295, -198670.0, -47217.0)
(635, 50.274818420410156, -198670.0, -47217.0)
(636, 50.36998271942139, -198670.0, -47217.0)
(637, 50.470157861709595, -198670.0, -47217.0)
(638, 50.57426595687866, -198670.0, -47217.0)
(639, 50.678961753845215, -198670.0, -47217.0)
(640, 50.79315972328186, -198670.0, -47217.0)
(641, 50.904048919677734, -198670.0, -47217.0)
(642, 51.004480600357056, -198670.0, -47217.0)
(643, 51.0957453250885, -198670.0, -47217.0)
(644, 51.20152044296265, -198670.0, -47217.0)
(645, 51.2990608215332, -198670.0, -47217.0)
(646, 51.41572093963623, -198670.0, -47217.0)
(647, 51.53177213668823, -198670.0, -47217.0)
(648, 51.64291977882385, -198670.0, -47217.0)
(649, 51.74115180969238, -198670.0, -47217.0)
(650, 51.85291814804077, -198670.0, -47217.0)
(651, 51.972312450408936, -198670.0, -47217.0)
(652, 52.084213972091675, -198670.0, -47217.0)
(653, 52.194722414016724, -198670.0, -47217.0)
(654, 52.308871269226074, -198670.0, -47217.0)
(655, 52.433379888534546, -198670.0, -47217.0)
(656, 52.551851987838745, -198670.0, -47217.0)
(657, 52.65542221069336, -198670.0, -47217.0)
(658, 52.78637981414795, -198670.0, -47217.0)
(659, 52.89050364494324, -198670.0, -47217.0)
(660, 52.98458552360535, -198670.0, -47217.0)
(661, 53.08827519416809, -198670.0, -47217.0)
(662, 53.188169717788696, -198670.0, -47217.0)
(663, 53.28387117385864, -198670.0, -47217.0)
(664, 53.3807487487793, -198670.0, -47217.0)
(665, 53.48124837875366, -198670.0, -47217.0)
(666, 53.5811722278595, -198670.0, -47217.0)
(667, 53.67218470573425, -198670.0, -47217.0)
(668, 53.77150249481201, -198670.0, -47217.0)
(669, 53.87171673774719, -198670.0, -47217.0)
(670, 53.964356660842896, -198670.0, -47217.0)
(671, 54.06466627120972, -198670.0, -47217.0)
(672, 54.16158437728882, -198670.0, -47217.0)
(673, 54.25399684906006, -198670.0, -47217.0)
(674, 54.35344123840332, -198670.0, -47217.0)
(675, 54.449758768081665, -198670.0, -47217.0)
(676, 54.550766706466675, -198670.0, -47217.0)
(677, 54.65185737609863, -198670.0, -47217.0)
(678, 54.74602746963501, -198670.0, -47217.0)
(679, 54.839274644851685, -198670.0, -47217.0)
(680, 54.93836998939514, -198670.0, -47217.0)
(681, 55.033769845962524, -198670.0, -47217.0)
(682, 55.13142728805542, -198670.0, -47217.0)
(683, 55.23118710517883, -198670.0, -47217.0)
(684, 55.33067011833191, -198670.0, -47217.0)
(685, 55.42190408706665, -198670.0, -47217.0)
(686, 55.51908040046692, -198670.0, -47217.0)
(687, 55.620054483413696, -198670.0, -47217.0)
(688, 55.73138689994812, -198670.0, -47217.0)
(689, 55.8264524936676, -198670.0, -47217.0)
(690, 55.92649054527283, -198670.0, -47217.0)
(691, 56.032583475112915, -198670.0, -47217.0)
(692, 56.15150213241577, -198670.0, -47217.0)
(693, 56.24530386924744, -198670.0, -47217.0)
(694, 56.3606231212616, -198670.0, -47217.0)
(695, 56.48238396644592, -198670.0, -47217.0)
(696, 56.60465717315674, -198670.0, -47217.0)
(697, 56.7070734500885, -198670.0, -47217.0)
(698, 56.811681032180786, -198670.0, -47217.0)
(699, 56.91912269592285, -198670.0, -47217.0)
(700, 57.02098894119263, -198670.0, -47217.0)
(701, 57.120349407196045, -198670.0, -47217.0)
(702, 57.22339630126953, -198670.0, -47217.0)
(703, 57.326905727386475, -198670.0, -47217.0)
(704, 57.43274211883545, -198670.0, -47217.0)
(705, 57.53323173522949, -198670.0, -47217.0)
(706, 57.64415907859802, -198670.0, -47217.0)
(707, 57.738255977630615, -198670.0, -47217.0)
(708, 57.839728593826294, -198670.0, -47217.0)
(709, 57.94446778297424, -198670.0, -47217.0)
(710, 58.050270795822144, -198670.0, -47217.0)
(711, 58.14664030075073, -198670.0, -47217.0)
(712, 58.25719904899597, -198670.0, -47217.0)
(713, 58.35984206199646, -198670.0, -47217.0)
(714, 58.470690965652466, -198670.0, -47217.0)
(715, 58.5842649936676, -198670.0, -47217.0)
(716, 58.695412397384644, -198670.0, -47217.0)
(717, 58.79639959335327, -198670.0, -47217.0)
(718, 58.9186589717865, -198670.0, -47217.0)
(719, 59.0392906665802, -198670.0, -47217.0)
(720, 59.155519008636475, -198670.0, -47217.0)
(721, 59.273228883743286, -198670.0, -47217.0)
(722, 59.38865900039673, -198670.0, -47217.0)
(723, 59.511152267456055, -198670.0, -47217.0)
(724, 59.629828214645386, -198670.0, -47217.0)
(725, 59.74889850616455, -198670.0, -47217.0)
(726, 59.865264892578125, -198670.0, -47217.0)
(727, 59.984031200408936, -198670.0, -47217.0)
(728, 60.10031795501709, -198670.0, -47217.0)
(729, 60.218743324279785, -198670.0, -47217.0)
(730, 60.3444037437439, -198670.0, -47217.0)
(731, 60.46616172790527, -198670.0, -47217.0)
(732, 60.59150314331055, -198670.0, -47217.0)
(733, 60.71564555168152, -198670.0, -47217.0)
(734, 60.83502268791199, -198670.0, -47217.0)
(735, 60.962111711502075, -198670.0, -47217.0)
(736, 61.07795548439026, -198670.0, -47217.0)
(737, 61.223777294158936, -198670.0, -47217.0)
(738, 61.3587691783905, -198670.0, -47217.0)
(739, 61.487788915634155, -198670.0, -47217.0)
(740, 61.61233305931091, -198670.0, -47217.0)
(741, 61.739163637161255, -198670.0, -47217.0)
(742, 61.89781618118286, -198670.0, -47217.0)
(743, 62.03335738182068, -198670.0, -47217.0)
(744, 62.1661102771759, -198670.0, -47217.0)
(745, 62.270453453063965, -198670.0, -47217.0)
(746, 62.4067919254303, -198670.0, -47217.0)
(747, 62.518792152404785, -198670.0, -47217.0)
(748, 62.62877440452576, -198670.0, -47217.0)
(749, 62.74215388298035, -198670.0, -47217.0)
(750, 62.84640288352966, -198670.0, -47217.0)
(751, 62.94808912277222, -198670.0, -47217.0)
(752, 63.05406165122986, -198670.0, -47217.0)
(753, 63.16259002685547, -198670.0, -47217.0)
(754, 63.27442646026611, -198670.0, -47217.0)
(755, 63.374868631362915, -198670.0, -47217.0)
(756, 63.479575634002686, -198670.0, -47217.0)
(757, 63.575032472610474, -198670.0, -47217.0)
(758, 63.6804039478302, -198670.0, -47217.0)
(759, 63.78999209403992, -198670.0, -47217.0)
(760, 63.89416146278381, -198670.0, -47217.0)
(761, 63.99748182296753, -198670.0, -47217.0)
(762, 64.0998306274414, -198670.0, -47217.0)
(763, 64.20393323898315, -198670.0, -47217.0)
(764, 64.30723071098328, -198670.0, -47217.0)
(765, 64.41119933128357, -198670.0, -47217.0)
(766, 64.5363199710846, -198670.0, -47217.0)
(767, 64.65061068534851, -198670.0, -47217.0)
(768, 64.7567720413208, -198670.0, -47217.0)
(769, 64.86846446990967, -198670.0, -47217.0)
(770, 64.97539353370667, -198670.0, -47217.0)
(771, 65.08636164665222, -198670.0, -47217.0)
(772, 65.2149064540863, -198670.0, -47217.0)
(773, 65.3486328125, -198670.0, -47217.0)
(774, 65.47563695907593, -198670.0, -47217.0)
(775, 65.60444402694702, -198670.0, -47217.0)
(776, 65.73889756202698, -198670.0, -47217.0)
(777, 65.84023308753967, -198670.0, -47217.0)
(778, 65.94761657714844, -198670.0, -47217.0)
(779, 66.06881523132324, -198670.0, -47217.0)
(780, 66.18937969207764, -198670.0, -47217.0)
(781, 66.30477118492126, -198670.0, -47217.0)
(782, 66.41686844825745, -198670.0, -47217.0)
(783, 66.51669025421143, -198670.0, -47217.0)
(784, 66.62122845649719, -198670.0, -47217.0)
(785, 66.7224633693695, -198670.0, -47217.0)
(786, 66.83545398712158, -198670.0, -47217.0)
(787, 66.94068431854248, -198670.0, -47217.0)
(788, 67.04858422279358, -198670.0, -47217.0)
(789, 67.15964937210083, -198670.0, -47217.0)
(790, 67.26550722122192, -198670.0, -47217.0)
(791, 67.37437748908997, -198670.0, -47217.0)
(792, 67.4800353050232, -198670.0, -47217.0)
(793, 67.58853530883789, -198670.0, -47217.0)
(794, 67.7010862827301, -198670.0, -47217.0)
(795, 67.81698822975159, -198670.0, -47217.0)
(796, 67.92996668815613, -198670.0, -47217.0)
(797, 68.03572225570679, -198670.0, -47217.0)
(798, 68.15264987945557, -198670.0, -47217.0)
(799, 68.26896238327026, -198670.0, -47217.0)
(800, 68.38498711585999, -198670.0, -47217.0)
(801, 68.4945421218872, -198670.0, -47217.0)
(802, 68.62756848335266, -198670.0, -47217.0)
(803, 68.74355411529541, -198670.0, -47217.0)
(804, 68.85724329948425, -198670.0, -47217.0)
(805, 68.98698306083679, -198670.0, -47217.0)
(806, 69.10402202606201, -198670.0, -47217.0)
(807, 69.21693396568298, -198670.0, -47217.0)
(808, 69.32976818084717, -198670.0, -47217.0)
(809, 69.4376072883606, -198670.0, -47217.0)
(810, 69.56089520454407, -198670.0, -47217.0)
(811, 69.69130516052246, -198670.0, -47217.0)
(812, 69.8273994922638, -198670.0, -47217.0)
(813, 69.96070170402527, -198670.0, -47217.0)
(814, 70.09059548377991, -198670.0, -47217.0)
(815, 70.2310221195221, -198670.0, -47217.0)
(816, 70.36069989204407, -198670.0, -47217.0)
(817, 70.47181844711304, -198670.0, -47217.0)
(818, 70.61911129951477, -198670.0, -47217.0)
(819, 70.73779630661011, -198670.0, -47217.0)
(820, 70.89101648330688, -198670.0, -47217.0)
(821, 71.01376938819885, -198670.0, -47217.0)
(822, 71.15270256996155, -198670.0, -47217.0)
(823, 71.28524518013, -198670.0, -47217.0)
(824, 71.4304850101471, -198670.0, -47217.0)
(825, 71.57551121711731, -198670.0, -47217.0)
(826, 71.73867392539978, -198670.0, -47217.0)
(827, 71.88677883148193, -198670.0, -47217.0)
(828, 72.05520296096802, -198670.0, -47217.0)
(829, 72.25160384178162, -195209.7274191843, -47217.0)
(830, 72.39877009391785, -195209.7274191843, -47217.0)
(831, 72.5410943031311, -195209.7274191843, -47217.0)
(832, 72.65241241455078, -195209.7274191843, -47217.0)
(833, 72.76583814620972, -195209.7274191843, -47217.0)
(834, 72.87953019142151, -195209.7274191843, -47217.0)
(835, 72.98846197128296, -195209.7274191843, -47217.0)
(836, 73.10653519630432, -195209.7274191843, -47217.0)
(837, 73.21418571472168, -195209.7274191843, -47217.0)
(838, 73.3271803855896, -195209.7274191843, -47217.0)
(839, 73.43806099891663, -195209.7274191843, -47217.0)
(840, 73.54581093788147, -195209.7274191843, -47217.0)
(841, 73.65248394012451, -195209.7274191843, -47217.0)
(842, 73.76288342475891, -195209.7274191843, -47217.0)
(843, 73.88467216491699, -195209.7274191843, -47217.0)
(844, 73.99856114387512, -195209.7274191843, -47217.0)
(845, 74.10421347618103, -195209.7274191843, -47217.0)
(846, 74.21724271774292, -195209.7274191843, -47217.0)
(847, 74.31621313095093, -195209.7274191843, -47217.0)
(848, 74.42667579650879, -195209.7274191843, -47217.0)
(849, 74.54152727127075, -195209.7274191843, -47217.0)
(850, 74.64880442619324, -195209.7274191843, -47217.0)
(851, 74.76265621185303, -195209.7274191843, -47217.0)
(852, 74.8736526966095, -195209.7274191843, -47217.0)
(853, 74.99052858352661, -195209.7274191843, -47217.0)
(854, 75.11050415039062, -195209.7274191843, -47217.0)
(855, 75.23134136199951, -195209.7274191843, -47217.0)
(856, 75.35120844841003, -195209.7274191843, -47217.0)
(857, 75.45908212661743, -195209.7274191843, -47217.0)
(858, 75.57058811187744, -195209.7274191843, -47217.0)
(859, 75.69715619087219, -195209.7274191843, -47217.0)
(860, 75.81279015541077, -195209.7274191843, -47217.0)
(861, 75.92741560935974, -195209.7274191843, -47217.0)
(862, 76.02701735496521, -195209.7274191843, -47217.0)
(863, 76.13962292671204, -195209.7274191843, -47217.0)
(864, 76.27035903930664, -195209.7274191843, -47217.0)
(865, 76.38149428367615, -195209.7274191843, -47217.0)
(866, 76.49228930473328, -195209.7274191843, -47217.0)
(867, 76.60160303115845, -195209.7274191843, -47217.0)
(868, 76.70584988594055, -195209.7274191843, -47217.0)
(869, 76.81492757797241, -195209.7274191843, -47217.0)
(870, 76.93392038345337, -195209.7274191843, -47217.0)
(871, 77.05423951148987, -195209.7274191843, -47217.0)
(872, 77.1895043849945, -195209.7274191843, -47217.0)
(873, 77.30855917930603, -195209.7274191843, -47217.0)
(874, 77.42359256744385, -195209.7274191843, -47217.0)
(875, 77.54913353919983, -195209.7274191843, -47217.0)
(876, 77.66134333610535, -195209.7274191843, -47217.0)
(877, 77.7791736125946, -195209.7274191843, -47217.0)
(878, 77.89997673034668, -195209.7274191843, -47217.0)
(879, 78.03296113014221, -195209.7274191843, -47217.0)
(880, 78.14732432365417, -195209.7274191843, -47217.0)
(881, 78.25546622276306, -195209.7274191843, -47217.0)
(882, 78.37074756622314, -195209.7274191843, -47217.0)
(883, 78.49690341949463, -195209.7274191843, -47217.0)
(884, 78.61513662338257, -195209.7274191843, -47217.0)
(885, 78.72186827659607, -195209.7274191843, -47217.0)
(886, 78.8250527381897, -195209.7274191843, -47217.0)
(887, 78.93708825111389, -195209.7274191843, -47217.0)
(888, 79.04979968070984, -195209.7274191843, -47217.0)
(889, 79.17487812042236, -195209.7274191843, -47217.0)
(890, 79.29975962638855, -195209.7274191843, -47217.0)
(891, 79.4192111492157, -195209.7274191843, -47217.0)
(892, 79.53786730766296, -195209.7274191843, -47217.0)
(893, 79.6521897315979, -195209.7274191843, -47217.0)
(894, 79.76591467857361, -195209.7274191843, -47217.0)
(895, 79.88397192955017, -195209.7274191843, -47217.0)
(896, 80.00810885429382, -195209.7274191843, -47217.0)
(897, 80.1374044418335, -195209.7274191843, -47217.0)
(898, 80.25490212440491, -195209.7274191843, -47217.0)
(899, 80.37159180641174, -195209.7274191843, -47217.0)
(900, 80.49223470687866, -195209.7274191843, -47217.0)
(901, 80.61433625221252, -195209.7274191843, -47217.0)
(902, 80.73046636581421, -195209.7274191843, -47217.0)
(903, 80.84839701652527, -195209.7274191843, -47217.0)
(904, 80.96603608131409, -195209.7274191843, -47217.0)
(905, 81.07584762573242, -195209.7274191843, -47217.0)
(906, 81.19075107574463, -195209.7274191843, -47217.0)
(907, 81.30268454551697, -195209.7274191843, -47217.0)
(908, 81.42316102981567, -195209.7274191843, -47217.0)
(909, 81.54208588600159, -195209.7274191843, -47217.0)
(910, 81.65132904052734, -195209.7274191843, -47217.0)
(911, 81.76164746284485, -195209.7274191843, -47217.0)
(912, 81.8725266456604, -195209.7274191843, -47217.0)
(913, 81.97899746894836, -195209.7274191843, -47217.0)
(914, 82.08637499809265, -195209.7274191843, -47217.0)
(915, 82.19041728973389, -195209.7274191843, -47217.0)
(916, 82.30941414833069, -195209.7274191843, -47217.0)
(917, 82.42633986473083, -195209.7274191843, -47217.0)
(918, 82.54356479644775, -195209.7274191843, -47217.0)
(919, 82.65278911590576, -195209.7274191843, -47217.0)
(920, 82.77465558052063, -195209.7274191843, -47217.0)
(921, 82.88436889648438, -195209.7274191843, -47217.0)
(922, 83.0033929347992, -195209.7274191843, -47217.0)
(923, 83.1224057674408, -195209.7274191843, -47217.0)
(924, 83.23622441291809, -195209.7274191843, -47217.0)
(925, 83.35008668899536, -195209.7274191843, -47217.0)
(926, 83.45735383033752, -195209.7274191843, -47217.0)
(927, 83.57806849479675, -195209.7274191843, -47217.0)
(928, 83.69497752189636, -195209.7274191843, -47217.0)
(929, 83.81603598594666, -195209.7274191843, -47217.0)
(930, 83.93555426597595, -195209.7274191843, -47217.0)
(931, 84.04824018478394, -195209.7274191843, -47217.0)
(932, 84.16301918029785, -195209.7274191843, -47217.0)
(933, 84.28682160377502, -195209.7274191843, -47217.0)
(934, 84.40968537330627, -195209.7274191843, -47217.0)
(935, 84.54495525360107, -195209.7274191843, -47217.0)
(936, 84.6668210029602, -195209.7274191843, -47217.0)
(937, 84.78776097297668, -195209.7274191843, -47217.0)
(938, 84.91510462760925, -195209.7274191843, -47217.0)
(939, 85.03623747825623, -195209.7274191843, -47217.0)
(940, 85.16233396530151, -195209.7274191843, -47217.0)
(941, 85.29394698143005, -195209.7274191843, -47217.0)
(942, 85.45571732521057, -195209.7274191843, -47217.0)
(943, 85.61460065841675, -195209.7274191843, -47217.0)
(944, 85.77039098739624, -195209.7274191843, -47217.0)
(945, 85.89751768112183, -195209.7274191843, -47217.0)
(946, 86.02383542060852, -195209.7274191843, -47217.0)
(947, 86.17075538635254, -195209.7274191843, -47217.0)
(948, 86.32044744491577, -195209.7274191843, -47217.0)
(949, 86.4649772644043, -195209.7274191843, -47217.0)
(950, 86.59465956687927, -195209.7274191843, -47217.0)
(951, 86.75032806396484, -195209.7274191843, -47217.0)
(952, 86.90950965881348, -195209.7274191843, -47217.0)
(953, 87.06078767776489, -195209.7274191843, -47217.0)
(954, 87.18304371833801, -195209.7274191843, -47217.0)
(955, 87.31451392173767, -195209.7274191843, -47217.0)
(956, 87.4528317451477, -195209.7274191843, -47217.0)
(957, 87.56939721107483, -195209.7274191843, -47217.0)
(958, 87.6998655796051, -195209.7274191843, -47217.0)
(959, 87.82075452804565, -195209.7274191843, -47217.0)
(960, 87.95065236091614, -195209.7274191843, -47217.0)
(961, 88.06945157051086, -195209.7274191843, -47217.0)
(962, 88.1998040676117, -195209.7274191843, -47217.0)
(963, 88.33112740516663, -195209.7274191843, -47217.0)
(964, 88.47974705696106, -195209.7274191843, -47217.0)
(965, 88.6176769733429, -195209.7274191843, -47217.0)
(966, 88.73331427574158, -195209.7274191843, -47217.0)
(967, 88.86241626739502, -195209.7274191843, -47217.0)
(968, 88.98571944236755, -195209.7274191843, -47217.0)
(969, 89.10369944572449, -195209.7274191843, -47217.0)
(970, 89.25004386901855, -195209.7274191843, -47217.0)
(971, 89.38201451301575, -195209.7274191843, -47217.0)
(972, 89.51200008392334, -195209.7274191843, -47217.0)
(973, 89.64530873298645, -195209.7274191843, -47217.0)
(974, 89.77885866165161, -195209.7274191843, -47217.0)
(975, 89.90638637542725, -195209.7274191843, -47217.0)
(976, 90.02899479866028, -195209.7274191843, -47217.0)
(977, 90.161372423172, -195209.7274191843, -47217.0)
(978, 90.28909134864807, -195209.7274191843, -47217.0)
(979, 90.4036316871643, -195209.7274191843, -47217.0)
(980, 90.52779793739319, -195209.7274191843, -47217.0)
(981, 90.65111255645752, -195209.7274191843, -47217.0)
(982, 90.7987413406372, -195209.7274191843, -47217.0)
(983, 90.95514798164368, -195209.7274191843, -47217.0)
(984, 91.11103796958923, -195209.7274191843, -47217.0)
(985, 91.2451102733612, -195209.7274191843, -47217.0)
(986, 91.40371441841125, -195209.7274191843, -47217.0)
(987, 91.56261229515076, -195209.7274191843, -47217.0)
(988, 91.72728419303894, -195209.7274191843, -47217.0)
(989, 91.8622453212738, -195209.7274191843, -47217.0)
(990, 91.99701976776123, -195209.7274191843, -47217.0)
(991, 92.1318371295929, -195209.7274191843, -47217.0)
(992, 92.26313400268555, -195209.7274191843, -47217.0)
(993, 92.39603614807129, -195209.7274191843, -47217.0)
(994, 92.52638292312622, -195209.7274191843, -47217.0)
(995, 92.67644786834717, -195209.7274191843, -47217.0)
(996, 92.83817625045776, -195209.7274191843, -47217.0)
(997, 92.95800971984863, -195209.7274191843, -47217.0)
(998, 93.09205770492554, -195209.7274191843, -47217.0)
(999, 93.22473216056824, -195209.7274191843, -47217.0)
(1000, 93.3590497970581, -195209.7274191843, -47217.0)
