(1, 0.0708165168762207, -257856.0, -47903.0)
(2, 0.13817667961120605, -257856.0, -47903.0)
(3, 0.2107987403869629, -257856.0, -47903.0)
(4, 0.2865753173828125, -257856.0, -47903.0)
(5, 0.35224151611328125, -257856.0, -47903.0)
(6, 0.42275571823120117, -257856.0, -47903.0)
(7, 0.49036121368408203, -257856.0, -47903.0)
(8, 0.5564742088317871, -257856.0, -47903.0)
(9, 0.6266269683837891, -257856.0, -47903.0)
(10, 0.6975173950195312, -257856.0, -47903.0)
(11, 0.762439489364624, -257856.0, -47903.0)
(12, 0.8347375392913818, -257856.0, -47903.0)
(13, 0.9019639492034912, -257856.0, -47903.0)
(14, 0.9698636531829834, -257856.0, -47903.0)
(15, 1.034031629562378, -257856.0, -47903.0)
(16, 1.0970463752746582, -257856.0, -47903.0)
(17, 1.1661937236785889, -257856.0, -47903.0)
(18, 1.2360341548919678, -257856.0, -47903.0)
(19, 1.3069572448730469, -257856.0, -47903.0)
(20, 1.378493070602417, -257856.0, -47903.0)
(21, 1.450258493423462, -257856.0, -47903.0)
(22, 1.5203232765197754, -257856.0, -47903.0)
(23, 1.590681791305542, -257856.0, -47903.0)
(24, 1.6585168838500977, -257856.0, -47903.0)
(25, 1.7285146713256836, -257856.0, -47903.0)
(26, 1.799919843673706, -257856.0, -47903.0)
(27, 1.8653600215911865, -257856.0, -47903.0)
(28, 1.9325203895568848, -257856.0, -47903.0)
(29, 1.9940578937530518, -257856.0, -47903.0)
(30, 2.067044734954834, -257856.0, -47903.0)
(31, 2.1290862560272217, -257856.0, -47903.0)
(32, 2.188305616378784, -257856.0, -47903.0)
(33, 2.249222993850708, -257856.0, -47903.0)
(34, 2.3084189891815186, -257856.0, -47903.0)
(35, 2.3649234771728516, -257856.0, -47903.0)
(36, 2.453866958618164, -257856.0, -47903.0)
(37, 2.5350685119628906, -257856.0, -47903.0)
(38, 2.6210758686065674, -257856.0, -47903.0)
(39, 2.7141098976135254, -250101.6057596825, -47903.0)
(40, 2.7920949459075928, -250101.6057596825, -47903.0)
(41, 2.8790817260742188, -250101.6057596825, -47903.0)
(42, 2.9593727588653564, -250101.6057596825, -47903.0)
(43, 3.037461996078491, -250101.6057596825, -47903.0)
(44, 3.1095499992370605, -250101.6057596825, -47903.0)
(45, 3.1886961460113525, -250101.6057596825, -47903.0)
(46, 3.2642312049865723, -250101.6057596825, -47903.0)
(47, 3.3413305282592773, -250101.6057596825, -47903.0)
(48, 3.4194092750549316, -250101.6057596825, -47903.0)
(49, 3.4989161491394043, -250101.6057596825, -47903.0)
(50, 3.573895215988159, -250101.6057596825, -47903.0)
(51, 3.649918794631958, -250101.6057596825, -47903.0)
(52, 3.7259507179260254, -250101.6057596825, -47903.0)
(53, 3.7978110313415527, -250101.6057596825, -47903.0)
(54, 3.8654708862304688, -250101.6057596825, -47903.0)
(55, 3.937187433242798, -250101.6057596825, -47903.0)
(56, 4.006984710693359, -250101.6057596825, -47903.0)
(57, 4.073194980621338, -250101.6057596825, -47903.0)
(58, 4.141009330749512, -250101.6057596825, -47903.0)
(59, 4.2243971824646, -250101.6057596825, -47903.0)
(60, 4.297755002975464, -250101.6057596825, -47903.0)
(61, 4.376057386398315, -250101.6057596825, -47903.0)
(62, 4.448548316955566, -250101.6057596825, -47903.0)
(63, 4.5192952156066895, -250101.6057596825, -47903.0)
(64, 4.588276624679565, -250101.6057596825, -47903.0)
(65, 4.656820297241211, -250101.6057596825, -47903.0)
(66, 4.727319240570068, -250101.6057596825, -47903.0)
(67, 4.797015428543091, -250101.6057596825, -47903.0)
(68, 4.866072654724121, -250101.6057596825, -47903.0)
(69, 4.9618144035339355, -250101.6057596825, -47903.0)
(70, 5.0538170337677, -244228.34515821174, -47903.0)
(71, 5.136755704879761, -244228.34515821174, -47903.0)
(72, 5.2218663692474365, -244228.34515821174, -47903.0)
(73, 5.301531791687012, -244228.34515821174, -47903.0)
(74, 5.384683132171631, -244228.34515821174, -47903.0)
(75, 5.465901613235474, -244228.34515821174, -47903.0)
(76, 5.546721935272217, -244228.34515821174, -47903.0)
(77, 5.629858493804932, -244228.34515821174, -47903.0)
(78, 5.719264268875122, -244228.34515821174, -47903.0)
(79, 5.80558967590332, -244228.34515821174, -47903.0)
(80, 5.890159606933594, -244228.34515821174, -47903.0)
(81, 5.97501540184021, -244228.34515821174, -47903.0)
(82, 6.052270889282227, -244228.34515821174, -47903.0)
(83, 6.135134220123291, -244228.34515821174, -47903.0)
(84, 6.217900514602661, -244228.34515821174, -47903.0)
(85, 6.298687219619751, -244228.34515821174, -47903.0)
(86, 6.375553369522095, -244228.34515821174, -47903.0)
(87, 6.456283807754517, -244228.34515821174, -47903.0)
(88, 6.538299083709717, -244228.34515821174, -47903.0)
(89, 6.617086172103882, -244228.34515821174, -47903.0)
(90, 6.69488525390625, -244228.34515821174, -47903.0)
(91, 6.77946925163269, -244228.34515821174, -47903.0)
(92, 6.852911472320557, -244228.34515821174, -47903.0)
(93, 6.926647663116455, -244228.34515821174, -47903.0)
(94, 6.999984979629517, -244228.34515821174, -47903.0)
(95, 7.07049560546875, -244228.34515821174, -47903.0)
(96, 7.1441404819488525, -244228.34515821174, -47903.0)
(97, 7.216562509536743, -244228.34515821174, -47903.0)
(98, 7.288774728775024, -244228.34515821174, -47903.0)
(99, 7.363972187042236, -244228.34515821174, -47903.0)
(100, 7.438815355300903, -244228.34515821174, -47903.0)
(101, 7.510736465454102, -244228.34515821174, -47903.0)
(102, 7.595119953155518, -244228.34515821174, -47903.0)
(103, 7.684149742126465, -244228.34515821174, -47903.0)
(104, 7.7788941860198975, -244228.34515821174, -47903.0)
(105, 7.861473083496094, -244228.34515821174, -47903.0)
(106, 7.939844846725464, -244228.34515821174, -47903.0)
(107, 8.02891206741333, -244228.34515821174, -47903.0)
(108, 8.104732275009155, -244228.34515821174, -47903.0)
(109, 8.180016040802002, -244228.34515821174, -47903.0)
(110, 8.270307779312134, -244228.34515821174, -47903.0)
(111, 8.355196475982666, -244228.34515821174, -47903.0)
(112, 8.43017578125, -244228.34515821174, -47903.0)
(113, 8.504992723464966, -244228.34515821174, -47903.0)
(114, 8.580214262008667, -244228.34515821174, -47903.0)
(115, 8.652708530426025, -244228.34515821174, -47903.0)
(116, 8.741590023040771, -244228.34515821174, -47903.0)
(117, 8.823557615280151, -244228.34515821174, -47903.0)
(118, 8.901360273361206, -244228.34515821174, -47903.0)
(119, 8.979328155517578, -244228.34515821174, -47903.0)
(120, 9.05095386505127, -244228.34515821174, -47903.0)
(121, 9.124951362609863, -244228.34515821174, -47903.0)
(122, 9.21089792251587, -244228.34515821174, -47903.0)
(123, 9.301014184951782, -244228.34515821174, -47903.0)
(124, 9.383208274841309, -244228.34515821174, -47903.0)
(125, 9.469691276550293, -244228.34515821174, -47903.0)
(126, 9.554312944412231, -244228.34515821174, -47903.0)
(127, 9.638530969619751, -244228.34515821174, -47903.0)
(128, 9.721189498901367, -244228.34515821174, -47903.0)
(129, 9.804394483566284, -244228.34515821174, -47903.0)
(130, 9.88568639755249, -244228.34515821174, -47903.0)
(131, 9.970160722732544, -244228.34515821174, -47903.0)
(132, 10.052963972091675, -244228.34515821174, -47903.0)
(133, 10.13786506652832, -244228.34515821174, -47903.0)
(134, 10.222514867782593, -244228.34515821174, -47903.0)
(135, 10.306906700134277, -244228.34515821174, -47903.0)
(136, 10.39387059211731, -244228.34515821174, -47903.0)
(137, 10.475294351577759, -244228.34515821174, -47903.0)
(138, 10.555434465408325, -244228.34515821174, -47903.0)
(139, 10.635184288024902, -244228.34515821174, -47903.0)
(140, 10.714017868041992, -244228.34515821174, -47903.0)
(141, 10.78978967666626, -244228.34515821174, -47903.0)
(142, 10.872050046920776, -244228.34515821174, -47903.0)
(143, 10.953224658966064, -244228.34515821174, -47903.0)
(144, 11.029894351959229, -244228.34515821174, -47903.0)
(145, 11.103294134140015, -244228.34515821174, -47903.0)
(146, 11.182191848754883, -244228.34515821174, -47903.0)
(147, 11.285078763961792, -240038.37369489166, -47903.0)
(148, 11.386549234390259, -240038.37369489166, -47903.0)
(149, 11.477407693862915, -240038.37369489166, -47903.0)
(150, 11.563476800918579, -240038.37369489166, -47903.0)
(151, 11.649890422821045, -240038.37369489166, -47903.0)
(152, 11.734272241592407, -240038.37369489166, -47903.0)
(153, 11.815813779830933, -240038.37369489166, -47903.0)
(154, 11.898808479309082, -240038.37369489166, -47903.0)
(155, 11.981173753738403, -240038.37369489166, -47903.0)
(156, 12.067619562149048, -240038.37369489166, -47903.0)
(157, 12.15400743484497, -240038.37369489166, -47903.0)
(158, 12.238798141479492, -240038.37369489166, -47903.0)
(159, 12.325021505355835, -240038.37369489166, -47903.0)
(160, 12.406330585479736, -240038.37369489166, -47903.0)
(161, 12.484260320663452, -240038.37369489166, -47903.0)
(162, 12.563958168029785, -240038.37369489166, -47903.0)
(163, 12.64129090309143, -240038.37369489166, -47903.0)
(164, 12.718033075332642, -240038.37369489166, -47903.0)
(165, 12.795594453811646, -240038.37369489166, -47903.0)
(166, 12.868181467056274, -240038.37369489166, -47903.0)
(167, 12.947563409805298, -240038.37369489166, -47903.0)
(168, 13.02610158920288, -240038.37369489166, -47903.0)
(169, 13.108012199401855, -240038.37369489166, -47903.0)
(170, 13.190324544906616, -240038.37369489166, -47903.0)
(171, 13.273156642913818, -240038.37369489166, -47903.0)
(172, 13.350884914398193, -240038.37369489166, -47903.0)
(173, 13.427448272705078, -240038.37369489166, -47903.0)
(174, 13.508334636688232, -240038.37369489166, -47903.0)
(175, 13.61054277420044, -240038.37369489166, -47903.0)
(176, 13.706295728683472, -240038.37369489166, -47903.0)
(177, 13.786808252334595, -240038.37369489166, -47903.0)
(178, 13.8715078830719, -240038.37369489166, -47903.0)
(179, 13.95241379737854, -240038.37369489166, -47903.0)
(180, 14.039644241333008, -240038.37369489166, -47903.0)
(181, 14.124563694000244, -240038.37369489166, -47903.0)
(182, 14.210061311721802, -240038.37369489166, -47903.0)
(183, 14.295679092407227, -240038.37369489166, -47903.0)
(184, 14.382413387298584, -240038.37369489166, -47903.0)
(185, 14.47298264503479, -240038.37369489166, -47903.0)
(186, 14.56304931640625, -240038.37369489166, -47903.0)
(187, 14.64400601387024, -240038.37369489166, -47903.0)
(188, 14.721088647842407, -240038.37369489166, -47903.0)
(189, 14.805147171020508, -240038.37369489166, -47903.0)
(190, 14.884048700332642, -240038.37369489166, -47903.0)
(191, 14.967974662780762, -240038.37369489166, -47903.0)
(192, 15.0505051612854, -240038.37369489166, -47903.0)
(193, 15.140105724334717, -240038.37369489166, -47903.0)
(194, 15.24628210067749, -240038.37369489166, -47903.0)
(195, 15.331974983215332, -240038.37369489166, -47903.0)
(196, 15.422032594680786, -240038.37369489166, -47903.0)
(197, 15.514700889587402, -240038.37369489166, -47903.0)
(198, 15.605829238891602, -240038.37369489166, -47903.0)
(199, 15.691898584365845, -240038.37369489166, -47903.0)
(200, 15.782442569732666, -240038.37369489166, -47903.0)
(201, 15.87167739868164, -240038.37369489166, -47903.0)
(202, 15.960886240005493, -240038.37369489166, -47903.0)
(203, 16.05502939224243, -240038.37369489166, -47903.0)
(204, 16.144303798675537, -240038.37369489166, -47903.0)
(205, 16.234012842178345, -240038.37369489166, -47903.0)
(206, 16.322583198547363, -240038.37369489166, -47903.0)
(207, 16.405349731445312, -240038.37369489166, -47903.0)
(208, 16.495649099349976, -240038.37369489166, -47903.0)
(209, 16.581852912902832, -240038.37369489166, -47903.0)
(210, 16.669872522354126, -240038.37369489166, -47903.0)
(211, 16.754162073135376, -240038.37369489166, -47903.0)
(212, 16.839024543762207, -240038.37369489166, -47903.0)
(213, 16.923646926879883, -240038.37369489166, -47903.0)
(214, 17.010385751724243, -240038.37369489166, -47903.0)
(215, 17.09349536895752, -240038.37369489166, -47903.0)
(216, 17.177871465682983, -240038.37369489166, -47903.0)
(217, 17.269810676574707, -240038.37369489166, -47903.0)
(218, 17.35982394218445, -240038.37369489166, -47903.0)
(219, 17.448739051818848, -240038.37369489166, -47903.0)
(220, 17.530853033065796, -240038.37369489166, -47903.0)
(221, 17.61255931854248, -240038.37369489166, -47903.0)
(222, 17.71220874786377, -240038.37369489166, -47903.0)
(223, 17.807095766067505, -240038.37369489166, -47903.0)
(224, 17.89669680595398, -240038.37369489166, -47903.0)
(225, 17.98394203186035, -240038.37369489166, -47903.0)
(226, 18.074618101119995, -240038.37369489166, -47903.0)
(227, 18.16534733772278, -240038.37369489166, -47903.0)
(228, 18.25813865661621, -240038.37369489166, -47903.0)
(229, 18.340413570404053, -240038.37369489166, -47903.0)
(230, 18.434345960617065, -240038.37369489166, -47903.0)
(231, 18.52836036682129, -240038.37369489166, -47903.0)
(232, 18.60708451271057, -240038.37369489166, -47903.0)
(233, 18.702059984207153, -240038.37369489166, -47903.0)
(234, 18.79594898223877, -240038.37369489166, -47903.0)
(235, 18.879594326019287, -240038.37369489166, -47903.0)
(236, 18.968329191207886, -240038.37369489166, -47903.0)
(237, 19.06303381919861, -240038.37369489166, -47903.0)
(238, 19.16902995109558, -240038.37369489166, -47903.0)
(239, 19.258988857269287, -240038.37369489166, -47903.0)
(240, 19.34723138809204, -240038.37369489166, -47903.0)
(241, 19.437974214553833, -240038.37369489166, -47903.0)
(242, 19.527790307998657, -240038.37369489166, -47903.0)
(243, 19.61784076690674, -240038.37369489166, -47903.0)
(244, 19.715558528900146, -240038.37369489166, -47903.0)
(245, 19.80900478363037, -240038.37369489166, -47903.0)
(246, 19.90373206138611, -240038.37369489166, -47903.0)
(247, 19.994017362594604, -240038.37369489166, -47903.0)
(248, 20.093192100524902, -240038.37369489166, -47903.0)
(249, 20.190104007720947, -240038.37369489166, -47903.0)
(250, 20.27849793434143, -240038.37369489166, -47903.0)
(251, 20.363821506500244, -240038.37369489166, -47903.0)
(252, 20.44912600517273, -240038.37369489166, -47903.0)
(253, 20.548304796218872, -240038.37369489166, -47903.0)
(254, 20.63321852684021, -240038.37369489166, -47903.0)
(255, 20.713778495788574, -240038.37369489166, -47903.0)
(256, 20.80760955810547, -240038.37369489166, -47903.0)
(257, 20.904305696487427, -240038.37369489166, -47903.0)
(258, 21.00192427635193, -240038.37369489166, -47903.0)
(259, 21.101430892944336, -240038.37369489166, -47903.0)
(260, 21.201314449310303, -240038.37369489166, -47903.0)
(261, 21.297999143600464, -240038.37369489166, -47903.0)
(262, 21.40616750717163, -240038.37369489166, -47903.0)
(263, 21.51237463951111, -240038.37369489166, -47903.0)
(264, 21.607826232910156, -240038.37369489166, -47903.0)
(265, 21.699774265289307, -240038.37369489166, -47903.0)
(266, 21.789957284927368, -240038.37369489166, -47903.0)
(267, 21.885553121566772, -240038.37369489166, -47903.0)
(268, 21.978853464126587, -240038.37369489166, -47903.0)
(269, 22.075732707977295, -240038.37369489166, -47903.0)
(270, 22.163878917694092, -240038.37369489166, -47903.0)
(271, 22.251299142837524, -240038.37369489166, -47903.0)
(272, 22.34258508682251, -240038.37369489166, -47903.0)
(273, 22.428980350494385, -240038.37369489166, -47903.0)
(274, 22.518099069595337, -240038.37369489166, -47903.0)
(275, 22.60692048072815, -240038.37369489166, -47903.0)
(276, 22.695693492889404, -240038.37369489166, -47903.0)
(277, 22.793267965316772, -240038.37369489166, -47903.0)
(278, 22.905159950256348, -240038.37369489166, -47903.0)
(279, 23.009136199951172, -240038.37369489166, -47903.0)
(280, 23.112741231918335, -240038.37369489166, -47903.0)
(281, 23.212933778762817, -240038.37369489166, -47903.0)
(282, 23.312748193740845, -240038.37369489166, -47903.0)
(283, 23.410979747772217, -240038.37369489166, -47903.0)
(284, 23.506001472473145, -240038.37369489166, -47903.0)
(285, 23.59366774559021, -240038.37369489166, -47903.0)
(286, 23.681543111801147, -240038.37369489166, -47903.0)
(287, 23.796926259994507, -240038.37369489166, -47903.0)
(288, 23.898980140686035, -240038.37369489166, -47903.0)
(289, 23.99543833732605, -240038.37369489166, -47903.0)
(290, 24.095150232315063, -240038.37369489166, -47903.0)
(291, 24.19622230529785, -240038.37369489166, -47903.0)
(292, 24.29376220703125, -240038.37369489166, -47903.0)
(293, 24.3885281085968, -240038.37369489166, -47903.0)
(294, 24.488105058670044, -240038.37369489166, -47903.0)
(295, 24.582340240478516, -240038.37369489166, -47903.0)
(296, 24.684913873672485, -240038.37369489166, -47903.0)
(297, 24.786202430725098, -240038.37369489166, -47903.0)
(298, 24.87646198272705, -240038.37369489166, -47903.0)
(299, 24.97688889503479, -240038.37369489166, -47903.0)
(300, 25.081941604614258, -240038.37369489166, -47903.0)
(301, 25.180593967437744, -240038.37369489166, -47903.0)
(302, 25.279977083206177, -240038.37369489166, -47903.0)
(303, 25.393609046936035, -240038.37369489166, -47903.0)
(304, 25.49541163444519, -240038.37369489166, -47903.0)
(305, 25.601573705673218, -240038.37369489166, -47903.0)
(306, 25.719284057617188, -240038.37369489166, -47903.0)
(307, 25.82615351676941, -240038.37369489166, -47903.0)
(308, 25.98530602455139, -231880.28037887882, -47903.0)
(309, 26.11738133430481, -231880.28037887882, -47903.0)
(310, 26.23503017425537, -231880.28037887882, -47903.0)
(311, 26.37752056121826, -231880.28037887882, -47903.0)
(312, 26.48779582977295, -231880.28037887882, -47903.0)
(313, 26.636136293411255, -231880.28037887882, -47903.0)
(314, 26.773850440979004, -231880.28037887882, -47903.0)
(315, 26.90965986251831, -231880.28037887882, -47903.0)
(316, 27.03966498374939, -231880.28037887882, -47903.0)
(317, 27.201395750045776, -227487.36613514723, -47903.0)
(318, 27.353306531906128, -227487.36613514723, -47903.0)
(319, 27.495281219482422, -227487.36613514723, -47903.0)
(320, 27.63745355606079, -227487.36613514723, -47903.0)
(321, 27.765355348587036, -227487.36613514723, -47903.0)
(322, 27.89407753944397, -227487.36613514723, -47903.0)
(323, 28.025358200073242, -227487.36613514723, -47903.0)
(324, 28.13982844352722, -227487.36613514723, -47903.0)
(325, 28.265532970428467, -227487.36613514723, -47903.0)
(326, 28.380239248275757, -227487.36613514723, -47903.0)
(327, 28.48902130126953, -227487.36613514723, -47903.0)
(328, 28.624629497528076, -227487.36613514723, -47903.0)
(329, 28.73333764076233, -227487.36613514723, -47903.0)
(330, 28.837749004364014, -227487.36613514723, -47903.0)
(331, 28.975770950317383, -227487.36613514723, -47903.0)
(332, 29.10273289680481, -227487.36613514723, -47903.0)
(333, 29.22795057296753, -227487.36613514723, -47903.0)
(334, 29.36304759979248, -227487.36613514723, -47903.0)
(335, 29.48551607131958, -227487.36613514723, -47903.0)
(336, 29.586540699005127, -227487.36613514723, -47903.0)
(337, 29.709105730056763, -227487.36613514723, -47903.0)
(338, 29.842613220214844, -227487.36613514723, -47903.0)
(339, 29.957354307174683, -227487.36613514723, -47903.0)
(340, 30.103584051132202, -227487.36613514723, -47903.0)
(341, 30.240503787994385, -227487.36613514723, -47903.0)
(342, 30.370577096939087, -227487.36613514723, -47903.0)
(343, 30.51239562034607, -227487.36613514723, -47903.0)
(344, 30.659863233566284, -227487.36613514723, -47903.0)
(345, 30.793909311294556, -227487.36613514723, -47903.0)
(346, 30.910658359527588, -227487.36613514723, -47903.0)
(347, 31.018418312072754, -227487.36613514723, -47903.0)
(348, 31.151668071746826, -227487.36613514723, -47903.0)
(349, 31.271138191223145, -227487.36613514723, -47903.0)
(350, 31.39811134338379, -227487.36613514723, -47903.0)
(351, 31.530542135238647, -227487.36613514723, -47903.0)
(352, 31.640228748321533, -227487.36613514723, -47903.0)
(353, 31.7668035030365, -227487.36613514723, -47903.0)
(354, 31.87072992324829, -227487.36613514723, -47903.0)
(355, 31.96902346611023, -227487.36613514723, -47903.0)
(356, 32.08176112174988, -227487.36613514723, -47903.0)
(357, 32.208720207214355, -227487.36613514723, -47903.0)
(358, 32.32955193519592, -227487.36613514723, -47903.0)
(359, 32.45499849319458, -227487.36613514723, -47903.0)
(360, 32.587910413742065, -227487.36613514723, -47903.0)
(361, 32.70668935775757, -227487.36613514723, -47903.0)
(362, 32.841710567474365, -227487.36613514723, -47903.0)
(363, 32.952006816864014, -227487.36613514723, -47903.0)
(364, 33.0688099861145, -227487.36613514723, -47903.0)
(365, 33.19982600212097, -227487.36613514723, -47903.0)
(366, 33.33144569396973, -227487.36613514723, -47903.0)
(367, 33.455374002456665, -227487.36613514723, -47903.0)
(368, 33.590765714645386, -227487.36613514723, -47903.0)
(369, 33.721577405929565, -227487.36613514723, -47903.0)
(370, 33.8572564125061, -227487.36613514723, -47903.0)
(371, 33.9696261882782, -227487.36613514723, -47903.0)
(372, 34.089560985565186, -227487.36613514723, -47903.0)
(373, 34.209192514419556, -227487.36613514723, -47903.0)
(374, 34.321383476257324, -227487.36613514723, -47903.0)
(375, 34.4567506313324, -227487.36613514723, -47903.0)
(376, 34.57018828392029, -227487.36613514723, -47903.0)
(377, 34.70119047164917, -227487.36613514723, -47903.0)
(378, 34.821226835250854, -227487.36613514723, -47903.0)
(379, 34.94837021827698, -227487.36613514723, -47903.0)
(380, 35.06235408782959, -227487.36613514723, -47903.0)
(381, 35.19315838813782, -227487.36613514723, -47903.0)
(382, 35.31904911994934, -227487.36613514723, -47903.0)
(383, 35.44969415664673, -227487.36613514723, -47903.0)
(384, 35.57392764091492, -227487.36613514723, -47903.0)
(385, 35.68266224861145, -227487.36613514723, -47903.0)
(386, 35.801833629608154, -227487.36613514723, -47903.0)
(387, 35.933515310287476, -227487.36613514723, -47903.0)
(388, 36.05507802963257, -227487.36613514723, -47903.0)
(389, 36.17671346664429, -227487.36613514723, -47903.0)
(390, 36.30421495437622, -227487.36613514723, -47903.0)
(391, 36.43247032165527, -227487.36613514723, -47903.0)
(392, 36.56707954406738, -227487.36613514723, -47903.0)
(393, 36.69808912277222, -227487.36613514723, -47903.0)
(394, 36.83087182044983, -227487.36613514723, -47903.0)
(395, 36.966514348983765, -227487.36613514723, -47903.0)
(396, 37.09902000427246, -227487.36613514723, -47903.0)
(397, 37.224756717681885, -227487.36613514723, -47903.0)
(398, 37.370168924331665, -227487.36613514723, -47903.0)
(399, 37.510210037231445, -227487.36613514723, -47903.0)
(400, 37.64889311790466, -227487.36613514723, -47903.0)
(401, 37.7755560874939, -227487.36613514723, -47903.0)
(402, 37.914363622665405, -227487.36613514723, -47903.0)
(403, 38.04028296470642, -227487.36613514723, -47903.0)
(404, 38.19005727767944, -227487.36613514723, -47903.0)
(405, 38.329938650131226, -227487.36613514723, -47903.0)
(406, 38.46419072151184, -227487.36613514723, -47903.0)
(407, 38.582815170288086, -227487.36613514723, -47903.0)
(408, 38.71850609779358, -227487.36613514723, -47903.0)
(409, 38.8330774307251, -227487.36613514723, -47903.0)
(410, 38.96883726119995, -227487.36613514723, -47903.0)
(411, 39.1024489402771, -227487.36613514723, -47903.0)
(412, 39.235984086990356, -227487.36613514723, -47903.0)
(413, 39.375295877456665, -227487.36613514723, -47903.0)
(414, 39.516011238098145, -227487.36613514723, -47903.0)
(415, 39.642383337020874, -227487.36613514723, -47903.0)
(416, 39.833331823349, -227487.36613514723, -47903.0)
(417, 40.011223554611206, -227487.36613514723, -47903.0)
(418, 40.15239667892456, -227487.36613514723, -47903.0)
(419, 40.30002045631409, -227487.36613514723, -47903.0)
(420, 40.44458198547363, -227487.36613514723, -47903.0)
(421, 40.576611280441284, -227487.36613514723, -47903.0)
(422, 40.714961528778076, -227487.36613514723, -47903.0)
(423, 40.851258277893066, -227487.36613514723, -47903.0)
(424, 40.970155477523804, -227487.36613514723, -47903.0)
(425, 41.09190559387207, -227487.36613514723, -47903.0)
(426, 41.216766595840454, -227487.36613514723, -47903.0)
(427, 41.33055257797241, -227487.36613514723, -47903.0)
(428, 41.44278049468994, -227487.36613514723, -47903.0)
(429, 41.55778694152832, -227487.36613514723, -47903.0)
(430, 41.67433190345764, -227487.36613514723, -47903.0)
(431, 41.78145885467529, -227487.36613514723, -47903.0)
(432, 41.89652919769287, -227487.36613514723, -47903.0)
(433, 42.00361967086792, -227487.36613514723, -47903.0)
(434, 42.10720086097717, -227487.36613514723, -47903.0)
(435, 42.219409465789795, -227487.36613514723, -47903.0)
(436, 42.333773612976074, -227487.36613514723, -47903.0)
(437, 42.439308881759644, -227487.36613514723, -47903.0)
(438, 42.555567502975464, -227487.36613514723, -47903.0)
(439, 42.67038416862488, -227487.36613514723, -47903.0)
(440, 42.77824878692627, -227487.36613514723, -47903.0)
(441, 42.889986515045166, -227487.36613514723, -47903.0)
(442, 43.00816774368286, -227487.36613514723, -47903.0)
(443, 43.12228202819824, -227487.36613514723, -47903.0)
(444, 43.23638415336609, -227487.36613514723, -47903.0)
(445, 43.351096868515015, -227487.36613514723, -47903.0)
(446, 43.458019733428955, -227487.36613514723, -47903.0)
(447, 43.56472945213318, -227487.36613514723, -47903.0)
(448, 43.66385769844055, -227487.36613514723, -47903.0)
(449, 43.76911759376526, -227487.36613514723, -47903.0)
(450, 43.871623516082764, -227487.36613514723, -47903.0)
(451, 43.98012638092041, -227487.36613514723, -47903.0)
(452, 44.088151693344116, -227487.36613514723, -47903.0)
(453, 44.19824934005737, -227487.36613514723, -47903.0)
(454, 44.30902457237244, -227487.36613514723, -47903.0)
(455, 44.41930341720581, -227487.36613514723, -47903.0)
(456, 44.528584480285645, -227487.36613514723, -47903.0)
(457, 44.638365507125854, -227487.36613514723, -47903.0)
(458, 44.75034737586975, -227487.36613514723, -47903.0)
(459, 44.874075174331665, -227487.36613514723, -47903.0)
(460, 44.996113777160645, -227487.36613514723, -47903.0)
(461, 45.10989427566528, -227487.36613514723, -47903.0)
(462, 45.20969247817993, -227487.36613514723, -47903.0)
(463, 45.31609487533569, -227487.36613514723, -47903.0)
(464, 45.43435001373291, -227487.36613514723, -47903.0)
(465, 45.54398512840271, -227487.36613514723, -47903.0)
(466, 45.65632152557373, -227487.36613514723, -47903.0)
(467, 45.76191520690918, -227487.36613514723, -47903.0)
(468, 45.874258279800415, -227487.36613514723, -47903.0)
(469, 46.0013542175293, -227487.36613514723, -47903.0)
(470, 46.1156210899353, -227487.36613514723, -47903.0)
(471, 46.25605511665344, -227487.36613514723, -47903.0)
(472, 46.39110279083252, -227487.36613514723, -47903.0)
(473, 46.5201256275177, -227487.36613514723, -47903.0)
(474, 46.63404417037964, -227487.36613514723, -47903.0)
(475, 46.76251482963562, -227487.36613514723, -47903.0)
(476, 46.900049448013306, -227487.36613514723, -47903.0)
(477, 47.006651401519775, -227487.36613514723, -47903.0)
(478, 47.12504768371582, -227487.36613514723, -47903.0)
(479, 47.238221406936646, -227487.36613514723, -47903.0)
(480, 47.35430550575256, -227487.36613514723, -47903.0)
(481, 47.485398054122925, -227487.36613514723, -47903.0)
(482, 47.62471556663513, -227487.36613514723, -47903.0)
(483, 47.753803730010986, -227487.36613514723, -47903.0)
(484, 47.949166774749756, -227487.36613514723, -47903.0)
(485, 48.119699239730835, -227487.36613514723, -47903.0)
(486, 48.29518699645996, -227487.36613514723, -47903.0)
(487, 48.4409966468811, -227487.36613514723, -47903.0)
(488, 48.62863826751709, -227487.36613514723, -47903.0)
(489, 48.813419580459595, -227487.36613514723, -47903.0)
(490, 48.997199296951294, -227487.36613514723, -47903.0)
(491, 49.16608476638794, -227487.36613514723, -47903.0)
(492, 49.382351875305176, -219466.63560062947, -47903.0)
(493, 49.56506609916687, -219466.63560062947, -47903.0)
(494, 49.73720622062683, -219466.63560062947, -47903.0)
(495, 49.88582158088684, -219466.63560062947, -47903.0)
(496, 50.03017997741699, -219466.63560062947, -47903.0)
(497, 50.172685623168945, -219466.63560062947, -47903.0)
(498, 50.310447692871094, -219466.63560062947, -47903.0)
(499, 50.451229095458984, -219466.63560062947, -47903.0)
(500, 50.62794876098633, -219466.63560062947, -47903.0)
(501, 50.787516355514526, -219466.63560062947, -47903.0)
(502, 50.9369010925293, -219466.63560062947, -47903.0)
(503, 51.06820487976074, -219466.63560062947, -47903.0)
(504, 51.195884227752686, -219466.63560062947, -47903.0)
(505, 51.32359313964844, -219466.63560062947, -47903.0)
(506, 51.454965353012085, -219466.63560062947, -47903.0)
(507, 51.612565755844116, -219466.63560062947, -47903.0)
(508, 51.74045443534851, -219466.63560062947, -47903.0)
(509, 51.85347533226013, -219466.63560062947, -47903.0)
(510, 51.9760103225708, -219466.63560062947, -47903.0)
(511, 52.09578084945679, -219466.63560062947, -47903.0)
(512, 52.22470045089722, -219466.63560062947, -47903.0)
(513, 52.34015345573425, -219466.63560062947, -47903.0)
(514, 52.458491802215576, -219466.63560062947, -47903.0)
(515, 52.56536674499512, -219466.63560062947, -47903.0)
(516, 52.681928634643555, -219466.63560062947, -47903.0)
(517, 52.7951455116272, -219466.63560062947, -47903.0)
(518, 52.91268181800842, -219466.63560062947, -47903.0)
(519, 53.030243158340454, -219466.63560062947, -47903.0)
(520, 53.14624094963074, -219466.63560062947, -47903.0)
(521, 53.26280975341797, -219466.63560062947, -47903.0)
(522, 53.37628126144409, -219466.63560062947, -47903.0)
(523, 53.50249409675598, -219466.63560062947, -47903.0)
(524, 53.62261462211609, -219466.63560062947, -47903.0)
(525, 53.74205446243286, -219466.63560062947, -47903.0)
(526, 53.85567092895508, -219466.63560062947, -47903.0)
(527, 53.971359968185425, -219466.63560062947, -47903.0)
(528, 54.087552309036255, -219466.63560062947, -47903.0)
(529, 54.20264792442322, -219466.63560062947, -47903.0)
(530, 54.31899356842041, -219466.63560062947, -47903.0)
(531, 54.43505048751831, -219466.63560062947, -47903.0)
(532, 54.55492973327637, -219466.63560062947, -47903.0)
(533, 54.67081069946289, -219466.63560062947, -47903.0)
(534, 54.79481339454651, -219466.63560062947, -47903.0)
(535, 54.913211822509766, -219466.63560062947, -47903.0)
(536, 55.03050136566162, -219466.63560062947, -47903.0)
(537, 55.149436712265015, -219466.63560062947, -47903.0)
(538, 55.26435208320618, -219466.63560062947, -47903.0)
(539, 55.37895345687866, -219466.63560062947, -47903.0)
(540, 55.492138147354126, -219466.63560062947, -47903.0)
(541, 55.6088662147522, -219466.63560062947, -47903.0)
(542, 55.719184160232544, -219466.63560062947, -47903.0)
(543, 55.84895372390747, -219466.63560062947, -47903.0)
(544, 55.960939168930054, -219466.63560062947, -47903.0)
(545, 56.08844971656799, -219466.63560062947, -47903.0)
(546, 56.20997953414917, -219466.63560062947, -47903.0)
(547, 56.33981776237488, -219466.63560062947, -47903.0)
(548, 56.46019172668457, -219466.63560062947, -47903.0)
(549, 56.574737548828125, -219466.63560062947, -47903.0)
(550, 56.73257851600647, -219466.63560062947, -47903.0)
(551, 56.91043281555176, -219466.63560062947, -47903.0)
(552, 57.09973978996277, -219466.63560062947, -47903.0)
(553, 57.295971155166626, -219466.63560062947, -47903.0)
(554, 57.48672890663147, -219466.63560062947, -47903.0)
(555, 57.68613004684448, -219466.63560062947, -47903.0)
(556, 57.849148988723755, -219466.63560062947, -47903.0)
(557, 58.00671076774597, -219466.63560062947, -47903.0)
(558, 58.18956017494202, -219466.63560062947, -47903.0)
(559, 58.37059187889099, -219466.63560062947, -47903.0)
(560, 58.57816123962402, -219466.63560062947, -47903.0)
(561, 58.7907280921936, -219466.63560062947, -47903.0)
(562, 58.98665523529053, -219466.63560062947, -47903.0)
(563, 59.1996750831604, -219466.63560062947, -47903.0)
(564, 59.39877533912659, -219466.63560062947, -47903.0)
(565, 59.57928538322449, -219466.63560062947, -47903.0)
(566, 59.750572681427, -219466.63560062947, -47903.0)
(567, 59.89171552658081, -219466.63560062947, -47903.0)
(568, 60.016738414764404, -219466.63560062947, -47903.0)
(569, 60.16668748855591, -219466.63560062947, -47903.0)
(570, 60.290425300598145, -219466.63560062947, -47903.0)
(571, 60.41727590560913, -219466.63560062947, -47903.0)
(572, 60.5512638092041, -219466.63560062947, -47903.0)
(573, 60.68106818199158, -219466.63560062947, -47903.0)
(574, 60.80804371833801, -219466.63560062947, -47903.0)
(575, 60.94080924987793, -219466.63560062947, -47903.0)
(576, 61.05997061729431, -219466.63560062947, -47903.0)
(577, 61.18928122520447, -219466.63560062947, -47903.0)
(578, 61.31283450126648, -219466.63560062947, -47903.0)
(579, 61.43618035316467, -219466.63560062947, -47903.0)
(580, 61.562795877456665, -219466.63560062947, -47903.0)
(581, 61.683640003204346, -219466.63560062947, -47903.0)
(582, 61.80617356300354, -219466.63560062947, -47903.0)
(583, 61.934399127960205, -219466.63560062947, -47903.0)
(584, 62.05571365356445, -219466.63560062947, -47903.0)
(585, 62.185295820236206, -219466.63560062947, -47903.0)
(586, 62.308934450149536, -219466.63560062947, -47903.0)
(587, 62.42681527137756, -219466.63560062947, -47903.0)
(588, 62.549365282058716, -219466.63560062947, -47903.0)
(589, 62.670931816101074, -219466.63560062947, -47903.0)
(590, 62.79764461517334, -219466.63560062947, -47903.0)
(591, 62.941407203674316, -219466.63560062947, -47903.0)
(592, 63.08988165855408, -219466.63560062947, -47903.0)
(593, 63.24532341957092, -219466.63560062947, -47903.0)
(594, 63.367780447006226, -219466.63560062947, -47903.0)
(595, 63.50321698188782, -219466.63560062947, -47903.0)
(596, 63.62903046607971, -219466.63560062947, -47903.0)
(597, 63.74880576133728, -219466.63560062947, -47903.0)
(598, 63.87711000442505, -219466.63560062947, -47903.0)
(599, 63.99946141242981, -219466.63560062947, -47903.0)
(600, 64.11772012710571, -219466.63560062947, -47903.0)
(601, 64.24779748916626, -219466.63560062947, -47903.0)
(602, 64.37131118774414, -219466.63560062947, -47903.0)
(603, 64.50546836853027, -219466.63560062947, -47903.0)
(604, 64.64192008972168, -219466.63560062947, -47903.0)
(605, 64.76303887367249, -219466.63560062947, -47903.0)
(606, 64.88611602783203, -219466.63560062947, -47903.0)
(607, 65.01257395744324, -219466.63560062947, -47903.0)
(608, 65.13588547706604, -219466.63560062947, -47903.0)
(609, 65.25417923927307, -219466.63560062947, -47903.0)
(610, 65.38142204284668, -219466.63560062947, -47903.0)
(611, 65.50255084037781, -219466.63560062947, -47903.0)
(612, 65.62989640235901, -219466.63560062947, -47903.0)
(613, 65.74233293533325, -219466.63560062947, -47903.0)
(614, 65.86197757720947, -219466.63560062947, -47903.0)
(615, 65.98926281929016, -219466.63560062947, -47903.0)
(616, 66.11056470870972, -219466.63560062947, -47903.0)
(617, 66.29440808296204, -219466.63560062947, -47903.0)
(618, 66.47600221633911, -219466.63560062947, -47903.0)
(619, 66.65254664421082, -219466.63560062947, -47903.0)
(620, 66.82183933258057, -219466.63560062947, -47903.0)
(621, 66.98303484916687, -219466.63560062947, -47903.0)
(622, 67.12853908538818, -219466.63560062947, -47903.0)
(623, 67.26877474784851, -219466.63560062947, -47903.0)
(624, 67.40014839172363, -219466.63560062947, -47903.0)
(625, 67.5672345161438, -219466.63560062947, -47903.0)
(626, 67.73353624343872, -219466.63560062947, -47903.0)
(627, 67.87057137489319, -219466.63560062947, -47903.0)
(628, 68.04300117492676, -219466.63560062947, -47903.0)
(629, 68.22583770751953, -219466.63560062947, -47903.0)
(630, 68.39393472671509, -219466.63560062947, -47903.0)
(631, 68.59927296638489, -219466.63560062947, -47903.0)
(632, 68.85050702095032, -219466.63560062947, -47903.0)
(633, 69.05406403541565, -219466.63560062947, -47903.0)
(634, 69.25254321098328, -219466.63560062947, -47903.0)
(635, 69.44786477088928, -219466.63560062947, -47903.0)
(636, 69.66600942611694, -219466.63560062947, -47903.0)
(637, 69.85181617736816, -219466.63560062947, -47903.0)
(638, 70.03281354904175, -219466.63560062947, -47903.0)
(639, 70.23620414733887, -219466.63560062947, -47903.0)
(640, 70.45272994041443, -219466.63560062947, -47903.0)
(641, 70.69195342063904, -219466.63560062947, -47903.0)
(642, 70.91820859909058, -219466.63560062947, -47903.0)
(643, 71.12727117538452, -219466.63560062947, -47903.0)
(644, 71.37622952461243, -219466.63560062947, -47903.0)
(645, 71.62213969230652, -219466.63560062947, -47903.0)
(646, 71.85338544845581, -219466.63560062947, -47903.0)
(647, 72.10995435714722, -219466.63560062947, -47903.0)
(648, 72.30222940444946, -219466.63560062947, -47903.0)
(649, 72.49473595619202, -219466.63560062947, -47903.0)
(650, 72.7195372581482, -219466.63560062947, -47903.0)
(651, 72.90469217300415, -219466.63560062947, -47903.0)
(652, 73.09489226341248, -219466.63560062947, -47903.0)
(653, 73.30776739120483, -219466.63560062947, -47903.0)
(654, 73.49731373786926, -219466.63560062947, -47903.0)
(655, 73.70469641685486, -219466.63560062947, -47903.0)
(656, 73.98793053627014, -219466.63560062947, -47903.0)
(657, 74.20959186553955, -219466.63560062947, -47903.0)
(658, 74.42210149765015, -219466.63560062947, -47903.0)
(659, 74.67710590362549, -219466.63560062947, -47903.0)
(660, 74.93765664100647, -219466.63560062947, -47903.0)
(661, 75.20093178749084, -219466.63560062947, -47903.0)
(662, 75.4330849647522, -219466.63560062947, -47903.0)
(663, 75.65025925636292, -219466.63560062947, -47903.0)
(664, 75.81289553642273, -219466.63560062947, -47903.0)
(665, 76.02128148078918, -219466.63560062947, -47903.0)
(666, 76.17127513885498, -219466.63560062947, -47903.0)
(667, 76.31676149368286, -219466.63560062947, -47903.0)
(668, 76.4955461025238, -219466.63560062947, -47903.0)
(669, 76.64736938476562, -219466.63560062947, -47903.0)
(670, 76.78938364982605, -219466.63560062947, -47903.0)
(671, 76.93616819381714, -219466.63560062947, -47903.0)
(672, 77.07762908935547, -219466.63560062947, -47903.0)
(673, 77.26576638221741, -219466.63560062947, -47903.0)
(674, 77.4176778793335, -219466.63560062947, -47903.0)
(675, 77.6125717163086, -219466.63560062947, -47903.0)
(676, 77.77081942558289, -219466.63560062947, -47903.0)
(677, 77.91459250450134, -219466.63560062947, -47903.0)
(678, 78.09316396713257, -219466.63560062947, -47903.0)
(679, 78.23635292053223, -219466.63560062947, -47903.0)
(680, 78.38776922225952, -219466.63560062947, -47903.0)
(681, 78.51918888092041, -219466.63560062947, -47903.0)
(682, 78.66843605041504, -219466.63560062947, -47903.0)
(683, 78.79919767379761, -219466.63560062947, -47903.0)
(684, 78.94445323944092, -219466.63560062947, -47903.0)
(685, 79.07343912124634, -219466.63560062947, -47903.0)
(686, 79.21017074584961, -219466.63560062947, -47903.0)
(687, 79.36272501945496, -219466.63560062947, -47903.0)
(688, 79.50485348701477, -219466.63560062947, -47903.0)
(689, 79.65364527702332, -219466.63560062947, -47903.0)
(690, 79.78263592720032, -219466.63560062947, -47903.0)
(691, 79.91864395141602, -219466.63560062947, -47903.0)
(692, 80.05603361129761, -219466.63560062947, -47903.0)
(693, 80.18250918388367, -219466.63560062947, -47903.0)
(694, 80.33646416664124, -219466.63560062947, -47903.0)
(695, 80.45922183990479, -219466.63560062947, -47903.0)
(696, 80.58974432945251, -219466.63560062947, -47903.0)
(697, 80.71684765815735, -219466.63560062947, -47903.0)
(698, 80.85353875160217, -219466.63560062947, -47903.0)
(699, 80.9823567867279, -219466.63560062947, -47903.0)
(700, 81.10268545150757, -219466.63560062947, -47903.0)
(701, 81.2472984790802, -219466.63560062947, -47903.0)
(702, 81.38339591026306, -219466.63560062947, -47903.0)
(703, 81.51626372337341, -219466.63560062947, -47903.0)
(704, 81.6482880115509, -219466.63560062947, -47903.0)
(705, 81.77625131607056, -219466.63560062947, -47903.0)
(706, 81.91153621673584, -219466.63560062947, -47903.0)
(707, 82.05403923988342, -219466.63560062947, -47903.0)
(708, 82.19707989692688, -219466.63560062947, -47903.0)
(709, 82.36020183563232, -219466.63560062947, -47903.0)
(710, 82.4997227191925, -219466.63560062947, -47903.0)
(711, 82.64708209037781, -219466.63560062947, -47903.0)
(712, 82.7938539981842, -219466.63560062947, -47903.0)
(713, 82.96412253379822, -219466.63560062947, -47903.0)
(714, 83.10540986061096, -219466.63560062947, -47903.0)
(715, 83.24744868278503, -219466.63560062947, -47903.0)
(716, 83.39187574386597, -219466.63560062947, -47903.0)
(717, 83.53333687782288, -219466.63560062947, -47903.0)
(718, 83.70284533500671, -219466.63560062947, -47903.0)
(719, 83.8744375705719, -219466.63560062947, -47903.0)
(720, 84.02618193626404, -219466.63560062947, -47903.0)
(721, 84.16288876533508, -219466.63560062947, -47903.0)
(722, 84.30144357681274, -219466.63560062947, -47903.0)
(723, 84.43486857414246, -219466.63560062947, -47903.0)
(724, 84.61403918266296, -219466.63560062947, -47903.0)
(725, 84.80408120155334, -219466.63560062947, -47903.0)
(726, 84.95405435562134, -219466.63560062947, -47903.0)
(727, 85.10107612609863, -219466.63560062947, -47903.0)
(728, 85.24157571792603, -219466.63560062947, -47903.0)
(729, 85.37296628952026, -219466.63560062947, -47903.0)
(730, 85.50769138336182, -219466.63560062947, -47903.0)
(731, 85.63505911827087, -219466.63560062947, -47903.0)
(732, 85.77874159812927, -219466.63560062947, -47903.0)
(733, 85.90421342849731, -219466.63560062947, -47903.0)
(734, 86.04336953163147, -219466.63560062947, -47903.0)
(735, 86.22954487800598, -219466.63560062947, -47903.0)
(736, 86.37409043312073, -219466.63560062947, -47903.0)
(737, 86.51845192909241, -219466.63560062947, -47903.0)
(738, 86.65312647819519, -219466.63560062947, -47903.0)
(739, 86.78602886199951, -219466.63560062947, -47903.0)
(740, 86.926020860672, -219466.63560062947, -47903.0)
(741, 87.07842326164246, -219466.63560062947, -47903.0)
(742, 87.21671676635742, -219466.63560062947, -47903.0)
(743, 87.36784553527832, -219466.63560062947, -47903.0)
(744, 87.51372265815735, -219466.63560062947, -47903.0)
(745, 87.65891146659851, -219466.63560062947, -47903.0)
(746, 87.7952208518982, -219466.63560062947, -47903.0)
(747, 87.99101328849792, -219466.63560062947, -47903.0)
(748, 88.17902874946594, -219466.63560062947, -47903.0)
(749, 88.31590127944946, -219466.63560062947, -47903.0)
(750, 88.45421028137207, -219466.63560062947, -47903.0)
(751, 88.60396575927734, -219466.63560062947, -47903.0)
(752, 88.74010610580444, -219466.63560062947, -47903.0)
(753, 88.89274787902832, -219466.63560062947, -47903.0)
(754, 89.04944777488708, -219466.63560062947, -47903.0)
(755, 89.1921157836914, -219466.63560062947, -47903.0)
(756, 89.32711172103882, -219466.63560062947, -47903.0)
(757, 89.47329497337341, -219466.63560062947, -47903.0)
(758, 89.61954736709595, -219466.63560062947, -47903.0)
(759, 89.76131772994995, -219466.63560062947, -47903.0)
(760, 89.89427399635315, -219466.63560062947, -47903.0)
(761, 90.02877926826477, -219466.63560062947, -47903.0)
(762, 90.18755149841309, -219466.63560062947, -47903.0)
(763, 90.3424072265625, -219466.63560062947, -47903.0)
(764, 90.49631953239441, -219466.63560062947, -47903.0)
(765, 90.64210748672485, -219466.63560062947, -47903.0)
(766, 90.78298425674438, -219466.63560062947, -47903.0)
(767, 90.93483281135559, -219466.63560062947, -47903.0)
(768, 91.07957482337952, -219466.63560062947, -47903.0)
(769, 91.24035143852234, -219466.63560062947, -47903.0)
(770, 91.38903021812439, -219466.63560062947, -47903.0)
(771, 91.53968286514282, -219466.63560062947, -47903.0)
(772, 91.72717332839966, -219466.63560062947, -47903.0)
(773, 91.913978099823, -219466.63560062947, -47903.0)
(774, 92.1070876121521, -219466.63560062947, -47903.0)
(775, 92.32227039337158, -219466.63560062947, -47903.0)
(776, 92.52803683280945, -219466.63560062947, -47903.0)
(777, 92.81238627433777, -219466.63560062947, -47903.0)
(778, 93.00008273124695, -219466.63560062947, -47903.0)
(779, 93.1766209602356, -219466.63560062947, -47903.0)
(780, 93.41335391998291, -219466.63560062947, -47903.0)
(781, 93.66076874732971, -219466.63560062947, -47903.0)
(782, 93.9377453327179, -219466.63560062947, -47903.0)
(783, 94.30574679374695, -214660.60175625797, -47903.0)
(784, 94.48922967910767, -214660.60175625797, -47903.0)
(785, 94.76464319229126, -214660.60175625797, -47903.0)
(786, 94.99998712539673, -214660.60175625797, -47903.0)
(787, 95.21766567230225, -214660.60175625797, -47903.0)
(788, 95.4567437171936, -214660.60175625797, -47903.0)
(789, 95.67120552062988, -214660.60175625797, -47903.0)
(790, 95.88918447494507, -214660.60175625797, -47903.0)
(791, 96.05994939804077, -214660.60175625797, -47903.0)
(792, 96.22468829154968, -214660.60175625797, -47903.0)
(793, 96.40073275566101, -214660.60175625797, -47903.0)
(794, 96.56091499328613, -214660.60175625797, -47903.0)
(795, 96.70474553108215, -214660.60175625797, -47903.0)
(796, 96.85393714904785, -214660.60175625797, -47903.0)
(797, 97.01746153831482, -214660.60175625797, -47903.0)
(798, 97.16858625411987, -214660.60175625797, -47903.0)
(799, 97.34300947189331, -214660.60175625797, -47903.0)
(800, 97.48873353004456, -214660.60175625797, -47903.0)
(801, 97.64619088172913, -214660.60175625797, -47903.0)
(802, 97.80098915100098, -214660.60175625797, -47903.0)
(803, 97.93696570396423, -214660.60175625797, -47903.0)
(804, 98.09976291656494, -214660.60175625797, -47903.0)
(805, 98.26280474662781, -214660.60175625797, -47903.0)
(806, 98.41168403625488, -214660.60175625797, -47903.0)
(807, 98.54900240898132, -214660.60175625797, -47903.0)
(808, 98.68584179878235, -214660.60175625797, -47903.0)
(809, 98.83848571777344, -214660.60175625797, -47903.0)
(810, 98.97594833374023, -214660.60175625797, -47903.0)
(811, 99.11845302581787, -214660.60175625797, -47903.0)
(812, 99.27110004425049, -214660.60175625797, -47903.0)
(813, 99.42098426818848, -214660.60175625797, -47903.0)
(814, 99.56771397590637, -214660.60175625797, -47903.0)
(815, 99.72070527076721, -214660.60175625797, -47903.0)
(816, 99.86182737350464, -214660.60175625797, -47903.0)
(817, 100.00697660446167, -214660.60175625797, -47903.0)
(818, 100.15327596664429, -214660.60175625797, -47903.0)
(819, 100.2952573299408, -214660.60175625797, -47903.0)
(820, 100.4383282661438, -214660.60175625797, -47903.0)
(821, 100.57789444923401, -214660.60175625797, -47903.0)
(822, 100.71241092681885, -214660.60175625797, -47903.0)
(823, 100.86590886116028, -214660.60175625797, -47903.0)
(824, 101.0239462852478, -214660.60175625797, -47903.0)
(825, 101.1900987625122, -214660.60175625797, -47903.0)
(826, 101.413489818573, -214660.60175625797, -47903.0)
(827, 101.57763361930847, -214660.60175625797, -47903.0)
(828, 101.78152894973755, -214660.60175625797, -47903.0)
(829, 101.99511432647705, -214660.60175625797, -47903.0)
(830, 102.21110558509827, -214660.60175625797, -47903.0)
(831, 102.41987538337708, -214660.60175625797, -47903.0)
(832, 102.6192033290863, -214660.60175625797, -47903.0)
(833, 102.78899359703064, -214660.60175625797, -47903.0)
(834, 102.95814371109009, -214660.60175625797, -47903.0)
(835, 103.12878203392029, -214660.60175625797, -47903.0)
(836, 103.29559540748596, -214660.60175625797, -47903.0)
(837, 103.4953875541687, -214660.60175625797, -47903.0)
(838, 103.73695778846741, -214660.60175625797, -47903.0)
(839, 103.92410612106323, -214660.60175625797, -47903.0)
(840, 104.06663537025452, -214660.60175625797, -47903.0)
(841, 104.21103715896606, -214660.60175625797, -47903.0)
(842, 104.35587358474731, -214660.60175625797, -47903.0)
(843, 104.50157451629639, -214660.60175625797, -47903.0)
(844, 104.66722130775452, -214660.60175625797, -47903.0)
(845, 104.82313585281372, -214660.60175625797, -47903.0)
(846, 104.98192477226257, -214660.60175625797, -47903.0)
(847, 105.1469132900238, -214660.60175625797, -47903.0)
(848, 105.30750393867493, -214660.60175625797, -47903.0)
(849, 105.4820716381073, -214660.60175625797, -47903.0)
(850, 105.66254043579102, -214660.60175625797, -47903.0)
(851, 105.82660984992981, -214660.60175625797, -47903.0)
(852, 105.96935296058655, -214660.60175625797, -47903.0)
(853, 106.14101099967957, -214660.60175625797, -47903.0)
(854, 106.3126060962677, -214660.60175625797, -47903.0)
(855, 106.49937582015991, -214660.60175625797, -47903.0)
(856, 106.6696367263794, -214660.60175625797, -47903.0)
(857, 106.8228178024292, -214660.60175625797, -47903.0)
(858, 106.95739674568176, -214660.60175625797, -47903.0)
(859, 107.11662244796753, -214660.60175625797, -47903.0)
(860, 107.27859950065613, -214660.60175625797, -47903.0)
(861, 107.43525385856628, -214660.60175625797, -47903.0)
(862, 107.60879349708557, -214660.60175625797, -47903.0)
(863, 107.82873272895813, -214660.60175625797, -47903.0)
(864, 108.00725793838501, -214660.60175625797, -47903.0)
(865, 108.18857741355896, -214660.60175625797, -47903.0)
(866, 108.39794516563416, -214660.60175625797, -47903.0)
(867, 108.63588905334473, -214660.60175625797, -47903.0)
(868, 108.86895513534546, -214660.60175625797, -47903.0)
(869, 109.04146480560303, -214660.60175625797, -47903.0)
(870, 109.18131732940674, -214660.60175625797, -47903.0)
(871, 109.3511130809784, -214660.60175625797, -47903.0)
(872, 109.56981229782104, -214660.60175625797, -47903.0)
(873, 109.75880837440491, -214660.60175625797, -47903.0)
(874, 109.93899846076965, -214660.60175625797, -47903.0)
(875, 110.09525561332703, -214660.60175625797, -47903.0)
(876, 110.2799174785614, -214660.60175625797, -47903.0)
(877, 110.44280195236206, -214660.60175625797, -47903.0)
(878, 110.60418391227722, -214660.60175625797, -47903.0)
(879, 110.76496028900146, -214660.60175625797, -47903.0)
(880, 110.92528915405273, -214660.60175625797, -47903.0)
(881, 111.15872430801392, -214660.60175625797, -47903.0)
(882, 111.36421036720276, -214660.60175625797, -47903.0)
(883, 111.53411173820496, -214660.60175625797, -47903.0)
(884, 111.68374681472778, -214660.60175625797, -47903.0)
(885, 111.83237075805664, -214660.60175625797, -47903.0)
(886, 111.98114705085754, -214660.60175625797, -47903.0)
(887, 112.1554536819458, -214660.60175625797, -47903.0)
(888, 112.36413478851318, -214660.60175625797, -47903.0)
(889, 112.59487795829773, -214660.60175625797, -47903.0)
(890, 112.76695609092712, -214660.60175625797, -47903.0)
(891, 113.0105652809143, -214660.60175625797, -47903.0)
(892, 113.25949692726135, -214660.60175625797, -47903.0)
(893, 113.52265286445618, -214660.60175625797, -47903.0)
(894, 113.7904748916626, -214660.60175625797, -47903.0)
(895, 114.03991842269897, -214660.60175625797, -47903.0)
(896, 114.34244871139526, -214660.60175625797, -47903.0)
(897, 114.69444155693054, -214660.60175625797, -47903.0)
(898, 114.9958860874176, -214660.60175625797, -47903.0)
(899, 115.23113632202148, -214660.60175625797, -47903.0)
(900, 115.4909598827362, -214660.60175625797, -47903.0)
(901, 115.71336722373962, -214660.60175625797, -47903.0)
(902, 115.93660402297974, -214660.60175625797, -47903.0)
(903, 116.18065166473389, -214660.60175625797, -47903.0)
(904, 116.45712399482727, -214660.60175625797, -47903.0)
(905, 116.70626735687256, -214660.60175625797, -47903.0)
(906, 116.97363185882568, -214660.60175625797, -47903.0)
(907, 117.2027473449707, -214660.60175625797, -47903.0)
(908, 117.42969369888306, -214660.60175625797, -47903.0)
(909, 117.70949149131775, -214660.60175625797, -47903.0)
(910, 118.02624082565308, -214660.60175625797, -47903.0)
(911, 118.32015323638916, -214660.60175625797, -47903.0)
(912, 118.50311589241028, -214660.60175625797, -47903.0)
(913, 118.75016617774963, -214660.60175625797, -47903.0)
(914, 119.0504789352417, -214660.60175625797, -47903.0)
(915, 119.29646348953247, -214660.60175625797, -47903.0)
(916, 119.58819007873535, -214660.60175625797, -47903.0)
(917, 119.87214303016663, -214660.60175625797, -47903.0)
(918, 120.16850900650024, -214660.60175625797, -47903.0)
(919, 120.42948079109192, -214660.60175625797, -47903.0)
(920, 120.69014763832092, -214660.60175625797, -47903.0)
(921, 120.97337031364441, -214660.60175625797, -47903.0)
(922, 121.22573971748352, -214660.60175625797, -47903.0)
(923, 121.46375346183777, -214660.60175625797, -47903.0)
(924, 121.72622966766357, -214660.60175625797, -47903.0)
(925, 121.99667167663574, -214660.60175625797, -47903.0)
(926, 122.26470589637756, -214660.60175625797, -47903.0)
(927, 122.59720087051392, -214660.60175625797, -47903.0)
(928, 122.87047672271729, -214660.60175625797, -47903.0)
(929, 123.1366081237793, -214660.60175625797, -47903.0)
(930, 123.43054795265198, -214660.60175625797, -47903.0)
(931, 123.68427157402039, -214660.60175625797, -47903.0)
(932, 123.9457049369812, -214660.60175625797, -47903.0)
(933, 124.28721570968628, -214660.60175625797, -47903.0)
(934, 124.69094610214233, -214660.60175625797, -47903.0)
(935, 124.97164797782898, -214660.60175625797, -47903.0)
(936, 125.32761144638062, -214660.60175625797, -47903.0)
(937, 125.62229037284851, -214660.60175625797, -47903.0)
(938, 125.8875470161438, -214660.60175625797, -47903.0)
(939, 126.21204710006714, -214660.60175625797, -47903.0)
(940, 126.60336494445801, -214660.60175625797, -47903.0)
(941, 126.94247651100159, -214660.60175625797, -47903.0)
(942, 127.25248956680298, -214660.60175625797, -47903.0)
(943, 127.5300645828247, -214660.60175625797, -47903.0)
(944, 127.85813307762146, -214660.60175625797, -47903.0)
(945, 128.13109683990479, -214660.60175625797, -47903.0)
(946, 128.38600635528564, -214660.60175625797, -47903.0)
(947, 128.6233127117157, -214660.60175625797, -47903.0)
(948, 128.89227390289307, -214660.60175625797, -47903.0)
(949, 129.17223954200745, -214660.60175625797, -47903.0)
(950, 129.45460104942322, -214660.60175625797, -47903.0)
(951, 129.7103931903839, -214660.60175625797, -47903.0)
(952, 129.96167182922363, -214660.60175625797, -47903.0)
(953, 130.3080699443817, -214660.60175625797, -47903.0)
(954, 130.6364209651947, -214660.60175625797, -47903.0)
(955, 130.93049430847168, -214660.60175625797, -47903.0)
(956, 131.24410486221313, -214660.60175625797, -47903.0)
(957, 131.60748600959778, -214660.60175625797, -47903.0)
(958, 131.92696690559387, -214660.60175625797, -47903.0)
(959, 132.32434105873108, -214660.60175625797, -47903.0)
(960, 132.67864656448364, -214660.60175625797, -47903.0)
(961, 133.00623321533203, -214660.60175625797, -47903.0)
(962, 133.33224415779114, -214660.60175625797, -47903.0)
(963, 133.73803162574768, -214660.60175625797, -47903.0)
(964, 134.14078307151794, -214660.60175625797, -47903.0)
(965, 134.43924975395203, -214660.60175625797, -47903.0)
(966, 134.82528066635132, -214660.60175625797, -47903.0)
(967, 135.24353289604187, -214660.60175625797, -47903.0)
(968, 135.70245838165283, -214660.60175625797, -47903.0)
(969, 136.01759958267212, -214660.60175625797, -47903.0)
(970, 136.32045531272888, -214660.60175625797, -47903.0)
(971, 136.61100244522095, -214660.60175625797, -47903.0)
(972, 136.79036450386047, -214660.60175625797, -47903.0)
(973, 136.980938911438, -214660.60175625797, -47903.0)
(974, 137.14410638809204, -214660.60175625797, -47903.0)
(975, 137.3256130218506, -214660.60175625797, -47903.0)
(976, 137.50179481506348, -214660.60175625797, -47903.0)
(977, 137.68514966964722, -214660.60175625797, -47903.0)
(978, 137.8846457004547, -214660.60175625797, -47903.0)
(979, 138.06898427009583, -214660.60175625797, -47903.0)
(980, 138.23348832130432, -214660.60175625797, -47903.0)
(981, 138.4156608581543, -214660.60175625797, -47903.0)
(982, 138.59999632835388, -214660.60175625797, -47903.0)
(983, 138.76763081550598, -214660.60175625797, -47903.0)
(984, 138.9473373889923, -214660.60175625797, -47903.0)
(985, 139.1249716281891, -214660.60175625797, -47903.0)
(986, 139.2843337059021, -214660.60175625797, -47903.0)
(987, 139.495192527771, -214660.60175625797, -47903.0)
(988, 139.69549703598022, -214660.60175625797, -47903.0)
(989, 139.86715245246887, -214660.60175625797, -47903.0)
(990, 140.06335425376892, -214660.60175625797, -47903.0)
(991, 140.26945114135742, -214660.60175625797, -47903.0)
(992, 140.44249629974365, -214660.60175625797, -47903.0)
(993, 140.63351559638977, -214660.60175625797, -47903.0)
(994, 140.803307056427, -214660.60175625797, -47903.0)
(995, 141.00490927696228, -214660.60175625797, -47903.0)
(996, 141.16189789772034, -214660.60175625797, -47903.0)
(997, 141.3611569404602, -214660.60175625797, -47903.0)
(998, 141.5325915813446, -214660.60175625797, -47903.0)
(999, 141.73539471626282, -214660.60175625797, -47903.0)
(1000, 141.9132513999939, -214660.60175625797, -47903.0)
