(1, 0.017185449600219727, -93431.0, -23095.0)
(2, 0.034784793853759766, -93431.0, -23095.0)
(3, 0.05460047721862793, -93431.0, -23095.0)
(4, 0.073760986328125, -93431.0, -23095.0)
(5, 0.09658312797546387, -93431.0, -23095.0)
(6, 0.11720681190490723, -93431.0, -23095.0)
(7, 0.13729596138000488, -93431.0, -23095.0)
(8, 0.15836334228515625, -93431.0, -23095.0)
(9, 0.17898321151733398, -93431.0, -23095.0)
(10, 0.1997978687286377, -93431.0, -23095.0)
(11, 0.2180309295654297, -93431.0, -23095.0)
(12, 0.23564863204956055, -93431.0, -23095.0)
(13, 0.25384068489074707, -93431.0, -23095.0)
(14, 0.2736694812774658, -93431.0, -23095.0)
(15, 0.2913777828216553, -93431.0, -23095.0)
(16, 0.3087434768676758, -93431.0, -23095.0)
(17, 0.32746100425720215, -93431.0, -23095.0)
(18, 0.3453059196472168, -93431.0, -23095.0)
(19, 0.362607479095459, -93431.0, -23095.0)
(20, 0.3847782611846924, -93431.0, -23095.0)
(21, 0.40619540214538574, -93431.0, -23095.0)
(22, 0.42844438552856445, -93431.0, -23095.0)
(23, 0.4469459056854248, -93431.0, -23095.0)
(24, 0.4649038314819336, -93431.0, -23095.0)
(25, 0.4829216003417969, -93431.0, -23095.0)
(26, 0.5011844635009766, -93431.0, -23095.0)
(27, 0.5196309089660645, -93431.0, -23095.0)
(28, 0.538503885269165, -93431.0, -23095.0)
(29, 0.5573921203613281, -93431.0, -23095.0)
(30, 0.57840895652771, -93431.0, -23095.0)
(31, 0.5995428562164307, -93431.0, -23095.0)
(32, 0.6174635887145996, -93431.0, -23095.0)
(33, 0.6352427005767822, -93431.0, -23095.0)
(34, 0.6532032489776611, -93431.0, -23095.0)
(35, 0.67116379737854, -93431.0, -23095.0)
(36, 0.6923971176147461, -93431.0, -23095.0)
(37, 0.7133078575134277, -93431.0, -23095.0)
(38, 0.7308056354522705, -93431.0, -23095.0)
(39, 0.7488579750061035, -93431.0, -23095.0)
(40, 0.7665162086486816, -93431.0, -23095.0)
(41, 0.7845637798309326, -93431.0, -23095.0)
(42, 0.8022308349609375, -93431.0, -23095.0)
(43, 0.8203625679016113, -93431.0, -23095.0)
(44, 0.8380007743835449, -93431.0, -23095.0)
(45, 0.8569257259368896, -93431.0, -23095.0)
(46, 0.8783519268035889, -93431.0, -23095.0)
(47, 0.900691032409668, -93431.0, -23095.0)
(48, 0.9231588840484619, -93431.0, -23095.0)
(49, 0.9407672882080078, -93431.0, -23095.0)
(50, 0.9648334980010986, -93431.0, -23095.0)
(51, 0.9831440448760986, -93431.0, -23095.0)
(52, 1.0013527870178223, -93431.0, -23095.0)
(53, 1.0196220874786377, -93431.0, -23095.0)
(54, 1.0384042263031006, -93431.0, -23095.0)
(55, 1.0566720962524414, -93431.0, -23095.0)
(56, 1.0753886699676514, -93431.0, -23095.0)
(57, 1.0929274559020996, -93431.0, -23095.0)
(58, 1.1152691841125488, -93431.0, -23095.0)
(59, 1.1344516277313232, -93431.0, -23095.0)
(60, 1.157752513885498, -93431.0, -23095.0)
(61, 1.1760926246643066, -93431.0, -23095.0)
(62, 1.1989197731018066, -93431.0, -23095.0)
(63, 1.2207989692687988, -93431.0, -23095.0)
(64, 1.2396788597106934, -93431.0, -23095.0)
(65, 1.2591140270233154, -93431.0, -23095.0)
(66, 1.2772374153137207, -93431.0, -23095.0)
(67, 1.301774024963379, -93431.0, -23095.0)
(68, 1.3257250785827637, -93431.0, -23095.0)
(69, 1.3507349491119385, -93431.0, -23095.0)
(70, 1.3742637634277344, -93431.0, -23095.0)
(71, 1.3976762294769287, -93431.0, -23095.0)
(72, 1.4186818599700928, -93431.0, -23095.0)
(73, 1.443770408630371, -85741.80952380951, -23095.0)
(74, 1.4682533740997314, -83326.36617006503, -23095.0)
(75, 1.4946670532226562, -83326.36617006503, -23095.0)
(76, 1.5191338062286377, -83326.36617006503, -23095.0)
(77, 1.5402066707611084, -83326.36617006503, -23095.0)
(78, 1.5648505687713623, -83326.36617006503, -23095.0)
(79, 1.5843489170074463, -83326.36617006503, -23095.0)
(80, 1.6035079956054688, -83326.36617006503, -23095.0)
(81, 1.6257710456848145, -83326.36617006503, -23095.0)
(82, 1.6494431495666504, -83326.36617006503, -23095.0)
(83, 1.6715950965881348, -83326.36617006503, -23095.0)
(84, 1.6915738582611084, -83326.36617006503, -23095.0)
(85, 1.7161383628845215, -83326.36617006503, -23095.0)
(86, 1.7359578609466553, -83326.36617006503, -23095.0)
(87, 1.7558341026306152, -83326.36617006503, -23095.0)
(88, 1.775759220123291, -83326.36617006503, -23095.0)
(89, 1.7958481311798096, -83326.36617006503, -23095.0)
(90, 1.8167450428009033, -83326.36617006503, -23095.0)
(91, 1.8364908695220947, -83326.36617006503, -23095.0)
(92, 1.8557558059692383, -83326.36617006503, -23095.0)
(93, 1.8764286041259766, -83326.36617006503, -23095.0)
(94, 1.8957648277282715, -83326.36617006503, -23095.0)
(95, 1.9195098876953125, -83326.36617006503, -23095.0)
(96, 1.9394285678863525, -83326.36617006503, -23095.0)
(97, 1.960162878036499, -83326.36617006503, -23095.0)
(98, 1.982560396194458, -83326.36617006503, -23095.0)
(99, 2.0030813217163086, -83326.36617006503, -23095.0)
(100, 2.0233240127563477, -83326.36617006503, -23095.0)
(101, 2.0437204837799072, -83326.36617006503, -23095.0)
(102, 2.0642380714416504, -83326.36617006503, -23095.0)
(103, 2.0842881202697754, -83326.36617006503, -23095.0)
(104, 2.1051876544952393, -83326.36617006503, -23095.0)
(105, 2.1256263256073, -83326.36617006503, -23095.0)
(106, 2.145625352859497, -83326.36617006503, -23095.0)
(107, 2.1676723957061768, -83326.36617006503, -23095.0)
(108, 2.194080352783203, -83326.36617006503, -23095.0)
(109, 2.219799280166626, -83326.36617006503, -23095.0)
(110, 2.2421011924743652, -83326.36617006503, -23095.0)
(111, 2.2692036628723145, -83326.36617006503, -23095.0)
(112, 2.2910349369049072, -83326.36617006503, -23095.0)
(113, 2.312457799911499, -83326.36617006503, -23095.0)
(114, 2.3338756561279297, -83326.36617006503, -23095.0)
(115, 2.3561158180236816, -83326.36617006503, -23095.0)
(116, 2.3780877590179443, -83326.36617006503, -23095.0)
(117, 2.3999061584472656, -83326.36617006503, -23095.0)
(118, 2.4222042560577393, -83326.36617006503, -23095.0)
(119, 2.4518628120422363, -80339.4375, -23095.0)
(120, 2.4791009426116943, -80339.4375, -23095.0)
(121, 2.502441167831421, -80339.4375, -23095.0)
(122, 2.5288076400756836, -80339.4375, -23095.0)
(123, 2.5506715774536133, -80339.4375, -23095.0)
(124, 2.578866720199585, -80339.4375, -23095.0)
(125, 2.599375009536743, -80339.4375, -23095.0)
(126, 2.6220433712005615, -80339.4375, -23095.0)
(127, 2.6499199867248535, -80339.4375, -23095.0)
(128, 2.668978691101074, -80339.4375, -23095.0)
(129, 2.69558048248291, -80339.4375, -23095.0)
(130, 2.7181344032287598, -80339.4375, -23095.0)
(131, 2.7431280612945557, -80339.4375, -23095.0)
(132, 2.766019821166992, -80339.4375, -23095.0)
(133, 2.787186622619629, -80339.4375, -23095.0)
(134, 2.8092551231384277, -80339.4375, -23095.0)
(135, 2.8322525024414062, -80339.4375, -23095.0)
(136, 2.856698989868164, -80339.4375, -23095.0)
(137, 2.8839285373687744, -80339.4375, -23095.0)
(138, 2.909869432449341, -80339.4375, -23095.0)
(139, 2.9366602897644043, -80339.4375, -23095.0)
(140, 2.9628381729125977, -80339.4375, -23095.0)
(141, 2.987086534500122, -80339.4375, -23095.0)
(142, 3.0162954330444336, -80339.4375, -23095.0)
(143, 3.0433058738708496, -80339.4375, -23095.0)
(144, 3.0714211463928223, -80339.4375, -23095.0)
(145, 3.096193552017212, -80339.4375, -23095.0)
(146, 3.1271920204162598, -75856.9285031489, -23095.0)
(147, 3.156432867050171, -75856.9285031489, -23095.0)
(148, 3.185563802719116, -75856.9285031489, -23095.0)
(149, 3.2148144245147705, -75856.9285031489, -23095.0)
(150, 3.2366559505462646, -75856.9285031489, -23095.0)
(151, 3.2651219367980957, -75856.9285031489, -23095.0)
(152, 3.2938010692596436, -75856.9285031489, -23095.0)
(153, 3.3218321800231934, -75856.9285031489, -23095.0)
(154, 3.356548547744751, -75856.9285031489, -23095.0)
(155, 3.3846397399902344, -75856.9285031489, -23095.0)
(156, 3.4125969409942627, -75856.9285031489, -23095.0)
(157, 3.4420745372772217, -75856.9285031489, -23095.0)
(158, 3.4677977561950684, -75856.9285031489, -23095.0)
(159, 3.5052123069763184, -75856.9285031489, -23095.0)
(160, 3.535484790802002, -75856.9285031489, -23095.0)
(161, 3.5610132217407227, -75856.9285031489, -23095.0)
(162, 3.591078996658325, -75856.9285031489, -23095.0)
(163, 3.618849992752075, -75856.9285031489, -23095.0)
(164, 3.6519718170166016, -75856.9285031489, -23095.0)
(165, 3.684171676635742, -75856.9285031489, -23095.0)
(166, 3.711268901824951, -75856.9285031489, -23095.0)
(167, 3.7357606887817383, -75856.9285031489, -23095.0)
(168, 3.7582144737243652, -75856.9285031489, -23095.0)
(169, 3.780597448348999, -75856.9285031489, -23095.0)
(170, 3.8024866580963135, -75856.9285031489, -23095.0)
(171, 3.828488826751709, -75856.9285031489, -23095.0)
(172, 3.8522324562072754, -75856.9285031489, -23095.0)
(173, 3.8765718936920166, -75856.9285031489, -23095.0)
(174, 3.898580312728882, -75856.9285031489, -23095.0)
(175, 3.925609827041626, -75856.9285031489, -23095.0)
(176, 3.9491426944732666, -75856.9285031489, -23095.0)
(177, 3.9749906063079834, -75856.9285031489, -23095.0)
(178, 4.000905275344849, -75856.9285031489, -23095.0)
(179, 4.024892807006836, -75856.9285031489, -23095.0)
(180, 4.049157381057739, -75856.9285031489, -23095.0)
(181, 4.075305700302124, -75856.9285031489, -23095.0)
(182, 4.098196268081665, -75856.9285031489, -23095.0)
(183, 4.119993686676025, -75856.9285031489, -23095.0)
(184, 4.147911071777344, -75856.9285031489, -23095.0)
(185, 4.171366214752197, -75856.9285031489, -23095.0)
(186, 4.19671106338501, -75856.9285031489, -23095.0)
(187, 4.222424745559692, -75856.9285031489, -23095.0)
(188, 4.245680809020996, -75856.9285031489, -23095.0)
(189, 4.2798988819122314, -75856.9285031489, -23095.0)
(190, 4.3044350147247314, -75856.9285031489, -23095.0)
(191, 4.330759763717651, -75856.9285031489, -23095.0)
(192, 4.3593833446502686, -75856.9285031489, -23095.0)
(193, 4.389438152313232, -75856.9285031489, -23095.0)
(194, 4.418407201766968, -75856.9285031489, -23095.0)
(195, 4.448611736297607, -75856.9285031489, -23095.0)
(196, 4.475722551345825, -75856.9285031489, -23095.0)
(197, 4.505922079086304, -75856.9285031489, -23095.0)
(198, 4.529336452484131, -75856.9285031489, -23095.0)
(199, 4.55265212059021, -75856.9285031489, -23095.0)
(200, 4.578233480453491, -75856.9285031489, -23095.0)
(201, 4.60161566734314, -75856.9285031489, -23095.0)
(202, 4.62460732460022, -75856.9285031489, -23095.0)
(203, 4.655709981918335, -75856.9285031489, -23095.0)
(204, 4.680745363235474, -75856.9285031489, -23095.0)
(205, 4.708595037460327, -75856.9285031489, -23095.0)
(206, 4.7368621826171875, -75856.9285031489, -23095.0)
(207, 4.76130485534668, -75856.9285031489, -23095.0)
(208, 4.795928001403809, -75856.9285031489, -23095.0)
(209, 4.825440883636475, -75856.9285031489, -23095.0)
(210, 4.851670742034912, -75856.9285031489, -23095.0)
(211, 4.880161285400391, -75856.9285031489, -23095.0)
(212, 4.905987024307251, -75856.9285031489, -23095.0)
(213, 4.930094242095947, -75856.9285031489, -23095.0)
(214, 4.955459356307983, -75856.9285031489, -23095.0)
(215, 4.9905922412872314, -75856.9285031489, -23095.0)
(216, 5.022327899932861, -75856.9285031489, -23095.0)
(217, 5.05942440032959, -75856.9285031489, -23095.0)
(218, 5.087599992752075, -75856.9285031489, -23095.0)
(219, 5.1249284744262695, -75856.9285031489, -23095.0)
(220, 5.162776947021484, -75856.9285031489, -23095.0)
(221, 5.2074666023254395, -75856.9285031489, -23095.0)
(222, 5.245787143707275, -75856.9285031489, -23095.0)
(223, 5.277731418609619, -75856.9285031489, -23095.0)
(224, 5.3214123249053955, -75856.9285031489, -23095.0)
(225, 5.3588268756866455, -75856.9285031489, -23095.0)
(226, 5.389653921127319, -75856.9285031489, -23095.0)
(227, 5.432688474655151, -75856.9285031489, -23095.0)
(228, 5.466210842132568, -75856.9285031489, -23095.0)
(229, 5.506458520889282, -75856.9285031489, -23095.0)
(230, 5.539747714996338, -75856.9285031489, -23095.0)
(231, 5.588387727737427, -75856.9285031489, -23095.0)
(232, 5.631133079528809, -75856.9285031489, -23095.0)
(233, 5.688537120819092, -75856.9285031489, -23095.0)
(234, 5.728280782699585, -75856.9285031489, -23095.0)
(235, 5.782736778259277, -66939.83804319866, -23095.0)
(236, 5.84536600112915, -52402.061910908094, -23095.0)
(237, 5.931174039840698, -32599.848279273334, -29913.007447397853)
(238, 5.994117021560669, -30382.308288056207, -30030.22358863136)
(239, 6.053211688995361, -30195.620908904817, -30044.317140741005)
(240, 6.090503692626953, -30143.402656525566, -30049.87853352433)
(241, 6.141764879226685, -30098.75688557587, -30053.448654712232)
(242, 6.162803649902344, -30053.903597122528, -30053.903597122302)
(243, 6.178996324539185, -30053.90359712249, -30053.903597122302)
