(1, 0.014449357986450195, -48266.0, -10867.0)
(2, 0.02911090850830078, -30588.55728420947, -10867.0)
(3, 0.044400691986083984, -27564.185749891603, -10867.0)
(4, 0.06060910224914551, -23017.117872837727, -10867.0)
(5, 0.07918882369995117, -23017.117872837727, -10867.0)
(6, 0.09919881820678711, -20650.781104927606, -10867.0)
(7, 0.1218717098236084, -18558.40718825163, -10867.0)
(8, 0.14787673950195312, -16611.961920244787, -10867.0)
(9, 0.18755006790161133, -15569.110377504314, -10867.0)
(10, 0.22858166694641113, -15014.278764930867, -13565.166666666664)
(11, 0.2679891586303711, -14221.712614154758, -13574.179999999997)
(12, 0.32123255729675293, -13799.14738106632, -13586.399999999996)
(13, 0.3651442527770996, -13652.937045460569, -13586.399999999998)
(14, 0.4081580638885498, -13619.956113637969, -13587.25)
(15, 0.45613837242126465, -13599.50262338346, -13590.736842105262)
(16, 0.5040109157562256, -13594.548752703276, -13590.736842105263)
(17, 0.5531160831451416, -13594.548752703276, -13590.736842105263)
(18, 0.6074271202087402, -13592.915579144235, -13591.42857142857)
(19, 0.6575026512145996, -13591.874673743034, -13591.42857142857)
(20, 0.7074179649353027, -13591.562402102827, -13591.42857142857)
(21, 0.7608275413513184, -13591.4687236307, -13591.428571428572)
(22, 0.8128702640533447, -13591.44061630264, -13591.42857142857)
(23, 0.8663122653961182, -13591.432183746589, -13591.42857142857)
