(1, 0.09806537628173828, -184605.0, -12380.0)
(2, 0.18523859977722168, -184605.0, -12380.0)
(3, 0.2727060317993164, -178749.89285714287, -12380.0)
(4, 0.3593263626098633, -171598.37037037036, -12380.0)
(5, 0.4480922222137451, -161490.37037037036, -12380.0)
(6, 0.5379159450531006, -159173.4814814815, -12380.0)
(7, 0.6255505084991455, -159173.4814814815, -12380.0)
(8, 0.7143704891204834, -147335.57692307694, -12380.0)
(9, 0.8006436824798584, -147335.57692307694, -12380.0)
(10, 0.8867783546447754, -128126.92307692308, -12380.0)
(11, 0.9730191230773926, -124832.92307692308, -12380.0)
(12, 1.0598945617675781, -120593.92307692308, -12380.0)
(13, 1.1465215682983398, -112876.24, -12380.0)
(14, 1.2339513301849365, -112490.29166666667, -12380.0)
(15, 1.321821689605713, -107101.73913043478, -12380.0)
(16, 1.409515380859375, -103270.08695652174, -12380.0)
(17, 1.4974591732025146, -100153.29166666667, -12380.0)
(18, 1.5857524871826172, -100153.29166666667, -12380.0)
(19, 1.6754179000854492, -94788.04166666667, -12380.0)
(20, 1.7647550106048584, -93005.375, -12380.0)
(21, 1.8546371459960938, -93005.375, -12380.0)
(22, 1.9448742866516113, -85448.875, -12380.0)
(23, 2.036050796508789, -85448.875, -12380.0)
(24, 2.1268715858459473, -81314.29166666667, -12380.0)
(25, 2.2186403274536133, -81314.29166666667, -12380.0)
(26, 2.309908151626587, -81314.29166666667, -12380.0)
(27, 2.4013772010803223, -81314.29166666667, -12380.0)
(28, 2.4948699474334717, -78294.29166666667, -12380.0)
(29, 2.5879669189453125, -78255.75, -12380.0)
(30, 2.6813082695007324, -72845.75, -12380.0)
(31, 2.774852752685547, -64557.75, -12380.0)
(32, 2.868936538696289, -64557.75, -12380.0)
(33, 2.962982416152954, -55175.5, -12380.0)
(34, 3.058742046356201, -50347.83333333333, -12380.0)
(35, 3.1549885272979736, -46089.916666666635, -12380.0)
(36, 3.252626657485962, -34442.916666666664, -12380.0)
(37, 3.349763870239258, -34442.916666666664, -12380.0)
(38, 3.4461236000061035, -34442.916666666664, -12380.0)
(39, 3.5436761379241943, -26417.125, -12380.0)
(40, 3.6455445289611816, -26417.125, -12380.0)
(41, 3.7457523345947266, -24580.0, -12380.0)
(42, 3.8436968326568604, -24580.0, -12380.0)
(43, 3.9427947998046875, -19304.0, -12380.0)
(44, 4.048841714859009, -19304.0, -12380.0)
(45, 4.152389287948608, -19111.25, -12380.0)
(46, 4.273860454559326, -16805.25, -12380.0)
(47, 4.381170034408569, -16121.857142857143, -12380.0)
(48, 4.496943950653076, -12664.0, -12664.0)
(49, 4.596254825592041, -12664.0, -12664.0)
