(1, 0.03437924385070801, -209089.0, -23629.0)
(2, 0.07072043418884277, -119624.04327919714, -23629.0)
(3, 0.11167001724243164, -98702.00013511683, -23629.0)
(4, 0.15958690643310547, -78098.71669368401, -23629.0)
(5, 0.21456694602966309, -56781.73434500791, -23629.0)
(6, 0.27955055236816406, -46543.17693611999, -23629.0)
(7, 0.34665346145629883, -45049.58923248033, -23629.0)
(8, 0.42179393768310547, -37164.79380633539, -29782.3029525032)
(9, 0.5009663105010986, -33601.91089002803, -29879.129428571425)
(10, 0.5924673080444336, -32567.21681166077, -29928.892223910843)
(11, 0.7000558376312256, -31697.045519510495, -30046.717224880398)
(12, 0.8156630992889404, -31162.171851564486, -30289.154778143307)
(13, 0.9392943382263184, -30893.91236523299, -30335.53061159554)
(14, 1.07840895652771, -30604.97299659225, -30355.075041342152)
(15, 1.2188100814819336, -30487.671578823563, -30372.52330092064)
(16, 1.3554868698120117, -30430.072087132678, -30381.575777355043)
(17, 1.4988796710968018, -30420.166380783776, -30384.14939235328)
(18, 1.643686294555664, -30397.031806583305, -30385.348435216485)
(19, 1.7890126705169678, -30394.757461280766, -30386.21535704056)
(20, 1.932741641998291, -30388.90138770373, -30386.391641885853)
(21, 2.0857996940612793, -30387.543100477116, -30386.39164188587)
(22, 2.2458689212799072, -30386.799421160915, -30386.4807014539)
(23, 2.3869564533233643, -30386.5893104589, -30386.4807014539)
(24, 2.536195993423462, -30386.522726382256, -30386.494190350826)
(25, 2.6900105476379395, -30386.502751160315, -30386.494190350848)
