(1, 0.08429384231567383, -718632.0, -43243.0)
(2, 0.17477011680603027, -421327.9273627491, -43243.0)
(3, 0.28046584129333496, -314100.1035414333, -43243.0)
(4, 0.3980116844177246, -198280.53481102604, -43243.0)
(5, 0.5312316417694092, -126408.28847817058, -43243.0)
(6, 0.6729640960693359, -100914.94953420335, -43243.0)
(7, 0.8328595161437988, -100914.94953420335, -43243.0)
(8, 1.047687292098999, -91448.43450363021, -60747.6727272727)
(9, 1.2856478691101074, -72959.79285330791, -60820.448519745514)
(10, 1.59307861328125, -70465.73304537436, -60858.64864659586)
(11, 1.974853754043579, -66255.26123557742, -60981.06987772733)
(12, 2.451274871826172, -65810.24295019078, -61016.047547937625)
(13, 2.974803924560547, -63250.81872856166, -61083.27448244789)
(14, 3.5923147201538086, -62356.564127042104, -61130.76970996427)
(15, 4.3733015060424805, -61777.55197459542, -61184.06548254557)
(16, 5.231818675994873, -61588.191539357445, -61266.48672323177)
(17, 6.161174535751343, -61437.47377180091, -61277.84013136259)
(18, 7.192714214324951, -61333.252861125366, -61280.992788753094)
(19, 8.322275638580322, -61300.88322279261, -61281.53375551719)
(20, 9.480792999267578, -61289.396863951566, -61281.63303543424)
(21, 10.576292753219604, -61285.100192614766, -61281.63303543431)
(22, 11.723272323608398, -61285.100192614766, -61282.24343942795)
(23, 12.950052738189697, -61283.8693736257, -61283.32368418655)
(24, 14.077710390090942, -61283.487391018236, -61283.32368418657)
(25, 15.123344898223877, -61283.487391018236, -61283.32368418654)
(26, 16.229239225387573, -61283.46637359636, -61283.40230030521)
(27, 17.35307025909424, -61283.41778538163, -61283.402300305184)
(28, 18.531488180160522, -61283.40702412697, -61283.40230030523)
