(1, 0.07950448989868164, -740845.0, -41935.0)
(2, 0.15524697303771973, -740845.0, -41935.0)
(3, 0.23117280006408691, -740845.0, -41935.0)
(4, 0.30730104446411133, -740845.0, -41935.0)
(5, 0.38263893127441406, -740845.0, -41935.0)
(6, 0.45798444747924805, -740845.0, -41935.0)
(7, 0.533642053604126, -740845.0, -41935.0)
(8, 0.6102633476257324, -740845.0, -41935.0)
(9, 0.6856868267059326, -740845.0, -41935.0)
(10, 0.7611863613128662, -740845.0, -41935.0)
(11, 0.8361480236053467, -740845.0, -41935.0)
(12, 0.9125862121582031, -740845.0, -41935.0)
(13, 0.9891805648803711, -740845.0, -41935.0)
(14, 1.0652494430541992, -740845.0, -41935.0)
(15, 1.1412725448608398, -740845.0, -41935.0)
(16, 1.216844081878662, -740845.0, -41935.0)
(17, 1.2925629615783691, -740845.0, -41935.0)
(18, 1.3691625595092773, -740845.0, -41935.0)
(19, 1.4449071884155273, -740845.0, -41935.0)
(20, 1.5211257934570312, -740845.0, -41935.0)
(21, 1.5964932441711426, -740845.0, -41935.0)
(22, 1.6718528270721436, -740845.0, -41935.0)
(23, 1.7468349933624268, -740845.0, -41935.0)
(24, 1.8246479034423828, -740845.0, -41935.0)
(25, 1.902217149734497, -740845.0, -41935.0)
(26, 1.9798781871795654, -740845.0, -41935.0)
(27, 2.057750940322876, -740845.0, -41935.0)
(28, 2.1348037719726562, -740845.0, -41935.0)
(29, 2.21173357963562, -740845.0, -41935.0)
(30, 2.2888081073760986, -740845.0, -41935.0)
(31, 2.366501569747925, -740845.0, -41935.0)
(32, 2.4436283111572266, -740845.0, -41935.0)
(33, 2.520387887954712, -740845.0, -41935.0)
(34, 2.5978763103485107, -740845.0, -41935.0)
(35, 2.6762635707855225, -740845.0, -41935.0)
(36, 2.754509925842285, -740845.0, -41935.0)
(37, 2.8335177898406982, -740845.0, -41935.0)
(38, 2.912140369415283, -740845.0, -41935.0)
(39, 2.9906060695648193, -740845.0, -41935.0)
(40, 3.06893253326416, -740845.0, -41935.0)
(41, 3.146045207977295, -740845.0, -41935.0)
(42, 3.223769187927246, -740845.0, -41935.0)
(43, 3.3011298179626465, -740845.0, -41935.0)
(44, 3.3799288272857666, -740845.0, -41935.0)
(45, 3.459923505783081, -740845.0, -41935.0)
(46, 3.539447784423828, -740845.0, -41935.0)
(47, 3.618885040283203, -740845.0, -41935.0)
(48, 3.698561191558838, -740845.0, -41935.0)
(49, 3.777899742126465, -740845.0, -41935.0)
(50, 3.8565547466278076, -740845.0, -41935.0)
(51, 3.9365572929382324, -740845.0, -41935.0)
(52, 4.015685081481934, -740845.0, -41935.0)
(53, 4.094285488128662, -740845.0, -41935.0)
(54, 4.173200368881226, -740845.0, -41935.0)
(55, 4.2520153522491455, -740845.0, -41935.0)
(56, 4.3313000202178955, -740845.0, -41935.0)
(57, 4.411554574966431, -740845.0, -41935.0)
(58, 4.494191408157349, -740845.0, -41935.0)
(59, 4.57596755027771, -740845.0, -41935.0)
(60, 4.656548500061035, -740845.0, -41935.0)
(61, 4.738898992538452, -740845.0, -41935.0)
(62, 4.820556879043579, -740845.0, -41935.0)
(63, 4.902700424194336, -740845.0, -41935.0)
(64, 4.983721017837524, -740845.0, -41935.0)
(65, 5.066009283065796, -740845.0, -41935.0)
(66, 5.147306203842163, -740845.0, -41935.0)
(67, 5.230205297470093, -740845.0, -41935.0)
(68, 5.313387632369995, -740845.0, -41935.0)
(69, 5.3958213329315186, -740845.0, -41935.0)
(70, 5.479947566986084, -740845.0, -41935.0)
(71, 5.563582181930542, -740845.0, -41935.0)
(72, 5.6468963623046875, -740845.0, -41935.0)
(73, 5.728274583816528, -740845.0, -41935.0)
(74, 5.809781074523926, -740845.0, -41935.0)
(75, 5.8909077644348145, -740845.0, -41935.0)
(76, 5.972362279891968, -740845.0, -41935.0)
(77, 6.05401611328125, -740845.0, -41935.0)
(78, 6.136818170547485, -740845.0, -41935.0)
(79, 6.219069957733154, -740845.0, -41935.0)
(80, 6.300808668136597, -740845.0, -41935.0)
(81, 6.3844263553619385, -740845.0, -41935.0)
(82, 6.466678619384766, -740845.0, -41935.0)
(83, 6.548384189605713, -740845.0, -41935.0)
(84, 6.633081674575806, -740845.0, -41935.0)
(85, 6.717512130737305, -740845.0, -41935.0)
(86, 6.80104398727417, -740845.0, -41935.0)
(87, 6.885649919509888, -740845.0, -41935.0)
(88, 6.969372987747192, -740845.0, -41935.0)
(89, 7.057146310806274, -740845.0, -41935.0)
(90, 7.141996383666992, -740845.0, -41935.0)
(91, 7.227572679519653, -740845.0, -41935.0)
(92, 7.311925649642944, -740845.0, -41935.0)
(93, 7.39614200592041, -740845.0, -41935.0)
(94, 7.481717109680176, -740845.0, -41935.0)
(95, 7.567875385284424, -740845.0, -41935.0)
(96, 7.654364347457886, -740845.0, -41935.0)
(97, 7.740249156951904, -740845.0, -41935.0)
(98, 7.827367544174194, -740845.0, -41935.0)
(99, 7.915125608444214, -740845.0, -41935.0)
(100, 8.002206802368164, -740845.0, -41935.0)
(101, 8.090274572372437, -740845.0, -41935.0)
(102, 8.176412582397461, -740845.0, -41935.0)
(103, 8.262423038482666, -740845.0, -41935.0)
(104, 8.35134482383728, -740845.0, -41935.0)
(105, 8.439063310623169, -740845.0, -41935.0)
(106, 8.526995420455933, -740845.0, -41935.0)
(107, 8.615898609161377, -740845.0, -41935.0)
(108, 8.704699993133545, -740845.0, -41935.0)
(109, 8.793728351593018, -740845.0, -41935.0)
(110, 8.881660461425781, -740845.0, -41935.0)
(111, 8.970292329788208, -740845.0, -41935.0)
(112, 9.060094594955444, -740845.0, -41935.0)
(113, 9.14858865737915, -740845.0, -41935.0)
(114, 9.236073017120361, -740845.0, -41935.0)
(115, 9.326333284378052, -740845.0, -41935.0)
(116, 9.414758205413818, -740845.0, -41935.0)
(117, 9.502574920654297, -740845.0, -41935.0)
(118, 9.593737840652466, -740845.0, -41935.0)
(119, 9.684457063674927, -740845.0, -41935.0)
(120, 9.775187492370605, -740845.0, -41935.0)
(121, 9.864526748657227, -740845.0, -41935.0)
(122, 9.95611047744751, -740845.0, -41935.0)
(123, 10.046329498291016, -740845.0, -41935.0)
(124, 10.138357162475586, -740845.0, -41935.0)
(125, 10.22788953781128, -740845.0, -41935.0)
(126, 10.316081523895264, -740845.0, -41935.0)
(127, 10.405428647994995, -740845.0, -41935.0)
(128, 10.497649669647217, -740845.0, -41935.0)
(129, 10.5915207862854, -740845.0, -41935.0)
(130, 10.683039426803589, -740845.0, -41935.0)
(131, 10.773370742797852, -740845.0, -41935.0)
(132, 10.871172666549683, -740845.0, -41935.0)
(133, 10.967074155807495, -740845.0, -41935.0)
(134, 11.062853574752808, -740845.0, -41935.0)
(135, 11.157999753952026, -740845.0, -41935.0)
(136, 11.251044511795044, -740845.0, -41935.0)
(137, 11.344005823135376, -740845.0, -41935.0)
(138, 11.440089464187622, -740845.0, -41935.0)
(139, 11.535555839538574, -740845.0, -41935.0)
(140, 11.62920355796814, -740845.0, -41935.0)
(141, 11.72347640991211, -740845.0, -41935.0)
(142, 11.81909441947937, -740845.0, -41935.0)
(143, 11.913437604904175, -740845.0, -41935.0)
(144, 12.008306503295898, -740845.0, -41935.0)
(145, 12.103026866912842, -740845.0, -41935.0)
(146, 12.197902202606201, -740845.0, -41935.0)
(147, 12.292742490768433, -740845.0, -41935.0)
(148, 12.387269735336304, -740845.0, -41935.0)
(149, 12.482817649841309, -740845.0, -41935.0)
(150, 12.579551458358765, -740845.0, -41935.0)
(151, 12.674563646316528, -740845.0, -41935.0)
(152, 12.771069049835205, -740845.0, -41935.0)
(153, 12.870381593704224, -740845.0, -41935.0)
(154, 12.968816757202148, -740845.0, -41935.0)
(155, 13.070825815200806, -740845.0, -41935.0)
(156, 13.171492338180542, -740845.0, -41935.0)
(157, 13.271608591079712, -740845.0, -41935.0)
(158, 13.370849132537842, -740845.0, -41935.0)
(159, 13.47061014175415, -740845.0, -41935.0)
(160, 13.573580265045166, -740845.0, -41935.0)
(161, 13.672089099884033, -740845.0, -41935.0)
(162, 13.770901679992676, -740845.0, -41935.0)
(163, 13.870524406433105, -740845.0, -41935.0)
(164, 13.971023797988892, -740845.0, -41935.0)
(165, 14.070876121520996, -740845.0, -41935.0)
(166, 14.171929121017456, -740845.0, -41935.0)
(167, 14.271337747573853, -740845.0, -41935.0)
(168, 14.371783971786499, -740845.0, -41935.0)
(169, 14.473803043365479, -740845.0, -41935.0)
(170, 14.573847770690918, -740845.0, -41935.0)
(171, 14.671918392181396, -740845.0, -41935.0)
(172, 14.772557973861694, -740845.0, -41935.0)
(173, 14.875834703445435, -740845.0, -41935.0)
(174, 14.977028131484985, -740845.0, -41935.0)
(175, 15.077199935913086, -740845.0, -41935.0)
(176, 15.178078651428223, -740845.0, -41935.0)
(177, 15.285583972930908, -740845.0, -41935.0)
(178, 15.393125772476196, -740845.0, -41935.0)
(179, 15.499102115631104, -740845.0, -41935.0)
(180, 15.604345321655273, -740845.0, -41935.0)
(181, 15.707709550857544, -740845.0, -41935.0)
(182, 15.812135219573975, -740845.0, -41935.0)
(183, 15.917208909988403, -740845.0, -41935.0)
(184, 16.02169942855835, -740845.0, -41935.0)
(185, 16.128008365631104, -740845.0, -41935.0)
(186, 16.235628366470337, -740845.0, -41935.0)
(187, 16.34334135055542, -740845.0, -41935.0)
(188, 16.448410987854004, -740845.0, -41935.0)
(189, 16.552037239074707, -740845.0, -41935.0)
(190, 16.657247304916382, -740845.0, -41935.0)
(191, 16.764851808547974, -740845.0, -41935.0)
(192, 16.87170910835266, -740845.0, -41935.0)
(193, 16.98052477836609, -740845.0, -41935.0)
(194, 17.085045099258423, -740845.0, -41935.0)
(195, 17.193394660949707, -740845.0, -41935.0)
(196, 17.300848722457886, -740845.0, -41935.0)
(197, 17.410170793533325, -740845.0, -41935.0)
(198, 17.51919388771057, -740845.0, -41935.0)
(199, 17.626793384552002, -740845.0, -41935.0)
(200, 17.734665632247925, -740845.0, -41935.0)
(201, 17.841647148132324, -740845.0, -41935.0)
(202, 17.95242476463318, -740845.0, -41935.0)
(203, 18.06362533569336, -740845.0, -41935.0)
(204, 18.179848194122314, -740845.0, -41935.0)
(205, 18.29220414161682, -740845.0, -41935.0)
(206, 18.402896642684937, -740845.0, -41935.0)
(207, 18.515247583389282, -740845.0, -41935.0)
(208, 18.629566192626953, -740845.0, -41935.0)
(209, 18.74172854423523, -740845.0, -41935.0)
(210, 18.85449457168579, -740845.0, -41935.0)
(211, 18.96530318260193, -740845.0, -41935.0)
(212, 19.081385374069214, -740845.0, -41935.0)
(213, 19.194830656051636, -740845.0, -41935.0)
(214, 19.310355186462402, -740845.0, -41935.0)
(215, 19.424111127853394, -740845.0, -41935.0)
(216, 19.539851427078247, -740845.0, -41935.0)
(217, 19.67245888710022, -740845.0, -41935.0)
(218, 19.79013180732727, -740845.0, -41935.0)
(219, 19.90555715560913, -740845.0, -41935.0)
(220, 20.021060943603516, -740845.0, -41935.0)
(221, 20.13496708869934, -740845.0, -41935.0)
(222, 20.250702381134033, -740845.0, -41935.0)
(223, 20.364774227142334, -740845.0, -41935.0)
(224, 20.48450541496277, -740845.0, -41935.0)
(225, 20.59942626953125, -740845.0, -41935.0)
(226, 20.712993383407593, -740845.0, -41935.0)
(227, 20.82662010192871, -740845.0, -41935.0)
(228, 20.948480367660522, -740845.0, -41935.0)
(229, 21.064878225326538, -740845.0, -41935.0)
(230, 21.178383111953735, -740845.0, -41935.0)
(231, 21.297088384628296, -740845.0, -41935.0)
(232, 21.414080381393433, -740845.0, -41935.0)
(233, 21.53092908859253, -740845.0, -41935.0)
(234, 21.647622108459473, -740845.0, -41935.0)
(235, 21.76414179801941, -740845.0, -41935.0)
(236, 21.884365797042847, -740845.0, -41935.0)
(237, 22.001408100128174, -740845.0, -41935.0)
(238, 22.118479013442993, -740845.0, -41935.0)
(239, 22.242911338806152, -740845.0, -41935.0)
(240, 22.363514184951782, -740845.0, -41935.0)
(241, 22.48215889930725, -740845.0, -41935.0)
(242, 22.597898483276367, -740845.0, -41935.0)
(243, 22.71766948699951, -740845.0, -41935.0)
(244, 22.839213132858276, -740845.0, -41935.0)
(245, 22.96169638633728, -740845.0, -41935.0)
(246, 23.0804386138916, -740845.0, -41935.0)
(247, 23.201088905334473, -740845.0, -41935.0)
(248, 23.32064437866211, -740845.0, -41935.0)
(249, 23.44246530532837, -740845.0, -41935.0)
(250, 23.566848754882812, -740845.0, -41935.0)
(251, 23.69024109840393, -740845.0, -41935.0)
(252, 23.812251567840576, -740845.0, -41935.0)
(253, 23.935084104537964, -740845.0, -41935.0)
(254, 24.060500144958496, -740845.0, -41935.0)
(255, 24.183423042297363, -740845.0, -41935.0)
(256, 24.302968978881836, -740845.0, -41935.0)
(257, 24.42633080482483, -740845.0, -41935.0)
(258, 24.549241065979004, -740845.0, -41935.0)
(259, 24.67250895500183, -740845.0, -41935.0)
(260, 24.794666290283203, -740845.0, -41935.0)
(261, 24.917896270751953, -740845.0, -41935.0)
(262, 25.042959690093994, -740845.0, -41935.0)
(263, 25.16631054878235, -740845.0, -41935.0)
(264, 25.290165424346924, -740845.0, -41935.0)
(265, 25.417929649353027, -740845.0, -41935.0)
(266, 25.545830488204956, -740845.0, -41935.0)
(267, 25.672199964523315, -740845.0, -41935.0)
(268, 25.799104928970337, -740845.0, -41935.0)
(269, 25.929820775985718, -740845.0, -41935.0)
(270, 26.056236267089844, -740845.0, -41935.0)
(271, 26.181291341781616, -740845.0, -41935.0)
(272, 26.306456089019775, -740845.0, -41935.0)
(273, 26.432411432266235, -740845.0, -41935.0)
(274, 26.560024738311768, -740845.0, -41935.0)
(275, 26.687670946121216, -740845.0, -41935.0)
(276, 26.81518530845642, -740845.0, -41935.0)
(277, 26.94228458404541, -740845.0, -41935.0)
(278, 27.07188582420349, -740845.0, -41935.0)
(279, 27.197948217391968, -740845.0, -41935.0)
(280, 27.324310302734375, -740845.0, -41935.0)
(281, 27.457977771759033, -740845.0, -41935.0)
(282, 27.588701486587524, -740845.0, -41935.0)
(283, 27.72238302230835, -740845.0, -41935.0)
(284, 27.85175371170044, -740845.0, -41935.0)
(285, 27.97963833808899, -740845.0, -41935.0)
(286, 28.110530614852905, -740845.0, -41935.0)
(287, 28.24869441986084, -740845.0, -41935.0)
(288, 28.380127906799316, -740845.0, -41935.0)
(289, 28.51632261276245, -740845.0, -41935.0)
(290, 28.651601552963257, -740845.0, -41935.0)
(291, 28.785578727722168, -740845.0, -41935.0)
(292, 28.91801142692566, -740845.0, -41935.0)
(293, 29.049731254577637, -740845.0, -41935.0)
(294, 29.183193683624268, -740845.0, -41935.0)
(295, 29.31755757331848, -740845.0, -41935.0)
(296, 29.4501690864563, -740845.0, -41935.0)
(297, 29.585288047790527, -740845.0, -41935.0)
(298, 29.714998722076416, -740845.0, -41935.0)
(299, 29.851886987686157, -740845.0, -41935.0)
(300, 29.9847891330719, -740845.0, -41935.0)
(301, 30.11963391304016, -740845.0, -41935.0)
(302, 30.249717235565186, -740845.0, -41935.0)
(303, 30.37921380996704, -740845.0, -41935.0)
(304, 30.512622594833374, -740845.0, -41935.0)
(305, 30.6462082862854, -740845.0, -41935.0)
(306, 30.7782199382782, -740845.0, -41935.0)
(307, 30.9113450050354, -740845.0, -41935.0)
(308, 31.04737663269043, -740845.0, -41935.0)
(309, 31.187905073165894, -740845.0, -41935.0)
(310, 31.321634531021118, -740845.0, -41935.0)
(311, 31.45890474319458, -740845.0, -41935.0)
(312, 31.602135181427002, -740845.0, -41935.0)
(313, 31.750571966171265, -740845.0, -41935.0)
(314, 31.890715837478638, -740845.0, -41935.0)
(315, 32.02866291999817, -740845.0, -41935.0)
(316, 32.16526508331299, -740845.0, -41935.0)
(317, 32.30479311943054, -740845.0, -41935.0)
(318, 32.44457936286926, -740845.0, -41935.0)
(319, 32.581348180770874, -740845.0, -41935.0)
(320, 32.72169327735901, -740845.0, -41935.0)
(321, 32.86402344703674, -740845.0, -41935.0)
(322, 33.002307653427124, -740845.0, -41935.0)
(323, 33.14139533042908, -740845.0, -41935.0)
(324, 33.2825973033905, -740845.0, -41935.0)
(325, 33.42424488067627, -740845.0, -41935.0)
(326, 33.562880516052246, -740845.0, -41935.0)
(327, 33.70287299156189, -740845.0, -41935.0)
(328, 33.84368300437927, -740845.0, -41935.0)
(329, 33.98411226272583, -740845.0, -41935.0)
(330, 34.12825608253479, -740845.0, -41935.0)
(331, 34.27145981788635, -740845.0, -41935.0)
(332, 34.40931177139282, -740845.0, -41935.0)
(333, 34.552308559417725, -740845.0, -41935.0)
(334, 34.69540023803711, -740845.0, -41935.0)
(335, 34.83715295791626, -740845.0, -41935.0)
(336, 34.97572422027588, -740845.0, -41935.0)
(337, 35.12323808670044, -740845.0, -41935.0)
(338, 35.263673067092896, -740845.0, -41935.0)
(339, 35.408183574676514, -740845.0, -41935.0)
(340, 35.555025577545166, -740845.0, -41935.0)
(341, 35.69704294204712, -740845.0, -41935.0)
(342, 35.83880424499512, -704307.6842105263, -41935.0)
(343, 35.975892305374146, -704307.6842105263, -41935.0)
(344, 36.115073919296265, -704307.6842105263, -41935.0)
(345, 36.25146269798279, -704307.6842105263, -41935.0)
(346, 36.388033390045166, -704307.6842105263, -41935.0)
(347, 36.5255663394928, -704307.6842105263, -41935.0)
(348, 36.662394285202026, -704307.6842105263, -41935.0)
(349, 36.800113677978516, -704307.6842105263, -41935.0)
(350, 36.93698763847351, -704307.6842105263, -41935.0)
(351, 37.07336235046387, -704307.6842105263, -41935.0)
(352, 37.20902442932129, -704307.6842105263, -41935.0)
(353, 37.34856104850769, -704307.6842105263, -41935.0)
(354, 37.48519682884216, -704307.6842105263, -41935.0)
(355, 37.62159013748169, -704307.6842105263, -41935.0)
(356, 37.76078271865845, -704307.6842105263, -41935.0)
(357, 37.907737255096436, -704307.6842105263, -41935.0)
(358, 38.04995346069336, -704307.6842105263, -41935.0)
(359, 38.190638303756714, -704307.6842105263, -41935.0)
(360, 38.33186364173889, -704307.6842105263, -41935.0)
(361, 38.4752516746521, -704307.6842105263, -41935.0)
(362, 38.614689350128174, -704307.6842105263, -41935.0)
(363, 38.75338816642761, -704307.6842105263, -41935.0)
(364, 38.89470934867859, -704307.6842105263, -41935.0)
(365, 39.031827449798584, -704307.6842105263, -41935.0)
(366, 39.17313313484192, -704307.6842105263, -41935.0)
(367, 39.313805103302, -704307.6842105263, -41935.0)
(368, 39.4567596912384, -704307.6842105263, -41935.0)
(369, 39.60016489028931, -704307.6842105263, -41935.0)
(370, 39.74902868270874, -704307.6842105263, -41935.0)
(371, 39.89762210845947, -704307.6842105263, -41935.0)
(372, 40.04182147979736, -704307.6842105263, -41935.0)
(373, 40.18539834022522, -704307.6842105263, -41935.0)
(374, 40.330445766448975, -704307.6842105263, -41935.0)
(375, 40.47577095031738, -704307.6842105263, -41935.0)
(376, 40.61654210090637, -704307.6842105263, -41935.0)
(377, 40.760563373565674, -704307.6842105263, -41935.0)
(378, 40.90812873840332, -704307.6842105263, -41935.0)
(379, 41.05389428138733, -704307.6842105263, -41935.0)
(380, 41.19705271720886, -704307.6842105263, -41935.0)
(381, 41.34443473815918, -704307.6842105263, -41935.0)
(382, 41.49534583091736, -704307.6842105263, -41935.0)
(383, 41.645408391952515, -704307.6842105263, -41935.0)
(384, 41.789809465408325, -704307.6842105263, -41935.0)
(385, 41.93641495704651, -704307.6842105263, -41935.0)
(386, 42.08386826515198, -704307.6842105263, -41935.0)
(387, 42.231343030929565, -704307.6842105263, -41935.0)
(388, 42.37800049781799, -704307.6842105263, -41935.0)
(389, 42.52198934555054, -704307.6842105263, -41935.0)
(390, 42.66525387763977, -704307.6842105263, -41935.0)
(391, 42.812690019607544, -704307.6842105263, -41935.0)
(392, 42.96772027015686, -704307.6842105263, -41935.0)
(393, 43.114195823669434, -704307.6842105263, -41935.0)
(394, 43.26342463493347, -704307.6842105263, -41935.0)
(395, 43.41032361984253, -704307.6842105263, -41935.0)
(396, 43.55909991264343, -704307.6842105263, -41935.0)
(397, 43.705509662628174, -704307.6842105263, -41935.0)
(398, 43.852288246154785, -704307.6842105263, -41935.0)
(399, 43.99581265449524, -704307.6842105263, -41935.0)
(400, 44.139514684677124, -704307.6842105263, -41935.0)
(401, 44.28314185142517, -704307.6842105263, -41935.0)
(402, 44.433212995529175, -704307.6842105263, -41935.0)
(403, 44.58181953430176, -704307.6842105263, -41935.0)
(404, 44.728917837142944, -704307.6842105263, -41935.0)
(405, 44.88034176826477, -704307.6842105263, -41935.0)
(406, 45.02957510948181, -704307.6842105263, -41935.0)
(407, 45.183916330337524, -704307.6842105263, -41935.0)
(408, 45.33981156349182, -704307.6842105263, -41935.0)
(409, 45.496665954589844, -704307.6842105263, -41935.0)
(410, 45.649046182632446, -704307.6842105263, -41935.0)
(411, 45.80024528503418, -704307.6842105263, -41935.0)
(412, 45.95235204696655, -704307.6842105263, -41935.0)
(413, 46.104135513305664, -704307.6842105263, -41935.0)
(414, 46.25757098197937, -704307.6842105263, -41935.0)
(415, 46.40963888168335, -704307.6842105263, -41935.0)
(416, 46.570842027664185, -704307.6842105263, -41935.0)
(417, 46.722373723983765, -704307.6842105263, -41935.0)
(418, 46.87310218811035, -704307.6842105263, -41935.0)
(419, 47.02361297607422, -704307.6842105263, -41935.0)
(420, 47.17476749420166, -704307.6842105263, -41935.0)
(421, 47.32617688179016, -704307.6842105263, -41935.0)
(422, 47.474377393722534, -704307.6842105263, -41935.0)
(423, 47.643327474594116, -704307.6842105263, -41935.0)
(424, 47.79813504219055, -704307.6842105263, -41935.0)
(425, 47.951335430145264, -704307.6842105263, -41935.0)
(426, 48.10579752922058, -704307.6842105263, -41935.0)
(427, 48.258756160736084, -704307.6842105263, -41935.0)
(428, 48.41666102409363, -704307.6842105263, -41935.0)
(429, 48.57575964927673, -704307.6842105263, -41935.0)
(430, 48.732097864151, -704307.6842105263, -41935.0)
(431, 48.881598234176636, -704307.6842105263, -41935.0)
(432, 49.03680229187012, -704307.6842105263, -41935.0)
(433, 49.19153094291687, -704307.6842105263, -41935.0)
(434, 49.344074726104736, -704307.6842105263, -41935.0)
(435, 49.499003171920776, -704307.6842105263, -41935.0)
(436, 49.659117460250854, -704307.6842105263, -41935.0)
(437, 49.823660373687744, -704307.6842105263, -41935.0)
(438, 49.9764928817749, -704307.6842105263, -41935.0)
(439, 50.14546775817871, -704307.6842105263, -41935.0)
(440, 50.30934810638428, -704307.6842105263, -41935.0)
(441, 50.472853899002075, -704307.6842105263, -41935.0)
(442, 50.63357210159302, -704307.6842105263, -41935.0)
(443, 50.79660224914551, -704307.6842105263, -41935.0)
(444, 50.962100982666016, -704307.6842105263, -41935.0)
(445, 51.11904978752136, -704307.6842105263, -41935.0)
(446, 51.27639722824097, -704307.6842105263, -41935.0)
(447, 51.44285774230957, -704307.6842105263, -41935.0)
(448, 51.63225483894348, -704307.6842105263, -41935.0)
(449, 51.794782876968384, -704307.6842105263, -41935.0)
(450, 51.956138134002686, -704307.6842105263, -41935.0)
(451, 52.11638283729553, -704307.6842105263, -41935.0)
(452, 52.27572274208069, -704307.6842105263, -41935.0)
(453, 52.43204212188721, -704307.6842105263, -41935.0)
(454, 52.592209577560425, -704307.6842105263, -41935.0)
(455, 52.753037452697754, -704307.6842105263, -41935.0)
(456, 52.91653537750244, -704307.6842105263, -41935.0)
(457, 53.092939615249634, -704307.6842105263, -41935.0)
(458, 53.257986545562744, -704307.6842105263, -41935.0)
(459, 53.42080116271973, -704307.6842105263, -41935.0)
(460, 53.584035873413086, -704307.6842105263, -41935.0)
(461, 53.75200152397156, -704307.6842105263, -41935.0)
(462, 53.916892290115356, -704307.6842105263, -41935.0)
(463, 54.08360815048218, -704307.6842105263, -41935.0)
(464, 54.244940996170044, -704307.6842105263, -41935.0)
(465, 54.40938115119934, -704307.6842105263, -41935.0)
(466, 54.57280778884888, -704307.6842105263, -41935.0)
(467, 54.739001750946045, -704307.6842105263, -41935.0)
(468, 54.90697932243347, -704307.6842105263, -41935.0)
(469, 55.07883906364441, -704307.6842105263, -41935.0)
(470, 55.238410234451294, -704307.6842105263, -41935.0)
(471, 55.40520167350769, -704307.6842105263, -41935.0)
(472, 55.571579456329346, -704307.6842105263, -41935.0)
(473, 55.7377347946167, -704307.6842105263, -41935.0)
(474, 55.90623378753662, -704307.6842105263, -41935.0)
(475, 56.06839942932129, -704307.6842105263, -41935.0)
(476, 56.234620094299316, -704307.6842105263, -41935.0)
(477, 56.40328907966614, -704307.6842105263, -41935.0)
(478, 56.56841778755188, -704307.6842105263, -41935.0)
(479, 56.73993706703186, -704307.6842105263, -41935.0)
(480, 56.91967272758484, -704307.6842105263, -41935.0)
(481, 57.09525489807129, -704307.6842105263, -41935.0)
(482, 57.271740674972534, -704307.6842105263, -41935.0)
(483, 57.43636703491211, -704307.6842105263, -41935.0)
(484, 57.605807065963745, -704307.6842105263, -41935.0)
(485, 57.770851373672485, -704307.6842105263, -41935.0)
(486, 57.93231439590454, -704307.6842105263, -41935.0)
(487, 58.10441207885742, -704307.6842105263, -41935.0)
(488, 58.287336349487305, -704307.6842105263, -41935.0)
(489, 58.47165608406067, -704307.6842105263, -41935.0)
(490, 58.645161628723145, -704307.6842105263, -41935.0)
(491, 58.816776514053345, -704307.6842105263, -41935.0)
(492, 58.982763051986694, -704307.6842105263, -41935.0)
(493, 59.147886753082275, -704307.6842105263, -41935.0)
(494, 59.311482429504395, -704307.6842105263, -41935.0)
(495, 59.47631001472473, -704307.6842105263, -41935.0)
(496, 59.64164996147156, -704307.6842105263, -41935.0)
(497, 59.80959963798523, -704307.6842105263, -41935.0)
(498, 59.98032069206238, -704307.6842105263, -41935.0)
(499, 60.147727966308594, -704307.6842105263, -41935.0)
(500, 60.31229639053345, -704307.6842105263, -41935.0)
(501, 60.477386474609375, -704307.6842105263, -41935.0)
(502, 60.65604114532471, -704307.6842105263, -41935.0)
(503, 60.82633423805237, -704307.6842105263, -41935.0)
(504, 60.995763540267944, -704307.6842105263, -41935.0)
(505, 61.164464473724365, -704307.6842105263, -41935.0)
(506, 61.33306932449341, -704307.6842105263, -41935.0)
(507, 61.50964832305908, -704307.6842105263, -41935.0)
(508, 61.67966270446777, -704307.6842105263, -41935.0)
(509, 61.851794481277466, -704307.6842105263, -41935.0)
(510, 62.02558374404907, -704307.6842105263, -41935.0)
(511, 62.196590185165405, -704307.6842105263, -41935.0)
(512, 62.36964702606201, -704307.6842105263, -41935.0)
(513, 62.53983235359192, -704307.6842105263, -41935.0)
(514, 62.71519136428833, -704307.6842105263, -41935.0)
(515, 62.882675647735596, -704307.6842105263, -41935.0)
(516, 63.05441617965698, -704307.6842105263, -41935.0)
(517, 63.23531985282898, -704307.6842105263, -41935.0)
(518, 63.41547346115112, -704307.6842105263, -41935.0)
(519, 63.58790946006775, -704307.6842105263, -41935.0)
(520, 63.76058650016785, -704307.6842105263, -41935.0)
(521, 63.935038566589355, -704307.6842105263, -41935.0)
(522, 64.10935378074646, -704307.6842105263, -41935.0)
(523, 64.28654479980469, -704307.6842105263, -41935.0)
(524, 64.46004438400269, -704307.6842105263, -41935.0)
(525, 64.63289618492126, -704307.6842105263, -41935.0)
(526, 64.80936932563782, -704307.6842105263, -41935.0)
(527, 64.99019980430603, -704307.6842105263, -41935.0)
(528, 65.17967081069946, -704307.6842105263, -41935.0)
(529, 65.35623455047607, -704307.6842105263, -41935.0)
(530, 65.53890061378479, -704307.6842105263, -41935.0)
(531, 65.7194766998291, -704307.6842105263, -41935.0)
(532, 65.89182567596436, -704307.6842105263, -41935.0)
(533, 66.06553053855896, -704307.6842105263, -41935.0)
(534, 66.23786401748657, -704307.6842105263, -41935.0)
(535, 66.42040514945984, -704307.6842105263, -41935.0)
(536, 66.59286236763, -704307.6842105263, -41935.0)
(537, 66.78408241271973, -704307.6842105263, -41935.0)
(538, 66.95993542671204, -704307.6842105263, -41935.0)
(539, 67.14659094810486, -704307.6842105263, -41935.0)
(540, 67.32494163513184, -704307.6842105263, -41935.0)
(541, 67.50590944290161, -704307.6842105263, -41935.0)
(542, 67.68579649925232, -704307.6842105263, -41935.0)
(543, 67.86322617530823, -704307.6842105263, -41935.0)
(544, 68.03775358200073, -704307.6842105263, -41935.0)
(545, 68.21459698677063, -704307.6842105263, -41935.0)
(546, 68.38982462882996, -704307.6842105263, -41935.0)
(547, 68.5782642364502, -704307.6842105263, -41935.0)
(548, 68.76582765579224, -704307.6842105263, -41935.0)
(549, 68.9501440525055, -704307.6842105263, -41935.0)
(550, 69.12835216522217, -704307.6842105263, -41935.0)
(551, 69.30983710289001, -704307.6842105263, -41935.0)
(552, 69.48610186576843, -704307.6842105263, -41935.0)
(553, 69.67138695716858, -704307.6842105263, -41935.0)
(554, 69.85447096824646, -704307.6842105263, -41935.0)
(555, 70.04648184776306, -704307.6842105263, -41935.0)
(556, 70.23809623718262, -704307.6842105263, -41935.0)
(557, 70.42381310462952, -704307.6842105263, -41935.0)
(558, 70.61121010780334, -704307.6842105263, -41935.0)
(559, 70.79445815086365, -704307.6842105263, -41935.0)
(560, 70.97580361366272, -704307.6842105263, -41935.0)
(561, 71.15590286254883, -704307.6842105263, -41935.0)
(562, 71.33776617050171, -704307.6842105263, -41935.0)
(563, 71.53065586090088, -704307.6842105263, -41935.0)
(564, 71.73330473899841, -704307.6842105263, -41935.0)
(565, 71.93509602546692, -704307.6842105263, -41935.0)
(566, 72.12607407569885, -704307.6842105263, -41935.0)
(567, 72.3190987110138, -704307.6842105263, -41935.0)
(568, 72.50738143920898, -704307.6842105263, -41935.0)
(569, 72.70888185501099, -704307.6842105263, -41935.0)
(570, 72.89774441719055, -704307.6842105263, -41935.0)
(571, 73.08217287063599, -704307.6842105263, -41935.0)
(572, 73.27733635902405, -704307.6842105263, -41935.0)
(573, 73.47290086746216, -704307.6842105263, -41935.0)
(574, 73.66490006446838, -704307.6842105263, -41935.0)
(575, 73.84833717346191, -704307.6842105263, -41935.0)
(576, 74.04398322105408, -704307.6842105263, -41935.0)
(577, 74.24198508262634, -704307.6842105263, -41935.0)
(578, 74.43149757385254, -704307.6842105263, -41935.0)
(579, 74.62011122703552, -704307.6842105263, -41935.0)
(580, 74.80682134628296, -704307.6842105263, -41935.0)
(581, 75.00406312942505, -704307.6842105263, -41935.0)
(582, 75.20443868637085, -704307.6842105263, -41935.0)
(583, 75.40095615386963, -704307.6842105263, -41935.0)
(584, 75.59289002418518, -704307.6842105263, -41935.0)
(585, 75.78700089454651, -704307.6842105263, -41935.0)
(586, 75.98580026626587, -704307.6842105263, -41935.0)
(587, 76.18864154815674, -704307.6842105263, -41935.0)
(588, 76.37676405906677, -704307.6842105263, -41935.0)
(589, 76.56839036941528, -704307.6842105263, -41935.0)
(590, 76.76401567459106, -704307.6842105263, -41935.0)
(591, 76.96015906333923, -704307.6842105263, -41935.0)
(592, 77.16895723342896, -704307.6842105263, -41935.0)
(593, 77.38006544113159, -704307.6842105263, -41935.0)
(594, 77.58242201805115, -704307.6842105263, -41935.0)
(595, 77.77993559837341, -704307.6842105263, -41935.0)
(596, 77.98288989067078, -704307.6842105263, -41935.0)
(597, 78.17555475234985, -704307.6842105263, -41935.0)
(598, 78.3714542388916, -704307.6842105263, -41935.0)
(599, 78.56750655174255, -704307.6842105263, -41935.0)
(600, 78.76787781715393, -704307.6842105263, -41935.0)
(601, 78.9641604423523, -704307.6842105263, -41935.0)
(602, 79.16585516929626, -704307.6842105263, -41935.0)
(603, 79.36679172515869, -704307.6842105263, -41935.0)
(604, 79.56247091293335, -704307.6842105263, -41935.0)
(605, 79.76561617851257, -704307.6842105263, -41935.0)
(606, 79.96364951133728, -704307.6842105263, -41935.0)
(607, 80.16011023521423, -704307.6842105263, -41935.0)
(608, 80.35725116729736, -704307.6842105263, -41935.0)
(609, 80.56075286865234, -704307.6842105263, -41935.0)
(610, 80.75491619110107, -704307.6842105263, -41935.0)
(611, 80.94880175590515, -704307.6842105263, -41935.0)
(612, 81.15442156791687, -704307.6842105263, -41935.0)
(613, 81.35076093673706, -704307.6842105263, -41935.0)
(614, 81.54776668548584, -704307.6842105263, -41935.0)
(615, 81.75065422058105, -704307.6842105263, -41935.0)
(616, 81.94855499267578, -704307.6842105263, -41935.0)
(617, 82.15505957603455, -704307.6842105263, -41935.0)
(618, 82.35749793052673, -704307.6842105263, -41935.0)
(619, 82.56292271614075, -704307.6842105263, -41935.0)
(620, 82.76057052612305, -704307.6842105263, -41935.0)
(621, 82.9610366821289, -704307.6842105263, -41935.0)
(622, 83.17121005058289, -704307.6842105263, -41935.0)
(623, 83.37124228477478, -704307.6842105263, -41935.0)
(624, 83.57183146476746, -704307.6842105263, -41935.0)
(625, 83.78175187110901, -704307.6842105263, -41935.0)
(626, 83.99411368370056, -704307.6842105263, -41935.0)
(627, 84.19630002975464, -704307.6842105263, -41935.0)
(628, 84.39276766777039, -704307.6842105263, -41935.0)
(629, 84.60951519012451, -704307.6842105263, -41935.0)
(630, 84.83207678794861, -704307.6842105263, -41935.0)
(631, 85.04011249542236, -704307.6842105263, -41935.0)
(632, 85.27592897415161, -704307.6842105263, -41935.0)
(633, 85.4896719455719, -704307.6842105263, -41935.0)
(634, 85.70764327049255, -704307.6842105263, -41935.0)
(635, 85.91693902015686, -704307.6842105263, -41935.0)
(636, 86.140549659729, -704307.6842105263, -41935.0)
(637, 86.36333775520325, -704307.6842105263, -41935.0)
(638, 86.57337498664856, -704307.6842105263, -41935.0)
(639, 86.79482007026672, -704307.6842105263, -41935.0)
(640, 87.01412224769592, -704307.6842105263, -41935.0)
(641, 87.22634434700012, -704307.6842105263, -41935.0)
(642, 87.43421530723572, -704307.6842105263, -41935.0)
(643, 87.64113259315491, -704307.6842105263, -41935.0)
(644, 87.85131502151489, -704307.6842105263, -41935.0)
(645, 88.07068920135498, -704307.6842105263, -41935.0)
(646, 88.29985880851746, -704307.6842105263, -41935.0)
(647, 88.51357984542847, -704307.6842105263, -41935.0)
(648, 88.736013174057, -704307.6842105263, -41935.0)
(649, 88.96067976951599, -704307.6842105263, -41935.0)
(650, 89.17039036750793, -704307.6842105263, -41935.0)
(651, 89.37452673912048, -704307.6842105263, -41935.0)
(652, 89.58687043190002, -704307.6842105263, -41935.0)
(653, 89.79242300987244, -704307.6842105263, -41935.0)
(654, 89.9973030090332, -704307.6842105263, -41935.0)
(655, 90.20180773735046, -704307.6842105263, -41935.0)
(656, 90.41411972045898, -704307.6842105263, -41935.0)
(657, 90.62224960327148, -704307.6842105263, -41935.0)
(658, 90.83035850524902, -704307.6842105263, -41935.0)
(659, 91.04368185997009, -704307.6842105263, -41935.0)
(660, 91.25556755065918, -704307.6842105263, -41935.0)
(661, 91.4664089679718, -704307.6842105263, -41935.0)
(662, 91.6953375339508, -704307.6842105263, -41935.0)
(663, 91.90911674499512, -704307.6842105263, -41935.0)
(664, 92.13529086112976, -704307.6842105263, -41935.0)
(665, 92.35649585723877, -704307.6842105263, -41935.0)
(666, 92.56976079940796, -704307.6842105263, -41935.0)
(667, 92.78390860557556, -704307.6842105263, -41935.0)
(668, 92.99842929840088, -704307.6842105263, -41935.0)
(669, 93.20807218551636, -704307.6842105263, -41935.0)
(670, 93.42274403572083, -704307.6842105263, -41935.0)
(671, 93.64070153236389, -704307.6842105263, -41935.0)
(672, 93.85603046417236, -704307.6842105263, -41935.0)
(673, 94.07443404197693, -704307.6842105263, -41935.0)
(674, 94.29942584037781, -704307.6842105263, -41935.0)
(675, 94.51779508590698, -704307.6842105263, -41935.0)
(676, 94.73660182952881, -704307.6842105263, -41935.0)
(677, 94.94987869262695, -704307.6842105263, -41935.0)
(678, 95.19831252098083, -704307.6842105263, -41935.0)
(679, 95.40992093086243, -704307.6842105263, -41935.0)
(680, 95.6296238899231, -704307.6842105263, -41935.0)
(681, 95.86273431777954, -704307.6842105263, -41935.0)
(682, 96.0798773765564, -704307.6842105263, -41935.0)
(683, 96.29383492469788, -704307.6842105263, -41935.0)
(684, 96.51402401924133, -704307.6842105263, -41935.0)
(685, 96.72413969039917, -704307.6842105263, -41935.0)
(686, 96.94847750663757, -704307.6842105263, -41935.0)
(687, 97.16677451133728, -704307.6842105263, -41935.0)
(688, 97.39413189888, -704307.6842105263, -41935.0)
(689, 97.61648273468018, -704307.6842105263, -41935.0)
(690, 97.84259390830994, -704307.6842105263, -41935.0)
(691, 98.05652236938477, -704307.6842105263, -41935.0)
(692, 98.27669763565063, -704307.6842105263, -41935.0)
(693, 98.49329948425293, -704307.6842105263, -41935.0)
(694, 98.71295475959778, -704307.6842105263, -41935.0)
(695, 98.93422365188599, -704307.6842105263, -41935.0)
(696, 99.14549827575684, -704307.6842105263, -41935.0)
(697, 99.3630998134613, -704307.6842105263, -41935.0)
(698, 99.59466648101807, -704307.6842105263, -41935.0)
(699, 99.81242227554321, -704307.6842105263, -41935.0)
(700, 100.03128743171692, -704307.6842105263, -41935.0)
(701, 100.25741291046143, -704307.6842105263, -41935.0)
(702, 100.48724889755249, -704307.6842105263, -41935.0)
(703, 100.73493957519531, -704307.6842105263, -41935.0)
(704, 100.96736860275269, -704307.6842105263, -41935.0)
(705, 101.1975622177124, -704307.6842105263, -41935.0)
(706, 101.4284770488739, -704307.6842105263, -41935.0)
(707, 101.65593576431274, -704307.6842105263, -41935.0)
(708, 101.87204313278198, -704307.6842105263, -41935.0)
(709, 102.09119319915771, -704307.6842105263, -41935.0)
(710, 102.32355904579163, -704307.6842105263, -41935.0)
(711, 102.54618835449219, -704307.6842105263, -41935.0)
(712, 102.7769889831543, -704307.6842105263, -41935.0)
(713, 102.99985408782959, -704307.6842105263, -41935.0)
(714, 103.22359657287598, -704307.6842105263, -41935.0)
(715, 103.45880722999573, -704307.6842105263, -41935.0)
(716, 103.68184757232666, -704307.6842105263, -41935.0)
(717, 103.91516518592834, -704307.6842105263, -41935.0)
(718, 104.1573839187622, -704307.6842105263, -41935.0)
(719, 104.39058804512024, -704307.6842105263, -41935.0)
(720, 104.62107729911804, -704307.6842105263, -41935.0)
(721, 104.84770488739014, -704307.6842105263, -41935.0)
(722, 105.0672059059143, -704307.6842105263, -41935.0)
(723, 105.30404329299927, -704307.6842105263, -41935.0)
(724, 105.53230619430542, -704307.6842105263, -41935.0)
(725, 105.75718140602112, -704307.6842105263, -41935.0)
(726, 105.99373888969421, -704307.6842105263, -41935.0)
(727, 106.24523830413818, -704307.6842105263, -41935.0)
(728, 106.47089290618896, -704307.6842105263, -41935.0)
(729, 106.70708632469177, -704307.6842105263, -41935.0)
(730, 106.94463038444519, -704307.6842105263, -41935.0)
(731, 107.18168234825134, -704307.6842105263, -41935.0)
(732, 107.41858506202698, -704307.6842105263, -41935.0)
(733, 107.6563355922699, -704307.6842105263, -41935.0)
(734, 107.89320755004883, -704307.6842105263, -41935.0)
(735, 108.12363886833191, -704307.6842105263, -41935.0)
(736, 108.35534429550171, -704307.6842105263, -41935.0)
(737, 108.58202505111694, -704307.6842105263, -41935.0)
(738, 108.81480669975281, -704307.6842105263, -41935.0)
(739, 109.06345653533936, -704307.6842105263, -41935.0)
(740, 109.3026020526886, -704307.6842105263, -41935.0)
(741, 109.53373575210571, -704307.6842105263, -41935.0)
(742, 109.79394912719727, -704307.6842105263, -41935.0)
(743, 110.03270435333252, -704307.6842105263, -41935.0)
(744, 110.28076171875, -704307.6842105263, -41935.0)
(745, 110.51879453659058, -704307.6842105263, -41935.0)
(746, 110.76314973831177, -704307.6842105263, -41935.0)
(747, 110.99130487442017, -704307.6842105263, -41935.0)
(748, 111.23909282684326, -704307.6842105263, -41935.0)
(749, 111.48502826690674, -704307.6842105263, -41935.0)
(750, 111.71997857093811, -704307.6842105263, -41935.0)
(751, 111.96012210845947, -704307.6842105263, -41935.0)
(752, 112.20131921768188, -704307.6842105263, -41935.0)
(753, 112.44137954711914, -704307.6842105263, -41935.0)
(754, 112.6885576248169, -704307.6842105263, -41935.0)
(755, 112.92156791687012, -704307.6842105263, -41935.0)
(756, 113.15757369995117, -704307.6842105263, -41935.0)
(757, 113.3902223110199, -704307.6842105263, -41935.0)
(758, 113.63948941230774, -704307.6842105263, -41935.0)
(759, 113.88298559188843, -704307.6842105263, -41935.0)
(760, 114.11741089820862, -704307.6842105263, -41935.0)
(761, 114.36701440811157, -704307.6842105263, -41935.0)
(762, 114.60721945762634, -704307.6842105263, -41935.0)
(763, 114.8450391292572, -704307.6842105263, -41935.0)
(764, 115.08248615264893, -704307.6842105263, -41935.0)
(765, 115.32373476028442, -704307.6842105263, -41935.0)
(766, 115.57292413711548, -704307.6842105263, -41935.0)
(767, 115.8099377155304, -704307.6842105263, -41935.0)
(768, 116.05209279060364, -704307.6842105263, -41935.0)
(769, 116.3068368434906, -704307.6842105263, -41935.0)
(770, 116.53761124610901, -704307.6842105263, -41935.0)
(771, 116.77070713043213, -704307.6842105263, -41935.0)
(772, 117.01472067832947, -704307.6842105263, -41935.0)
(773, 117.2765326499939, -704307.6842105263, -41935.0)
(774, 117.53085613250732, -704307.6842105263, -41935.0)
(775, 117.79565167427063, -704307.6842105263, -41935.0)
(776, 118.05014181137085, -704307.6842105263, -41935.0)
(777, 118.30563163757324, -704307.6842105263, -41935.0)
(778, 118.57580399513245, -704307.6842105263, -41935.0)
(779, 118.8255774974823, -704307.6842105263, -41935.0)
(780, 119.07399797439575, -704307.6842105263, -41935.0)
(781, 119.32680463790894, -704307.6842105263, -41935.0)
(782, 119.57925796508789, -704307.6842105263, -41935.0)
(783, 119.83077836036682, -704307.6842105263, -41935.0)
(784, 120.07639527320862, -704307.6842105263, -41935.0)
(785, 120.33458852767944, -704307.6842105263, -41935.0)
(786, 120.59534072875977, -704307.6842105263, -41935.0)
(787, 120.84228134155273, -704307.6842105263, -41935.0)
(788, 121.07735085487366, -704307.6842105263, -41935.0)
(789, 121.33816266059875, -704307.6842105263, -41935.0)
(790, 121.58084893226624, -704307.6842105263, -41935.0)
(791, 121.83459186553955, -704307.6842105263, -41935.0)
(792, 122.10450744628906, -704307.6842105263, -41935.0)
(793, 122.35530924797058, -704307.6842105263, -41935.0)
(794, 122.6124963760376, -704307.6842105263, -41935.0)
(795, 122.86198449134827, -704307.6842105263, -41935.0)
(796, 123.1189513206482, -704307.6842105263, -41935.0)
(797, 123.37542414665222, -704307.6842105263, -41935.0)
(798, 123.62989807128906, -704307.6842105263, -41935.0)
(799, 123.89102673530579, -704307.6842105263, -41935.0)
(800, 124.15046453475952, -704307.6842105263, -41935.0)
(801, 124.40172076225281, -704307.6842105263, -41935.0)
(802, 124.65001368522644, -704307.6842105263, -41935.0)
(803, 124.90691304206848, -704307.6842105263, -41935.0)
(804, 125.17093515396118, -704307.6842105263, -41935.0)
(805, 125.4191677570343, -704307.6842105263, -41935.0)
(806, 125.66426301002502, -704307.6842105263, -41935.0)
(807, 125.9202470779419, -704307.6842105263, -41935.0)
(808, 126.16649866104126, -704307.6842105263, -41935.0)
(809, 126.41039443016052, -704307.6842105263, -41935.0)
(810, 126.66441106796265, -704307.6842105263, -41935.0)
(811, 126.9403247833252, -704307.6842105263, -41935.0)
(812, 127.22714877128601, -704307.6842105263, -41935.0)
(813, 127.50105690956116, -704307.6842105263, -41935.0)
(814, 127.76225590705872, -704307.6842105263, -41935.0)
(815, 128.01743960380554, -704307.6842105263, -41935.0)
(816, 128.27948784828186, -704307.6842105263, -41935.0)
(817, 128.53976106643677, -704307.6842105263, -41935.0)
(818, 128.80085349082947, -704307.6842105263, -41935.0)
(819, 129.0513014793396, -704307.6842105263, -41935.0)
(820, 129.31063389778137, -704307.6842105263, -41935.0)
(821, 129.57415556907654, -704307.6842105263, -41935.0)
(822, 129.82812094688416, -704307.6842105263, -41935.0)
(823, 130.09481000900269, -704307.6842105263, -41935.0)
(824, 130.3430256843567, -704307.6842105263, -41935.0)
(825, 130.59846353530884, -704307.6842105263, -41935.0)
(826, 130.86262249946594, -704307.6842105263, -41935.0)
(827, 131.13565063476562, -704307.6842105263, -41935.0)
(828, 131.3887710571289, -704307.6842105263, -41935.0)
(829, 131.65108036994934, -704307.6842105263, -41935.0)
(830, 131.91527128219604, -704307.6842105263, -41935.0)
(831, 132.17250967025757, -704307.6842105263, -41935.0)
(832, 132.42946767807007, -704307.6842105263, -41935.0)
(833, 132.70415568351746, -704307.6842105263, -41935.0)
(834, 132.9578456878662, -704307.6842105263, -41935.0)
(835, 133.21857023239136, -704307.6842105263, -41935.0)
(836, 133.50956559181213, -704307.6842105263, -41935.0)
(837, 133.78131318092346, -704307.6842105263, -41935.0)
(838, 134.0371458530426, -704307.6842105263, -41935.0)
(839, 134.30087780952454, -704307.6842105263, -41935.0)
(840, 134.5565791130066, -704307.6842105263, -41935.0)
(841, 134.82833218574524, -704307.6842105263, -41935.0)
(842, 135.10723853111267, -704307.6842105263, -41935.0)
(843, 135.3770706653595, -704307.6842105263, -41935.0)
(844, 135.65010952949524, -704307.6842105263, -41935.0)
(845, 135.9149489402771, -704307.6842105263, -41935.0)
(846, 136.17882752418518, -704307.6842105263, -41935.0)
(847, 136.45009446144104, -704307.6842105263, -41935.0)
(848, 136.71435832977295, -704307.6842105263, -41935.0)
(849, 136.9798710346222, -704307.6842105263, -41935.0)
(850, 137.2335512638092, -704307.6842105263, -41935.0)
(851, 137.49137568473816, -704307.6842105263, -41935.0)
(852, 137.7583873271942, -704307.6842105263, -41935.0)
(853, 138.02305102348328, -704307.6842105263, -41935.0)
(854, 138.2928545475006, -704307.6842105263, -41935.0)
(855, 138.55507588386536, -704307.6842105263, -41935.0)
(856, 138.82274389266968, -704307.6842105263, -41935.0)
(857, 139.07626914978027, -704307.6842105263, -41935.0)
(858, 139.33620643615723, -704307.6842105263, -41935.0)
(859, 139.61092877388, -704307.6842105263, -41935.0)
(860, 139.88214707374573, -704307.6842105263, -41935.0)
(861, 140.15103435516357, -704307.6842105263, -41935.0)
(862, 140.43771886825562, -704307.6842105263, -41935.0)
(863, 140.71404480934143, -704307.6842105263, -41935.0)
(864, 140.98031735420227, -704307.6842105263, -41935.0)
(865, 141.24706268310547, -704307.6842105263, -41935.0)
(866, 141.5080795288086, -704307.6842105263, -41935.0)
(867, 141.76679754257202, -704307.6842105263, -41935.0)
(868, 142.04418396949768, -704307.6842105263, -41935.0)
(869, 142.3428556919098, -704307.6842105263, -41935.0)
(870, 142.61874079704285, -704307.6842105263, -41935.0)
(871, 142.92168068885803, -704307.6842105263, -41935.0)
(872, 143.20495200157166, -704307.6842105263, -41935.0)
(873, 143.48256134986877, -704307.6842105263, -41935.0)
(874, 143.76407027244568, -704307.6842105263, -41935.0)
(875, 144.04492712020874, -704307.6842105263, -41935.0)
(876, 144.32653546333313, -704307.6842105263, -41935.0)
(877, 144.60490441322327, -704307.6842105263, -41935.0)
(878, 144.8932008743286, -704307.6842105263, -41935.0)
(879, 145.1743564605713, -704307.6842105263, -41935.0)
(880, 145.46658396720886, -704307.6842105263, -41935.0)
(881, 145.74156594276428, -704307.6842105263, -41935.0)
(882, 146.01282715797424, -704307.6842105263, -41935.0)
(883, 146.29155158996582, -704307.6842105263, -41935.0)
(884, 146.57080721855164, -704307.6842105263, -41935.0)
(885, 146.86103510856628, -704307.6842105263, -41935.0)
(886, 147.16140294075012, -704307.6842105263, -41935.0)
(887, 147.44415044784546, -704307.6842105263, -41935.0)
(888, 147.72575306892395, -704307.6842105263, -41935.0)
(889, 147.99492502212524, -704307.6842105263, -41935.0)
(890, 148.26030015945435, -704307.6842105263, -41935.0)
(891, 148.5730664730072, -704307.6842105263, -41935.0)
(892, 148.86183381080627, -704307.6842105263, -41935.0)
(893, 149.14989566802979, -704307.6842105263, -41935.0)
(894, 149.416499376297, -704307.6842105263, -41935.0)
(895, 149.68714833259583, -704307.6842105263, -41935.0)
(896, 149.95468497276306, -704307.6842105263, -41935.0)
(897, 150.2313675880432, -704307.6842105263, -41935.0)
(898, 150.52864623069763, -704307.6842105263, -41935.0)
(899, 150.8076615333557, -704307.6842105263, -41935.0)
(900, 151.11938571929932, -704307.6842105263, -41935.0)
(901, 151.41435265541077, -704307.6842105263, -41935.0)
(902, 151.7049102783203, -704307.6842105263, -41935.0)
(903, 151.9905047416687, -704307.6842105263, -41935.0)
(904, 152.2707359790802, -704307.6842105263, -41935.0)
(905, 152.5591549873352, -704307.6842105263, -41935.0)
(906, 152.86154651641846, -704307.6842105263, -41935.0)
(907, 153.15603494644165, -704307.6842105263, -41935.0)
(908, 153.43974208831787, -704307.6842105263, -41935.0)
(909, 153.72854256629944, -704307.6842105263, -41935.0)
(910, 154.00399470329285, -704307.6842105263, -41935.0)
(911, 154.3002314567566, -704307.6842105263, -41935.0)
(912, 154.58653450012207, -704307.6842105263, -41935.0)
(913, 154.87146091461182, -704307.6842105263, -41935.0)
(914, 155.16100358963013, -704307.6842105263, -41935.0)
(915, 155.45520853996277, -704307.6842105263, -41935.0)
(916, 155.72878646850586, -704307.6842105263, -41935.0)
(917, 156.0273404121399, -704307.6842105263, -41935.0)
(918, 156.31183743476868, -704307.6842105263, -41935.0)
(919, 156.5902144908905, -704307.6842105263, -41935.0)
(920, 156.87480473518372, -704307.6842105263, -41935.0)
(921, 157.18181085586548, -704307.6842105263, -41935.0)
(922, 157.49155926704407, -704307.6842105263, -41935.0)
(923, 157.77563858032227, -704307.6842105263, -41935.0)
(924, 158.06752753257751, -704307.6842105263, -41935.0)
(925, 158.3895788192749, -704307.6842105263, -41935.0)
(926, 158.6903054714203, -704307.6842105263, -41935.0)
(927, 158.98923587799072, -704307.6842105263, -41935.0)
(928, 159.28411960601807, -704307.6842105263, -41935.0)
(929, 159.57157707214355, -704307.6842105263, -41935.0)
(930, 159.87465071678162, -704307.6842105263, -41935.0)
(931, 160.15759348869324, -704307.6842105263, -41935.0)
(932, 160.44965147972107, -704307.6842105263, -41935.0)
(933, 160.7489356994629, -704307.6842105263, -41935.0)
(934, 161.03238129615784, -704307.6842105263, -41935.0)
(935, 161.3335461616516, -704307.6842105263, -41935.0)
(936, 161.62995052337646, -704307.6842105263, -41935.0)
(937, 161.92717027664185, -704307.6842105263, -41935.0)
(938, 162.23014974594116, -704307.6842105263, -41935.0)
(939, 162.55371046066284, -704307.6842105263, -41935.0)
(940, 162.85109281539917, -704307.6842105263, -41935.0)
(941, 163.1646659374237, -704307.6842105263, -41935.0)
(942, 163.46822452545166, -704307.6842105263, -41935.0)
(943, 163.7526080608368, -638287.052631579, -41935.0)
(944, 164.0355100631714, -638287.052631579, -41935.0)
(945, 164.31761598587036, -638287.052631579, -41935.0)
(946, 164.5957956314087, -638287.052631579, -41935.0)
(947, 164.87460446357727, -638287.052631579, -41935.0)
(948, 165.15614891052246, -638287.052631579, -41935.0)
(949, 165.47292017936707, -638287.052631579, -41935.0)
(950, 165.75816535949707, -638287.052631579, -41935.0)
(951, 166.0454421043396, -638287.052631579, -41935.0)
(952, 166.32667756080627, -638287.052631579, -41935.0)
(953, 166.61066484451294, -638287.052631579, -41935.0)
(954, 166.89963459968567, -638287.052631579, -41935.0)
(955, 167.18393540382385, -638287.052631579, -41935.0)
(956, 167.46306586265564, -638287.052631579, -41935.0)
(957, 167.74974274635315, -638287.052631579, -41935.0)
(958, 168.03772449493408, -638287.052631579, -41935.0)
(959, 168.32189226150513, -638287.052631579, -41935.0)
(960, 168.6142716407776, -638287.052631579, -41935.0)
(961, 168.90057969093323, -638287.052631579, -41935.0)
(962, 169.20395827293396, -638287.052631579, -41935.0)
(963, 169.494446516037, -638287.052631579, -41935.0)
(964, 169.79223561286926, -638287.052631579, -41935.0)
(965, 170.08311676979065, -638287.052631579, -41935.0)
(966, 170.3732008934021, -638287.052631579, -41935.0)
(967, 170.66693544387817, -638287.052631579, -41935.0)
(968, 170.955078125, -638287.052631579, -41935.0)
(969, 171.24228048324585, -638287.052631579, -41935.0)
(970, 171.5391719341278, -638287.052631579, -41935.0)
(971, 171.82593846321106, -638287.052631579, -41935.0)
(972, 172.1219334602356, -638287.052631579, -41935.0)
(973, 172.41527104377747, -638287.052631579, -41935.0)
(974, 172.70249605178833, -638287.052631579, -41935.0)
(975, 172.99768137931824, -638287.052631579, -41935.0)
(976, 173.28572392463684, -638287.052631579, -41935.0)
(977, 173.57401871681213, -638287.052631579, -41935.0)
(978, 173.88270545005798, -638287.052631579, -41935.0)
(979, 174.17875838279724, -638287.052631579, -41935.0)
(980, 174.47604775428772, -638287.052631579, -41935.0)
(981, 174.76884531974792, -638287.052631579, -41935.0)
(982, 175.0683560371399, -638287.052631579, -41935.0)
(983, 175.3720259666443, -638287.052631579, -41935.0)
(984, 175.66858983039856, -638287.052631579, -41935.0)
(985, 175.9682812690735, -638287.052631579, -41935.0)
(986, 176.27230262756348, -638287.052631579, -41935.0)
(987, 176.57311248779297, -638287.052631579, -41935.0)
(988, 176.87643122673035, -638287.052631579, -41935.0)
(989, 177.17520666122437, -638287.052631579, -41935.0)
(990, 177.48608899116516, -638287.052631579, -41935.0)
(991, 177.7819221019745, -638287.052631579, -41935.0)
(992, 178.0797882080078, -638287.052631579, -41935.0)
(993, 178.3837013244629, -638287.052631579, -41935.0)
(994, 178.6977596282959, -638287.052631579, -41935.0)
(995, 178.99877214431763, -638287.052631579, -41935.0)
(996, 179.2976791858673, -638287.052631579, -41935.0)
(997, 179.59668612480164, -638287.052631579, -41935.0)
(998, 179.89286088943481, -638287.052631579, -41935.0)
(999, 180.19112753868103, -638287.052631579, -41935.0)
(1000, 180.50028896331787, -638287.052631579, -41935.0)
