(1, 0.027940988540649414, -171668.0, -7085.0)
(2, 0.07214689254760742, -67314.53175643452, -7085.0)
(3, 0.11037445068359375, -33515.558615124486, -7085.0)
(4, 0.1504964828491211, -20638.024715486663, -7085.0)
(5, 0.19325947761535645, -16386.09088958586, -7085.0)
(6, 0.24030423164367676, -14178.210579664928, -7085.0)
(7, 0.2903268337249756, -11512.463173896907, -10370.0)
(8, 0.34113144874572754, -10712.738952163234, -10370.0)
(9, 0.3913905620574951, -10472.821685649, -10370.0)
(10, 0.4412345886230469, -10400.846505694399, -10370.0)
(11, 0.49359607696533203, -10379.25395170831, -10370.0)
(12, 0.5467915534973145, -10372.776185500918, -10370.0)
(13, 0.5986723899841309, -10370.832855639896, -10370.0)
(14, 0.6524093151092529, -10370.249856690887, -10370.0)
(15, 0.7058846950531006, -10370.074957006824, -10370.0)
(16, 0.7592992782592773, -10370.022487017965, -10370.0)
(17, 0.811617374420166, -10370.002974126694, -10370.0)
(18, 0.8685312271118164, -10370.000890983672, -10370.0)
