(1, 0.06637096405029297, -146873.0, -10193.0)
(2, 0.14543843269348145, -69926.41819429769, -10193.0)
(3, 0.21232295036315918, -40750.67285051701, -10193.0)
(4, 0.2807650566101074, -25190.87620697303, -10193.0)
(5, 0.3529019355773926, -17477.405809867872, -10193.0)
(6, 0.4339137077331543, -15179.826916417142, -10193.0)
(7, 0.5180633068084717, -13642.078184593225, -10193.0)
(8, 0.6029751300811768, -12511.704232059383, -10193.0)
(9, 0.6911358833312988, -11721.611269617071, -11383.0)
(10, 0.7779374122619629, -11484.583380885093, -11383.0)
(11, 0.8634607791900635, -11413.475014265468, -11383.0)
(12, 0.951448917388916, -11392.142504279593, -11383.0)
(13, 1.039884328842163, -11385.742751272699, -11383.0)
(14, 1.127410888671875, -11383.822825371331, -11383.0)
(15, 1.2159082889556885, -11383.246847611195, -11383.0)
(16, 1.305680513381958, -11383.074054283052, -11383.0)
(17, 1.3954873085021973, -11383.022216284135, -11383.0)
(18, 1.4861981868743896, -11383.006664880664, -11383.0)
(19, 1.5800371170043945, -11383.001999458438, -11383.0)
