(1, 0.18303203582763672, -654837.0, -70912.0)
(2, 0.3423888683319092, -415179.0869038577, -70912.0)
(3, 0.45984816551208496, -374086.47956065903, -70912.0)
(4, 0.5892422199249268, -334686.5845699315, -70912.0)
(5, 0.725560188293457, -305661.8276201943, -70912.0)
(6, 0.8601028919219971, -277916.5436870643, -70912.0)
(7, 1.0014727115631104, -240986.30843729133, -70912.0)
(8, 1.1354625225067139, -194095.53532871377, -70912.0)
(9, 1.2765083312988281, -170206.93829605912, -70912.0)
(10, 1.4726488590240479, -170206.93829605912, -70912.0)
(11, 1.7601451873779297, -170206.93829605912, -91327.60506329121)
(12, 2.0699543952941895, -136381.67529357248, -91353.8205430933)
(13, 2.468000888824463, -111221.57883880386, -91447.69960324162)
(14, 2.8549842834472656, -111221.57883880386, -91496.44960196539)
(15, 3.2757909297943115, -105852.34244880891, -91646.22596802292)
(16, 3.756796360015869, -105852.34244880891, -91695.59659868987)
(17, 4.270585536956787, -99483.08416758946, -91951.0059119779)
(18, 4.794954299926758, -99483.08416758946, -91965.0739131525)
(19, 5.432994365692139, -98440.05473003996, -92098.27922490753)
(20, 6.104196310043335, -97712.20726917125, -92240.10089623448)
(21, 6.823027849197388, -96534.07372659587, -92319.26149157272)
(22, 7.621878147125244, -96507.2487684323, -92371.25145298218)
(23, 8.445200681686401, -94751.96853070363, -92428.31672236587)
(24, 9.32686448097229, -94751.96853070363, -92478.70963935906)
(25, 10.437875509262085, -94233.8105314162, -92503.68224139603)
(26, 11.547381401062012, -93836.7518552964, -92522.43852238149)
(27, 12.783327341079712, -93836.7518552964, -92543.98367712877)
(28, 14.149170160293579, -93309.3682447632, -92569.44132109678)
(29, 15.700201272964478, -93309.3682447632, -92589.83877049979)
(30, 17.272621870040894, -93119.13299512699, -92634.69687761877)
(31, 19.12538170814514, -93119.13299512699, -92647.04435769301)
(32, 20.966874837875366, -92880.01197442136, -92652.35514478158)
(33, 23.077216148376465, -92823.31149910857, -92654.50243956255)
(34, 25.29143500328064, -92775.94143601063, -92658.85166149847)
(35, 27.505430936813354, -92775.94143601063, -92662.20716285505)
(36, 29.71513080596924, -92725.46180159549, -92666.58109487414)
(37, 31.620824813842773, -92684.83366759727, -92667.4216101697)
(38, 33.757989168167114, -92672.6452273985, -92667.42161016967)
(39, 35.902477979660034, -92668.98869534317, -92667.4216101695)
(40, 38.07246446609497, -92667.8917357221, -92667.42161017063)
(41, 40.127975940704346, -92667.5626478352, -92667.42161016945)
(42, 42.42173767089844, -92667.46392150354, -92667.42161016946)
(43, 44.637728691101074, -92667.43430357156, -92667.42161016945)
