(1, 0.027622222900390625, -293719.0, -20166.0)
(2, 0.05925488471984863, -155918.24567927647, -20166.0)
(3, 0.09487652778625488, -88879.25763384603, -20166.0)
(4, 0.12534523010253906, -57614.51598341276, -20166.0)
(5, 0.16766571998596191, -53707.94263105934, -20166.0)
(6, 0.21123290061950684, -50836.187109760824, -31452.0)
(7, 0.2754485607147217, -39730.29979857719, -31452.0)
(8, 0.336590051651001, -35518.27346968833, -31452.0)
(9, 0.3982715606689453, -33930.290893717036, -31452.0)
(10, 0.4644484519958496, -32380.14751291636, -31452.0)
(11, 0.5373501777648926, -31919.284419233667, -31452.0)
(12, 0.6085572242736816, -31605.800744426168, -31452.0)
(13, 0.6824436187744141, -31498.140223327893, -31452.0)
(14, 0.7604875564575195, -31498.140223327893, -31452.0)
(15, 0.8356995582580566, -31498.140223327893, -31452.0)
(16, 0.9135241508483887, -31465.84206699844, -31452.0)
(17, 0.9904344081878662, -31456.152620099587, -31452.0)
(18, 1.0706918239593506, -31453.24578602979, -31452.0)
(19, 1.1520516872406006, -31452.37373580879, -31452.0)
(20, 1.2335119247436523, -31452.11212074269, -31452.0)
(21, 1.3161230087280273, -31452.033636222342, -31452.0)
(22, 1.39937424659729, -31452.010090866726, -31452.0)
(23, 1.483720064163208, -31452.00302725995, -31452.0)
