(1, 0.047556161880493164, -129178.0, -9422.0)
(2, 0.09030008316040039, -126947.5172413793, -9422.0)
(3, 0.13335537910461426, -121217.5172413793, -9422.0)
(4, 0.17655730247497559, -119973.5, -9422.0)
(5, 0.2196955680847168, -113064.28, -9422.0)
(6, 0.26251220703125, -113064.28, -9422.0)
(7, 0.30555272102355957, -113064.28, -9422.0)
(8, 0.3483707904815674, -102613.66666666667, -9422.0)
(9, 0.3913283348083496, -95480.66666666667, -9422.0)
(10, 0.4347987174987793, -95480.66666666667, -9422.0)
(11, 0.4778859615325928, -95480.66666666667, -9422.0)
(12, 0.5208606719970703, -82671.86956521739, -9422.0)
(13, 0.5639832019805908, -82330.88888888889, -9422.0)
(14, 0.6070253849029541, -73487.57894736843, -9422.0)
(15, 0.649834394454956, -73487.57894736843, -9422.0)
(16, 0.6924424171447754, -73487.57894736843, -9422.0)
(17, 0.7344834804534912, -73487.57894736843, -9422.0)
(18, 0.7767693996429443, -73487.57894736843, -9422.0)
(19, 0.8198015689849854, -66683.8947368421, -9422.0)
(20, 0.8626382350921631, -66683.8947368421, -9422.0)
(21, 0.9042553901672363, -59102.68181818182, -9422.0)
(22, 0.9459874629974365, -54790.83333333333, -9422.0)
(23, 0.987769603729248, -54790.83333333333, -9422.0)
(24, 1.0295028686523438, -51267.125, -9422.0)
(25, 1.0709855556488037, -43677.82352941176, -9422.0)
(26, 1.1124615669250488, -43677.82352941176, -9422.0)
(27, 1.1538536548614502, -39487.0, -9422.0)
(28, 1.1956372261047363, -33501.71428571429, -9422.0)
(29, 1.2374091148376465, -33501.71428571429, -9422.0)
(30, 1.2786948680877686, -33501.71428571429, -9422.0)
(31, 1.3191604614257812, -32524.8, -9422.0)
(32, 1.359062671661377, -25094.384615384617, -9422.0)
(33, 1.3988556861877441, -20332.57894736842, -9422.0)
(34, 1.4387214183807373, -20332.57894736842, -9422.0)
(35, 1.478592872619629, -16413.25, -9422.0)
(36, 1.5187573432922363, -15636.444444444445, -9422.0)
(37, 1.5588939189910889, -15636.444444444445, -9422.0)
(38, 1.5989129543304443, -15636.444444444445, -9422.0)
(39, 1.6390750408172607, -15152.444444444445, -9422.0)
(40, 1.679311990737915, -15152.444444444445, -9422.0)
(41, 1.7195756435394287, -15152.444444444445, -9422.0)
(42, 1.7601673603057861, -15152.444444444445, -9422.0)
(43, 1.8006713390350342, -15152.444444444445, -9422.0)
(44, 1.8410334587097168, -15152.444444444445, -9422.0)
(45, 1.8824663162231445, -15152.444444444445, -9422.0)
(46, 1.9232933521270752, -15152.444444444445, -9422.0)
(47, 1.963944911956787, -15152.444444444445, -9422.0)
(48, 2.0053329467773438, -15152.444444444445, -9422.0)
(49, 2.047779083251953, -15152.444444444445, -9422.0)
(50, 2.0936291217803955, -15152.444444444445, -9422.0)
(51, 2.1349072456359863, -15152.444444444445, -9422.0)
(52, 2.1764063835144043, -15152.444444444445, -9422.0)
(53, 2.2179856300354004, -15152.444444444445, -9422.0)
(54, 2.2627501487731934, -15152.444444444445, -9422.0)
(55, 2.3089029788970947, -15152.444444444445, -9422.0)
(56, 2.3587088584899902, -15152.444444444445, -9422.0)
(57, 2.411074638366699, -15152.444444444445, -9422.0)
(58, 2.457719087600708, -15152.444444444445, -9422.0)
(59, 2.504117727279663, -15098.666666666666, -9422.0)
(60, 2.548240900039673, -15098.666666666666, -9422.0)
(61, 2.5941364765167236, -15098.666666666666, -9422.0)
(62, 2.643637180328369, -14556.444444444445, -9422.0)
(63, 2.689391851425171, -14312.0, -9422.0)
(64, 2.7344934940338135, -14312.0, -9422.0)
(65, 2.7795252799987793, -14312.0, -9422.0)
(66, 2.847545623779297, -12052.0, -11908.0)
(67, 2.896895170211792, -11919.0, -11919.0)
(68, 2.943343162536621, -11919.0, -11919.0)
