(1, 0.0690619945526123, -393006.0, -23555.0)
(2, 0.13291692733764648, -393006.0, -23555.0)
(3, 0.19672083854675293, -393006.0, -23555.0)
(4, 0.2605109214782715, -393006.0, -23555.0)
(5, 0.3248932361602783, -393006.0, -23555.0)
(6, 0.3887753486633301, -393006.0, -23555.0)
(7, 0.45278072357177734, -393006.0, -23555.0)
(8, 0.5164656639099121, -393006.0, -23555.0)
(9, 0.5802648067474365, -393006.0, -23555.0)
(10, 0.6444056034088135, -393006.0, -23555.0)
(11, 0.723527193069458, -390110.24, -23555.0)
(12, 0.7899651527404785, -386828.75, -23555.0)
(13, 0.8562474250793457, -386828.75, -23555.0)
(14, 0.920943021774292, -386828.75, -23555.0)
(15, 0.9854123592376709, -386828.75, -23555.0)
(16, 1.0505754947662354, -386828.75, -23555.0)
(17, 1.1151926517486572, -386828.75, -23555.0)
(18, 1.1793994903564453, -386828.75, -23555.0)
(19, 1.2429442405700684, -386828.75, -23555.0)
(20, 1.3073668479919434, -365751.0, -23555.0)
(21, 1.3737189769744873, -365751.0, -23555.0)
(22, 1.4409193992614746, -365751.0, -23555.0)
(23, 1.5059401988983154, -365751.0, -23555.0)
(24, 1.569453239440918, -365751.0, -23555.0)
(25, 1.633054494857788, -365751.0, -23555.0)
(26, 1.6963655948638916, -365751.0, -23555.0)
(27, 1.7592837810516357, -365751.0, -23555.0)
(28, 1.8222126960754395, -365751.0, -23555.0)
(29, 1.8841474056243896, -332078.75, -23555.0)
(30, 1.9447572231292725, -323029.77777777775, -23555.0)
(31, 2.005293130874634, -323029.77777777775, -23555.0)
(32, 2.0658152103424072, -323029.77777777775, -23555.0)
(33, 2.1266610622406006, -323029.77777777775, -23555.0)
(34, 2.186819076538086, -323029.77777777775, -23555.0)
(35, 2.2460618019104004, -323029.77777777775, -23555.0)
(36, 2.305417060852051, -323029.77777777775, -23555.0)
(37, 2.3664095401763916, -323029.77777777775, -23555.0)
(38, 2.426935911178589, -323029.77777777775, -23555.0)
(39, 2.4880282878875732, -323029.77777777775, -23555.0)
(40, 2.5492632389068604, -323029.77777777775, -23555.0)
(41, 2.6100196838378906, -323029.77777777775, -23555.0)
(42, 2.6708614826202393, -323029.77777777775, -23555.0)
(43, 2.7311782836914062, -323029.77777777775, -23555.0)
(44, 2.7916407585144043, -323029.77777777775, -23555.0)
(45, 2.8529205322265625, -319562.64, -23555.0)
(46, 2.9144458770751953, -301011.92307692306, -23555.0)
(47, 2.9785265922546387, -301011.92307692306, -23555.0)
(48, 3.0418732166290283, -301011.92307692306, -23555.0)
(49, 3.10455060005188, -301011.92307692306, -23555.0)
(50, 3.1664254665374756, -301011.92307692306, -23555.0)
(51, 3.227543354034424, -295792.2962962963, -23555.0)
(52, 3.2893319129943848, -295792.2962962963, -23555.0)
(53, 3.3478050231933594, -295792.2962962963, -23555.0)
(54, 3.4081592559814453, -295792.2962962963, -23555.0)
(55, 3.4677934646606445, -295792.2962962963, -23555.0)
(56, 3.527425765991211, -295792.2962962963, -23555.0)
(57, 3.586200714111328, -295792.2962962963, -23555.0)
(58, 3.6456549167633057, -295792.2962962963, -23555.0)
(59, 3.7061522006988525, -295792.2962962963, -23555.0)
(60, 3.764983892440796, -282726.76470588235, -23555.0)
(61, 3.8226327896118164, -245299.92307692306, -23555.0)
(62, 3.8798534870147705, -245299.92307692306, -23555.0)
(63, 3.93658447265625, -245299.92307692306, -23555.0)
(64, 3.9925570487976074, -245299.92307692306, -23555.0)
(65, 4.048463582992554, -245299.92307692306, -23555.0)
(66, 4.10657811164856, -245299.92307692306, -23555.0)
(67, 4.162348508834839, -245299.92307692306, -23555.0)
(68, 4.2190940380096436, -245299.92307692306, -23555.0)
(69, 4.275436878204346, -245299.92307692306, -23555.0)
(70, 4.334264755249023, -245299.92307692306, -23555.0)
(71, 4.391656160354614, -245299.92307692306, -23555.0)
(72, 4.4474406242370605, -245299.92307692306, -23555.0)
(73, 4.504542827606201, -245299.92307692306, -23555.0)
(74, 4.562526702880859, -232718.36, -23555.0)
(75, 4.622552394866943, -232718.36, -23555.0)
(76, 4.684178113937378, -232718.36, -23555.0)
(77, 4.745244979858398, -232718.36, -23555.0)
(78, 4.805928945541382, -232718.36, -23555.0)
(79, 4.864114761352539, -232718.36, -23555.0)
(80, 4.921590089797974, -232718.36, -23555.0)
(81, 4.9788429737091064, -232718.36, -23555.0)
(82, 5.036728382110596, -232718.36, -23555.0)
(83, 5.098507404327393, -232718.36, -23555.0)
(84, 5.158027648925781, -232718.36, -23555.0)
(85, 5.216712951660156, -232718.36, -23555.0)
(86, 5.273364782333374, -232718.36, -23555.0)
(87, 5.334954261779785, -232718.36, -23555.0)
(88, 5.394793272018433, -232718.36, -23555.0)
(89, 5.45234227180481, -232718.36, -23555.0)
(90, 5.509200096130371, -232718.36, -23555.0)
(91, 5.564834833145142, -232718.36, -23555.0)
(92, 5.621022462844849, -232718.36, -23555.0)
(93, 5.677954912185669, -232718.36, -23555.0)
(94, 5.73494553565979, -232718.36, -23555.0)
(95, 5.809788465499878, -220287.4772727273, -23555.0)
(96, 5.87467885017395, -220287.4772727273, -23555.0)
(97, 5.9362452030181885, -220287.4772727273, -23555.0)
(98, 5.997750520706177, -220287.4772727273, -23555.0)
(99, 6.05718731880188, -220287.4772727273, -23555.0)
(100, 6.127307176589966, -220287.4772727273, -23555.0)
(101, 6.187196969985962, -220287.4772727273, -23555.0)
(102, 6.242568016052246, -171503.8076923077, -23555.0)
(103, 6.299489498138428, -171503.8076923077, -23555.0)
(104, 6.354145288467407, -171503.8076923077, -23555.0)
(105, 6.408668756484985, -171503.8076923077, -23555.0)
(106, 6.462653636932373, -171503.8076923077, -23555.0)
(107, 6.516985177993774, -171503.8076923077, -23555.0)
(108, 6.572880506515503, -171503.8076923077, -23555.0)
(109, 6.62955641746521, -171503.8076923077, -23555.0)
(110, 6.685551404953003, -171503.8076923077, -23555.0)
(111, 6.740921974182129, -171503.8076923077, -23555.0)
(112, 6.796777963638306, -171503.8076923077, -23555.0)
(113, 6.852463722229004, -171503.8076923077, -23555.0)
(114, 6.907618045806885, -171503.8076923077, -23555.0)
(115, 6.964312791824341, -165557.38095238095, -23555.0)
(116, 7.0203163623809814, -140288.28, -23555.0)
(117, 7.075801134109497, -140288.28, -23555.0)
(118, 7.130755424499512, -140288.28, -23555.0)
(119, 7.184625864028931, -140288.28, -23555.0)
(120, 7.239388942718506, -140288.28, -23555.0)
(121, 7.293361663818359, -140288.28, -23555.0)
(122, 7.348018169403076, -140288.28, -23555.0)
(123, 7.404822587966919, -140288.28, -23555.0)
(124, 7.4602015018463135, -127682.25, -23555.0)
(125, 7.517027854919434, -127682.25, -23555.0)
(126, 7.571271896362305, -127682.25, -23555.0)
(127, 7.624485969543457, -127619.16666666666, -23555.0)
(128, 7.678026437759399, -127619.16666666666, -23555.0)
(129, 7.731556177139282, -127619.16666666666, -23555.0)
(130, 7.784252405166626, -127619.16666666666, -23555.0)
(131, 7.837951183319092, -127619.16666666666, -23555.0)
(132, 7.891722679138184, -127619.16666666666, -23555.0)
(133, 7.9443676471710205, -127619.16666666666, -23555.0)
(134, 7.997586488723755, -127619.16666666666, -23555.0)
(135, 8.05133318901062, -102513.86486486487, -23555.0)
(136, 8.110138654708862, -102249.36363636365, -23555.0)
(137, 8.172799587249756, -102249.36363636365, -23555.0)
(138, 8.236661672592163, -102249.36363636365, -23555.0)
(139, 8.300460577011108, -102249.36363636365, -23555.0)
(140, 8.363639831542969, -102249.36363636365, -23555.0)
(141, 8.427304744720459, -102249.36363636365, -23555.0)
(142, 8.484436511993408, -102249.36363636365, -23555.0)
(143, 8.539855480194092, -102249.36363636365, -23555.0)
(144, 8.604122877120972, -102249.36363636365, -23555.0)
(145, 8.671726942062378, -78076.66666666667, -23555.0)
(146, 8.739784479141235, -78076.66666666667, -23555.0)
(147, 8.802342176437378, -77064.44444444444, -23555.0)
(148, 8.865557193756104, -75068.55555555556, -23555.0)
(149, 8.931732416152954, -65661.77777777778, -23555.0)
(150, 8.99123740196228, -65661.77777777778, -23555.0)
(151, 9.059860229492188, -65661.77777777778, -23555.0)
(152, 9.1523277759552, -65661.77777777778, -23555.0)
(153, 9.254210948944092, -65661.77777777778, -23555.0)
(154, 9.317562103271484, -56652.77777777778, -23555.0)
(155, 9.374384641647339, -56652.77777777778, -23555.0)
(156, 9.432647943496704, -56652.77777777778, -23555.0)
(157, 9.511524200439453, -56652.77777777778, -23555.0)
(158, 9.601462364196777, -56652.77777777778, -23555.0)
(159, 9.720285177230835, -56652.77777777778, -23555.0)
(160, 9.772809028625488, -56652.77777777778, -23555.0)
(161, 9.836077690124512, -56652.77777777778, -23555.0)
(162, 9.916771411895752, -56652.77777777778, -23555.0)
(163, 10.15360689163208, -56652.77777777778, -23555.0)
(164, 10.37048077583313, -56652.77777777778, -23555.0)
(165, 10.553172588348389, -56652.77777777778, -23555.0)
(166, 10.762626647949219, -50626.38888888889, -23555.0)
(167, 10.93596625328064, -45939.23842592593, -23555.0)
(168, 11.104487657546997, -45939.23842592593, -23555.0)
(169, 11.261426210403442, -43579.43209876543, -23555.0)
(170, 11.41020679473877, -40001.42592592593, -23555.0)
(171, 11.594324827194214, -40001.42592592593, -23555.0)
(172, 11.762352466583252, -40001.42592592593, -23555.0)
(173, 11.894763946533203, -39332.68686868687, -23555.0)
(174, 12.034245252609253, -39234.47453703704, -23555.0)
(175, 12.206059694290161, -39234.47453703704, -23555.0)
(176, 12.538800716400146, -33333.78316151203, -32665.087628865975)
(177, 12.655994892120361, -32772.995833333334, -32750.029166666667)
(178, 12.757499694824219, -32750.842307692314, -32750.842307692314)
(179, 12.842459201812744, -32750.842307692314, -32750.842307692314)
