(1, 0.16577839851379395, -650269.0, -73717.0)
(2, 0.3157660961151123, -650269.0, -73717.0)
(3, 0.46384453773498535, -650269.0, -73717.0)
(4, 0.6154227256774902, -650269.0, -73717.0)
(5, 0.7551143169403076, -650269.0, -73717.0)
(6, 0.9032275676727295, -650269.0, -73717.0)
(7, 1.0523805618286133, -650269.0, -73717.0)
(8, 1.1978304386138916, -650269.0, -73717.0)
(9, 1.3494646549224854, -650269.0, -73717.0)
(10, 1.4934477806091309, -650269.0, -73717.0)
(11, 1.637622594833374, -650269.0, -73717.0)
(12, 1.7812778949737549, -650269.0, -73717.0)
(13, 1.9307971000671387, -650269.0, -73717.0)
(14, 2.0848751068115234, -650269.0, -73717.0)
(15, 2.228778600692749, -650269.0, -73717.0)
(16, 2.3782622814178467, -650269.0, -73717.0)
(17, 2.5240848064422607, -650269.0, -73717.0)
(18, 2.665633201599121, -650269.0, -73717.0)
(19, 2.8146300315856934, -650269.0, -73717.0)
(20, 2.962862968444824, -650269.0, -73717.0)
(21, 3.1142306327819824, -650269.0, -73717.0)
(22, 3.2629587650299072, -650269.0, -73717.0)
(23, 3.4075570106506348, -650269.0, -73717.0)
(24, 3.5612587928771973, -650269.0, -73717.0)
(25, 3.7018918991088867, -650269.0, -73717.0)
(26, 3.852436065673828, -650269.0, -73717.0)
(27, 4.0046844482421875, -650269.0, -73717.0)
(28, 4.157264232635498, -650269.0, -73717.0)
(29, 4.3062286376953125, -650269.0, -73717.0)
(30, 4.451576232910156, -650269.0, -73717.0)
(31, 4.59358024597168, -650269.0, -73717.0)
(32, 4.739315509796143, -650269.0, -73717.0)
(33, 4.892638921737671, -650269.0, -73717.0)
(34, 5.0418922901153564, -650269.0, -73717.0)
(35, 5.184568643569946, -650269.0, -73717.0)
(36, 5.327622652053833, -650269.0, -73717.0)
(37, 5.46686315536499, -650269.0, -73717.0)
(38, 5.604056358337402, -650269.0, -73717.0)
(39, 5.741991758346558, -650269.0, -73717.0)
(40, 5.879495143890381, -650269.0, -73717.0)
(41, 6.036755323410034, -650269.0, -73717.0)
(42, 6.189544200897217, -650269.0, -73717.0)
(43, 6.3474438190460205, -650269.0, -73717.0)
(44, 6.498841047286987, -650269.0, -73717.0)
(45, 6.6541948318481445, -650269.0, -73717.0)
(46, 6.812263488769531, -650269.0, -73717.0)
(47, 6.96627950668335, -650269.0, -73717.0)
(48, 7.116568565368652, -650269.0, -73717.0)
(49, 7.269220352172852, -650269.0, -73717.0)
(50, 7.42216944694519, -650269.0, -73717.0)
(51, 7.57492995262146, -650269.0, -73717.0)
(52, 7.728288173675537, -650269.0, -73717.0)
(53, 7.88232159614563, -650269.0, -73717.0)
(54, 8.030301809310913, -650269.0, -73717.0)
(55, 8.18560791015625, -650269.0, -73717.0)
(56, 8.336531400680542, -650269.0, -73717.0)
(57, 8.493736267089844, -650269.0, -73717.0)
(58, 8.645631551742554, -650269.0, -73717.0)
(59, 8.790111303329468, -650269.0, -73717.0)
(60, 8.93604826927185, -650269.0, -73717.0)
(61, 9.080533981323242, -650269.0, -73717.0)
(62, 9.229664325714111, -650269.0, -73717.0)
(63, 9.373453378677368, -650269.0, -73717.0)
(64, 9.516914129257202, -650269.0, -73717.0)
(65, 9.662769079208374, -650269.0, -73717.0)
(66, 9.80726671218872, -650269.0, -73717.0)
(67, 9.950600147247314, -650269.0, -73717.0)
(68, 10.097118616104126, -650269.0, -73717.0)
(69, 10.242942094802856, -650269.0, -73717.0)
(70, 10.385552883148193, -650269.0, -73717.0)
(71, 10.529263973236084, -650269.0, -73717.0)
(72, 10.674548387527466, -650269.0, -73717.0)
(73, 10.819594383239746, -650269.0, -73717.0)
(74, 10.963507175445557, -650269.0, -73717.0)
(75, 11.109070539474487, -650269.0, -73717.0)
(76, 11.251120805740356, -650269.0, -73717.0)
(77, 11.395002841949463, -650269.0, -73717.0)
(78, 11.57256293296814, -650269.0, -73717.0)
(79, 11.723919868469238, -650269.0, -73717.0)
(80, 11.892039775848389, -650269.0, -73717.0)
(81, 12.051892280578613, -650269.0, -73717.0)
(82, 12.202369928359985, -650269.0, -73717.0)
(83, 12.370187759399414, -650269.0, -73717.0)
(84, 12.536609411239624, -650269.0, -73717.0)
(85, 12.690352439880371, -650269.0, -73717.0)
(86, 12.853408575057983, -650269.0, -73717.0)
(87, 13.010937929153442, -650269.0, -73717.0)
(88, 13.159984588623047, -650269.0, -73717.0)
(89, 13.310836553573608, -650269.0, -73717.0)
(90, 13.464478969573975, -650269.0, -73717.0)
(91, 13.612107753753662, -650269.0, -73717.0)
(92, 13.765345096588135, -650269.0, -73717.0)
(93, 13.92096471786499, -650269.0, -73717.0)
(94, 14.067888021469116, -650269.0, -73717.0)
(95, 14.223074197769165, -650269.0, -73717.0)
(96, 14.375696420669556, -650269.0, -73717.0)
(97, 14.526815176010132, -650269.0, -73717.0)
(98, 14.678630352020264, -650269.0, -73717.0)
(99, 14.828654050827026, -650269.0, -73717.0)
(100, 14.97533917427063, -650269.0, -73717.0)
(101, 15.120739459991455, -650269.0, -73717.0)
(102, 15.268910884857178, -650269.0, -73717.0)
(103, 15.416686058044434, -650269.0, -73717.0)
(104, 15.562919855117798, -650269.0, -73717.0)
(105, 15.71323823928833, -650269.0, -73717.0)
(106, 15.86603331565857, -650269.0, -73717.0)
(107, 16.017391204833984, -650269.0, -73717.0)
(108, 16.168251752853394, -650269.0, -73717.0)
(109, 16.315911054611206, -650269.0, -73717.0)
(110, 16.465487003326416, -650269.0, -73717.0)
(111, 16.614071369171143, -650269.0, -73717.0)
(112, 16.773616313934326, -650269.0, -73717.0)
(113, 16.927924871444702, -650269.0, -73717.0)
(114, 17.07887578010559, -650269.0, -73717.0)
(115, 17.24003577232361, -650269.0, -73717.0)
(116, 17.41089177131653, -650269.0, -73717.0)
(117, 17.576784133911133, -650269.0, -73717.0)
(118, 17.735982418060303, -650269.0, -73717.0)
(119, 17.90322709083557, -650269.0, -73717.0)
(120, 18.070428133010864, -650269.0, -73717.0)
(121, 18.232221841812134, -650269.0, -73717.0)
(122, 18.3961398601532, -650269.0, -73717.0)
(123, 18.555137872695923, -650269.0, -73717.0)
(124, 18.72866153717041, -650269.0, -73717.0)
(125, 18.890995502471924, -650269.0, -73717.0)
(126, 19.055806636810303, -650269.0, -73717.0)
(127, 19.223875045776367, -650269.0, -73717.0)
(128, 19.370549201965332, -650269.0, -73717.0)
(129, 19.514630556106567, -650269.0, -73717.0)
(130, 19.657729387283325, -650269.0, -73717.0)
(131, 19.801569938659668, -650269.0, -73717.0)
(132, 19.936607122421265, -650269.0, -73717.0)
(133, 20.080313682556152, -650269.0, -73717.0)
(134, 20.22190022468567, -650269.0, -73717.0)
(135, 20.358984231948853, -650269.0, -73717.0)
(136, 20.500831604003906, -650269.0, -73717.0)
(137, 20.640434980392456, -650269.0, -73717.0)
(138, 20.772554636001587, -650269.0, -73717.0)
(139, 20.909112691879272, -650269.0, -73717.0)
(140, 21.042686939239502, -650269.0, -73717.0)
(141, 21.19156551361084, -650269.0, -73717.0)
(142, 21.339678525924683, -650269.0, -73717.0)
(143, 21.47513508796692, -650269.0, -73717.0)
(144, 21.623507499694824, -650269.0, -73717.0)
(145, 21.77126455307007, -650269.0, -73717.0)
(146, 21.92630410194397, -650269.0, -73717.0)
(147, 22.069873809814453, -650269.0, -73717.0)
(148, 22.20491909980774, -650269.0, -73717.0)
(149, 22.33510160446167, -650269.0, -73717.0)
(150, 22.4971661567688, -650269.0, -73717.0)
(151, 22.653102159500122, -650269.0, -73717.0)
(152, 22.807520389556885, -650269.0, -73717.0)
(153, 22.96416139602661, -650269.0, -73717.0)
(154, 23.12182903289795, -650269.0, -73717.0)
(155, 23.28684687614441, -650269.0, -73717.0)
(156, 23.439809799194336, -650269.0, -73717.0)
(157, 23.59511423110962, -650269.0, -73717.0)
(158, 23.744739294052124, -650269.0, -73717.0)
(159, 23.909562826156616, -650269.0, -73717.0)
(160, 24.065444946289062, -650269.0, -73717.0)
(161, 24.222570419311523, -650269.0, -73717.0)
(162, 24.38120746612549, -650269.0, -73717.0)
(163, 24.528894186019897, -650269.0, -73717.0)
(164, 24.678582668304443, -650269.0, -73717.0)
(165, 24.832404375076294, -650269.0, -73717.0)
(166, 25.00067162513733, -650269.0, -73717.0)
(167, 25.172449350357056, -650269.0, -73717.0)
(168, 25.334835290908813, -650269.0, -73717.0)
(169, 25.501601457595825, -650269.0, -73717.0)
(170, 25.663771390914917, -650269.0, -73717.0)
(171, 25.83780860900879, -650269.0, -73717.0)
(172, 26.009479999542236, -650269.0, -73717.0)
(173, 26.16607093811035, -650269.0, -73717.0)
(174, 26.336822271347046, -650269.0, -73717.0)
(175, 26.490042448043823, -650269.0, -73717.0)
(176, 26.65630340576172, -650269.0, -73717.0)
(177, 26.815895080566406, -650269.0, -73717.0)
(178, 26.980901956558228, -650269.0, -73717.0)
(179, 27.135332584381104, -650269.0, -73717.0)
(180, 27.300233840942383, -650269.0, -73717.0)
(181, 27.46044397354126, -650269.0, -73717.0)
(182, 27.62468194961548, -650269.0, -73717.0)
(183, 27.78748321533203, -650269.0, -73717.0)
(184, 27.94898533821106, -650269.0, -73717.0)
(185, 28.103199243545532, -650269.0, -73717.0)
(186, 28.263396739959717, -650269.0, -73717.0)
(187, 28.435328722000122, -650269.0, -73717.0)
(188, 28.619943618774414, -650269.0, -73717.0)
(189, 28.78680920600891, -650269.0, -73717.0)
(190, 28.950918436050415, -650269.0, -73717.0)
(191, 29.11406421661377, -650269.0, -73717.0)
(192, 29.283682823181152, -650269.0, -73717.0)
(193, 29.45606279373169, -650269.0, -73717.0)
(194, 29.63209342956543, -650269.0, -73717.0)
(195, 29.785861492156982, -650269.0, -73717.0)
(196, 29.944528341293335, -650269.0, -73717.0)
(197, 30.09743356704712, -650269.0, -73717.0)
(198, 30.25909996032715, -650269.0, -73717.0)
(199, 30.43074321746826, -650269.0, -73717.0)
(200, 30.607213735580444, -650269.0, -73717.0)
(201, 30.758960723876953, -650269.0, -73717.0)
(202, 30.917479515075684, -650269.0, -73717.0)
(203, 31.075802087783813, -650269.0, -73717.0)
(204, 31.241096019744873, -650269.0, -73717.0)
(205, 31.39741563796997, -650269.0, -73717.0)
(206, 31.554009914398193, -650269.0, -73717.0)
(207, 31.717129707336426, -650269.0, -73717.0)
(208, 31.884143114089966, -650269.0, -73717.0)
(209, 32.05250668525696, -650269.0, -73717.0)
(210, 32.22802019119263, -650269.0, -73717.0)
(211, 32.3788206577301, -650269.0, -73717.0)
(212, 32.543803691864014, -650269.0, -73717.0)
(213, 32.6970911026001, -650269.0, -73717.0)
(214, 32.848602533340454, -650269.0, -73717.0)
(215, 33.01846408843994, -650269.0, -73717.0)
(216, 33.16131591796875, -650269.0, -73717.0)
(217, 33.328630208969116, -650269.0, -73717.0)
(218, 33.477405071258545, -650269.0, -73717.0)
(219, 33.64223527908325, -650269.0, -73717.0)
(220, 33.826189279556274, -650269.0, -73717.0)
(221, 34.00332808494568, -650269.0, -73717.0)
(222, 34.18118691444397, -650269.0, -73717.0)
(223, 34.344799280166626, -650269.0, -73717.0)
(224, 34.52660346031189, -650269.0, -73717.0)
(225, 34.70162916183472, -650269.0, -73717.0)
(226, 34.866926193237305, -650269.0, -73717.0)
(227, 35.04188132286072, -650269.0, -73717.0)
(228, 35.193347215652466, -650269.0, -73717.0)
(229, 35.36409306526184, -650269.0, -73717.0)
(230, 35.50898861885071, -650269.0, -73717.0)
(231, 35.67526626586914, -650269.0, -73717.0)
(232, 35.84307909011841, -650269.0, -73717.0)
(233, 35.98881697654724, -650269.0, -73717.0)
(234, 36.16093707084656, -650269.0, -73717.0)
(235, 36.31562781333923, -650269.0, -73717.0)
(236, 36.46466541290283, -650269.0, -73717.0)
(237, 36.6407995223999, -650269.0, -73717.0)
(238, 36.78842043876648, -650269.0, -73717.0)
(239, 36.937304973602295, -650269.0, -73717.0)
(240, 37.12342858314514, -650269.0, -73717.0)
(241, 37.297178983688354, -650269.0, -73717.0)
(242, 37.44775319099426, -650269.0, -73717.0)
(243, 37.617239236831665, -650269.0, -73717.0)
(244, 37.76872730255127, -650269.0, -73717.0)
(245, 37.9093759059906, -650269.0, -73717.0)
(246, 38.076310873031616, -650269.0, -73717.0)
(247, 38.2458016872406, -650269.0, -73717.0)
(248, 38.41740655899048, -650269.0, -73717.0)
(249, 38.602925300598145, -650269.0, -73717.0)
(250, 38.74751901626587, -650269.0, -73717.0)
(251, 38.903467893600464, -650269.0, -73717.0)
(252, 39.07430672645569, -650269.0, -73717.0)
(253, 39.22833490371704, -650269.0, -73717.0)
(254, 39.40420913696289, -650269.0, -73717.0)
(255, 39.56972050666809, -650269.0, -73717.0)
(256, 39.746078968048096, -650269.0, -73717.0)
(257, 39.90806341171265, -650269.0, -73717.0)
(258, 40.088743925094604, -650269.0, -73717.0)
(259, 40.266809701919556, -650269.0, -73717.0)
(260, 40.44278907775879, -650269.0, -73717.0)
(261, 40.617154598236084, -650269.0, -73717.0)
(262, 40.79133629798889, -650269.0, -73717.0)
(263, 40.98073863983154, -650269.0, -73717.0)
(264, 41.172091007232666, -650269.0, -73717.0)
(265, 41.32373237609863, -650269.0, -73717.0)
(266, 41.493918895721436, -650269.0, -73717.0)
(267, 41.66970682144165, -650269.0, -73717.0)
(268, 41.81888222694397, -650269.0, -73717.0)
(269, 41.97311210632324, -650269.0, -73717.0)
(270, 42.14840126037598, -650269.0, -73717.0)
(271, 42.298234939575195, -650269.0, -73717.0)
(272, 42.46958041191101, -650269.0, -73717.0)
(273, 42.636008501052856, -650269.0, -73717.0)
(274, 42.82398271560669, -650269.0, -73717.0)
(275, 42.98583459854126, -650269.0, -73717.0)
(276, 43.141480922698975, -650269.0, -73717.0)
(277, 43.33528685569763, -650269.0, -73717.0)
(278, 43.504958629608154, -650269.0, -73717.0)
(279, 43.71022701263428, -650269.0, -73717.0)
(280, 43.865100145339966, -650269.0, -73717.0)
(281, 44.031516790390015, -650269.0, -73717.0)
(282, 44.191951274871826, -650269.0, -73717.0)
(283, 44.36242961883545, -650269.0, -73717.0)
(284, 44.552701234817505, -650269.0, -73717.0)
(285, 44.723843574523926, -650269.0, -73717.0)
(286, 44.90298414230347, -650269.0, -73717.0)
(287, 45.053685665130615, -650269.0, -73717.0)
(288, 45.23155999183655, -650269.0, -73717.0)
(289, 45.40916848182678, -650269.0, -73717.0)
(290, 45.60093283653259, -650269.0, -73717.0)
(291, 45.78731441497803, -650269.0, -73717.0)
(292, 45.9716796875, -650269.0, -73717.0)
(293, 46.145691871643066, -650269.0, -73717.0)
(294, 46.33312630653381, -650269.0, -73717.0)
(295, 46.55393624305725, -650269.0, -73717.0)
(296, 46.735506772994995, -650269.0, -73717.0)
(297, 46.91574215888977, -650269.0, -73717.0)
(298, 47.09854578971863, -650269.0, -73717.0)
(299, 47.27424430847168, -650269.0, -73717.0)
(300, 47.43701434135437, -650269.0, -73717.0)
(301, 47.619261264801025, -650269.0, -73717.0)
(302, 47.801746129989624, -650269.0, -73717.0)
(303, 47.972898721694946, -650269.0, -73717.0)
(304, 48.15552997589111, -650269.0, -73717.0)
(305, 48.31405782699585, -650269.0, -73717.0)
(306, 48.48867750167847, -650269.0, -73717.0)
(307, 48.649977684020996, -650269.0, -73717.0)
(308, 48.82895255088806, -650269.0, -73717.0)
(309, 48.993231534957886, -650269.0, -73717.0)
(310, 49.15939903259277, -650269.0, -73717.0)
(311, 49.31788921356201, -650269.0, -73717.0)
(312, 49.47168254852295, -650269.0, -73717.0)
(313, 49.64903140068054, -650269.0, -73717.0)
(314, 49.822755575180054, -650269.0, -73717.0)
(315, 49.999847650527954, -650269.0, -73717.0)
(316, 50.17324113845825, -650269.0, -73717.0)
(317, 50.34948945045471, -650269.0, -73717.0)
(318, 50.51860451698303, -650269.0, -73717.0)
(319, 50.69170069694519, -650269.0, -73717.0)
(320, 50.871333837509155, -650269.0, -73717.0)
(321, 51.042064905166626, -650269.0, -73717.0)
(322, 51.205281019210815, -650269.0, -73717.0)
(323, 51.37466812133789, -650269.0, -73717.0)
(324, 51.56736373901367, -650269.0, -73717.0)
(325, 51.770564556121826, -650269.0, -73717.0)
(326, 51.984601974487305, -650269.0, -73717.0)
(327, 52.17194628715515, -650269.0, -73717.0)
(328, 52.333723068237305, -650269.0, -73717.0)
(329, 52.501002073287964, -650269.0, -73717.0)
(330, 52.66004991531372, -650269.0, -73717.0)
(331, 52.828043699264526, -650269.0, -73717.0)
(332, 52.99617147445679, -650269.0, -73717.0)
(333, 53.16777300834656, -650269.0, -73717.0)
(334, 53.354464292526245, -650269.0, -73717.0)
(335, 53.54483103752136, -650269.0, -73717.0)
(336, 53.738003969192505, -650269.0, -73717.0)
(337, 53.9103569984436, -650269.0, -73717.0)
(338, 54.092363595962524, -650269.0, -73717.0)
(339, 54.28401231765747, -650269.0, -73717.0)
(340, 54.480167388916016, -650269.0, -73717.0)
(341, 54.697089195251465, -650269.0, -73717.0)
(342, 54.88553428649902, -650269.0, -73717.0)
(343, 55.07900333404541, -650269.0, -73717.0)
(344, 55.27094912528992, -650269.0, -73717.0)
(345, 55.455138206481934, -650269.0, -73717.0)
(346, 55.64499616622925, -650269.0, -73717.0)
(347, 55.85871648788452, -650269.0, -73717.0)
(348, 56.022942304611206, -650269.0, -73717.0)
(349, 56.2368049621582, -650269.0, -73717.0)
(350, 56.45193696022034, -650269.0, -73717.0)
(351, 56.64802837371826, -650269.0, -73717.0)
(352, 56.85745716094971, -650269.0, -73717.0)
(353, 57.06388211250305, -650269.0, -73717.0)
(354, 57.2702157497406, -650269.0, -73717.0)
(355, 57.49588203430176, -650269.0, -73717.0)
(356, 57.72225093841553, -650269.0, -73717.0)
(357, 57.945438385009766, -650269.0, -73717.0)
(358, 58.173733711242676, -650269.0, -73717.0)
(359, 58.3619270324707, -650269.0, -73717.0)
(360, 58.5653715133667, -650269.0, -73717.0)
(361, 58.764225482940674, -650269.0, -73717.0)
(362, 58.96617770195007, -650269.0, -73717.0)
(363, 59.16854214668274, -650269.0, -73717.0)
(364, 59.39616417884827, -650269.0, -73717.0)
(365, 59.62934446334839, -650269.0, -73717.0)
(366, 59.83785128593445, -650269.0, -73717.0)
(367, 60.036932945251465, -650269.0, -73717.0)
(368, 60.236937522888184, -650269.0, -73717.0)
(369, 60.45876693725586, -650269.0, -73717.0)
(370, 60.671926498413086, -650269.0, -73717.0)
(371, 60.91130089759827, -650269.0, -73717.0)
(372, 61.09920930862427, -650269.0, -73717.0)
(373, 61.348230838775635, -650269.0, -73717.0)
(374, 61.53613471984863, -650269.0, -73717.0)
(375, 61.767157793045044, -650269.0, -73717.0)
(376, 61.994248151779175, -650269.0, -73717.0)
(377, 62.21014070510864, -650269.0, -73717.0)
(378, 62.41725158691406, -650269.0, -73717.0)
(379, 62.624900817871094, -650269.0, -73717.0)
(380, 62.800485372543335, -650269.0, -73717.0)
(381, 62.97954082489014, -650269.0, -73717.0)
(382, 63.1740243434906, -650269.0, -73717.0)
(383, 63.35196661949158, -650269.0, -73717.0)
(384, 63.57727670669556, -650269.0, -73717.0)
(385, 63.79932379722595, -650269.0, -73717.0)
(386, 64.01832818984985, -650269.0, -73717.0)
(387, 64.24128127098083, -650269.0, -73717.0)
(388, 64.4674928188324, -650269.0, -73717.0)
(389, 64.67306923866272, -650269.0, -73717.0)
(390, 64.88093829154968, -650269.0, -73717.0)
(391, 65.08977746963501, -650269.0, -73717.0)
(392, 65.30232191085815, -650269.0, -73717.0)
(393, 65.52633428573608, -650269.0, -73717.0)
(394, 65.75272226333618, -650269.0, -73717.0)
(395, 65.95140242576599, -650269.0, -73717.0)
(396, 66.13049030303955, -650269.0, -73717.0)
(397, 66.30714845657349, -650269.0, -73717.0)
(398, 66.47775959968567, -650269.0, -73717.0)
(399, 66.70061802864075, -650269.0, -73717.0)
(400, 66.88040685653687, -650269.0, -73717.0)
(401, 67.0766110420227, -650269.0, -73717.0)
(402, 67.27133297920227, -650269.0, -73717.0)
(403, 67.4668185710907, -650269.0, -73717.0)
(404, 67.64168190956116, -650269.0, -73717.0)
(405, 67.82586669921875, -650269.0, -73717.0)
(406, 67.99944829940796, -650269.0, -73717.0)
(407, 68.19519186019897, -650269.0, -73717.0)
(408, 68.37846088409424, -650269.0, -73717.0)
(409, 68.63355231285095, -650269.0, -73717.0)
(410, 68.8154194355011, -650269.0, -73717.0)
(411, 69.00063824653625, -650269.0, -73717.0)
(412, 69.21801424026489, -650269.0, -73717.0)
(413, 69.4620087146759, -650269.0, -73717.0)
(414, 69.699547290802, -650269.0, -73717.0)
(415, 69.91252207756042, -650269.0, -73717.0)
(416, 70.11408305168152, -650269.0, -73717.0)
(417, 70.35527443885803, -650269.0, -73717.0)
(418, 70.56756472587585, -650269.0, -73717.0)
(419, 70.79915952682495, -650269.0, -73717.0)
(420, 71.00509405136108, -650269.0, -73717.0)
(421, 71.23465394973755, -650269.0, -73717.0)
(422, 71.47410416603088, -650269.0, -73717.0)
(423, 71.67888116836548, -650269.0, -73717.0)
(424, 71.92265725135803, -650269.0, -73717.0)
(425, 72.14120960235596, -650269.0, -73717.0)
(426, 72.36414527893066, -650269.0, -73717.0)
(427, 72.6101815700531, -650269.0, -73717.0)
(428, 72.84459805488586, -650269.0, -73717.0)
(429, 73.0631172657013, -650269.0, -73717.0)
(430, 73.31240725517273, -650269.0, -73717.0)
(431, 73.55391025543213, -650269.0, -73717.0)
(432, 73.75660538673401, -650269.0, -73717.0)
(433, 73.991703748703, -650269.0, -73717.0)
(434, 74.21821069717407, -650269.0, -73717.0)
(435, 74.4716784954071, -650269.0, -73717.0)
(436, 74.73266696929932, -650269.0, -73717.0)
(437, 74.96751427650452, -650269.0, -73717.0)
(438, 75.21957874298096, -650269.0, -73717.0)
(439, 75.467276096344, -650269.0, -73717.0)
(440, 75.71529245376587, -650269.0, -73717.0)
(441, 75.96649169921875, -650269.0, -73717.0)
(442, 76.21928477287292, -650269.0, -73717.0)
(443, 76.48315262794495, -650269.0, -73717.0)
(444, 76.74032950401306, -650269.0, -73717.0)
(445, 76.99972152709961, -650269.0, -73717.0)
(446, 77.27472281455994, -650269.0, -73717.0)
(447, 77.46763038635254, -650269.0, -73717.0)
(448, 77.65773248672485, -650269.0, -73717.0)
(449, 77.84428000450134, -650269.0, -73717.0)
(450, 78.07075881958008, -650269.0, -73717.0)
(451, 78.25597810745239, -650269.0, -73717.0)
(452, 78.47213554382324, -650269.0, -73717.0)
(453, 78.69884133338928, -650269.0, -73717.0)
(454, 78.90441298484802, -650269.0, -73717.0)
(455, 79.12899947166443, -650269.0, -73717.0)
(456, 79.35099911689758, -650269.0, -73717.0)
(457, 79.5717122554779, -650269.0, -73717.0)
(458, 79.8045756816864, -650269.0, -73717.0)
(459, 79.9965250492096, -650269.0, -73717.0)
(460, 80.2164044380188, -650269.0, -73717.0)
(461, 80.4213809967041, -650269.0, -73717.0)
(462, 80.60145306587219, -650269.0, -73717.0)
(463, 80.83218502998352, -650269.0, -73717.0)
(464, 81.05428695678711, -650269.0, -73717.0)
(465, 81.28956079483032, -650269.0, -73717.0)
(466, 81.49586772918701, -650269.0, -73717.0)
(467, 81.71386861801147, -650269.0, -73717.0)
(468, 81.94119954109192, -650269.0, -73717.0)
(469, 82.14591145515442, -650269.0, -73717.0)
(470, 82.38482856750488, -650269.0, -73717.0)
(471, 82.59665632247925, -650269.0, -73717.0)
(472, 82.81261110305786, -650269.0, -73717.0)
(473, 83.01873660087585, -650269.0, -73717.0)
(474, 83.24577951431274, -650269.0, -73717.0)
(475, 83.45304727554321, -650269.0, -73717.0)
(476, 83.67523193359375, -650269.0, -73717.0)
(477, 83.8918228149414, -650269.0, -73717.0)
(478, 84.10836553573608, -650269.0, -73717.0)
(479, 84.29898762702942, -650269.0, -73717.0)
(480, 84.5174708366394, -650269.0, -73717.0)
(481, 84.73326420783997, -650269.0, -73717.0)
(482, 84.98146891593933, -650269.0, -73717.0)
(483, 85.18361520767212, -650269.0, -73717.0)
(484, 85.43878769874573, -650269.0, -73717.0)
(485, 85.70205736160278, -650269.0, -73717.0)
(486, 85.95017194747925, -650269.0, -73717.0)
(487, 86.18662548065186, -650269.0, -73717.0)
(488, 86.4057137966156, -650269.0, -73717.0)
(489, 86.62839007377625, -650269.0, -73717.0)
(490, 86.83572030067444, -650269.0, -73717.0)
(491, 87.10415005683899, -650269.0, -73717.0)
(492, 87.35996174812317, -650269.0, -73717.0)
(493, 87.62015795707703, -650269.0, -73717.0)
(494, 87.84251356124878, -650269.0, -73717.0)
(495, 88.04100012779236, -650269.0, -73717.0)
(496, 88.26955580711365, -650269.0, -73717.0)
(497, 88.48154520988464, -650269.0, -73717.0)
(498, 88.72639751434326, -650269.0, -73717.0)
(499, 88.93776106834412, -650269.0, -73717.0)
(500, 89.1294322013855, -650269.0, -73717.0)
(501, 89.35532712936401, -650269.0, -73717.0)
(502, 89.57964062690735, -650269.0, -73717.0)
(503, 89.85038042068481, -650269.0, -73717.0)
(504, 90.07682490348816, -650269.0, -73717.0)
(505, 90.34772324562073, -650269.0, -73717.0)
(506, 90.62380337715149, -650269.0, -73717.0)
(507, 90.86555576324463, -650269.0, -73717.0)
(508, 91.09067988395691, -650269.0, -73717.0)
(509, 91.31050825119019, -650269.0, -73717.0)
(510, 91.57995510101318, -650269.0, -73717.0)
(511, 91.80552077293396, -650269.0, -73717.0)
(512, 92.03797340393066, -650269.0, -73717.0)
(513, 92.3204128742218, -650269.0, -73717.0)
(514, 92.60409164428711, -650269.0, -73717.0)
(515, 92.88569188117981, -650269.0, -73717.0)
(516, 93.18512058258057, -650269.0, -73717.0)
(517, 93.45920276641846, -650269.0, -73717.0)
(518, 93.7321105003357, -650269.0, -73717.0)
(519, 94.01715660095215, -650269.0, -73717.0)
(520, 94.28538846969604, -650269.0, -73717.0)
(521, 94.58023881912231, -650269.0, -73717.0)
(522, 94.82846641540527, -650269.0, -73717.0)
(523, 95.04453134536743, -650269.0, -73717.0)
(524, 95.28429651260376, -650269.0, -73717.0)
(525, 95.49840331077576, -650269.0, -73717.0)
(526, 95.73117756843567, -650269.0, -73717.0)
(527, 95.96063470840454, -650269.0, -73717.0)
(528, 96.16420125961304, -650269.0, -73717.0)
(529, 96.37518334388733, -650269.0, -73717.0)
(530, 96.6167221069336, -650269.0, -73717.0)
(531, 96.85723161697388, -650269.0, -73717.0)
(532, 97.15070652961731, -650269.0, -73717.0)
(533, 97.37898635864258, -650269.0, -73717.0)
(534, 97.59916400909424, -650269.0, -73717.0)
(535, 97.8368136882782, -650269.0, -73717.0)
(536, 98.06332635879517, -650269.0, -73717.0)
(537, 98.31074452400208, -650269.0, -73717.0)
(538, 98.60246109962463, -650269.0, -73717.0)
(539, 98.83724355697632, -650269.0, -73717.0)
(540, 99.10341119766235, -650269.0, -73717.0)
(541, 99.34549117088318, -650269.0, -73717.0)
(542, 99.63577723503113, -650269.0, -73717.0)
(543, 99.92439436912537, -650269.0, -73717.0)
(544, 100.16517305374146, -650269.0, -73717.0)
(545, 100.45040392875671, -650269.0, -73717.0)
(546, 100.74333477020264, -650269.0, -73717.0)
(547, 100.966299533844, -650269.0, -73717.0)
(548, 101.24675393104553, -650269.0, -73717.0)
(549, 101.51557183265686, -650269.0, -73717.0)
(550, 101.7864556312561, -650269.0, -73717.0)
(551, 102.07429313659668, -650269.0, -73717.0)
(552, 102.2919020652771, -650269.0, -73717.0)
(553, 102.53722071647644, -650269.0, -73717.0)
(554, 102.75968885421753, -650269.0, -73717.0)
(555, 103.05393147468567, -650269.0, -73717.0)
(556, 103.34267282485962, -650269.0, -73717.0)
(557, 103.5871365070343, -650269.0, -73717.0)
(558, 103.87495398521423, -650269.0, -73717.0)
(559, 104.12278628349304, -650269.0, -73717.0)
(560, 104.36394453048706, -650269.0, -73717.0)
(561, 104.65907716751099, -650269.0, -73717.0)
(562, 104.96173095703125, -650269.0, -73717.0)
(563, 105.28953719139099, -650269.0, -73717.0)
(564, 105.62087225914001, -650269.0, -73717.0)
(565, 105.9112024307251, -650269.0, -73717.0)
(566, 106.18329429626465, -650269.0, -73717.0)
(567, 106.44068884849548, -650269.0, -73717.0)
(568, 106.70553231239319, -650269.0, -73717.0)
(569, 106.93532419204712, -650269.0, -73717.0)
(570, 107.1850323677063, -650269.0, -73717.0)
(571, 107.43463850021362, -650269.0, -73717.0)
(572, 107.75231671333313, -650269.0, -73717.0)
(573, 108.07184267044067, -650269.0, -73717.0)
(574, 108.39680457115173, -650269.0, -73717.0)
(575, 108.6469407081604, -650269.0, -73717.0)
(576, 108.89118146896362, -650269.0, -73717.0)
(577, 109.18947720527649, -650269.0, -73717.0)
(578, 109.4775037765503, -650269.0, -73717.0)
(579, 109.72954273223877, -650269.0, -73717.0)
(580, 110.02296876907349, -650269.0, -73717.0)
(581, 110.31879925727844, -650269.0, -73717.0)
(582, 110.61941862106323, -650269.0, -73717.0)
(583, 110.90221548080444, -650269.0, -73717.0)
(584, 111.20193457603455, -650269.0, -73717.0)
(585, 111.50916767120361, -650269.0, -73717.0)
(586, 111.85762453079224, -650269.0, -73717.0)
(587, 112.15033507347107, -650269.0, -73717.0)
(588, 112.46420884132385, -650269.0, -73717.0)
(589, 112.77619695663452, -650269.0, -73717.0)
(590, 113.10163879394531, -650269.0, -73717.0)
(591, 113.42879486083984, -650269.0, -73717.0)
(592, 113.7427716255188, -650269.0, -73717.0)
(593, 113.98736429214478, -650269.0, -73717.0)
(594, 114.29868245124817, -650269.0, -73717.0)
(595, 114.55708599090576, -650269.0, -73717.0)
(596, 114.87303280830383, -650269.0, -73717.0)
(597, 115.18051266670227, -650269.0, -73717.0)
(598, 115.50375437736511, -650269.0, -73717.0)
(599, 115.82906246185303, -650269.0, -73717.0)
(600, 116.16226291656494, -650269.0, -73717.0)
(601, 116.44789099693298, -650269.0, -73717.0)
(602, 116.71396231651306, -650269.0, -73717.0)
(603, 116.98217511177063, -650269.0, -73717.0)
(604, 117.24860095977783, -650269.0, -73717.0)
(605, 117.49080562591553, -650269.0, -73717.0)
(606, 117.72853565216064, -650269.0, -73717.0)
(607, 117.96651029586792, -650269.0, -73717.0)
(608, 118.1960027217865, -650269.0, -73717.0)
(609, 118.43472242355347, -650269.0, -73717.0)
(610, 118.64771032333374, -650269.0, -73717.0)
(611, 118.85146450996399, -650269.0, -73717.0)
(612, 119.10678911209106, -650269.0, -73717.0)
(613, 119.35251593589783, -650269.0, -73717.0)
(614, 119.60743761062622, -650269.0, -73717.0)
(615, 119.86074781417847, -650269.0, -73717.0)
(616, 120.11287832260132, -650269.0, -73717.0)
(617, 120.3681058883667, -650269.0, -73717.0)
(618, 120.62445378303528, -650269.0, -73717.0)
(619, 120.86000061035156, -650269.0, -73717.0)
(620, 121.10728120803833, -650269.0, -73717.0)
(621, 121.3341748714447, -650269.0, -73717.0)
(622, 121.55618381500244, -650269.0, -73717.0)
(623, 121.8029887676239, -650269.0, -73717.0)
(624, 122.03290629386902, -650269.0, -73717.0)
(625, 122.2384843826294, -650269.0, -73717.0)
(626, 122.495450258255, -650269.0, -73717.0)
(627, 122.75266790390015, -650269.0, -73717.0)
(628, 123.02266716957092, -650269.0, -73717.0)
(629, 123.28866505622864, -650269.0, -73717.0)
(630, 123.53685283660889, -650269.0, -73717.0)
(631, 123.7878851890564, -650269.0, -73717.0)
(632, 124.0426139831543, -650269.0, -73717.0)
(633, 124.29896473884583, -650269.0, -73717.0)
(634, 124.56843495368958, -650269.0, -73717.0)
(635, 124.81907153129578, -650269.0, -73717.0)
(636, 125.07217955589294, -650269.0, -73717.0)
(637, 125.32925510406494, -650269.0, -73717.0)
(638, 125.59239268302917, -650269.0, -73717.0)
(639, 125.85560369491577, -650269.0, -73717.0)
(640, 126.07785940170288, -650269.0, -73717.0)
(641, 126.3388934135437, -650269.0, -73717.0)
(642, 126.60369229316711, -650269.0, -73717.0)
(643, 126.87252497673035, -650269.0, -73717.0)
(644, 127.11499643325806, -650269.0, -73717.0)
(645, 127.38756322860718, -650269.0, -73717.0)
(646, 127.6523585319519, -650269.0, -73717.0)
(647, 127.91589665412903, -650269.0, -73717.0)
(648, 128.18490386009216, -650269.0, -73717.0)
(649, 128.43777227401733, -650269.0, -73717.0)
(650, 128.70506381988525, -650269.0, -73717.0)
(651, 128.95769238471985, -650269.0, -73717.0)
(652, 129.22276139259338, -650269.0, -73717.0)
(653, 129.48399305343628, -650269.0, -73717.0)
(654, 129.74919652938843, -650269.0, -73717.0)
(655, 130.07290697097778, -650269.0, -73717.0)
(656, 130.38045930862427, -650269.0, -73717.0)
(657, 130.65853333473206, -650269.0, -73717.0)
(658, 130.98480010032654, -650269.0, -73717.0)
(659, 131.32494640350342, -650269.0, -73717.0)
(660, 131.59618043899536, -650269.0, -73717.0)
(661, 131.87276101112366, -650269.0, -73717.0)
(662, 132.1424422264099, -650269.0, -73717.0)
(663, 132.42348909378052, -650269.0, -73717.0)
(664, 132.69947695732117, -650269.0, -73717.0)
(665, 132.94822096824646, -650269.0, -73717.0)
(666, 133.20275974273682, -650269.0, -73717.0)
(667, 133.47340416908264, -650269.0, -73717.0)
(668, 133.7158441543579, -650269.0, -73717.0)
(669, 133.9768750667572, -650269.0, -73717.0)
(670, 134.24341821670532, -650269.0, -73717.0)
(671, 134.48648047447205, -650269.0, -73717.0)
(672, 134.7080478668213, -650269.0, -73717.0)
(673, 134.9318470954895, -650269.0, -73717.0)
(674, 135.2088165283203, -650269.0, -73717.0)
(675, 135.46382975578308, -650269.0, -73717.0)
(676, 135.6956307888031, -650269.0, -73717.0)
(677, 135.96416926383972, -650269.0, -73717.0)
(678, 136.21810293197632, -650269.0, -73717.0)
(679, 136.45622730255127, -650269.0, -73717.0)
(680, 136.7078342437744, -650269.0, -73717.0)
(681, 136.9728353023529, -650269.0, -73717.0)
(682, 137.22581696510315, -650269.0, -73717.0)
(683, 137.48599076271057, -650269.0, -73717.0)
(684, 137.73007011413574, -650269.0, -73717.0)
(685, 137.9926552772522, -650269.0, -73717.0)
(686, 138.2514772415161, -650269.0, -73717.0)
(687, 138.51720190048218, -650269.0, -73717.0)
(688, 138.82079195976257, -650269.0, -73717.0)
(689, 139.08198237419128, -650269.0, -73717.0)
(690, 139.33052158355713, -650269.0, -73717.0)
(691, 139.58402848243713, -650269.0, -73717.0)
(692, 139.86082577705383, -650269.0, -73717.0)
(693, 140.11173725128174, -650269.0, -73717.0)
(694, 140.39518308639526, -650269.0, -73717.0)
(695, 140.67030930519104, -650269.0, -73717.0)
(696, 140.94778180122375, -650269.0, -73717.0)
(697, 141.22985744476318, -650269.0, -73717.0)
(698, 141.4999644756317, -650269.0, -73717.0)
(699, 141.84341287612915, -650269.0, -73717.0)
(700, 142.11761236190796, -650269.0, -73717.0)
(701, 142.48151326179504, -650269.0, -73717.0)
(702, 142.8563039302826, -650269.0, -73717.0)
(703, 143.13755536079407, -650269.0, -73717.0)
(704, 143.41141748428345, -650269.0, -73717.0)
(705, 143.75101923942566, -650269.0, -73717.0)
(706, 144.10087132453918, -650269.0, -73717.0)
(707, 144.38398385047913, -650269.0, -73717.0)
(708, 144.7399706840515, -650269.0, -73717.0)
(709, 145.14359498023987, -650269.0, -73717.0)
(710, 145.49559926986694, -650269.0, -73717.0)
(711, 145.76434779167175, -650269.0, -73717.0)
(712, 146.13184070587158, -650269.0, -73717.0)
(713, 146.40050387382507, -650269.0, -73717.0)
(714, 146.65408325195312, -650269.0, -73717.0)
(715, 146.90354585647583, -650269.0, -73717.0)
(716, 147.14931106567383, -650269.0, -73717.0)
(717, 147.4302682876587, -650269.0, -73717.0)
(718, 147.70283937454224, -650269.0, -73717.0)
(719, 147.9947054386139, -650269.0, -73717.0)
(720, 148.28811597824097, -650269.0, -73717.0)
(721, 148.55240893363953, -650269.0, -73717.0)
(722, 148.8347725868225, -650269.0, -73717.0)
(723, 149.10647559165955, -650269.0, -73717.0)
(724, 149.3861665725708, -650269.0, -73717.0)
(725, 149.66889452934265, -650269.0, -73717.0)
(726, 149.9456605911255, -650269.0, -73717.0)
(727, 150.22421026229858, -650269.0, -73717.0)
(728, 150.50633430480957, -650269.0, -73717.0)
(729, 150.76379871368408, -650269.0, -73717.0)
(730, 150.9858696460724, -650269.0, -73717.0)
(731, 151.34281253814697, -650269.0, -73717.0)
(732, 151.70548582077026, -650269.0, -73717.0)
(733, 151.9897701740265, -650269.0, -73717.0)
(734, 152.2805278301239, -650269.0, -73717.0)
(735, 152.5367350578308, -650269.0, -73717.0)
(736, 152.82130074501038, -650269.0, -73717.0)
(737, 153.10517740249634, -650269.0, -73717.0)
(738, 153.39873433113098, -650269.0, -73717.0)
(739, 153.67755365371704, -650269.0, -73717.0)
(740, 153.95254969596863, -650269.0, -73717.0)
(741, 154.23129963874817, -650269.0, -73717.0)
(742, 154.62979555130005, -650269.0, -73717.0)
(743, 154.92199087142944, -650269.0, -73717.0)
(744, 155.2050929069519, -650269.0, -73717.0)
(745, 155.56033158302307, -650269.0, -73717.0)
(746, 155.9136884212494, -650269.0, -73717.0)
(747, 156.29490494728088, -650269.0, -73717.0)
(748, 156.67242980003357, -650269.0, -73717.0)
(749, 157.03416514396667, -650269.0, -73717.0)
(750, 157.40993118286133, -650269.0, -73717.0)
(751, 157.7702977657318, -650269.0, -73717.0)
(752, 158.07634496688843, -650269.0, -73717.0)
(753, 158.3809688091278, -650269.0, -73717.0)
(754, 158.65438580513, -650269.0, -73717.0)
(755, 159.02140426635742, -650269.0, -73717.0)
(756, 159.38961029052734, -650269.0, -73717.0)
(757, 159.68445205688477, -650269.0, -73717.0)
(758, 160.05287098884583, -650269.0, -73717.0)
(759, 160.42953896522522, -650269.0, -73717.0)
(760, 160.80656695365906, -650269.0, -73717.0)
(761, 161.17019319534302, -650269.0, -73717.0)
(762, 161.55339455604553, -650269.0, -73717.0)
(763, 161.9523687362671, -650269.0, -73717.0)
(764, 162.34491515159607, -650269.0, -73717.0)
(765, 162.7414767742157, -650269.0, -73717.0)
(766, 163.05261850357056, -650269.0, -73717.0)
(767, 163.36656403541565, -650269.0, -73717.0)
(768, 163.73496532440186, -650269.0, -73717.0)
(769, 164.12792587280273, -650269.0, -73717.0)
(770, 164.49090003967285, -650269.0, -73717.0)
(771, 164.88118648529053, -650269.0, -73717.0)
(772, 165.26994514465332, -650269.0, -73717.0)
(773, 165.6588635444641, -650269.0, -73717.0)
(774, 166.06935381889343, -650269.0, -73717.0)
(775, 166.46227550506592, -650269.0, -73717.0)
(776, 166.87941145896912, -650269.0, -73717.0)
(777, 167.28313541412354, -650269.0, -73717.0)
(778, 167.6677544116974, -650269.0, -73717.0)
(779, 168.07711839675903, -650269.0, -73717.0)
(780, 168.46008110046387, -650269.0, -73717.0)
(781, 168.85035490989685, -650269.0, -73717.0)
(782, 169.23879623413086, -650269.0, -73717.0)
(783, 169.50461554527283, -650269.0, -73717.0)
(784, 169.82093453407288, -650269.0, -73717.0)
(785, 170.09790682792664, -650269.0, -73717.0)
(786, 170.41671180725098, -650269.0, -73717.0)
(787, 170.724538564682, -650269.0, -73717.0)
(788, 171.02691745758057, -650269.0, -73717.0)
(789, 171.34430861473083, -650269.0, -73717.0)
(790, 171.62781071662903, -650269.0, -73717.0)
(791, 171.9410846233368, -650269.0, -73717.0)
(792, 172.24987888336182, -650269.0, -73717.0)
(793, 172.5884394645691, -650269.0, -73717.0)
(794, 172.86791586875916, -650269.0, -73717.0)
(795, 173.17087149620056, -650269.0, -73717.0)
(796, 173.4651393890381, -650269.0, -73717.0)
(797, 173.72827196121216, -650269.0, -73717.0)
(798, 174.0263922214508, -650269.0, -73717.0)
(799, 174.29002928733826, -650269.0, -73717.0)
(800, 174.60358047485352, -650269.0, -73717.0)
(801, 174.9869523048401, -650269.0, -73717.0)
(802, 175.3891887664795, -650269.0, -73717.0)
(803, 175.67876505851746, -650269.0, -73717.0)
(804, 175.94073629379272, -650269.0, -73717.0)
(805, 176.24376010894775, -650269.0, -73717.0)
(806, 176.6174066066742, -650269.0, -73717.0)
(807, 176.92933821678162, -650269.0, -73717.0)
(808, 177.25315833091736, -650269.0, -73717.0)
(809, 177.54606175422668, -650269.0, -73717.0)
(810, 177.83789539337158, -650269.0, -73717.0)
(811, 178.14983487129211, -650269.0, -73717.0)
(812, 178.45786547660828, -650269.0, -73717.0)
(813, 178.77607035636902, -650269.0, -73717.0)
(814, 179.08499836921692, -650269.0, -73717.0)
(815, 179.50053691864014, -650269.0, -73717.0)
(816, 179.92685675621033, -650269.0, -73717.0)
(817, 180.24280405044556, -650269.0, -73717.0)
(818, 180.63862252235413, -650269.0, -73717.0)
(819, 181.0341022014618, -650269.0, -73717.0)
(820, 181.4460301399231, -650269.0, -73717.0)
(821, 181.8484857082367, -650269.0, -73717.0)
(822, 182.2501940727234, -650269.0, -73717.0)
(823, 182.63481426239014, -650269.0, -73717.0)
(824, 182.9307565689087, -650269.0, -73717.0)
(825, 183.30577635765076, -650269.0, -73717.0)
(826, 183.711035490036, -650269.0, -73717.0)
(827, 184.1234369277954, -650269.0, -73717.0)
(828, 184.53098392486572, -650269.0, -73717.0)
(829, 184.83420205116272, -650269.0, -73717.0)
(830, 185.1737277507782, -650269.0, -73717.0)
(831, 185.59680223464966, -650269.0, -73717.0)
(832, 185.99616146087646, -650269.0, -73717.0)
(833, 186.4118013381958, -650269.0, -73717.0)
(834, 186.83045434951782, -650269.0, -73717.0)
(835, 187.30241417884827, -650269.0, -73717.0)
(836, 187.64170360565186, -650269.0, -73717.0)
(837, 187.93019700050354, -650269.0, -73717.0)
(838, 188.25214982032776, -650269.0, -73717.0)
(839, 188.5707802772522, -650269.0, -73717.0)
(840, 188.87830305099487, -650269.0, -73717.0)
(841, 189.20480275154114, -650269.0, -73717.0)
(842, 189.48528504371643, -650269.0, -73717.0)
(843, 189.79799914360046, -650269.0, -73717.0)
(844, 190.10115146636963, -650269.0, -73717.0)
(845, 190.42911219596863, -650269.0, -73717.0)
(846, 190.73140907287598, -650269.0, -73717.0)
(847, 191.03200507164001, -650269.0, -73717.0)
(848, 191.37109065055847, -650269.0, -73717.0)
(849, 191.71761989593506, -650269.0, -73717.0)
(850, 192.03702473640442, -650269.0, -73717.0)
(851, 192.35009002685547, -650269.0, -73717.0)
(852, 192.6793475151062, -650269.0, -73717.0)
(853, 193.07949233055115, -650269.0, -73717.0)
(854, 193.39580273628235, -650269.0, -73717.0)
(855, 193.65721535682678, -650269.0, -73717.0)
(856, 193.95037412643433, -650269.0, -73717.0)
(857, 194.2772490978241, -650269.0, -73717.0)
(858, 194.59072470664978, -650269.0, -73717.0)
(859, 194.93056654930115, -650269.0, -73717.0)
(860, 195.24846172332764, -650269.0, -73717.0)
(861, 195.58069515228271, -650269.0, -73717.0)
(862, 195.8954017162323, -650269.0, -73717.0)
(863, 196.2020845413208, -650269.0, -73717.0)
(864, 196.51563501358032, -650269.0, -73717.0)
(865, 196.78673791885376, -650269.0, -73717.0)
(866, 197.0996654033661, -650269.0, -73717.0)
(867, 197.42259120941162, -650269.0, -73717.0)
(868, 197.7441327571869, -650269.0, -73717.0)
(869, 198.04715371131897, -650269.0, -73717.0)
(870, 198.37443685531616, -650269.0, -73717.0)
(871, 198.7049000263214, -650269.0, -73717.0)
(872, 199.02171754837036, -650269.0, -73717.0)
(873, 199.34635877609253, -650269.0, -73717.0)
(874, 199.69221687316895, -650269.0, -73717.0)
(875, 200.00699639320374, -650269.0, -73717.0)
(876, 200.34902787208557, -650269.0, -73717.0)
(877, 200.7655873298645, -650269.0, -73717.0)
(878, 201.2045841217041, -650269.0, -73717.0)
(879, 201.64314126968384, -650269.0, -73717.0)
(880, 202.08136320114136, -650269.0, -73717.0)
(881, 202.5567021369934, -650269.0, -73717.0)
(882, 202.98761701583862, -650269.0, -73717.0)
(883, 203.33395624160767, -650269.0, -73717.0)
(884, 203.64325189590454, -650269.0, -73717.0)
(885, 203.9791283607483, -650269.0, -73717.0)
(886, 204.3100688457489, -650269.0, -73717.0)
(887, 204.64658856391907, -650269.0, -73717.0)
(888, 204.95636653900146, -650269.0, -73717.0)
(889, 205.3022906780243, -650269.0, -73717.0)
(890, 205.6048355102539, -650269.0, -73717.0)
(891, 205.93426632881165, -650269.0, -73717.0)
(892, 206.2617678642273, -650269.0, -73717.0)
(893, 206.5717113018036, -650269.0, -73717.0)
(894, 206.90245485305786, -650269.0, -73717.0)
(895, 207.33083581924438, -650269.0, -73717.0)
(896, 207.78373312950134, -650269.0, -73717.0)
(897, 208.12527203559875, -650269.0, -73717.0)
(898, 208.5738980770111, -650269.0, -73717.0)
(899, 209.04138231277466, -650269.0, -73717.0)
(900, 209.37714505195618, -650269.0, -73717.0)
(901, 209.74592280387878, -650269.0, -73717.0)
(902, 210.19185590744019, -650269.0, -73717.0)
(903, 210.6767599582672, -650269.0, -73717.0)
(904, 211.03984951972961, -650269.0, -73717.0)
(905, 211.47557997703552, -650269.0, -73717.0)
(906, 211.9174826145172, -650269.0, -73717.0)
(907, 212.40245509147644, -650269.0, -73717.0)
(908, 212.8897087574005, -650269.0, -73717.0)
(909, 213.32357025146484, -650269.0, -73717.0)
(910, 213.78383445739746, -650269.0, -73717.0)
(911, 214.24268102645874, -650269.0, -73717.0)
(912, 214.59409260749817, -650269.0, -73717.0)
(913, 215.09552931785583, -650269.0, -73717.0)
(914, 215.5677399635315, -650269.0, -73717.0)
(915, 216.05173540115356, -650269.0, -73717.0)
(916, 216.509375333786, -650269.0, -73717.0)
(917, 216.85246109962463, -650269.0, -73717.0)
(918, 217.31892108917236, -650269.0, -73717.0)
(919, 217.6754813194275, -650269.0, -73717.0)
(920, 218.053204536438, -650269.0, -73717.0)
(921, 218.38649535179138, -650269.0, -73717.0)
(922, 218.74292182922363, -650269.0, -73717.0)
(923, 219.09976148605347, -650269.0, -73717.0)
(924, 219.4606809616089, -650269.0, -73717.0)
(925, 219.77863669395447, -650269.0, -73717.0)
(926, 220.23628783226013, -650269.0, -73717.0)
(927, 220.6094470024109, -650269.0, -73717.0)
(928, 221.04186153411865, -650269.0, -73717.0)
(929, 221.5089762210846, -650269.0, -73717.0)
(930, 221.96183919906616, -650269.0, -73717.0)
(931, 222.41361594200134, -650269.0, -73717.0)
(932, 222.76992106437683, -650269.0, -73717.0)
(933, 223.22359824180603, -650269.0, -73717.0)
(934, 223.7066674232483, -650269.0, -73717.0)
(935, 224.18443846702576, -650269.0, -73717.0)
(936, 224.62961268424988, -650269.0, -73717.0)
(937, 225.11736154556274, -650269.0, -73717.0)
(938, 225.64185571670532, -650269.0, -73717.0)
(939, 225.91811728477478, -650269.0, -73717.0)
(940, 226.24907851219177, -650269.0, -73717.0)
(941, 226.54977917671204, -650269.0, -73717.0)
(942, 226.87495064735413, -650269.0, -73717.0)
(943, 227.15939092636108, -650269.0, -73717.0)
(944, 227.47820734977722, -650269.0, -73717.0)
(945, 227.77364015579224, -650269.0, -73717.0)
(946, 228.06238770484924, -650269.0, -73717.0)
(947, 228.36393880844116, -650269.0, -73717.0)
(948, 228.68764305114746, -650269.0, -73717.0)
(949, 229.0012559890747, -650269.0, -73717.0)
(950, 229.3044228553772, -650269.0, -73717.0)
(951, 229.62708234786987, -650269.0, -73717.0)
(952, 229.90790605545044, -650269.0, -73717.0)
(953, 230.20939946174622, -650269.0, -73717.0)
(954, 230.51813793182373, -650269.0, -73717.0)
(955, 230.8338658809662, -650269.0, -73717.0)
(956, 231.15927386283875, -650269.0, -73717.0)
(957, 231.49052691459656, -650269.0, -73717.0)
(958, 231.82081413269043, -650269.0, -73717.0)
(959, 232.15555453300476, -650269.0, -73717.0)
(960, 232.47750163078308, -650269.0, -73717.0)
(961, 232.827139377594, -650269.0, -73717.0)
(962, 233.131578207016, -650269.0, -73717.0)
(963, 233.4541232585907, -650269.0, -73717.0)
(964, 233.7958221435547, -650269.0, -73717.0)
(965, 234.17179489135742, -650269.0, -73717.0)
(966, 234.51255106925964, -650269.0, -73717.0)
(967, 234.83248376846313, -650269.0, -73717.0)
(968, 235.15347719192505, -650269.0, -73717.0)
(969, 235.46265840530396, -650269.0, -73717.0)
(970, 235.7759234905243, -650269.0, -73717.0)
(971, 236.10270142555237, -650269.0, -73717.0)
(972, 236.4469165802002, -650269.0, -73717.0)
(973, 236.74819207191467, -650269.0, -73717.0)
(974, 237.07983326911926, -650269.0, -73717.0)
(975, 237.37717652320862, -650269.0, -73717.0)
(976, 237.67067527770996, -650269.0, -73717.0)
(977, 237.96444702148438, -650269.0, -73717.0)
(978, 238.29779696464539, -650269.0, -73717.0)
(979, 238.63474774360657, -650269.0, -73717.0)
(980, 238.93823719024658, -650269.0, -73717.0)
(981, 239.26879453659058, -650269.0, -73717.0)
(982, 239.6080503463745, -650269.0, -73717.0)
(983, 239.95354056358337, -650269.0, -73717.0)
(984, 240.3035774230957, -650269.0, -73717.0)
(985, 240.64934372901917, -650269.0, -73717.0)
(986, 241.0204620361328, -650269.0, -73717.0)
(987, 241.37213468551636, -650269.0, -73717.0)
(988, 241.67160058021545, -650269.0, -73717.0)
(989, 241.97781252861023, -650269.0, -73717.0)
(990, 242.27503871917725, -650269.0, -73717.0)
(991, 242.5550515651703, -650269.0, -73717.0)
(992, 242.87971234321594, -650269.0, -73717.0)
(993, 243.2041413784027, -650269.0, -73717.0)
(994, 243.5412881374359, -650269.0, -73717.0)
(995, 243.87183737754822, -650269.0, -73717.0)
(996, 244.19815754890442, -650269.0, -73717.0)
(997, 244.52742266654968, -650269.0, -73717.0)
(998, 244.86319231987, -650269.0, -73717.0)
(999, 245.23007440567017, -650269.0, -73717.0)
(1000, 245.52430891990662, -650269.0, -73717.0)
