(1, 0.19791078567504883, -659835.0, -74839.0)
(2, 0.41877102851867676, -400481.96577030234, -74839.0)
(3, 0.5961644649505615, -369973.61023339926, -74839.0)
(4, 0.7797269821166992, -343872.48862300627, -74839.0)
(5, 0.9613287448883057, -315315.71436679683, -74839.0)
(6, 1.0976698398590088, -277911.7793952052, -74839.0)
(7, 1.227201223373413, -228168.24406586064, -74839.0)
(8, 1.3535802364349365, -188251.50397418652, -74839.0)
(9, 1.4965832233428955, -175229.54501818685, -74839.0)
(10, 1.7284555435180664, -175229.54501818685, -74839.0)
(11, 2.043606758117676, -173032.1176181889, -91813.66265792234)
(12, 2.371692657470703, -140086.96255010986, -91848.70041022335)
(13, 2.7557642459869385, -118502.38184308185, -91959.89337830458)
(14, 3.1688151359558105, -115500.94372672476, -92087.35344708773)
(15, 3.6018879413604736, -109004.731146281, -92245.85553599702)
(16, 4.074300289154053, -109004.731146281, -92435.32986209485)
(17, 4.551519393920898, -103891.55534204537, -92568.12818439104)
(18, 5.0613861083984375, -103891.55534204537, -92726.33274456265)
(19, 5.637847661972046, -100245.61333618592, -92832.27467386876)
(20, 6.252465486526489, -100245.61333618592, -93020.41594665797)
(21, 6.952728986740112, -97534.20384424072, -93135.8587589542)
(22, 7.629718542098999, -97534.20384424072, -93221.1840571975)
(23, 8.361716508865356, -96720.48618526124, -93345.5956919693)
(24, 9.178947448730469, -96720.48618526124, -93420.90485076663)
(25, 10.09885048866272, -95677.37289007095, -93533.2484146466)
(26, 11.02818775177002, -95677.37289007095, -93591.94887324306)
(27, 12.037264823913574, -95299.14728120014, -93676.48422786404)
(28, 13.147365093231201, -95299.14728120014, -93709.05014108762)
(29, 14.466537714004517, -94690.1579463945, -93749.39353410248)
(30, 15.787520170211792, -94690.1579463945, -93767.43714533845)
(31, 17.17868995666504, -94448.57913922053, -93776.63558663696)
(32, 18.784562587738037, -94292.29030346242, -93789.16468418788)
(33, 20.614152669906616, -94147.69162931848, -93813.85675454939)
(34, 22.342146635055542, -94120.71122288656, -93845.77060639016)
(35, 24.083673000335693, -94024.54239082086, -93864.15658590032)
(36, 25.951332092285156, -93950.9118555348, -93872.17611966506)
(37, 27.868154287338257, -93950.9118555348, -93882.41820182599)
(38, 30.03638768196106, -93942.75970865993, -93887.1188729665)
(39, 32.17250418663025, -93917.40174085335, -93887.61702726531)
(40, 34.11091232299805, -93898.28052664013, -93890.08572054817)
(41, 36.07928514480591, -93898.28052664013, -93890.78631400412)
(42, 38.39308524131775, -93898.28052664013, -93891.67581837371)
(43, 40.40112257003784, -93896.12156870835, -93891.67581837377)
(44, 42.18300724029541, -93893.0095434743, -93891.6758183738)
(45, 44.03687858581543, -93892.07593590277, -93891.67581837383)
(46, 45.94258522987366, -93891.79585363454, -93891.67581837368)
(47, 47.76888346672058, -93891.71182895053, -93891.67581837378)
(48, 49.66756582260132, -93891.68662154677, -93891.67581837383)
