(1, 0.041933298110961914, -88584.0, -9217.0)
(2, 0.08489179611206055, -49809.95994958464, -9217.0)
(3, 0.1242523193359375, -32829.52898435089, -9217.0)
(4, 0.16489410400390625, -21949.513808454372, -9217.0)
(5, 0.20971989631652832, -16063.112039671845, -9217.0)
(6, 0.25904154777526855, -12857.667312350297, -9217.0)
(7, 0.31273436546325684, -11746.209254833515, -9217.0)
(8, 0.3671858310699463, -10810.862776450002, -10410.0)
(9, 0.4179086685180664, -10642.23950970528, -10410.0)
(10, 0.46915316581726074, -10479.671852911531, -10410.0)
(11, 0.5232865810394287, -10430.901555873437, -10410.0)
(12, 0.5766472816467285, -10416.270466761973, -10410.0)
(13, 0.6301045417785645, -10411.88114002856, -10410.0)
(14, 0.6840648651123047, -10410.564342008494, -10410.0)
(15, 0.7374217510223389, -10410.169302601245, -10410.0)
(16, 0.7909648418426514, -10410.05079071918, -10410.0)
(17, 0.8453309535980225, -10410.015237095282, -10410.0)
(18, 0.9012851715087891, -10410.004570775094, -10410.0)
(19, 0.9568603038787842, -10410.001371002834, -10410.0)
