(1, 0.030143022537231445, -418197.0, -13519.0)
(2, 0.058889150619506836, -382091.5833333333, -13519.0)
(3, 0.08795499801635742, -378530.0, -13519.0)
(4, 0.11824226379394531, -334401.875, -13519.0)
(5, 0.1500558853149414, -280795.5833333333, -13519.0)
(6, 0.18296170234680176, -240876.66666666666, -13519.0)
(7, 0.21784448623657227, -187207.04166666666, -13519.0)
(8, 0.2543027400970459, -134059.125, -13519.0)
(9, 0.29104065895080566, -118816.20833333334, -13519.0)
(10, 0.3294835090637207, -65095.583333333336, -13519.0)
(11, 0.36893224716186523, -23399.333333333336, -13519.0)
(12, 0.408832311630249, -23399.333333333336, -13519.0)
(13, 0.4483208656311035, -21677.0, -21532.0)
(14, 0.4874229431152344, -21532.0, -21532.0)
(15, 0.526613712310791, -21532.0, -21532.0)
