(1, 0.10401725769042969, -1288744.0, -35060.0)
(2, 0.20126032829284668, -1262583.8333333333, -35060.0)
(3, 0.2958526611328125, -1262583.8333333333, -35060.0)
(4, 0.3900620937347412, -1262583.8333333333, -35060.0)
(5, 0.48326587677001953, -1262583.8333333333, -35060.0)
(6, 0.5762548446655273, -1262583.8333333333, -35060.0)
(7, 0.669994592666626, -1262583.8333333333, -35060.0)
(8, 0.7633934020996094, -1262583.8333333333, -35060.0)
(9, 0.8759901523590088, -1144098.5416666667, -35060.0)
(10, 0.9711992740631104, -1113522.125, -35060.0)
(11, 1.0680253505706787, -1030615.6666666666, -35060.0)
(12, 1.165360689163208, -949072.875, -35060.0)
(13, 1.2633233070373535, -918419.8333333334, -35060.0)
(14, 1.3638551235198975, -823781.6666666666, -35060.0)
(15, 1.4660344123840332, -741388.6666666666, -35060.0)
(16, 1.5684030055999756, -719037.4583333334, -35060.0)
(17, 1.6727075576782227, -630977.125, -35060.0)
(18, 1.7791438102722168, -535686.9583333334, -35060.0)
(19, 1.8866002559661865, -517782.9166666667, -35060.0)
(20, 1.9941084384918213, -463091.71875, -35060.0)
(21, 2.1028831005096436, -380905.125, -35060.0)
(22, 2.211808919906616, -305909.875, -35060.0)
(23, 2.3232741355895996, -232137.0833333333, -35060.0)
(24, 2.435511589050293, -155991.20833333334, -35060.0)
(25, 2.548168182373047, -107202.20833333334, -35060.0)
(26, 2.6614797115325928, -75723.70833333334, -35060.0)
(27, 2.775359630584717, -63616.208333333336, -35060.0)
(28, 2.9075756072998047, -60504.5, -59322.0)
(29, 3.0233864784240723, -59595.0, -59322.0)
(30, 3.1376545429229736, -59365.0, -59322.0)
(31, 3.2518162727355957, -59322.0, -59322.0)
(32, 3.365318536758423, -59322.0, -59322.0)
