(1, 0.08916974067687988, -269551.0, -72908.0)
(2, 0.15047574043273926, -269551.0, -72908.0)
(3, 0.22780323028564453, -269551.0, -72908.0)
(4, 0.30240416526794434, -269551.0, -72908.0)
(5, 0.37830448150634766, -269551.0, -72908.0)
(6, 0.45675206184387207, -269551.0, -72908.0)
(7, 0.5344350337982178, -269551.0, -72908.0)
(8, 0.6061112880706787, -269551.0, -72908.0)
(9, 0.6872103214263916, -269551.0, -72908.0)
(10, 0.767035722732544, -269551.0, -72908.0)
(11, 0.840224027633667, -269551.0, -72908.0)
(12, 0.9158742427825928, -269551.0, -72908.0)
(13, 1.0001401901245117, -269551.0, -72908.0)
(14, 1.0813744068145752, -269551.0, -72908.0)
(15, 1.1622321605682373, -269551.0, -72908.0)
(16, 1.2400095462799072, -269551.0, -72908.0)
(17, 1.3216361999511719, -269551.0, -72908.0)
(18, 1.4049081802368164, -269551.0, -72908.0)
(19, 1.4862072467803955, -269551.0, -72908.0)
(20, 1.5670232772827148, -269551.0, -72908.0)
(21, 1.6411030292510986, -269551.0, -72908.0)
(22, 1.7187201976776123, -269551.0, -72908.0)
(23, 1.7998945713043213, -269551.0, -72908.0)
(24, 1.8733339309692383, -269551.0, -72908.0)
(25, 1.9447503089904785, -269551.0, -72908.0)
(26, 2.024435043334961, -269551.0, -72908.0)
(27, 2.1003360748291016, -269551.0, -72908.0)
(28, 2.1830477714538574, -269551.0, -72908.0)
(29, 2.2617263793945312, -269551.0, -72908.0)
(30, 2.341379404067993, -269551.0, -72908.0)
(31, 2.4251489639282227, -269551.0, -72908.0)
(32, 2.50923228263855, -269551.0, -72908.0)
(33, 2.607424259185791, -269551.0, -72908.0)
(34, 2.6844592094421387, -269551.0, -72908.0)
(35, 2.763963460922241, -269551.0, -72908.0)
(36, 2.8448617458343506, -269551.0, -72908.0)
(37, 2.921797513961792, -269551.0, -72908.0)
(38, 3.001251220703125, -269551.0, -72908.0)
(39, 3.0856895446777344, -269551.0, -72908.0)
(40, 3.1642005443573, -269551.0, -72908.0)
(41, 3.245438575744629, -269551.0, -72908.0)
(42, 3.3332669734954834, -269551.0, -72908.0)
(43, 3.423734426498413, -269551.0, -72908.0)
(44, 3.5073578357696533, -269551.0, -72908.0)
(45, 3.5935614109039307, -269551.0, -72908.0)
(46, 3.6786000728607178, -269551.0, -72908.0)
(47, 3.761340618133545, -269551.0, -72908.0)
(48, 3.8443403244018555, -269551.0, -72908.0)
(49, 3.928431272506714, -269551.0, -72908.0)
(50, 4.012444972991943, -269551.0, -72908.0)
(51, 4.087751865386963, -269551.0, -72908.0)
(52, 4.175978422164917, -269551.0, -72908.0)
(53, 4.2603747844696045, -269551.0, -72908.0)
(54, 4.343022108078003, -269551.0, -72908.0)
(55, 4.420597076416016, -269551.0, -72908.0)
(56, 4.49814772605896, -269551.0, -72908.0)
(57, 4.577907085418701, -269551.0, -72908.0)
(58, 4.661906719207764, -269551.0, -72908.0)
(59, 4.747347116470337, -269551.0, -72908.0)
(60, 4.832779884338379, -269551.0, -72908.0)
(61, 4.930721759796143, -269551.0, -72908.0)
(62, 5.004906177520752, -269551.0, -72908.0)
(63, 5.094909191131592, -269551.0, -72908.0)
(64, 5.17824125289917, -269551.0, -72908.0)
(65, 5.259459495544434, -269551.0, -72908.0)
(66, 5.337767839431763, -269551.0, -72908.0)
(67, 5.423565864562988, -269551.0, -72908.0)
(68, 5.518431663513184, -269551.0, -72908.0)
(69, 5.603318452835083, -269551.0, -72908.0)
(70, 5.688380002975464, -269551.0, -72908.0)
(71, 5.77372145652771, -269551.0, -72908.0)
(72, 5.855595588684082, -269551.0, -72908.0)
(73, 5.938783168792725, -269551.0, -72908.0)
(74, 6.022767543792725, -269551.0, -72908.0)
(75, 6.107923984527588, -269551.0, -72908.0)
(76, 6.18128776550293, -269551.0, -72908.0)
(77, 6.262720108032227, -269551.0, -72908.0)
(78, 6.352735280990601, -269551.0, -72908.0)
(79, 6.44161319732666, -269551.0, -72908.0)
(80, 6.529547452926636, -269551.0, -72908.0)
(81, 6.609151124954224, -269551.0, -72908.0)
(82, 6.700820446014404, -269551.0, -72908.0)
(83, 6.786320209503174, -269551.0, -72908.0)
(84, 6.866975784301758, -269551.0, -72908.0)
(85, 6.953787803649902, -269551.0, -72908.0)
(86, 7.032703399658203, -269551.0, -72908.0)
(87, 7.117489576339722, -269551.0, -72908.0)
(88, 7.20411229133606, -269551.0, -72908.0)
(89, 7.281748056411743, -269551.0, -72908.0)
(90, 7.368201017379761, -269551.0, -72908.0)
(91, 7.456612586975098, -269551.0, -72908.0)
(92, 7.547799825668335, -269551.0, -72908.0)
(93, 7.631178379058838, -269551.0, -72908.0)
(94, 7.726505994796753, -269551.0, -72908.0)
(95, 7.805288553237915, -269551.0, -72908.0)
(96, 7.889608383178711, -269551.0, -72908.0)
(97, 7.969517230987549, -269551.0, -72908.0)
(98, 8.053112030029297, -269551.0, -72908.0)
(99, 8.136338472366333, -269551.0, -72908.0)
(100, 8.216225147247314, -269551.0, -72908.0)
(101, 8.290585279464722, -269551.0, -72908.0)
(102, 8.377423763275146, -269551.0, -72908.0)
(103, 8.465444326400757, -269551.0, -72908.0)
(104, 8.55004334449768, -269551.0, -72908.0)
(105, 8.63067626953125, -269551.0, -72908.0)
(106, 8.715001106262207, -269551.0, -72908.0)
(107, 8.794999599456787, -269551.0, -72908.0)
(108, 8.87301516532898, -269551.0, -72908.0)
(109, 8.957738399505615, -269551.0, -72908.0)
(110, 9.050915241241455, -269551.0, -72908.0)
(111, 9.140239000320435, -269551.0, -72908.0)
(112, 9.228378772735596, -269551.0, -72908.0)
(113, 9.313597202301025, -269551.0, -72908.0)
(114, 9.399511098861694, -269551.0, -72908.0)
(115, 9.483698844909668, -269551.0, -72908.0)
(116, 9.562920331954956, -269551.0, -72908.0)
(117, 9.64816927909851, -269551.0, -72908.0)
(118, 9.735690355300903, -269551.0, -72908.0)
(119, 9.817113876342773, -269551.0, -72908.0)
(120, 9.910311698913574, -269551.0, -72908.0)
(121, 9.994158506393433, -269551.0, -72908.0)
(122, 10.081528902053833, -269551.0, -72908.0)
(123, 10.165377378463745, -269551.0, -72908.0)
(124, 10.24106502532959, -269551.0, -72908.0)
(125, 10.327275276184082, -269551.0, -72908.0)
(126, 10.418882846832275, -269551.0, -72908.0)
(127, 10.5053551197052, -269551.0, -72908.0)
(128, 10.589655637741089, -269551.0, -72908.0)
(129, 10.67552661895752, -269551.0, -72908.0)
(130, 10.755003929138184, -269551.0, -72908.0)
(131, 10.834325551986694, -269551.0, -72908.0)
(132, 10.927364587783813, -269551.0, -72908.0)
(133, 11.010200262069702, -269551.0, -72908.0)
(134, 11.091800689697266, -269551.0, -72908.0)
(135, 11.177857875823975, -269551.0, -72908.0)
(136, 11.260984897613525, -269551.0, -72908.0)
(137, 11.34000563621521, -269551.0, -72908.0)
(138, 11.426089525222778, -269551.0, -72908.0)
(139, 11.50778317451477, -269551.0, -72908.0)
(140, 11.5921311378479, -269551.0, -72908.0)
(141, 11.695852041244507, -269551.0, -72908.0)
(142, 11.79239296913147, -269551.0, -72908.0)
(143, 11.877870559692383, -269551.0, -72908.0)
(144, 11.966037034988403, -269551.0, -72908.0)
(145, 12.059921264648438, -269551.0, -72908.0)
(146, 12.14749789237976, -269551.0, -72908.0)
(147, 12.239710569381714, -269551.0, -72908.0)
(148, 12.330904483795166, -269551.0, -72908.0)
(149, 12.416112899780273, -269551.0, -72908.0)
(150, 12.506589651107788, -269551.0, -72908.0)
(151, 12.594502210617065, -269551.0, -72908.0)
(152, 12.67175841331482, -269551.0, -72908.0)
(153, 12.75456976890564, -269551.0, -72908.0)
(154, 12.84564733505249, -269551.0, -72908.0)
(155, 12.92918062210083, -269551.0, -72908.0)
(156, 13.016937255859375, -269551.0, -72908.0)
(157, 13.120545148849487, -269551.0, -72908.0)
(158, 13.220147371292114, -269551.0, -72908.0)
(159, 13.308366537094116, -269551.0, -72908.0)
(160, 13.40212106704712, -269551.0, -72908.0)
(161, 13.504826307296753, -269551.0, -72908.0)
(162, 13.605839729309082, -269551.0, -72908.0)
(163, 13.686095952987671, -269551.0, -72908.0)
(164, 13.796228170394897, -269551.0, -72908.0)
(165, 13.88862419128418, -269551.0, -72908.0)
(166, 13.975937843322754, -269551.0, -72908.0)
(167, 14.079466819763184, -269551.0, -72908.0)
(168, 14.174875974655151, -269551.0, -72908.0)
(169, 14.265511751174927, -269551.0, -72908.0)
(170, 14.362790822982788, -269551.0, -72908.0)
(171, 14.465212345123291, -269551.0, -72908.0)
(172, 14.563928365707397, -269551.0, -72908.0)
(173, 14.667037010192871, -269551.0, -72908.0)
(174, 14.764551639556885, -269551.0, -72908.0)
(175, 14.85868787765503, -269551.0, -72908.0)
(176, 14.946443319320679, -269551.0, -72908.0)
(177, 15.029069423675537, -269551.0, -72908.0)
(178, 15.106214761734009, -269551.0, -72908.0)
(179, 15.196362257003784, -269551.0, -72908.0)
(180, 15.28917670249939, -269551.0, -72908.0)
(181, 15.383063316345215, -269551.0, -72908.0)
(182, 15.46995759010315, -269551.0, -72908.0)
(183, 15.563417196273804, -269551.0, -72908.0)
(184, 15.654195070266724, -269551.0, -72908.0)
(185, 15.751412391662598, -269551.0, -72908.0)
(186, 15.839569807052612, -269551.0, -72908.0)
(187, 15.923624277114868, -269551.0, -72908.0)
(188, 16.021488666534424, -269551.0, -72908.0)
(189, 16.119455814361572, -269551.0, -72908.0)
(190, 16.223033666610718, -269551.0, -72908.0)
(191, 16.30816960334778, -269551.0, -72908.0)
(192, 16.413865327835083, -269551.0, -72908.0)
(193, 16.504384517669678, -269551.0, -72908.0)
(194, 16.60256600379944, -269551.0, -72908.0)
(195, 16.703903436660767, -269551.0, -72908.0)
(196, 16.801741361618042, -269551.0, -72908.0)
(197, 16.89726448059082, -269551.0, -72908.0)
(198, 17.00557589530945, -269551.0, -72908.0)
(199, 17.09813642501831, -269551.0, -72908.0)
(200, 17.200714111328125, -269551.0, -72908.0)
(201, 17.300374507904053, -269551.0, -72908.0)
(202, 17.40291666984558, -269551.0, -72908.0)
(203, 17.510943174362183, -269551.0, -72908.0)
(204, 17.61241626739502, -269551.0, -72908.0)
(205, 17.730236768722534, -269551.0, -72908.0)
(206, 17.830762147903442, -269551.0, -72908.0)
(207, 17.92560887336731, -269551.0, -72908.0)
(208, 18.031381607055664, -269551.0, -72908.0)
(209, 18.12177801132202, -269551.0, -72908.0)
(210, 18.22280740737915, -269551.0, -72908.0)
(211, 18.314205408096313, -269551.0, -72908.0)
(212, 18.41320824623108, -269551.0, -72908.0)
(213, 18.510251998901367, -269551.0, -72908.0)
(214, 18.6151921749115, -269551.0, -72908.0)
(215, 18.73409152030945, -269551.0, -72908.0)
(216, 18.83743453025818, -269551.0, -72908.0)
(217, 18.92853879928589, -269551.0, -72908.0)
(218, 19.020581245422363, -269551.0, -72908.0)
(219, 19.117886066436768, -269551.0, -72908.0)
(220, 19.21141266822815, -269551.0, -72908.0)
(221, 19.30647373199463, -269551.0, -72908.0)
(222, 19.408796072006226, -269551.0, -72908.0)
(223, 19.518316745758057, -269551.0, -72908.0)
(224, 19.611823081970215, -269551.0, -72908.0)
(225, 19.72261691093445, -269551.0, -72908.0)
(226, 19.83189606666565, -269551.0, -72908.0)
(227, 19.937654972076416, -269551.0, -72908.0)
(228, 20.0377779006958, -269551.0, -72908.0)
(229, 20.143435955047607, -269551.0, -72908.0)
(230, 20.24001169204712, -269551.0, -72908.0)
(231, 20.33111071586609, -269551.0, -72908.0)
(232, 20.43873167037964, -269551.0, -72908.0)
(233, 20.544514656066895, -269551.0, -72908.0)
(234, 20.63609290122986, -269551.0, -72908.0)
(235, 20.739744663238525, -269551.0, -72908.0)
(236, 20.835577964782715, -269551.0, -72908.0)
(237, 20.946563959121704, -269551.0, -72908.0)
(238, 21.05367088317871, -269551.0, -72908.0)
(239, 21.140559196472168, -269551.0, -72908.0)
(240, 21.257116556167603, -269551.0, -72908.0)
(241, 21.36064124107361, -269551.0, -72908.0)
(242, 21.457491159439087, -269551.0, -72908.0)
(243, 21.563708543777466, -269551.0, -72908.0)
(244, 21.66274118423462, -269551.0, -72908.0)
(245, 21.771366596221924, -269551.0, -72908.0)
(246, 21.857022047042847, -269551.0, -72908.0)
(247, 21.954680681228638, -269551.0, -72908.0)
(248, 22.06283450126648, -269551.0, -72908.0)
(249, 22.162580013275146, -269551.0, -72908.0)
(250, 22.250483512878418, -269551.0, -72908.0)
(251, 22.34925627708435, -269551.0, -72908.0)
(252, 22.443707704544067, -269551.0, -72908.0)
(253, 22.538068294525146, -269551.0, -72908.0)
(254, 22.650052070617676, -269551.0, -72908.0)
(255, 22.750559091567993, -269551.0, -72908.0)
(256, 22.857750177383423, -269551.0, -72908.0)
(257, 22.962794065475464, -269551.0, -72908.0)
(258, 23.065932035446167, -269551.0, -72908.0)
(259, 23.18047785758972, -269551.0, -72908.0)
(260, 23.276143789291382, -269551.0, -72908.0)
(261, 23.382628679275513, -269551.0, -72908.0)
(262, 23.49034285545349, -269551.0, -72908.0)
(263, 23.581912994384766, -269551.0, -72908.0)
(264, 23.691468000411987, -269551.0, -72908.0)
(265, 23.803756713867188, -269551.0, -72908.0)
(266, 23.903674840927124, -269551.0, -72908.0)
(267, 24.006883144378662, -269551.0, -72908.0)
(268, 24.09329104423523, -269551.0, -72908.0)
(269, 24.19178342819214, -269551.0, -72908.0)
(270, 24.280160427093506, -269551.0, -72908.0)
(271, 24.379597187042236, -269551.0, -72908.0)
(272, 24.480477809906006, -269551.0, -72908.0)
(273, 24.58479619026184, -269551.0, -72908.0)
(274, 24.68092942237854, -269551.0, -72908.0)
(275, 24.76832675933838, -269551.0, -72908.0)
(276, 24.868154287338257, -269551.0, -72908.0)
(277, 24.980539560317993, -269551.0, -72908.0)
(278, 25.086983680725098, -269551.0, -72908.0)
(279, 25.182316064834595, -269551.0, -72908.0)
(280, 25.283454418182373, -269551.0, -72908.0)
(281, 25.390167951583862, -269551.0, -72908.0)
(282, 25.498430252075195, -269551.0, -72908.0)
(283, 25.60517692565918, -269551.0, -72908.0)
(284, 25.71179485321045, -269551.0, -72908.0)
(285, 25.810359239578247, -269551.0, -72908.0)
(286, 25.916999340057373, -269551.0, -72908.0)
(287, 26.010953903198242, -269551.0, -72908.0)
(288, 26.117389917373657, -269551.0, -72908.0)
(289, 26.22002339363098, -269551.0, -72908.0)
(290, 26.313741445541382, -269551.0, -72908.0)
(291, 26.41319489479065, -269551.0, -72908.0)
(292, 26.509610652923584, -269551.0, -72908.0)
(293, 26.594462871551514, -269551.0, -72908.0)
(294, 26.690820693969727, -269551.0, -72908.0)
(295, 26.790314435958862, -269551.0, -72908.0)
(296, 26.890921592712402, -269551.0, -72908.0)
(297, 26.993396759033203, -269551.0, -72908.0)
(298, 27.091351985931396, -269551.0, -72908.0)
(299, 27.198598861694336, -269551.0, -72908.0)
(300, 27.279970169067383, -269551.0, -72908.0)
(301, 27.363105297088623, -269551.0, -72908.0)
(302, 27.46605110168457, -269551.0, -72908.0)
(303, 27.561830043792725, -269551.0, -72908.0)
(304, 27.677499771118164, -269551.0, -72908.0)
(305, 27.775739908218384, -269551.0, -72908.0)
(306, 27.871935844421387, -269551.0, -72908.0)
(307, 27.982227087020874, -269551.0, -72908.0)
(308, 28.084360122680664, -269551.0, -72908.0)
(309, 28.175050020217896, -269551.0, -72908.0)
(310, 28.27272605895996, -269551.0, -72908.0)
(311, 28.375330686569214, -269551.0, -72908.0)
(312, 28.479412078857422, -269551.0, -72908.0)
(313, 28.573067665100098, -269551.0, -72908.0)
(314, 28.668484449386597, -269551.0, -72908.0)
(315, 28.784595012664795, -269551.0, -72908.0)
(316, 28.911186456680298, -269551.0, -72908.0)
(317, 29.023990154266357, -269551.0, -72908.0)
(318, 29.14721155166626, -269551.0, -72908.0)
(319, 29.257541179656982, -269551.0, -72908.0)
(320, 29.369396686553955, -269551.0, -72908.0)
(321, 29.481839179992676, -269551.0, -72908.0)
(322, 29.58970308303833, -269551.0, -72908.0)
(323, 29.692867517471313, -269551.0, -72908.0)
(324, 29.792723178863525, -269551.0, -72908.0)
(325, 29.91335940361023, -269551.0, -72908.0)
(326, 30.020151615142822, -269551.0, -72908.0)
(327, 30.133909463882446, -269551.0, -72908.0)
(328, 30.25304102897644, -269551.0, -72908.0)
(329, 30.356802701950073, -269551.0, -72908.0)
(330, 30.47466778755188, -269551.0, -72908.0)
(331, 30.58450698852539, -269551.0, -72908.0)
(332, 30.707346439361572, -269551.0, -72908.0)
(333, 30.82468342781067, -269551.0, -72908.0)
(334, 30.934723138809204, -269551.0, -72908.0)
(335, 31.03939390182495, -269551.0, -72908.0)
(336, 31.144066095352173, -269551.0, -72908.0)
(337, 31.245687007904053, -269551.0, -72908.0)
(338, 31.34304165840149, -269551.0, -72908.0)
(339, 31.44048762321472, -269551.0, -72908.0)
(340, 31.53874397277832, -269551.0, -72908.0)
(341, 31.640084743499756, -269551.0, -72908.0)
(342, 31.745259046554565, -269551.0, -72908.0)
(343, 31.83669114112854, -269551.0, -72908.0)
(344, 31.930767059326172, -269551.0, -72908.0)
(345, 32.02387499809265, -269551.0, -72908.0)
(346, 32.129294872283936, -269551.0, -72908.0)
(347, 32.23171591758728, -269551.0, -72908.0)
(348, 32.3342547416687, -269551.0, -72908.0)
(349, 32.43881440162659, -269551.0, -72908.0)
(350, 32.54928016662598, -269551.0, -72908.0)
(351, 32.645402669906616, -269551.0, -72908.0)
(352, 32.73336434364319, -269551.0, -72908.0)
(353, 32.86326265335083, -269551.0, -72908.0)
(354, 32.972147941589355, -269551.0, -72908.0)
(355, 33.07251167297363, -269551.0, -72908.0)
(356, 33.17640995979309, -269551.0, -72908.0)
(357, 33.2901349067688, -269551.0, -72908.0)
(358, 33.38698101043701, -269551.0, -72908.0)
(359, 33.50530529022217, -269551.0, -72908.0)
(360, 33.60988521575928, -269551.0, -72908.0)
(361, 33.7303409576416, -269551.0, -72908.0)
(362, 33.84410786628723, -269551.0, -72908.0)
(363, 33.96328592300415, -269551.0, -72908.0)
(364, 34.071956396102905, -269551.0, -72908.0)
(365, 34.16869235038757, -269551.0, -72908.0)
(366, 34.28944134712219, -269551.0, -72908.0)
(367, 34.405850887298584, -269551.0, -72908.0)
(368, 34.50809097290039, -269551.0, -72908.0)
(369, 34.62372899055481, -269551.0, -72908.0)
(370, 34.741241693496704, -269551.0, -72908.0)
(371, 34.86087894439697, -269551.0, -72908.0)
(372, 34.97404646873474, -269551.0, -72908.0)
(373, 35.09209585189819, -269551.0, -72908.0)
(374, 35.1987943649292, -269551.0, -72908.0)
(375, 35.3043167591095, -269551.0, -72908.0)
(376, 35.41077709197998, -269551.0, -72908.0)
(377, 35.51902723312378, -269551.0, -72908.0)
(378, 35.63572835922241, -269551.0, -72908.0)
(379, 35.756640911102295, -269551.0, -72908.0)
(380, 35.85179805755615, -269551.0, -72908.0)
(381, 35.96093130111694, -269551.0, -72908.0)
(382, 36.06267046928406, -269551.0, -72908.0)
(383, 36.169703245162964, -269551.0, -72908.0)
(384, 36.26494216918945, -269551.0, -72908.0)
(385, 36.37408995628357, -269551.0, -72908.0)
(386, 36.49819755554199, -269551.0, -72908.0)
(387, 36.62618398666382, -269551.0, -72908.0)
(388, 36.743311405181885, -269551.0, -72908.0)
(389, 36.86261248588562, -269551.0, -72908.0)
(390, 36.99347758293152, -269551.0, -72908.0)
(391, 37.07776117324829, -269551.0, -72908.0)
(392, 37.160297870635986, -269551.0, -72908.0)
(393, 37.26326608657837, -269551.0, -72908.0)
(394, 37.37652349472046, -269551.0, -72908.0)
(395, 37.485920906066895, -269551.0, -72908.0)
(396, 37.59559392929077, -269551.0, -72908.0)
(397, 37.68370008468628, -269551.0, -72908.0)
(398, 37.79490780830383, -269551.0, -72908.0)
(399, 37.88217806816101, -269551.0, -72908.0)
(400, 37.99432635307312, -269551.0, -72908.0)
(401, 38.09296464920044, -269551.0, -72908.0)
(402, 38.17357850074768, -269551.0, -72908.0)
(403, 38.29101920127869, -269551.0, -72908.0)
(404, 38.37923574447632, -269551.0, -72908.0)
(405, 38.488261222839355, -269551.0, -72908.0)
(406, 38.610313177108765, -269551.0, -72908.0)
(407, 38.71171808242798, -269551.0, -72908.0)
(408, 38.83040142059326, -269551.0, -72908.0)
(409, 38.942994117736816, -269551.0, -72908.0)
(410, 39.057597637176514, -269551.0, -72908.0)
(411, 39.17560386657715, -269551.0, -72908.0)
(412, 39.318581342697144, -269551.0, -72908.0)
(413, 39.43975639343262, -269551.0, -72908.0)
(414, 39.570372104644775, -269551.0, -72908.0)
(415, 39.68917489051819, -269551.0, -72908.0)
(416, 39.79174590110779, -269551.0, -72908.0)
(417, 39.920777320861816, -269551.0, -72908.0)
(418, 40.041932821273804, -269551.0, -72908.0)
(419, 40.16410851478577, -269551.0, -72908.0)
(420, 40.28900384902954, -269551.0, -72908.0)
(421, 40.405664682388306, -269551.0, -72908.0)
(422, 40.544360399246216, -269551.0, -72908.0)
(423, 40.67289638519287, -269551.0, -72908.0)
(424, 40.80340313911438, -269551.0, -72908.0)
(425, 40.93104290962219, -269551.0, -72908.0)
(426, 41.059465408325195, -269551.0, -72908.0)
(427, 41.19207429885864, -269551.0, -72908.0)
(428, 41.32518792152405, -269551.0, -72908.0)
(429, 41.45052695274353, -269551.0, -72908.0)
(430, 41.59541654586792, -269551.0, -72908.0)
(431, 41.72624707221985, -269551.0, -72908.0)
(432, 41.870734453201294, -269551.0, -72908.0)
(433, 41.99336791038513, -269551.0, -72908.0)
(434, 42.10610008239746, -269551.0, -72908.0)
(435, 42.21504878997803, -269551.0, -72908.0)
(436, 42.333091735839844, -269551.0, -72908.0)
(437, 42.45832109451294, -269551.0, -72908.0)
(438, 42.57547044754028, -269551.0, -72908.0)
(439, 42.709847927093506, -269551.0, -72908.0)
(440, 42.83385157585144, -269551.0, -72908.0)
(441, 42.936588287353516, -269551.0, -72908.0)
(442, 43.06120157241821, -269551.0, -72908.0)
(443, 43.186129331588745, -269551.0, -72908.0)
(444, 43.304813385009766, -269551.0, -72908.0)
(445, 43.422462463378906, -269551.0, -72908.0)
(446, 43.52571630477905, -269551.0, -72908.0)
(447, 43.658281564712524, -269551.0, -72908.0)
(448, 43.775784730911255, -269551.0, -72908.0)
(449, 43.894988775253296, -269551.0, -72908.0)
(450, 43.996156215667725, -269551.0, -72908.0)
(451, 44.113455295562744, -269551.0, -72908.0)
(452, 44.24573230743408, -269551.0, -72908.0)
(453, 44.36923813819885, -269551.0, -72908.0)
(454, 44.48513412475586, -269551.0, -72908.0)
(455, 44.60235095024109, -269551.0, -72908.0)
(456, 44.726370096206665, -269551.0, -72908.0)
(457, 44.83376169204712, -269551.0, -72908.0)
(458, 44.94399094581604, -269551.0, -72908.0)
(459, 45.068111181259155, -269551.0, -72908.0)
(460, 45.195560455322266, -269551.0, -72908.0)
(461, 45.32190012931824, -269551.0, -72908.0)
(462, 45.45626211166382, -269551.0, -72908.0)
(463, 45.59094715118408, -269551.0, -72908.0)
(464, 45.73289108276367, -269551.0, -72908.0)
(465, 45.87362003326416, -269551.0, -72908.0)
(466, 46.02850890159607, -269551.0, -72908.0)
(467, 46.148754835128784, -269551.0, -72908.0)
(468, 46.26511096954346, -269551.0, -72908.0)
(469, 46.399357080459595, -269551.0, -72908.0)
(470, 46.53317618370056, -269551.0, -72908.0)
(471, 46.65497136116028, -269551.0, -72908.0)
(472, 46.79443621635437, -269551.0, -72908.0)
(473, 46.954883098602295, -269551.0, -72908.0)
(474, 47.07033443450928, -269551.0, -72908.0)
(475, 47.228679895401, -269551.0, -72908.0)
(476, 47.35646986961365, -269551.0, -72908.0)
(477, 47.484485387802124, -269551.0, -72908.0)
(478, 47.64714169502258, -269551.0, -72908.0)
(479, 47.767465353012085, -269551.0, -72908.0)
(480, 47.90416145324707, -269551.0, -72908.0)
(481, 48.0142560005188, -269551.0, -72908.0)
(482, 48.12207913398743, -269551.0, -72908.0)
(483, 48.22135257720947, -269551.0, -72908.0)
(484, 48.32683801651001, -269551.0, -72908.0)
(485, 48.4321653842926, -269551.0, -72908.0)
(486, 48.55152130126953, -269551.0, -72908.0)
(487, 48.657946825027466, -269551.0, -72908.0)
(488, 48.798041105270386, -269551.0, -72908.0)
(489, 48.91521501541138, -269551.0, -72908.0)
(490, 49.028743743896484, -269551.0, -72908.0)
(491, 49.13743185997009, -269551.0, -72908.0)
(492, 49.25027537345886, -269551.0, -72908.0)
(493, 49.348384857177734, -269551.0, -72908.0)
(494, 49.45309352874756, -269551.0, -72908.0)
(495, 49.55566096305847, -269551.0, -72908.0)
(496, 49.660457372665405, -269551.0, -72908.0)
(497, 49.764193058013916, -269551.0, -72908.0)
(498, 49.87590169906616, -269551.0, -72908.0)
(499, 49.98419976234436, -269551.0, -72908.0)
(500, 50.102883100509644, -269551.0, -72908.0)
(501, 50.216228723526, -269551.0, -72908.0)
(502, 50.33901000022888, -269551.0, -72908.0)
(503, 50.46624684333801, -269551.0, -72908.0)
(504, 50.58409261703491, -269551.0, -72908.0)
(505, 50.73513698577881, -269551.0, -72908.0)
(506, 50.861183404922485, -269551.0, -72908.0)
(507, 50.98623299598694, -269551.0, -72908.0)
(508, 51.11590790748596, -269551.0, -72908.0)
(509, 51.248162269592285, -269551.0, -72908.0)
(510, 51.3777277469635, -269551.0, -72908.0)
(511, 51.51216220855713, -269551.0, -72908.0)
(512, 51.637019872665405, -269551.0, -72908.0)
(513, 51.77563428878784, -269551.0, -72908.0)
(514, 51.91431736946106, -269551.0, -72908.0)
(515, 52.04383182525635, -269551.0, -72908.0)
(516, 52.1696879863739, -269551.0, -72908.0)
(517, 52.31364870071411, -269551.0, -72908.0)
(518, 52.44074082374573, -269551.0, -72908.0)
(519, 52.55266499519348, -269551.0, -72908.0)
(520, 52.67690825462341, -269551.0, -72908.0)
(521, 52.782710313797, -269551.0, -72908.0)
(522, 52.88742160797119, -269551.0, -72908.0)
(523, 52.99500346183777, -269551.0, -72908.0)
(524, 53.11495542526245, -269551.0, -72908.0)
(525, 53.226850271224976, -269551.0, -72908.0)
(526, 53.35463070869446, -269551.0, -72908.0)
(527, 53.48469161987305, -269551.0, -72908.0)
(528, 53.60379600524902, -269551.0, -72908.0)
(529, 53.708608627319336, -269551.0, -72908.0)
(530, 53.82891654968262, -269551.0, -72908.0)
(531, 53.94924020767212, -269551.0, -72908.0)
(532, 54.06792902946472, -269551.0, -72908.0)
(533, 54.17331504821777, -269551.0, -72908.0)
(534, 54.30084729194641, -269551.0, -72908.0)
(535, 54.41622042655945, -269551.0, -72908.0)
(536, 54.5343291759491, -269551.0, -72908.0)
(537, 54.64518094062805, -269551.0, -72908.0)
(538, 54.75677514076233, -269551.0, -72908.0)
(539, 54.88493347167969, -269551.0, -72908.0)
(540, 55.017624616622925, -269551.0, -72908.0)
(541, 55.1497015953064, -269551.0, -72908.0)
(542, 55.26276111602783, -269551.0, -72908.0)
(543, 55.39074373245239, -269551.0, -72908.0)
(544, 55.50828790664673, -269551.0, -72908.0)
(545, 55.642810344696045, -269551.0, -72908.0)
(546, 55.77928590774536, -269551.0, -72908.0)
(547, 55.893420696258545, -269551.0, -72908.0)
(548, 56.019606590270996, -269551.0, -72908.0)
(549, 56.14142870903015, -269551.0, -72908.0)
(550, 56.28261852264404, -269551.0, -72908.0)
(551, 56.42106819152832, -269551.0, -72908.0)
(552, 56.53098511695862, -269551.0, -72908.0)
(553, 56.65460538864136, -269551.0, -72908.0)
(554, 56.790480852127075, -269551.0, -72908.0)
(555, 56.93104934692383, -269551.0, -72908.0)
(556, 57.067044734954834, -269551.0, -72908.0)
(557, 57.21321964263916, -269551.0, -72908.0)
(558, 57.341423988342285, -269551.0, -72908.0)
(559, 57.47465372085571, -269551.0, -72908.0)
(560, 57.599706411361694, -269551.0, -72908.0)
(561, 57.74375367164612, -269551.0, -72908.0)
(562, 57.86706829071045, -269551.0, -72908.0)
(563, 58.001837730407715, -269551.0, -72908.0)
(564, 58.127426862716675, -269551.0, -72908.0)
(565, 58.243019580841064, -269551.0, -72908.0)
(566, 58.37015461921692, -269551.0, -72908.0)
(567, 58.498759031295776, -269551.0, -72908.0)
(568, 58.64170861244202, -269551.0, -72908.0)
(569, 58.78967809677124, -269551.0, -72908.0)
(570, 58.9154372215271, -269551.0, -72908.0)
(571, 59.06367754936218, -269551.0, -72908.0)
(572, 59.19517946243286, -269551.0, -72908.0)
(573, 59.325927734375, -269551.0, -72908.0)
(574, 59.46906328201294, -269551.0, -72908.0)
(575, 59.62091040611267, -269551.0, -72908.0)
(576, 59.763912200927734, -269551.0, -72908.0)
(577, 59.906944274902344, -269551.0, -72908.0)
(578, 60.061073303222656, -269551.0, -72908.0)
(579, 60.21842050552368, -269551.0, -72908.0)
(580, 60.37493395805359, -269551.0, -72908.0)
(581, 60.538408041000366, -269551.0, -72908.0)
(582, 60.679585456848145, -269551.0, -72908.0)
(583, 60.80090880393982, -269551.0, -72908.0)
(584, 60.924888134002686, -269551.0, -72908.0)
(585, 61.06885361671448, -269551.0, -72908.0)
(586, 61.2148711681366, -269551.0, -72908.0)
(587, 61.339704513549805, -269551.0, -72908.0)
(588, 61.476420879364014, -269551.0, -72908.0)
(589, 61.61720585823059, -269551.0, -72908.0)
(590, 61.76581168174744, -269551.0, -72908.0)
(591, 61.9134783744812, -269551.0, -72908.0)
(592, 62.0693461894989, -269551.0, -72908.0)
(593, 62.21044039726257, -269551.0, -72908.0)
(594, 62.33533191680908, -269551.0, -72908.0)
(595, 62.47090196609497, -269551.0, -72908.0)
(596, 62.58064150810242, -269551.0, -72908.0)
(597, 62.71830177307129, -269551.0, -72908.0)
(598, 62.85302495956421, -269551.0, -72908.0)
(599, 62.98175024986267, -269551.0, -72908.0)
(600, 63.107439279556274, -269551.0, -72908.0)
(601, 63.25269031524658, -269551.0, -72908.0)
(602, 63.40109944343567, -269551.0, -72908.0)
(603, 63.514174938201904, -269551.0, -72908.0)
(604, 63.639941453933716, -269551.0, -72908.0)
(605, 63.784077167510986, -269551.0, -72908.0)
(606, 63.941123485565186, -269551.0, -72908.0)
(607, 64.07878017425537, -269551.0, -72908.0)
(608, 64.19866180419922, -269551.0, -72908.0)
(609, 64.33246183395386, -269551.0, -72908.0)
(610, 64.45814990997314, -269551.0, -72908.0)
(611, 64.5958194732666, -269551.0, -72908.0)
(612, 64.72295331954956, -269551.0, -72908.0)
(613, 64.87166953086853, -269551.0, -72908.0)
(614, 65.01959490776062, -269551.0, -72908.0)
(615, 65.15690994262695, -269551.0, -72908.0)
(616, 65.31367707252502, -269551.0, -72908.0)
(617, 65.45798420906067, -269551.0, -72908.0)
(618, 65.59505486488342, -269551.0, -72908.0)
(619, 65.74466133117676, -269551.0, -72908.0)
(620, 65.8819043636322, -269551.0, -72908.0)
(621, 66.01898217201233, -269551.0, -72908.0)
(622, 66.16814875602722, -269551.0, -72908.0)
(623, 66.31587648391724, -269551.0, -72908.0)
(624, 66.48612356185913, -269551.0, -72908.0)
(625, 66.65906643867493, -269551.0, -72908.0)
(626, 66.81089186668396, -269551.0, -72908.0)
(627, 66.9640908241272, -269551.0, -72908.0)
(628, 67.11059141159058, -269551.0, -72908.0)
(629, 67.26073884963989, -269551.0, -72908.0)
(630, 67.41214919090271, -269551.0, -72908.0)
(631, 67.5659806728363, -269551.0, -72908.0)
(632, 67.72450852394104, -269551.0, -72908.0)
(633, 67.89564251899719, -269551.0, -72908.0)
(634, 68.05180835723877, -269551.0, -72908.0)
(635, 68.22336554527283, -269551.0, -72908.0)
(636, 68.37343287467957, -269551.0, -72908.0)
(637, 68.54850363731384, -269551.0, -72908.0)
(638, 68.71660447120667, -269551.0, -72908.0)
(639, 68.90248322486877, -269551.0, -72908.0)
(640, 69.06907033920288, -269551.0, -72908.0)
(641, 69.24272871017456, -269551.0, -72908.0)
(642, 69.43409156799316, -269551.0, -72908.0)
(643, 69.58431601524353, -269551.0, -72908.0)
(644, 69.70454335212708, -269551.0, -72908.0)
(645, 69.83606195449829, -269551.0, -72908.0)
(646, 69.9445252418518, -269551.0, -72908.0)
(647, 70.0793125629425, -269551.0, -72908.0)
(648, 70.18618321418762, -269551.0, -72908.0)
(649, 70.32441639900208, -269551.0, -72908.0)
(650, 70.46772003173828, -269551.0, -72908.0)
(651, 70.58318853378296, -269551.0, -72908.0)
(652, 70.70424032211304, -269551.0, -72908.0)
(653, 70.82007956504822, -269551.0, -72908.0)
(654, 70.96448373794556, -269551.0, -72908.0)
(655, 71.08508586883545, -269551.0, -72908.0)
(656, 71.20142984390259, -269551.0, -72908.0)
(657, 71.35255837440491, -269551.0, -72908.0)
(658, 71.4707441329956, -269551.0, -72908.0)
(659, 71.58524513244629, -269551.0, -72908.0)
(660, 71.73440718650818, -269551.0, -72908.0)
(661, 71.85038042068481, -269551.0, -72908.0)
(662, 71.9892406463623, -269551.0, -72908.0)
(663, 72.14551329612732, -269551.0, -72908.0)
(664, 72.28316116333008, -269551.0, -72908.0)
(665, 72.41255497932434, -269551.0, -72908.0)
(666, 72.55955195426941, -269551.0, -72908.0)
(667, 72.69363474845886, -269551.0, -72908.0)
(668, 72.8319640159607, -269551.0, -72908.0)
(669, 72.98814392089844, -269551.0, -72908.0)
(670, 73.11772036552429, -269551.0, -72908.0)
(671, 73.27854013442993, -269551.0, -72908.0)
(672, 73.39442181587219, -269551.0, -72908.0)
(673, 73.5491898059845, -269551.0, -72908.0)
(674, 73.69214940071106, -269551.0, -72908.0)
(675, 73.81165504455566, -269551.0, -72908.0)
(676, 73.95553064346313, -269551.0, -72908.0)
(677, 74.10326766967773, -269551.0, -72908.0)
(678, 74.23903036117554, -269551.0, -72908.0)
(679, 74.35900354385376, -269551.0, -72908.0)
(680, 74.52019214630127, -269551.0, -72908.0)
(681, 74.63926482200623, -269551.0, -72908.0)
(682, 74.79944562911987, -269551.0, -72908.0)
(683, 74.96985530853271, -269551.0, -72908.0)
(684, 75.11830878257751, -269551.0, -72908.0)
(685, 75.26355648040771, -269551.0, -72908.0)
(686, 75.41204333305359, -269551.0, -72908.0)
(687, 75.56943917274475, -269551.0, -72908.0)
(688, 75.72171473503113, -269551.0, -72908.0)
(689, 75.87747716903687, -269551.0, -72908.0)
(690, 76.026606798172, -269551.0, -72908.0)
(691, 76.19437837600708, -269551.0, -72908.0)
(692, 76.36776900291443, -269551.0, -72908.0)
(693, 76.54459977149963, -269551.0, -72908.0)
(694, 76.6479320526123, -269551.0, -72908.0)
(695, 76.80437421798706, -269551.0, -72908.0)
(696, 76.93199825286865, -269551.0, -72908.0)
(697, 77.03786730766296, -269551.0, -72908.0)
(698, 77.18606305122375, -269551.0, -72908.0)
(699, 77.35034132003784, -269551.0, -72908.0)
(700, 77.48901772499084, -269551.0, -72908.0)
(701, 77.64129066467285, -269551.0, -72908.0)
(702, 77.79185080528259, -269551.0, -72908.0)
(703, 77.94025897979736, -269551.0, -72908.0)
(704, 78.05348467826843, -269551.0, -72908.0)
(705, 78.2319724559784, -269551.0, -72908.0)
(706, 78.41002035140991, -269551.0, -72908.0)
(707, 78.54367065429688, -269551.0, -72908.0)
(708, 78.69473004341125, -269551.0, -72908.0)
(709, 78.86362671852112, -269551.0, -72908.0)
(710, 78.99200057983398, -269551.0, -72908.0)
(711, 79.15046048164368, -269551.0, -72908.0)
(712, 79.34523868560791, -269551.0, -72908.0)
(713, 79.51379776000977, -269551.0, -72908.0)
(714, 79.68835210800171, -269551.0, -72908.0)
(715, 79.8464732170105, -269551.0, -72908.0)
(716, 79.99918818473816, -269551.0, -72908.0)
(717, 80.15191984176636, -269551.0, -72908.0)
(718, 80.31006336212158, -269551.0, -72908.0)
(719, 80.46256303787231, -269551.0, -72908.0)
(720, 80.62448167800903, -269551.0, -72908.0)
(721, 80.77084803581238, -269551.0, -72908.0)
(722, 80.96481513977051, -269551.0, -72908.0)
(723, 81.14029288291931, -269551.0, -72908.0)
(724, 81.30218410491943, -269551.0, -72908.0)
(725, 81.47041058540344, -269551.0, -72908.0)
(726, 81.63571691513062, -269551.0, -72908.0)
(727, 81.79522824287415, -269551.0, -72908.0)
(728, 81.93189239501953, -269551.0, -72908.0)
(729, 82.07909846305847, -269551.0, -72908.0)
(730, 82.229896068573, -269551.0, -72908.0)
(731, 82.39517021179199, -269551.0, -72908.0)
(732, 82.54834461212158, -269551.0, -72908.0)
(733, 82.70289731025696, -269551.0, -72908.0)
(734, 82.85055470466614, -269551.0, -72908.0)
(735, 82.9919900894165, -269551.0, -72908.0)
(736, 83.1596450805664, -269551.0, -72908.0)
(737, 83.32706117630005, -269551.0, -72908.0)
(738, 83.50546193122864, -269551.0, -72908.0)
(739, 83.65823721885681, -269551.0, -72908.0)
(740, 83.85905885696411, -269551.0, -72908.0)
(741, 84.03894996643066, -269551.0, -72908.0)
(742, 84.20230412483215, -269551.0, -72908.0)
(743, 84.37364363670349, -269551.0, -72908.0)
(744, 84.54489040374756, -269551.0, -72908.0)
(745, 84.71643662452698, -269551.0, -72908.0)
(746, 84.87621235847473, -269551.0, -72908.0)
(747, 85.05768513679504, -269551.0, -72908.0)
(748, 85.17936563491821, -269551.0, -72908.0)
(749, 85.31171774864197, -269551.0, -72908.0)
(750, 85.43058824539185, -269551.0, -72908.0)
(751, 85.55014729499817, -269551.0, -72908.0)
(752, 85.66271662712097, -269551.0, -72908.0)
(753, 85.77702832221985, -269551.0, -72908.0)
(754, 85.89962339401245, -269551.0, -72908.0)
(755, 86.0166666507721, -269551.0, -72908.0)
(756, 86.13801097869873, -269551.0, -72908.0)
(757, 86.2629702091217, -269551.0, -72908.0)
(758, 86.38299751281738, -269551.0, -72908.0)
(759, 86.51440238952637, -269551.0, -72908.0)
(760, 86.62975454330444, -269551.0, -72908.0)
(761, 86.77003836631775, -269551.0, -72908.0)
(762, 86.91521787643433, -269551.0, -72908.0)
(763, 87.04921674728394, -269551.0, -72908.0)
(764, 87.21149444580078, -269551.0, -72908.0)
(765, 87.34595155715942, -269551.0, -72908.0)
(766, 87.47856402397156, -269551.0, -72908.0)
(767, 87.6323983669281, -269551.0, -72908.0)
(768, 87.78496932983398, -269551.0, -72908.0)
(769, 87.94952774047852, -269551.0, -72908.0)
(770, 88.1088535785675, -269551.0, -72908.0)
(771, 88.26936936378479, -269551.0, -72908.0)
(772, 88.42636013031006, -269551.0, -72908.0)
(773, 88.5909652709961, -269551.0, -72908.0)
(774, 88.75703477859497, -269551.0, -72908.0)
(775, 88.9206702709198, -269551.0, -72908.0)
(776, 89.07015490531921, -269551.0, -72908.0)
(777, 89.23386836051941, -269551.0, -72908.0)
(778, 89.3708324432373, -269551.0, -72908.0)
(779, 89.5407338142395, -269551.0, -72908.0)
(780, 89.68052268028259, -269551.0, -72908.0)
(781, 89.81426215171814, -269551.0, -72908.0)
(782, 89.98848176002502, -269551.0, -72908.0)
(783, 90.14888119697571, -269551.0, -72908.0)
(784, 90.3255922794342, -269551.0, -72908.0)
(785, 90.48472571372986, -269551.0, -72908.0)
(786, 90.66809487342834, -269551.0, -72908.0)
(787, 90.8273057937622, -269551.0, -72908.0)
(788, 90.99537110328674, -269551.0, -72908.0)
(789, 91.15816020965576, -269551.0, -72908.0)
(790, 91.2898223400116, -269551.0, -72908.0)
(791, 91.42845845222473, -269551.0, -72908.0)
(792, 91.5694670677185, -269551.0, -72908.0)
(793, 91.70994138717651, -269551.0, -72908.0)
(794, 91.84018063545227, -269551.0, -72908.0)
(795, 91.95479774475098, -269551.0, -72908.0)
(796, 92.1024112701416, -269551.0, -72908.0)
(797, 92.27680397033691, -269551.0, -72908.0)
(798, 92.43134260177612, -269551.0, -72908.0)
(799, 92.58880257606506, -269551.0, -72908.0)
(800, 92.75422143936157, -269551.0, -72908.0)
(801, 92.92018437385559, -269551.0, -72908.0)
(802, 93.08017301559448, -269551.0, -72908.0)
(803, 93.21971654891968, -269551.0, -72908.0)
(804, 93.35216975212097, -269551.0, -72908.0)
(805, 93.51129937171936, -269551.0, -72908.0)
(806, 93.62737274169922, -269551.0, -72908.0)
(807, 93.75077676773071, -269551.0, -72908.0)
(808, 93.8642430305481, -269551.0, -72908.0)
(809, 93.97932362556458, -269551.0, -72908.0)
(810, 94.15074682235718, -269551.0, -72908.0)
(811, 94.32099843025208, -269551.0, -72908.0)
(812, 94.47478985786438, -269551.0, -72908.0)
(813, 94.6325147151947, -269551.0, -72908.0)
(814, 94.81429958343506, -269551.0, -72908.0)
(815, 94.97209668159485, -269551.0, -72908.0)
(816, 95.14362812042236, -269551.0, -72908.0)
(817, 95.26798510551453, -269551.0, -72908.0)
(818, 95.38192296028137, -269551.0, -72908.0)
(819, 95.541983127594, -269551.0, -72908.0)
(820, 95.69550609588623, -269551.0, -72908.0)
(821, 95.81894278526306, -269551.0, -72908.0)
(822, 95.98117446899414, -269551.0, -72908.0)
(823, 96.12817597389221, -269551.0, -72908.0)
(824, 96.29864692687988, -269551.0, -72908.0)
(825, 96.41074132919312, -269551.0, -72908.0)
(826, 96.59777331352234, -269551.0, -72908.0)
(827, 96.77249479293823, -269551.0, -72908.0)
(828, 96.93952989578247, -269551.0, -72908.0)
(829, 97.13579082489014, -269551.0, -72908.0)
(830, 97.31960320472717, -269551.0, -72908.0)
(831, 97.48993468284607, -269551.0, -72908.0)
(832, 97.64626502990723, -269551.0, -72908.0)
(833, 97.81134486198425, -269551.0, -72908.0)
(834, 97.9898328781128, -269551.0, -72908.0)
(835, 98.16897869110107, -269551.0, -72908.0)
(836, 98.34314179420471, -269551.0, -72908.0)
(837, 98.53473830223083, -269551.0, -72908.0)
(838, 98.66468358039856, -269551.0, -72908.0)
(839, 98.78875017166138, -269551.0, -72908.0)
(840, 98.90787172317505, -269551.0, -72908.0)
(841, 99.0680422782898, -269551.0, -72908.0)
(842, 99.23186230659485, -269551.0, -72908.0)
(843, 99.35011434555054, -269551.0, -72908.0)
(844, 99.44923257827759, -269551.0, -72908.0)
(845, 99.61826038360596, -269551.0, -72908.0)
(846, 99.74704718589783, -269551.0, -72908.0)
(847, 99.92343235015869, -269551.0, -72908.0)
(848, 100.09739303588867, -269551.0, -72908.0)
(849, 100.2436728477478, -269551.0, -72908.0)
(850, 100.41648817062378, -269551.0, -72908.0)
(851, 100.59803581237793, -269551.0, -72908.0)
(852, 100.80631518363953, -269551.0, -72908.0)
(853, 100.99489331245422, -269551.0, -72908.0)
(854, 101.1763391494751, -269551.0, -72908.0)
(855, 101.3567042350769, -269551.0, -72908.0)
(856, 101.53675317764282, -269551.0, -72908.0)
(857, 101.70259022712708, -269551.0, -72908.0)
(858, 101.87824988365173, -269551.0, -72908.0)
(859, 102.05446100234985, -269551.0, -72908.0)
(860, 102.23085427284241, -269551.0, -72908.0)
(861, 102.4286904335022, -269551.0, -72908.0)
(862, 102.60353708267212, -269551.0, -72908.0)
(863, 102.78721594810486, -269551.0, -72908.0)
(864, 102.95291686058044, -269551.0, -72908.0)
(865, 103.11343312263489, -269551.0, -72908.0)
(866, 103.30007791519165, -269551.0, -72908.0)
(867, 103.4817886352539, -269551.0, -72908.0)
(868, 103.65231323242188, -269551.0, -72908.0)
(869, 103.83879160881042, -269551.0, -72908.0)
(870, 104.03222703933716, -269551.0, -72908.0)
(871, 104.20477342605591, -269551.0, -72908.0)
(872, 104.4074637889862, -269551.0, -72908.0)
(873, 104.60449695587158, -269551.0, -72908.0)
(874, 104.81997609138489, -269551.0, -72908.0)
(875, 105.01643180847168, -269551.0, -72908.0)
(876, 105.2179925441742, -269551.0, -72908.0)
(877, 105.43333005905151, -269551.0, -72908.0)
(878, 105.64326739311218, -269551.0, -72908.0)
(879, 105.84522414207458, -269551.0, -72908.0)
(880, 106.04867315292358, -269551.0, -72908.0)
(881, 106.23254942893982, -269551.0, -72908.0)
(882, 106.42249798774719, -269551.0, -72908.0)
(883, 106.59506607055664, -269551.0, -72908.0)
(884, 106.76606917381287, -269551.0, -72908.0)
(885, 106.97076177597046, -269551.0, -72908.0)
(886, 107.1816086769104, -269551.0, -72908.0)
(887, 107.38887095451355, -269551.0, -72908.0)
(888, 107.59384250640869, -269551.0, -72908.0)
(889, 107.78464031219482, -269551.0, -72908.0)
(890, 108.00252604484558, -269551.0, -72908.0)
(891, 108.23075127601624, -269551.0, -72908.0)
(892, 108.41068053245544, -269551.0, -72908.0)
(893, 108.58932423591614, -269551.0, -72908.0)
(894, 108.75664687156677, -269551.0, -72908.0)
(895, 108.93388605117798, -269551.0, -72908.0)
(896, 109.12594676017761, -269551.0, -72908.0)
(897, 109.31084442138672, -269551.0, -72908.0)
(898, 109.48776865005493, -269551.0, -72908.0)
(899, 109.6538553237915, -269551.0, -72908.0)
(900, 109.82256555557251, -269551.0, -72908.0)
(901, 109.99739217758179, -269551.0, -72908.0)
(902, 110.15903091430664, -269551.0, -72908.0)
(903, 110.33519840240479, -269551.0, -72908.0)
(904, 110.52433776855469, -269551.0, -72908.0)
(905, 110.69969940185547, -269551.0, -72908.0)
(906, 110.8752760887146, -269551.0, -72908.0)
(907, 111.05276679992676, -269551.0, -72908.0)
(908, 111.2316734790802, -269551.0, -72908.0)
(909, 111.42671704292297, -269551.0, -72908.0)
(910, 111.64611053466797, -269551.0, -72908.0)
(911, 111.82682609558105, -269551.0, -72908.0)
(912, 111.96736311912537, -269551.0, -72908.0)
(913, 112.09558272361755, -269551.0, -72908.0)
(914, 112.20951914787292, -269551.0, -72908.0)
(915, 112.36642599105835, -269551.0, -72908.0)
(916, 112.48798871040344, -269551.0, -72908.0)
(917, 112.64092206954956, -269551.0, -72908.0)
(918, 112.80947804450989, -269551.0, -72908.0)
(919, 112.93328332901001, -269551.0, -72908.0)
(920, 113.04834461212158, -269551.0, -72908.0)
(921, 113.15740847587585, -269551.0, -72908.0)
(922, 113.26376485824585, -269551.0, -72908.0)
(923, 113.42621755599976, -269551.0, -72908.0)
(924, 113.62577366828918, -269551.0, -72908.0)
(925, 113.79670095443726, -269551.0, -72908.0)
(926, 113.95372700691223, -269551.0, -72908.0)
(927, 114.1092598438263, -269551.0, -72908.0)
(928, 114.23836827278137, -269551.0, -72908.0)
(929, 114.36580228805542, -269551.0, -72908.0)
(930, 114.5375862121582, -269551.0, -72908.0)
(931, 114.70252084732056, -269551.0, -72908.0)
(932, 114.88981318473816, -269551.0, -72908.0)
(933, 115.06711268424988, -269551.0, -72908.0)
(934, 115.22004389762878, -269551.0, -72908.0)
(935, 115.3557333946228, -269551.0, -72908.0)
(936, 115.54720497131348, -269551.0, -72908.0)
(937, 115.74013042449951, -269551.0, -72908.0)
(938, 115.94268012046814, -269551.0, -72908.0)
(939, 116.14293837547302, -269551.0, -72908.0)
(940, 116.29220008850098, -269551.0, -72908.0)
(941, 116.40578079223633, -269551.0, -72908.0)
(942, 116.60668969154358, -269551.0, -72908.0)
(943, 116.78998517990112, -269551.0, -72908.0)
(944, 116.95229291915894, -269551.0, -72908.0)
(945, 117.11889052391052, -269551.0, -72908.0)
(946, 117.23746228218079, -269551.0, -72908.0)
(947, 117.38360214233398, -269551.0, -72908.0)
(948, 117.5578339099884, -269551.0, -72908.0)
(949, 117.72976207733154, -269551.0, -72908.0)
(950, 117.89764761924744, -269551.0, -72908.0)
(951, 118.06724190711975, -269551.0, -72908.0)
(952, 118.18465065956116, -269551.0, -72908.0)
(953, 118.32429122924805, -269551.0, -72908.0)
(954, 118.48863172531128, -269551.0, -72908.0)
(955, 118.67721176147461, -269551.0, -72908.0)
(956, 118.88215637207031, -269551.0, -72908.0)
(957, 119.07134652137756, -269551.0, -72908.0)
(958, 119.27320075035095, -269551.0, -72908.0)
(959, 119.44966101646423, -269551.0, -72908.0)
(960, 119.64108300209045, -269551.0, -72908.0)
(961, 119.86913681030273, -269551.0, -72908.0)
(962, 120.0933187007904, -269551.0, -72908.0)
(963, 120.29642987251282, -269551.0, -72908.0)
(964, 120.50090837478638, -269551.0, -72908.0)
(965, 120.70468020439148, -269551.0, -72908.0)
(966, 120.91560816764832, -269551.0, -72908.0)
(967, 121.11247730255127, -269551.0, -72908.0)
(968, 121.29755663871765, -269551.0, -72908.0)
(969, 121.48045492172241, -269551.0, -72908.0)
(970, 121.60317420959473, -269551.0, -72908.0)
(971, 121.80755686759949, -269551.0, -72908.0)
(972, 122.0022644996643, -269551.0, -72908.0)
(973, 122.20982050895691, -269551.0, -72908.0)
(974, 122.4318208694458, -269551.0, -72908.0)
(975, 122.62454056739807, -269551.0, -72908.0)
(976, 122.80674695968628, -269551.0, -72908.0)
(977, 122.9827241897583, -269551.0, -72908.0)
(978, 123.12239360809326, -269551.0, -72908.0)
(979, 123.25890183448792, -269551.0, -72908.0)
(980, 123.38668084144592, -269551.0, -72908.0)
(981, 123.53540635108948, -269551.0, -72908.0)
(982, 123.66273045539856, -269551.0, -72908.0)
(983, 123.79129672050476, -269551.0, -72908.0)
(984, 123.96940183639526, -269551.0, -72908.0)
(985, 124.10153436660767, -269551.0, -72908.0)
(986, 124.26841139793396, -269551.0, -72908.0)
(987, 124.38661623001099, -269551.0, -72908.0)
(988, 124.58796691894531, -269551.0, -72908.0)
(989, 124.76007318496704, -269551.0, -72908.0)
(990, 124.96334743499756, -269551.0, -72908.0)
(991, 125.16531777381897, -269551.0, -72908.0)
(992, 125.37420845031738, -269551.0, -72908.0)
(993, 125.58239388465881, -269551.0, -72908.0)
(994, 125.78498268127441, -269551.0, -72908.0)
(995, 125.99832606315613, -269551.0, -72908.0)
(996, 126.19857597351074, -269551.0, -72908.0)
(997, 126.41055417060852, -269551.0, -72908.0)
(998, 126.60497975349426, -269551.0, -72908.0)
(999, 126.82627463340759, -269551.0, -72908.0)
(1000, 127.03253173828125, -269551.0, -72908.0)
