(1, 0.013251781463623047, -79319.0, -9362.0)
(2, 0.027573823928833008, -51494.160368016834, -9362.0)
(3, 0.043042659759521484, -34171.171137239784, -9362.0)
(4, 0.05928397178649902, -26123.487655127967, -9362.0)
(5, 0.07536196708679199, -24406.15477410145, -9362.0)
(6, 0.09302759170532227, -19330.733574332986, -15366.0)
(7, 0.11230349540710449, -16949.680203697157, -15366.0)
(8, 0.13403558731079102, -16104.50437746316, -15393.6)
(9, 0.15785980224609375, -15693.237102224895, -15431.20833333333)
(10, 0.18277573585510254, -15550.617025063188, -15445.75)
(11, 0.20827412605285645, -15493.595749792656, -15459.765957446803)
(12, 0.2330331802368164, -15487.427664364437, -15460.08)
(13, 0.26002955436706543, -15468.546354320331, -15460.080000000002)
(14, 0.28691816329956055, -15468.546354320331, -15460.079999999998)
(15, 0.3158602714538574, -15463.888906296072, -15461.892857142855)
(16, 0.34224605560302734, -15463.888906296072, -15461.892857142857)
(17, 0.37006258964538574, -15463.025217062519, -15461.892857142853)
(18, 0.39760708808898926, -15462.23256511857, -15461.892857142853)
(19, 0.42623138427734375, -15461.994769535566, -15461.892857142857)
(20, 0.4563760757446289, -15461.923430860752, -15461.892857142859)
(21, 0.48862218856811523, -15461.902029258288, -15461.892857142855)
(22, 0.5194919109344482, -15461.895608779225, -15461.892857142859)
