(1, 0.08377575874328613, -740845.0, -41935.0)
(2, 0.1760108470916748, -439538.5710479443, -41935.0)
(3, 0.29437708854675293, -313640.7447828861, -41935.0)
(4, 0.41803598403930664, -188254.5825472281, -41935.0)
(5, 0.5501117706298828, -120412.392188464, -41935.0)
(6, 0.6967999935150146, -106972.32622468067, -41935.0)
(7, 0.8544783592224121, -106972.32622468067, -64239.466666666645)
(8, 1.056584119796753, -82484.16144395269, -64251.83333333332)
(9, 1.2871801853179932, -78788.35289829993, -64251.83333333333)
(10, 1.5733585357666016, -71917.81763610704, -64262.90551144651)
(11, 1.9233660697937012, -70710.46395743196, -64301.74546194309)
(12, 2.3423805236816406, -67714.75199027115, -64335.818944367245)
(13, 2.805628776550293, -67028.15246472067, -64448.949942875974)
(14, 3.355742931365967, -65965.25252020168, -64544.07064444357)
(15, 4.050673484802246, -65372.19374970395, -64598.08576650487)
(16, 4.837995529174805, -64945.68093265251, -64628.040710328125)
(17, 5.666734218597412, -64891.884608381435, -64654.5027645032)
(18, 6.552562236785889, -64756.851033584564, -64676.61071122509)
(19, 7.6483235359191895, -64756.851033584564, -64681.13396306171)
(20, 8.792956829071045, -64715.25925053041, -64687.43668301113)
(21, 9.90265941619873, -64697.06355296963, -64688.01553068167)
(22, 11.129443168640137, -64691.20463283873, -64688.47499036049)
(23, 12.228340148925781, -64691.20463283873, -64688.526723217)
(24, 13.401823043823242, -64689.53524417953, -64688.819791862494)
(25, 14.546847581863403, -64689.04324161289, -64688.81979186251)
(26, 15.63402247428894, -64688.88862340487, -64688.82235845843)
(27, 16.711609840393066, -64688.842237942255, -64688.822358458456)
(28, 17.788991451263428, -64688.839841864254, -64688.82235845838)
