(1, 0.10875368118286133, -303444.0, -76055.0)
(2, 0.26242947578430176, -195785.5145183848, -76055.0)
(3, 0.3973069190979004, -187899.98794083126, -76055.0)
(4, 0.553013801574707, -187899.98794083126, -76055.0)
(5, 0.7025713920593262, -187899.98794083126, -76055.0)
(6, 0.827441930770874, -187899.98794083126, -76055.0)
(7, 0.9409966468811035, -187899.98794083126, -76055.0)
(8, 1.0547664165496826, -187899.98794083126, -76055.0)
(9, 1.1667230129241943, -187899.98794083126, -76055.0)
(10, 1.2629647254943848, -187899.98794083126, -76055.0)
(11, 1.3651063442230225, -187899.98794083126, -76055.0)
(12, 1.4717023372650146, -187899.98794083126, -76055.0)
(13, 1.5977330207824707, -187899.98794083126, -76055.0)
(14, 1.7220640182495117, -187899.98794083126, -76055.0)
(15, 1.879424810409546, -176870.36789027328, -76055.0)
(16, 2.037316083908081, -164291.2565414218, -76055.0)
(17, 2.2193496227264404, -151521.89014400708, -76055.0)
(18, 2.420870065689087, -128026.85107524451, -76055.0)
(19, 2.565201997756958, -128026.85107524451, -76055.0)
(20, 2.731252431869507, -128026.85107524451, -76055.0)
(21, 2.9051356315612793, -122001.27011284002, -76055.0)
(22, 3.0888237953186035, -109880.77922286715, -94585.47701740902)
(23, 3.2861690521240234, -108254.20433557396, -94648.56457748555)
(24, 3.4759888648986816, -106184.34282614135, -94655.47672945449)
(25, 3.6585206985473633, -106184.34282614135, -94701.9524355064)
(26, 3.8820841312408447, -103995.75295914573, -94751.5511653824)
(27, 4.0892112255096436, -103987.73546434051, -94818.65093089515)
(28, 4.301083326339722, -101209.95885436494, -94920.62038460425)
(29, 4.52470850944519, -101209.95885436494, -94957.39838737687)
(30, 4.750536680221558, -100087.18313786817, -95041.88011088278)
(31, 4.973323345184326, -99480.29180471397, -95111.97719328468)
(32, 5.209379196166992, -98627.5187437545, -95175.98300911463)
(33, 5.438690185546875, -98257.35324280024, -95193.46372225239)
(34, 5.701021194458008, -97409.30904386014, -95238.80332626644)
(35, 5.947037935256958, -97216.34193308825, -95272.68741685504)
(36, 6.1745240688323975, -96654.14537648538, -95299.69936829293)
(37, 6.411219358444214, -96654.14537648538, -95315.4088061806)
(38, 6.680894136428833, -96171.70893089839, -95330.85718496198)
(39, 6.956907749176025, -96171.70893089839, -95338.09518268304)
(40, 7.222094297409058, -95956.98585703156, -95340.18901467904)
(41, 7.4976911544799805, -95956.98585703156, -95344.52925776616)
(42, 7.788201808929443, -95825.55118241311, -95351.42147941736)
(43, 8.080082654953003, -95816.75830513185, -95355.49866190378)
(44, 8.382366418838501, -95671.19114045892, -95359.25988736602)
(45, 8.690933227539062, -95671.19114045892, -95363.50298926103)
(46, 8.98949909210205, -95566.52546818883, -95365.04436101345)
(47, 9.310176372528076, -95566.52546818883, -95365.21216215579)
(48, 9.635676383972168, -95526.66121035717, -95366.43257076325)
(49, 9.990450382232666, -95526.66121035717, -95367.60142894779)
(50, 10.33367657661438, -95526.66121035717, -95369.9685721744)
(51, 10.682627201080322, -95526.66121035717, -95372.8531750463)
(52, 11.052120208740234, -95526.66121035717, -95376.52668940784)
(53, 11.400603294372559, -95472.03012288534, -95377.33744102565)
(54, 11.759495258331299, -95454.92026873094, -95378.18548304657)
(55, 12.126264572143555, -95454.92026873094, -95379.71779993855)
(56, 12.510987997055054, -95454.92026873094, -95380.46726406054)
(57, 12.916263580322266, -95443.79226862421, -95381.71691290522)
(58, 13.3075532913208, -95429.17639026244, -95382.5667141498)
(59, 13.68278431892395, -95427.97630108504, -95383.08041322649)
(60, 13.995123863220215, -95396.61787279729, -95383.1785463928)
(61, 14.425724506378174, -95396.61787279729, -95383.24042791004)
(62, 14.87568187713623, -95396.61787279729, -95389.39480303117)
(63, 15.346437454223633, -95396.61787279729, -95392.15985085047)
(64, 15.805299758911133, -95396.61787279729, -95392.1607437321)
(65, 16.259374380111694, -95396.61787279729, -95392.17353141535)
(66, 16.721831798553467, -95396.61787279729, -95392.17612830519)
(67, 17.201714038848877, -95396.61787279729, -95392.17886916689)
(68, 17.66434335708618, -95396.61787279729, -95392.18133256669)
(69, 18.08802819252014, -95396.2427489767, -95392.18244719926)
(70, 18.545791625976562, -95394.54820845615, -95392.1845087557)
(71, 18.970343828201294, -95394.0245789393, -95392.1884984025)
(72, 19.490499258041382, -95393.45260022335, -95392.18849840257)
(73, 19.865251779556274, -95392.56772894863, -95392.18849840248)
(74, 20.24266266822815, -95392.30226756599, -95392.18849840252)
(75, 20.64515256881714, -95392.22262915011, -95392.18849840252)
(76, 21.03908348083496, -95392.1987376265, -95392.18849840254)
