(1, 0.08159852027893066, -331641.0, -51174.0)
(2, 0.1652512550354004, -191450.3358185282, -51174.0)
(3, 0.254749059677124, -151653.7106217969, -51174.0)
(4, 0.3510475158691406, -136582.19024853065, -51174.0)
(5, 0.45999693870544434, -129975.47120700774, -51174.0)
(6, 0.5667166709899902, -126174.53380959002, -51174.0)
(7, 0.6756112575531006, -124546.3677559676, -51174.0)
(8, 0.7952146530151367, -124546.3677559676, -51174.0)
(9, 0.9265167713165283, -120935.74551586166, -51174.0)
(10, 1.0589759349822998, -117338.32476190587, -51174.0)
(11, 1.206312894821167, -117338.32476190587, -51174.0)
(12, 1.355384111404419, -114383.64592376386, -51174.0)
(13, 1.5077331066131592, -111319.20025675636, -51174.0)
(14, 1.6826574802398682, -107530.59315698809, -51174.0)
(15, 1.866013765335083, -106115.26393526004, -51174.0)
(16, 2.0646965503692627, -98431.53062820839, -51174.0)
(17, 2.2902190685272217, -88633.11090179128, -51174.0)
(18, 2.574906826019287, -77539.59796524739, -63591.536121506695)
(19, 2.8790149688720703, -73475.68065045007, -63653.625383050676)
(20, 3.2220420837402344, -69696.43534611375, -63664.89051140647)
(21, 3.6737592220306396, -66900.43492107575, -63682.74777169914)
(22, 4.120379447937012, -65806.69499818362, -63723.87902359993)
(23, 4.672970771789551, -65088.89607174803, -63790.67162606689)
(24, 5.246020317077637, -64847.37034055353, -63805.842640633484)
(25, 5.853451490402222, -64590.670788183445, -63816.131699456906)
(26, 6.541426181793213, -64426.50528773593, -63823.65983113705)
(27, 7.2969887256622314, -64352.5014147474, -63835.69819269126)
(28, 8.102982521057129, -64262.46973506995, -63849.00778143524)
(29, 8.919106006622314, -64147.05936493241, -63862.30974067659)
(30, 9.735483407974243, -64112.342425427734, -63866.77668613447)
(31, 10.602802038192749, -64061.72413481035, -63874.151652906374)
(32, 11.435667991638184, -63999.24815228141, -63877.207044388386)
(33, 12.339024543762207, -63970.69754319541, -63885.314608451015)
(34, 13.321909189224243, -63913.74654902521, -63888.87867914539)
(35, 14.324532270431519, -63896.82992093998, -63889.57993730406)
(36, 15.248506307601929, -63891.75493239522, -63889.5799373041)
(37, 16.290281295776367, -63890.23243583161, -63889.579937304086)
(38, 17.288660526275635, -63889.77568686232, -63889.57993730408)
(39, 18.30212664604187, -63889.63866217165, -63889.57993730399)
(40, 19.400327920913696, -63889.59755476423, -63889.57993730406)
