(1, 0.18486332893371582, -558083.0, -64207.0)
(2, 0.39420080184936523, -384773.031023739, -64207.0)
(3, 0.5871038436889648, -350521.284566437, -64207.0)
(4, 0.7449254989624023, -313802.6481442807, -64207.0)
(5, 0.8785302639007568, -248440.6358815401, -64207.0)
(6, 0.9988284111022949, -196691.19027680895, -64207.0)
(7, 1.0981273651123047, -178483.4732657029, -64207.0)
(8, 1.2731609344482422, -178483.4732657029, -64207.0)
(9, 1.5013995170593262, -178483.4732657029, -91453.38461538468)
(10, 1.7414882183074951, -161427.99737321655, -91456.93750000003)
(11, 2.022003173828125, -134627.11992886924, -91461.57142857142)
(12, 2.3421308994293213, -118837.1484520686, -91490.85333333335)
(13, 2.6576926708221436, -117605.20434133246, -91490.8533333333)
(14, 2.9732301235198975, -110016.7161437703, -91490.85333333333)
(15, 3.3029134273529053, -110016.7161437703, -91515.26170538981)
(16, 3.64855694770813, -108355.77213895992, -91688.2145000508)
(17, 4.016125679016113, -105105.38089255922, -91813.289297076)
(18, 4.376482009887695, -105105.38089255922, -91962.5269951648)
(19, 4.78875732421875, -101931.60877754934, -92060.29946536338)
(20, 5.187441825866699, -101931.60877754934, -92196.05713088693)
(21, 5.664226293563843, -99226.2917747869, -92265.80531910101)
(22, 6.092764377593994, -99226.2917747869, -92280.26995011719)
(23, 6.557580471038818, -98615.47456608956, -92303.14203279131)
(24, 7.029824256896973, -98567.69026189359, -92388.43735048414)
(25, 7.545432806015015, -96837.91725143885, -92432.12002593817)
(26, 8.029794692993164, -96837.91725143885, -92442.98389170403)
(27, 8.566179752349854, -96837.91725143885, -92509.59381063399)
(28, 9.146660327911377, -95299.54381535853, -92566.39531000119)
(29, 9.73629093170166, -95299.54381535853, -92591.51837937858)
(30, 10.348496913909912, -95299.54381535853, -92628.99105391614)
(31, 11.021347999572754, -94374.73977845283, -92670.72622237443)
(32, 11.62946343421936, -94374.73977845283, -92707.54814961292)
(33, 12.255032062530518, -94374.73977845283, -92743.23307844634)
(34, 12.93528699874878, -94257.85309680995, -92764.18510215706)
(35, 13.67480182647705, -94257.85309680995, -92777.11369545438)
(36, 14.528900146484375, -93711.99796007073, -92786.02399866123)
(37, 15.34425139427185, -93711.99796007073, -92802.05209777156)
(38, 16.12112784385681, -93711.99796007073, -92829.5058070391)
(39, 16.95695662498474, -93591.09905300594, -92860.49733592519)
(40, 17.821741580963135, -93591.09905300594, -92872.45163501163)
(41, 18.71278429031372, -93508.26446561416, -92905.1663385321)
(42, 19.66604781150818, -93508.26446561416, -92917.84125581535)
(43, 20.61080574989319, -93298.54747352384, -92951.30468036701)
(44, 21.637198448181152, -93298.54747352384, -92960.67616484825)
(45, 22.848227977752686, -93298.54747352384, -92972.55227251432)
(46, 24.06939697265625, -93152.16185282824, -92984.03022491683)
(47, 25.245903968811035, -93152.16185282824, -92994.41793681665)
(48, 26.53525447845459, -93152.16185282824, -93012.59184966664)
(49, 27.82858920097351, -93148.59606430378, -93028.22995457286)
(50, 29.265971183776855, -93086.29403853328, -93032.514061533)
(51, 30.721455335617065, -93086.29403853328, -93035.10958796766)
(52, 32.21211075782776, -93065.84280133867, -93038.04728964082)
(53, 33.56053924560547, -93065.84280133867, -93039.50693221054)
(54, 35.07459545135498, -93055.74536513582, -93040.3207496653)
(55, 36.50943326950073, -93055.74536513582, -93040.54565283372)
(56, 38.17634415626526, -93050.84340073811, -93041.61272643515)
(57, 39.531214237213135, -93044.42229396482, -93041.6703910614)
(58, 40.82593822479248, -93042.49596193364, -93041.67039106149)
(59, 42.15257740020752, -93041.91806232577, -93041.67039106145)
(60, 43.61101174354553, -93041.74469244303, -93041.67039106149)
(61, 44.9927339553833, -93041.69268147717, -93041.6703910614)
