(1, 0.03094482421875, -408516.0, -12325.0)
(2, 0.060333251953125, -377062.9583333333, -12325.0)
(3, 0.09200239181518555, -327664.875, -12325.0)
(4, 0.12474417686462402, -285065.9583333333, -12325.0)
(5, 0.15906310081481934, -235488.83333333334, -12325.0)
(6, 0.19533276557922363, -186365.91666666666, -12325.0)
(7, 0.2323925495147705, -160649.0, -12325.0)
(8, 0.2694885730743408, -131824.54166666666, -12325.0)
(9, 0.30747175216674805, -98758.16666666666, -12325.0)
(10, 0.34592223167419434, -70461.29166666667, -12325.0)
(11, 0.3860666751861572, -23244.916666666668, -12325.0)
(12, 0.42615842819213867, -23244.916666666668, -12325.0)
(13, 0.46666407585144043, -21968.0, -21968.0)
(14, 0.5064830780029297, -21968.0, -21968.0)
