(1, 0.07468366622924805, -512742.0, -17325.0)
(2, 0.1874547004699707, -226085.60075911545, -17325.0)
(3, 0.2759687900543213, -107543.63601147739, -17325.0)
(4, 0.3708195686340332, -63146.362716321775, -17325.0)
(5, 0.48189616203308105, -46456.24084555425, -17325.0)
(6, 0.5969669818878174, -42057.49411567111, -17325.0)
(7, 0.7237286567687988, -31869.748959081215, -26426.5)
(8, 0.8485457897186279, -28421.054388142275, -26838.5)
(9, 0.9795053005218506, -27313.2663164417, -26838.5)
(10, 1.1112711429595947, -26980.92989493305, -26838.5)
(11, 1.2449619770050049, -26881.228968480358, -26838.5)
(12, 1.3761193752288818, -26851.31869054352, -26838.5)
(13, 1.5137860774993896, -26842.345607162384, -26838.5)
(14, 1.6511187553405762, -26839.653682145858, -26838.5)
(15, 1.7935829162597656, -26838.84610464274, -26838.5)
(16, 1.9337875843048096, -26838.603831387325, -26838.5)
(17, 2.0737881660461426, -26838.53114941616, -26838.5)
(18, 2.207132577896118, -26838.504986823897, -26838.5)
(19, 2.3432211875915527, -26838.500580063384, -26838.5)
