(1, 0.04659605026245117, -148624.0, -11231.0)
(2, 0.0887153148651123, -148624.0, -11231.0)
(3, 0.13149142265319824, -146371.6896551724, -11231.0)
(4, 0.17395591735839844, -146371.6896551724, -11231.0)
(5, 0.21613216400146484, -146371.6896551724, -11231.0)
(6, 0.25757431983947754, -146371.6896551724, -11231.0)
(7, 0.3005504608154297, -144000.96, -11231.0)
(8, 0.343883752822876, -144000.96, -11231.0)
(9, 0.3869171142578125, -144000.96, -11231.0)
(10, 0.42877984046936035, -144000.96, -11231.0)
(11, 0.4700276851654053, -125999.32142857143, -11231.0)
(12, 0.5116562843322754, -125999.32142857143, -11231.0)
(13, 0.5534436702728271, -125999.32142857143, -11231.0)
(14, 0.595120906829834, -125999.32142857143, -11231.0)
(15, 0.6363976001739502, -115428.0, -11231.0)
(16, 0.6780166625976562, -110874.38461538461, -11231.0)
(17, 0.7195968627929688, -110874.38461538461, -11231.0)
(18, 0.7612032890319824, -100259.15384615384, -11231.0)
(19, 0.8027245998382568, -91921.45, -11231.0)
(20, 0.8445248603820801, -91921.45, -11231.0)
(21, 0.8864624500274658, -91921.45, -11231.0)
(22, 0.9285476207733154, -78674.45, -11231.0)
(23, 0.970367431640625, -78674.45, -11231.0)
(24, 1.0126020908355713, -78674.45, -11231.0)
(25, 1.0542325973510742, -75268.16666666666, -11231.0)
(26, 1.0959391593933105, -61313.45, -11231.0)
(27, 1.1378612518310547, -61313.45, -11231.0)
(28, 1.1802961826324463, -61313.45, -11231.0)
(29, 1.2217552661895752, -53179.33333333333, -11231.0)
(30, 1.2634544372558594, -53179.33333333333, -11231.0)
(31, 1.3049728870391846, -53179.33333333333, -11231.0)
(32, 1.3467273712158203, -53179.33333333333, -11231.0)
(33, 1.3876094818115234, -53179.33333333333, -11231.0)
(34, 1.4287023544311523, -38728.05882352941, -11231.0)
(35, 1.4706087112426758, -38728.05882352941, -11231.0)
(36, 1.5114402770996094, -38728.05882352941, -11231.0)
(37, 1.551670789718628, -38728.05882352941, -11231.0)
(38, 1.5907886028289795, -38728.05882352941, -11231.0)
(39, 1.6294763088226318, -29272.833333333336, -11231.0)
(40, 1.6682579517364502, -27534.4, -11231.0)
(41, 1.7070467472076416, -27534.4, -11231.0)
(42, 1.745687484741211, -22673.2, -11231.0)
(43, 1.7844974994659424, -20312.11111111111, -11231.0)
(44, 1.823537826538086, -20312.11111111111, -11231.0)
(45, 1.8628544807434082, -20312.11111111111, -11231.0)
(46, 1.90207839012146, -20312.11111111111, -11231.0)
(47, 1.9413020610809326, -19866.11111111111, -11231.0)
(48, 1.9806592464447021, -19866.11111111111, -11231.0)
(49, 2.01993727684021, -19866.11111111111, -11231.0)
(50, 2.059612274169922, -19866.11111111111, -11231.0)
(51, 2.099076747894287, -19866.11111111111, -11231.0)
(52, 2.139183521270752, -19866.11111111111, -11231.0)
(53, 2.17879056930542, -19866.11111111111, -11231.0)
(54, 2.2190723419189453, -19866.11111111111, -11231.0)
(55, 2.259173631668091, -19866.11111111111, -11231.0)
(56, 2.3005712032318115, -19866.11111111111, -11231.0)
(57, 2.3437936305999756, -19866.11111111111, -11231.0)
(58, 2.393069267272949, -19866.11111111111, -11231.0)
(59, 2.436696767807007, -19866.11111111111, -11231.0)
(60, 2.4774093627929688, -19866.11111111111, -11231.0)
(61, 2.518040657043457, -19866.11111111111, -11231.0)
(62, 2.5585947036743164, -19866.11111111111, -11231.0)
(63, 2.5990166664123535, -19866.11111111111, -11231.0)
(64, 2.6395680904388428, -19866.11111111111, -11231.0)
(65, 2.680147409439087, -19866.11111111111, -11231.0)
(66, 2.7207388877868652, -19866.11111111111, -11231.0)
(67, 2.761446237564087, -19866.11111111111, -11231.0)
(68, 2.8021652698516846, -19866.11111111111, -11231.0)
(69, 2.843252658843994, -19866.11111111111, -11231.0)
(70, 2.885796546936035, -19866.11111111111, -11231.0)
(71, 2.935140371322632, -19866.11111111111, -11231.0)
(72, 2.9968299865722656, -14758.888888888889, -11231.0)
(73, 3.065037250518799, -13625.0, -13625.0)
(74, 3.1115996837615967, -13625.0, -13625.0)
