(1, 0.017633676528930664, -131084.0, -10392.0)
(2, 0.03370261192321777, -131084.0, -10392.0)
(3, 0.04967641830444336, -131084.0, -10392.0)
(4, 0.06573939323425293, -131084.0, -10392.0)
(5, 0.08164191246032715, -131084.0, -10392.0)
(6, 0.09771227836608887, -131084.0, -10392.0)
(7, 0.11327576637268066, -130560.88888888889, -10392.0)
(8, 0.12883710861206055, -121606.88888888889, -10392.0)
(9, 0.14471960067749023, -111708.66666666667, -10392.0)
(10, 0.16063523292541504, -111708.66666666667, -10392.0)
(11, 0.17641282081604004, -111708.66666666667, -10392.0)
(12, 0.19221758842468262, -93329.11111111111, -10392.0)
(13, 0.20858359336853027, -76455.11111111111, -10392.0)
(14, 0.22643280029296875, -65170.555555555555, -10392.0)
(15, 0.2436809539794922, -65170.555555555555, -10392.0)
(16, 0.2612893581390381, -51348.77777777778, -10392.0)
(17, 0.2790184020996094, -41230.11111111111, -10392.0)
(18, 0.2969968318939209, -30787.0, -10392.0)
(19, 0.3155205249786377, -21015.61111111111, -10392.0)
(20, 0.3344380855560303, -15995.388888888889, -10392.0)
(21, 0.35451412200927734, -14898.0, -14833.0)
(22, 0.3731975555419922, -14847.0, -14847.0)
(23, 0.39170074462890625, -14847.0, -14847.0)
