(1, 0.13854169845581055, -560082.0, -61024.0)
(2, 0.26554274559020996, -560082.0, -61024.0)
(3, 0.39726805686950684, -560082.0, -61024.0)
(4, 0.5277400016784668, -560082.0, -61024.0)
(5, 0.65671706199646, -560082.0, -61024.0)
(6, 0.7848172187805176, -560082.0, -61024.0)
(7, 0.9168367385864258, -560082.0, -61024.0)
(8, 1.0425825119018555, -560082.0, -61024.0)
(9, 1.166226863861084, -560082.0, -61024.0)
(10, 1.292288064956665, -560082.0, -61024.0)
(11, 1.4232990741729736, -560082.0, -61024.0)
(12, 1.549574851989746, -560082.0, -61024.0)
(13, 1.6806468963623047, -560082.0, -61024.0)
(14, 1.8110239505767822, -560082.0, -61024.0)
(15, 1.93723726272583, -560082.0, -61024.0)
(16, 2.0634970664978027, -560082.0, -61024.0)
(17, 2.1928834915161133, -560082.0, -61024.0)
(18, 2.3213984966278076, -560082.0, -61024.0)
(19, 2.4482781887054443, -560082.0, -61024.0)
(20, 2.579594850540161, -560082.0, -61024.0)
(21, 2.7065794467926025, -560082.0, -61024.0)
(22, 2.8389968872070312, -560082.0, -61024.0)
(23, 2.9637255668640137, -560082.0, -61024.0)
(24, 3.094144821166992, -560082.0, -61024.0)
(25, 3.224517583847046, -560082.0, -61024.0)
(26, 3.3559391498565674, -560082.0, -61024.0)
(27, 3.486440896987915, -560082.0, -61024.0)
(28, 3.616654634475708, -560082.0, -61024.0)
(29, 3.74466872215271, -560082.0, -61024.0)
(30, 3.8773717880249023, -560082.0, -61024.0)
(31, 4.005414247512817, -560082.0, -61024.0)
(32, 4.134979009628296, -560082.0, -61024.0)
(33, 4.266222238540649, -560082.0, -61024.0)
(34, 4.385727167129517, -560082.0, -61024.0)
(35, 4.514886379241943, -560082.0, -61024.0)
(36, 4.642319679260254, -560082.0, -61024.0)
(37, 4.774305582046509, -560082.0, -61024.0)
(38, 4.906660556793213, -560082.0, -61024.0)
(39, 5.0388405323028564, -560082.0, -61024.0)
(40, 5.170355558395386, -560082.0, -61024.0)
(41, 5.299102067947388, -560082.0, -61024.0)
(42, 5.425436973571777, -560082.0, -61024.0)
(43, 5.549817800521851, -560082.0, -61024.0)
(44, 5.679141521453857, -560082.0, -61024.0)
(45, 5.808656692504883, -560082.0, -61024.0)
(46, 5.937701940536499, -560082.0, -61024.0)
(47, 6.062911748886108, -560082.0, -61024.0)
(48, 6.192751884460449, -560082.0, -61024.0)
(49, 6.318432331085205, -560082.0, -61024.0)
(50, 6.447093963623047, -560082.0, -61024.0)
(51, 6.568737506866455, -560082.0, -61024.0)
(52, 6.694418907165527, -560082.0, -61024.0)
(53, 6.816830396652222, -560082.0, -61024.0)
(54, 6.949941396713257, -560082.0, -61024.0)
(55, 7.068749189376831, -560082.0, -61024.0)
(56, 7.207484006881714, -560082.0, -61024.0)
(57, 7.343611001968384, -560082.0, -61024.0)
(58, 7.477419376373291, -560082.0, -61024.0)
(59, 7.6106603145599365, -560082.0, -61024.0)
(60, 7.73964524269104, -560082.0, -61024.0)
(61, 7.869978427886963, -560082.0, -61024.0)
(62, 8.002978563308716, -560082.0, -61024.0)
(63, 8.131748914718628, -560082.0, -61024.0)
(64, 8.266559362411499, -560082.0, -61024.0)
(65, 8.40091586112976, -560082.0, -61024.0)
(66, 8.531894207000732, -560082.0, -61024.0)
(67, 8.662067413330078, -560082.0, -61024.0)
(68, 8.800068616867065, -560082.0, -61024.0)
(69, 8.931571960449219, -560082.0, -61024.0)
(70, 9.060555458068848, -560082.0, -61024.0)
(71, 9.192750215530396, -560082.0, -61024.0)
(72, 9.321913719177246, -560082.0, -61024.0)
(73, 9.448680877685547, -560082.0, -61024.0)
(74, 9.58185601234436, -560082.0, -61024.0)
(75, 9.717174053192139, -560082.0, -61024.0)
(76, 9.851964712142944, -560082.0, -61024.0)
(77, 9.979050397872925, -560082.0, -61024.0)
(78, 10.11556077003479, -560082.0, -61024.0)
(79, 10.248662948608398, -560082.0, -61024.0)
(80, 10.378745555877686, -560082.0, -61024.0)
(81, 10.507799625396729, -560082.0, -61024.0)
(82, 10.636936902999878, -560082.0, -61024.0)
(83, 10.765730857849121, -560082.0, -61024.0)
(84, 10.893435716629028, -560082.0, -61024.0)
(85, 11.030861377716064, -560082.0, -61024.0)
(86, 11.16841435432434, -560082.0, -61024.0)
(87, 11.303868055343628, -560082.0, -61024.0)
(88, 11.44887924194336, -560082.0, -61024.0)
(89, 11.590365648269653, -560082.0, -61024.0)
(90, 11.725694417953491, -560082.0, -61024.0)
(91, 11.861581325531006, -560082.0, -61024.0)
(92, 12.000321865081787, -560082.0, -61024.0)
(93, 12.142008781433105, -560082.0, -61024.0)
(94, 12.276776552200317, -560082.0, -61024.0)
(95, 12.418169021606445, -560082.0, -61024.0)
(96, 12.556628704071045, -560082.0, -61024.0)
(97, 12.69576358795166, -560082.0, -61024.0)
(98, 12.837960243225098, -560082.0, -61024.0)
(99, 12.983006477355957, -560082.0, -61024.0)
(100, 13.125784158706665, -560082.0, -61024.0)
(101, 13.263995885848999, -560082.0, -61024.0)
(102, 13.407983541488647, -560082.0, -61024.0)
(103, 13.552289485931396, -560082.0, -61024.0)
(104, 13.699310302734375, -560082.0, -61024.0)
(105, 13.845397472381592, -560082.0, -61024.0)
(106, 13.997323989868164, -560082.0, -61024.0)
(107, 14.148502588272095, -560082.0, -61024.0)
(108, 14.291361331939697, -560082.0, -61024.0)
(109, 14.438262462615967, -560082.0, -61024.0)
(110, 14.588799476623535, -560082.0, -61024.0)
(111, 14.73926568031311, -560082.0, -61024.0)
(112, 14.88600778579712, -560082.0, -61024.0)
(113, 15.029794216156006, -560082.0, -61024.0)
(114, 15.177978754043579, -560082.0, -61024.0)
(115, 15.314234972000122, -560082.0, -61024.0)
(116, 15.455644845962524, -560082.0, -61024.0)
(117, 15.604050397872925, -560082.0, -61024.0)
(118, 15.755634546279907, -560082.0, -61024.0)
(119, 15.89988112449646, -560082.0, -61024.0)
(120, 16.03990149497986, -560082.0, -61024.0)
(121, 16.18214464187622, -560082.0, -61024.0)
(122, 16.31796407699585, -560082.0, -61024.0)
(123, 16.457953929901123, -560082.0, -61024.0)
(124, 16.598525762557983, -560082.0, -61024.0)
(125, 16.74238348007202, -560082.0, -61024.0)
(126, 16.89382028579712, -560082.0, -61024.0)
(127, 17.053797006607056, -560082.0, -61024.0)
(128, 17.217007875442505, -560082.0, -61024.0)
(129, 17.373573303222656, -560082.0, -61024.0)
(130, 17.530078887939453, -560082.0, -61024.0)
(131, 17.68531584739685, -560082.0, -61024.0)
(132, 17.829802989959717, -560082.0, -61024.0)
(133, 17.987667560577393, -560082.0, -61024.0)
(134, 18.137688875198364, -560082.0, -61024.0)
(135, 18.284899711608887, -560082.0, -61024.0)
(136, 18.421008110046387, -560082.0, -61024.0)
(137, 18.566322803497314, -560082.0, -61024.0)
(138, 18.720793962478638, -560082.0, -61024.0)
(139, 18.860846281051636, -560082.0, -61024.0)
(140, 19.021949529647827, -560082.0, -61024.0)
(141, 19.170860528945923, -560082.0, -61024.0)
(142, 19.328716039657593, -560082.0, -61024.0)
(143, 19.484891653060913, -560082.0, -61024.0)
(144, 19.637470960617065, -560082.0, -61024.0)
(145, 19.785330057144165, -560082.0, -61024.0)
(146, 19.947777032852173, -560082.0, -61024.0)
(147, 20.108229637145996, -560082.0, -61024.0)
(148, 20.274195194244385, -560082.0, -61024.0)
(149, 20.417827129364014, -560082.0, -61024.0)
(150, 20.564910650253296, -560082.0, -61024.0)
(151, 20.71551513671875, -560082.0, -61024.0)
(152, 20.88154697418213, -560082.0, -61024.0)
(153, 21.049176931381226, -560082.0, -61024.0)
(154, 21.204066514968872, -560082.0, -61024.0)
(155, 21.376078605651855, -560082.0, -61024.0)
(156, 21.5296630859375, -560082.0, -61024.0)
(157, 21.69670557975769, -560082.0, -61024.0)
(158, 21.852692127227783, -560082.0, -61024.0)
(159, 22.01362371444702, -560082.0, -61024.0)
(160, 22.17692232131958, -560082.0, -61024.0)
(161, 22.33420705795288, -560082.0, -61024.0)
(162, 22.495558500289917, -560082.0, -61024.0)
(163, 22.65255331993103, -560082.0, -61024.0)
(164, 22.805810928344727, -560082.0, -61024.0)
(165, 22.962226152420044, -560082.0, -61024.0)
(166, 23.115484476089478, -560082.0, -61024.0)
(167, 23.26778769493103, -560082.0, -61024.0)
(168, 23.426275968551636, -560082.0, -61024.0)
(169, 23.57797861099243, -560082.0, -61024.0)
(170, 23.737096309661865, -560082.0, -61024.0)
(171, 23.890573501586914, -560082.0, -61024.0)
(172, 24.050055742263794, -560082.0, -61024.0)
(173, 24.20970892906189, -560082.0, -61024.0)
(174, 24.365458726882935, -560082.0, -61024.0)
(175, 24.523458242416382, -560082.0, -61024.0)
(176, 24.679551362991333, -560082.0, -61024.0)
(177, 24.83241105079651, -560082.0, -61024.0)
(178, 24.99674892425537, -560082.0, -61024.0)
(179, 25.1479709148407, -560082.0, -61024.0)
(180, 25.29962134361267, -560082.0, -61024.0)
(181, 25.450756072998047, -560082.0, -61024.0)
(182, 25.603204011917114, -560082.0, -61024.0)
(183, 25.759498596191406, -560082.0, -61024.0)
(184, 25.90947937965393, -560082.0, -61024.0)
(185, 26.06035280227661, -560082.0, -61024.0)
(186, 26.213523387908936, -560082.0, -61024.0)
(187, 26.36790156364441, -560082.0, -61024.0)
(188, 26.52470064163208, -560082.0, -61024.0)
(189, 26.68617534637451, -560082.0, -61024.0)
(190, 26.847098350524902, -560082.0, -61024.0)
(191, 27.01909852027893, -560082.0, -61024.0)
(192, 27.18854832649231, -560082.0, -61024.0)
(193, 27.358529329299927, -560082.0, -61024.0)
(194, 27.519113063812256, -560082.0, -61024.0)
(195, 27.684030294418335, -560082.0, -61024.0)
(196, 27.85193157196045, -560082.0, -61024.0)
(197, 28.01477575302124, -560082.0, -61024.0)
(198, 28.173446655273438, -560082.0, -61024.0)
(199, 28.34557294845581, -560082.0, -61024.0)
(200, 28.51334047317505, -560082.0, -61024.0)
(201, 28.684794187545776, -560082.0, -61024.0)
(202, 28.854129791259766, -560082.0, -61024.0)
(203, 29.020334005355835, -560082.0, -61024.0)
(204, 29.171940088272095, -560082.0, -61024.0)
(205, 29.326679468154907, -560082.0, -61024.0)
(206, 29.488354444503784, -560082.0, -61024.0)
(207, 29.652034521102905, -560082.0, -61024.0)
(208, 29.818225860595703, -560082.0, -61024.0)
(209, 29.977811813354492, -560082.0, -61024.0)
(210, 30.135414123535156, -560082.0, -61024.0)
(211, 30.300963401794434, -560082.0, -61024.0)
(212, 30.46460509300232, -560082.0, -61024.0)
(213, 30.628551721572876, -560082.0, -61024.0)
(214, 30.787038326263428, -560082.0, -61024.0)
(215, 30.945753574371338, -560082.0, -61024.0)
(216, 31.108220100402832, -560082.0, -61024.0)
(217, 31.272157192230225, -560082.0, -61024.0)
(218, 31.45029354095459, -560082.0, -61024.0)
(219, 31.60991883277893, -560082.0, -61024.0)
(220, 31.79090714454651, -560082.0, -61024.0)
(221, 31.944577932357788, -560082.0, -61024.0)
(222, 32.0995078086853, -560082.0, -61024.0)
(223, 32.24930262565613, -560082.0, -61024.0)
(224, 32.40609908103943, -560082.0, -61024.0)
(225, 32.58241248130798, -560082.0, -61024.0)
(226, 32.75702166557312, -560082.0, -61024.0)
(227, 32.925551652908325, -560082.0, -61024.0)
(228, 33.08966374397278, -560082.0, -61024.0)
(229, 33.25484824180603, -560082.0, -61024.0)
(230, 33.4219708442688, -560082.0, -61024.0)
(231, 33.60036325454712, -560082.0, -61024.0)
(232, 33.768616676330566, -560082.0, -61024.0)
(233, 33.921462535858154, -560082.0, -61024.0)
(234, 34.08225679397583, -560082.0, -61024.0)
(235, 34.254968881607056, -560082.0, -61024.0)
(236, 34.41384243965149, -560082.0, -61024.0)
(237, 34.59268593788147, -560082.0, -61024.0)
(238, 34.76153230667114, -560082.0, -61024.0)
(239, 34.935446977615356, -560082.0, -61024.0)
(240, 35.0989933013916, -560082.0, -61024.0)
(241, 35.26655554771423, -560082.0, -61024.0)
(242, 35.43262839317322, -560082.0, -61024.0)
(243, 35.610018491744995, -560082.0, -61024.0)
(244, 35.76841878890991, -560082.0, -61024.0)
(245, 35.93385457992554, -560082.0, -61024.0)
(246, 36.10122346878052, -560082.0, -61024.0)
(247, 36.27161240577698, -560082.0, -61024.0)
(248, 36.441730260849, -560082.0, -61024.0)
(249, 36.608314037323, -560082.0, -61024.0)
(250, 36.784287452697754, -560082.0, -61024.0)
(251, 36.94534349441528, -560082.0, -61024.0)
(252, 37.143003940582275, -560082.0, -61024.0)
(253, 37.305535316467285, -560082.0, -61024.0)
(254, 37.46360754966736, -560082.0, -61024.0)
(255, 37.637399196624756, -560082.0, -61024.0)
(256, 37.80468273162842, -560082.0, -61024.0)
(257, 37.97942805290222, -560082.0, -61024.0)
(258, 38.14347219467163, -560082.0, -61024.0)
(259, 38.32818865776062, -560082.0, -61024.0)
(260, 38.49306845664978, -560082.0, -61024.0)
(261, 38.65916609764099, -560082.0, -61024.0)
(262, 38.81697630882263, -560082.0, -61024.0)
(263, 38.97996139526367, -560082.0, -61024.0)
(264, 39.15125870704651, -560082.0, -61024.0)
(265, 39.3256196975708, -560082.0, -61024.0)
(266, 39.4928936958313, -560082.0, -61024.0)
(267, 39.667834758758545, -560082.0, -61024.0)
(268, 39.81240487098694, -560082.0, -61024.0)
(269, 39.96372318267822, -560082.0, -61024.0)
(270, 40.11723566055298, -560082.0, -61024.0)
(271, 40.25882029533386, -560082.0, -61024.0)
(272, 40.40149283409119, -560082.0, -61024.0)
(273, 40.54034471511841, -560082.0, -61024.0)
(274, 40.686330795288086, -560082.0, -61024.0)
(275, 40.831764698028564, -560082.0, -61024.0)
(276, 40.979714155197144, -560082.0, -61024.0)
(277, 41.11897015571594, -560082.0, -61024.0)
(278, 41.25675344467163, -560082.0, -61024.0)
(279, 41.38872790336609, -560082.0, -61024.0)
(280, 41.53241491317749, -560082.0, -61024.0)
(281, 41.67970013618469, -560082.0, -61024.0)
(282, 41.82635688781738, -560082.0, -61024.0)
(283, 41.970747232437134, -560082.0, -61024.0)
(284, 42.12492299079895, -560082.0, -61024.0)
(285, 42.27747964859009, -560082.0, -61024.0)
(286, 42.419495582580566, -560082.0, -61024.0)
(287, 42.55860781669617, -560082.0, -61024.0)
(288, 42.69821238517761, -560082.0, -61024.0)
(289, 42.837023973464966, -560082.0, -61024.0)
(290, 42.984065532684326, -560082.0, -61024.0)
(291, 43.13657999038696, -560082.0, -61024.0)
(292, 43.30221700668335, -560082.0, -61024.0)
(293, 43.46179556846619, -560082.0, -61024.0)
(294, 43.60397982597351, -560082.0, -61024.0)
(295, 43.76351571083069, -560082.0, -61024.0)
(296, 43.90967559814453, -560082.0, -61024.0)
(297, 44.06052088737488, -560082.0, -61024.0)
(298, 44.22951865196228, -560082.0, -61024.0)
(299, 44.39472818374634, -560082.0, -61024.0)
(300, 44.54137468338013, -560082.0, -61024.0)
(301, 44.68637275695801, -560082.0, -61024.0)
(302, 44.84832763671875, -560082.0, -61024.0)
(303, 44.99436688423157, -560082.0, -61024.0)
(304, 45.15290808677673, -560082.0, -61024.0)
(305, 45.29862380027771, -560082.0, -61024.0)
(306, 45.44205021858215, -560082.0, -61024.0)
(307, 45.60694193840027, -560082.0, -61024.0)
(308, 45.76431846618652, -560082.0, -61024.0)
(309, 45.91582155227661, -560082.0, -61024.0)
(310, 46.05263614654541, -560082.0, -61024.0)
(311, 46.198670387268066, -560082.0, -61024.0)
(312, 46.34896278381348, -560082.0, -61024.0)
(313, 46.50868844985962, -560082.0, -61024.0)
(314, 46.666717290878296, -560082.0, -61024.0)
(315, 46.82411861419678, -560082.0, -61024.0)
(316, 46.986024379730225, -560082.0, -61024.0)
(317, 47.12685966491699, -560082.0, -61024.0)
(318, 47.28762602806091, -560082.0, -61024.0)
(319, 47.438647985458374, -560082.0, -61024.0)
(320, 47.58800292015076, -560082.0, -61024.0)
(321, 47.74419975280762, -560082.0, -61024.0)
(322, 47.90962290763855, -560082.0, -61024.0)
(323, 48.06940984725952, -560082.0, -61024.0)
(324, 48.22720384597778, -560082.0, -61024.0)
(325, 48.39485573768616, -560082.0, -61024.0)
(326, 48.5525016784668, -560082.0, -61024.0)
(327, 48.727232456207275, -560082.0, -61024.0)
(328, 48.88809514045715, -560082.0, -61024.0)
(329, 49.04416513442993, -560082.0, -61024.0)
(330, 49.22952747344971, -560082.0, -61024.0)
(331, 49.383806467056274, -560082.0, -61024.0)
(332, 49.565345287323, -560082.0, -61024.0)
(333, 49.73815727233887, -560082.0, -61024.0)
(334, 49.911494970321655, -560082.0, -61024.0)
(335, 50.08753800392151, -560082.0, -61024.0)
(336, 50.27145314216614, -560082.0, -61024.0)
(337, 50.43567132949829, -560082.0, -61024.0)
(338, 50.62109375, -560082.0, -61024.0)
(339, 50.78646540641785, -560082.0, -61024.0)
(340, 50.97287130355835, -560082.0, -61024.0)
(341, 51.13873362541199, -560082.0, -61024.0)
(342, 51.29474329948425, -560082.0, -61024.0)
(343, 51.43291997909546, -560082.0, -61024.0)
(344, 51.56954836845398, -560082.0, -61024.0)
(345, 51.70392060279846, -560082.0, -61024.0)
(346, 51.84549117088318, -560082.0, -61024.0)
(347, 51.98655128479004, -560082.0, -61024.0)
(348, 52.13906168937683, -560082.0, -61024.0)
(349, 52.27295184135437, -560082.0, -61024.0)
(350, 52.47299599647522, -560082.0, -61024.0)
(351, 52.64952063560486, -560082.0, -61024.0)
(352, 52.80345273017883, -560082.0, -61024.0)
(353, 52.94074082374573, -560082.0, -61024.0)
(354, 53.070298194885254, -560082.0, -61024.0)
(355, 53.20123815536499, -560082.0, -61024.0)
(356, 53.34095549583435, -560082.0, -61024.0)
(357, 53.4735643863678, -560082.0, -61024.0)
(358, 53.606597900390625, -560082.0, -61024.0)
(359, 53.73925828933716, -560082.0, -61024.0)
(360, 53.874135971069336, -560082.0, -61024.0)
(361, 54.00878405570984, -560082.0, -61024.0)
(362, 54.147377729415894, -560082.0, -61024.0)
(363, 54.27930045127869, -560082.0, -61024.0)
(364, 54.41657638549805, -560082.0, -61024.0)
(365, 54.54673361778259, -560082.0, -61024.0)
(366, 54.68095350265503, -560082.0, -61024.0)
(367, 54.813164949417114, -560082.0, -61024.0)
(368, 54.948784828186035, -560082.0, -61024.0)
(369, 55.082603454589844, -560082.0, -61024.0)
(370, 55.21759605407715, -560082.0, -61024.0)
(371, 55.35183262825012, -560082.0, -61024.0)
(372, 55.489970445632935, -560082.0, -61024.0)
(373, 55.62871026992798, -560082.0, -61024.0)
(374, 55.76916861534119, -560082.0, -61024.0)
(375, 55.900073289871216, -560082.0, -61024.0)
(376, 56.03589200973511, -560082.0, -61024.0)
(377, 56.17202877998352, -560082.0, -61024.0)
(378, 56.314820528030396, -560082.0, -61024.0)
(379, 56.456862449645996, -560082.0, -61024.0)
(380, 56.588552713394165, -560082.0, -61024.0)
(381, 56.72958183288574, -560082.0, -61024.0)
(382, 56.86990714073181, -560082.0, -61024.0)
(383, 57.00806021690369, -560082.0, -61024.0)
(384, 57.14667510986328, -560082.0, -61024.0)
(385, 57.281835079193115, -560082.0, -61024.0)
(386, 57.41605806350708, -560082.0, -61024.0)
(387, 57.56245493888855, -560082.0, -61024.0)
(388, 57.70799946784973, -560082.0, -61024.0)
(389, 57.83564805984497, -560082.0, -61024.0)
(390, 57.979681968688965, -560082.0, -61024.0)
(391, 58.11614656448364, -560082.0, -61024.0)
(392, 58.257761001586914, -560082.0, -61024.0)
(393, 58.39979290962219, -560082.0, -61024.0)
(394, 58.54270029067993, -560082.0, -61024.0)
(395, 58.67939066886902, -560082.0, -61024.0)
(396, 58.822752714157104, -560082.0, -61024.0)
(397, 58.96123671531677, -560082.0, -61024.0)
(398, 59.10310101509094, -560082.0, -61024.0)
(399, 59.25377869606018, -560082.0, -61024.0)
(400, 59.39496970176697, -560082.0, -61024.0)
(401, 59.54090142250061, -560082.0, -61024.0)
(402, 59.67971062660217, -560082.0, -61024.0)
(403, 59.82988429069519, -560082.0, -61024.0)
(404, 59.9635910987854, -560082.0, -61024.0)
(405, 60.10561656951904, -560082.0, -61024.0)
(406, 60.2494900226593, -560082.0, -61024.0)
(407, 60.38944983482361, -560082.0, -61024.0)
(408, 60.53022623062134, -560082.0, -61024.0)
(409, 60.66440773010254, -560082.0, -61024.0)
(410, 60.80264735221863, -560082.0, -61024.0)
(411, 60.93741583824158, -560082.0, -61024.0)
(412, 61.072468996047974, -560082.0, -61024.0)
(413, 61.21517872810364, -560082.0, -61024.0)
(414, 61.37136197090149, -560082.0, -61024.0)
(415, 61.50703954696655, -560082.0, -61024.0)
(416, 61.649507999420166, -560082.0, -61024.0)
(417, 61.79847240447998, -560082.0, -61024.0)
(418, 61.942479610443115, -560082.0, -61024.0)
(419, 62.079798460006714, -560082.0, -61024.0)
(420, 62.21671962738037, -560082.0, -61024.0)
(421, 62.35781764984131, -560082.0, -61024.0)
(422, 62.492194175720215, -560082.0, -61024.0)
(423, 62.63088870048523, -560082.0, -61024.0)
(424, 62.766765832901, -560082.0, -61024.0)
(425, 62.90505051612854, -560082.0, -61024.0)
(426, 63.03807473182678, -560082.0, -61024.0)
(427, 63.17157816886902, -560082.0, -61024.0)
(428, 63.30912446975708, -560082.0, -61024.0)
(429, 63.4495267868042, -560082.0, -61024.0)
(430, 63.588623046875, -560082.0, -61024.0)
(431, 63.74230718612671, -560082.0, -61024.0)
(432, 63.88698887825012, -560082.0, -61024.0)
(433, 64.03166890144348, -560082.0, -61024.0)
(434, 64.17165350914001, -560082.0, -61024.0)
(435, 64.3210391998291, -560082.0, -61024.0)
(436, 64.46398854255676, -560082.0, -61024.0)
(437, 64.60150098800659, -560082.0, -61024.0)
(438, 64.74911212921143, -560082.0, -61024.0)
(439, 64.89413189888, -560082.0, -61024.0)
(440, 65.02873134613037, -560082.0, -61024.0)
(441, 65.16998147964478, -560082.0, -61024.0)
(442, 65.30750775337219, -560082.0, -61024.0)
(443, 65.46777939796448, -560082.0, -61024.0)
(444, 65.6256811618805, -560082.0, -61024.0)
(445, 65.76864910125732, -560082.0, -61024.0)
(446, 65.9148862361908, -560082.0, -61024.0)
(447, 66.05650854110718, -560082.0, -61024.0)
(448, 66.20561623573303, -560082.0, -61024.0)
(449, 66.35204744338989, -560082.0, -61024.0)
(450, 66.49621438980103, -560082.0, -61024.0)
(451, 66.64412474632263, -560082.0, -61024.0)
(452, 66.78163552284241, -560082.0, -61024.0)
(453, 66.93313479423523, -560082.0, -61024.0)
(454, 67.07733607292175, -560082.0, -61024.0)
(455, 67.22253727912903, -560082.0, -61024.0)
(456, 67.37517976760864, -560082.0, -61024.0)
(457, 67.5189528465271, -560082.0, -61024.0)
(458, 67.67085909843445, -560082.0, -61024.0)
(459, 67.81935811042786, -560082.0, -61024.0)
(460, 67.95960688591003, -560082.0, -61024.0)
(461, 68.10519123077393, -560082.0, -61024.0)
(462, 68.24388384819031, -560082.0, -61024.0)
(463, 68.39500379562378, -560082.0, -61024.0)
(464, 68.53278374671936, -560082.0, -61024.0)
(465, 68.67578387260437, -560082.0, -61024.0)
(466, 68.82451319694519, -560082.0, -61024.0)
(467, 68.97581720352173, -560082.0, -61024.0)
(468, 69.11658811569214, -560082.0, -61024.0)
(469, 69.26256060600281, -560082.0, -61024.0)
(470, 69.41077756881714, -560082.0, -61024.0)
(471, 69.57637214660645, -560082.0, -61024.0)
(472, 69.74650764465332, -560082.0, -61024.0)
(473, 69.89375519752502, -560082.0, -61024.0)
(474, 70.03515338897705, -560082.0, -61024.0)
(475, 70.18065595626831, -560082.0, -61024.0)
(476, 70.3261387348175, -560082.0, -61024.0)
(477, 70.48079562187195, -560082.0, -61024.0)
(478, 70.63009452819824, -560082.0, -61024.0)
(479, 70.78668594360352, -560082.0, -61024.0)
(480, 70.94704341888428, -560082.0, -61024.0)
(481, 71.09299945831299, -560082.0, -61024.0)
(482, 71.24021053314209, -560082.0, -61024.0)
(483, 71.39354181289673, -560082.0, -61024.0)
(484, 71.54837727546692, -560082.0, -61024.0)
(485, 71.69558382034302, -560082.0, -61024.0)
(486, 71.87163519859314, -560082.0, -61024.0)
(487, 72.05141544342041, -560082.0, -61024.0)
(488, 72.20034456253052, -560082.0, -61024.0)
(489, 72.3508689403534, -560082.0, -61024.0)
(490, 72.51310920715332, -560082.0, -61024.0)
(491, 72.66814470291138, -560082.0, -61024.0)
(492, 72.81992483139038, -560082.0, -61024.0)
(493, 72.97206330299377, -560082.0, -61024.0)
(494, 73.12111496925354, -560082.0, -61024.0)
(495, 73.26935648918152, -560082.0, -61024.0)
(496, 73.44284677505493, -560082.0, -61024.0)
(497, 73.59320282936096, -560082.0, -61024.0)
(498, 73.76855325698853, -560082.0, -61024.0)
(499, 73.94439315795898, -560082.0, -61024.0)
(500, 74.10347747802734, -560082.0, -61024.0)
(501, 74.2673647403717, -560082.0, -61024.0)
(502, 74.42079520225525, -560082.0, -61024.0)
(503, 74.57207226753235, -560082.0, -61024.0)
(504, 74.72227478027344, -560082.0, -61024.0)
(505, 74.86420702934265, -560082.0, -61024.0)
(506, 75.00875353813171, -560082.0, -61024.0)
(507, 75.15429663658142, -560082.0, -61024.0)
(508, 75.30914330482483, -560082.0, -61024.0)
(509, 75.45854353904724, -560082.0, -61024.0)
(510, 75.61676692962646, -560082.0, -61024.0)
(511, 75.77324485778809, -560082.0, -61024.0)
(512, 75.92862486839294, -560082.0, -61024.0)
(513, 76.07673668861389, -560082.0, -61024.0)
(514, 76.23209547996521, -560082.0, -61024.0)
(515, 76.38733053207397, -560082.0, -61024.0)
(516, 76.53795027732849, -560082.0, -61024.0)
(517, 76.68966794013977, -560082.0, -61024.0)
(518, 76.83967876434326, -560082.0, -61024.0)
(519, 76.99546957015991, -560082.0, -61024.0)
(520, 77.14451289176941, -560082.0, -61024.0)
(521, 77.29992938041687, -560082.0, -61024.0)
(522, 77.45225262641907, -560082.0, -61024.0)
(523, 77.60868096351624, -560082.0, -61024.0)
(524, 77.75350785255432, -560082.0, -61024.0)
(525, 77.90089797973633, -560082.0, -61024.0)
(526, 78.03756952285767, -560082.0, -61024.0)
(527, 78.18811511993408, -560082.0, -61024.0)
(528, 78.33820104598999, -560082.0, -61024.0)
(529, 78.49035334587097, -560082.0, -61024.0)
(530, 78.65124416351318, -560082.0, -61024.0)
(531, 78.80625319480896, -560082.0, -61024.0)
(532, 78.96267223358154, -560082.0, -61024.0)
(533, 79.11161017417908, -560082.0, -61024.0)
(534, 79.26739645004272, -560082.0, -61024.0)
(535, 79.42815113067627, -560082.0, -61024.0)
(536, 79.5935571193695, -560082.0, -61024.0)
(537, 79.75214266777039, -560082.0, -61024.0)
(538, 79.90805411338806, -560082.0, -61024.0)
(539, 80.06363868713379, -560082.0, -61024.0)
(540, 80.21585011482239, -560082.0, -61024.0)
(541, 80.37098288536072, -560082.0, -61024.0)
(542, 80.53274655342102, -560082.0, -61024.0)
(543, 80.68834614753723, -560082.0, -61024.0)
(544, 80.85050129890442, -560082.0, -61024.0)
(545, 81.01268315315247, -560082.0, -61024.0)
(546, 81.16851282119751, -560082.0, -61024.0)
(547, 81.32528519630432, -560082.0, -61024.0)
(548, 81.4815742969513, -560082.0, -61024.0)
(549, 81.63804030418396, -560082.0, -61024.0)
(550, 81.79715204238892, -560082.0, -61024.0)
(551, 81.95503067970276, -560082.0, -61024.0)
(552, 82.11879324913025, -560082.0, -61024.0)
(553, 82.2775936126709, -560082.0, -61024.0)
(554, 82.43671751022339, -560082.0, -61024.0)
(555, 82.59651613235474, -560082.0, -61024.0)
(556, 82.76423335075378, -560082.0, -61024.0)
(557, 82.93104648590088, -560082.0, -61024.0)
(558, 83.09148216247559, -560082.0, -61024.0)
(559, 83.25013661384583, -560082.0, -61024.0)
(560, 83.4106833934784, -560082.0, -61024.0)
(561, 83.56643033027649, -560082.0, -61024.0)
(562, 83.72451210021973, -560082.0, -61024.0)
(563, 83.88067197799683, -560082.0, -61024.0)
(564, 84.04275035858154, -560082.0, -61024.0)
(565, 84.20352911949158, -560082.0, -61024.0)
(566, 84.36162424087524, -560082.0, -61024.0)
(567, 84.51595902442932, -560082.0, -61024.0)
(568, 84.67988300323486, -560082.0, -61024.0)
(569, 84.83410406112671, -560082.0, -61024.0)
(570, 84.99640202522278, -560082.0, -61024.0)
(571, 85.16195392608643, -560082.0, -61024.0)
(572, 85.3236792087555, -560082.0, -61024.0)
(573, 85.49190282821655, -560082.0, -61024.0)
(574, 85.65982365608215, -560082.0, -61024.0)
(575, 85.82326316833496, -560082.0, -61024.0)
(576, 85.99408340454102, -560082.0, -61024.0)
(577, 86.16219115257263, -560082.0, -61024.0)
(578, 86.32588267326355, -560082.0, -61024.0)
(579, 86.49470496177673, -560082.0, -61024.0)
(580, 86.66544914245605, -560082.0, -61024.0)
(581, 86.83228087425232, -560082.0, -61024.0)
(582, 86.99488162994385, -560082.0, -61024.0)
(583, 87.15948629379272, -560082.0, -61024.0)
(584, 87.32429504394531, -560082.0, -61024.0)
(585, 87.48633646965027, -560082.0, -61024.0)
(586, 87.65002870559692, -560082.0, -61024.0)
(587, 87.80892515182495, -560082.0, -61024.0)
(588, 87.9625837802887, -560082.0, -61024.0)
(589, 88.12215232849121, -560082.0, -61024.0)
(590, 88.28349709510803, -560082.0, -61024.0)
(591, 88.44269132614136, -560082.0, -61024.0)
(592, 88.63345170021057, -560082.0, -61024.0)
(593, 88.82190561294556, -560082.0, -61024.0)
(594, 88.98428869247437, -560082.0, -61024.0)
(595, 89.14470839500427, -560082.0, -61024.0)
(596, 89.30220365524292, -560082.0, -61024.0)
(597, 89.46416306495667, -560082.0, -61024.0)
(598, 89.62791562080383, -560082.0, -61024.0)
(599, 89.79746389389038, -560082.0, -61024.0)
(600, 89.96185255050659, -560082.0, -61024.0)
(601, 90.12813472747803, -560082.0, -61024.0)
(602, 90.29369759559631, -560082.0, -61024.0)
(603, 90.48629713058472, -560082.0, -61024.0)
(604, 90.65783262252808, -560082.0, -61024.0)
(605, 90.81949973106384, -560082.0, -61024.0)
(606, 90.98510599136353, -560082.0, -61024.0)
(607, 91.15064454078674, -560082.0, -61024.0)
(608, 91.3386332988739, -560082.0, -61024.0)
(609, 91.49950695037842, -560082.0, -61024.0)
(610, 91.70155715942383, -560082.0, -61024.0)
(611, 91.893714427948, -560082.0, -61024.0)
(612, 92.09176468849182, -560082.0, -61024.0)
(613, 92.25433945655823, -560082.0, -61024.0)
(614, 92.4534044265747, -560082.0, -61024.0)
(615, 92.62329268455505, -560082.0, -61024.0)
(616, 92.828773021698, -560082.0, -61024.0)
(617, 93.03167700767517, -560082.0, -61024.0)
(618, 93.22533512115479, -560082.0, -61024.0)
(619, 93.40213131904602, -560082.0, -61024.0)
(620, 93.57264542579651, -560082.0, -61024.0)
(621, 93.73485398292542, -560082.0, -61024.0)
(622, 93.89624691009521, -560082.0, -61024.0)
(623, 94.0559298992157, -560082.0, -61024.0)
(624, 94.21819519996643, -560082.0, -61024.0)
(625, 94.37963652610779, -560082.0, -61024.0)
(626, 94.54749464988708, -560082.0, -61024.0)
(627, 94.71015071868896, -560082.0, -61024.0)
(628, 94.87616753578186, -560082.0, -61024.0)
(629, 95.04394197463989, -560082.0, -61024.0)
(630, 95.20513868331909, -560082.0, -61024.0)
(631, 95.3673164844513, -560082.0, -61024.0)
(632, 95.5322778224945, -560082.0, -61024.0)
(633, 95.69847226142883, -560082.0, -61024.0)
(634, 95.85797691345215, -560082.0, -61024.0)
(635, 96.02042818069458, -560082.0, -61024.0)
(636, 96.17909169197083, -560082.0, -61024.0)
(637, 96.34325218200684, -560082.0, -61024.0)
(638, 96.51089453697205, -560082.0, -61024.0)
(639, 96.67815804481506, -560082.0, -61024.0)
(640, 96.84460735321045, -560082.0, -61024.0)
(641, 97.00981974601746, -560082.0, -61024.0)
(642, 97.17623829841614, -560082.0, -61024.0)
(643, 97.34215807914734, -560082.0, -61024.0)
(644, 97.50965309143066, -560082.0, -61024.0)
(645, 97.68455910682678, -560082.0, -61024.0)
(646, 97.84469151496887, -560082.0, -61024.0)
(647, 98.0115430355072, -560082.0, -61024.0)
(648, 98.1789538860321, -560082.0, -61024.0)
(649, 98.34176802635193, -560082.0, -61024.0)
(650, 98.51162075996399, -560082.0, -61024.0)
(651, 98.67752122879028, -560082.0, -61024.0)
(652, 98.84373450279236, -560082.0, -61024.0)
(653, 99.01027417182922, -560082.0, -61024.0)
(654, 99.17458868026733, -560082.0, -61024.0)
(655, 99.3435366153717, -560082.0, -61024.0)
(656, 99.5162456035614, -560082.0, -61024.0)
(657, 99.67858839035034, -560082.0, -61024.0)
(658, 99.86106419563293, -560082.0, -61024.0)
(659, 100.03678679466248, -560082.0, -61024.0)
(660, 100.20614051818848, -560082.0, -61024.0)
(661, 100.38917994499207, -560082.0, -61024.0)
(662, 100.5612735748291, -560082.0, -61024.0)
(663, 100.72476744651794, -560082.0, -61024.0)
(664, 100.90274453163147, -560082.0, -61024.0)
(665, 101.0684461593628, -560082.0, -61024.0)
(666, 101.23947763442993, -560082.0, -61024.0)
(667, 101.41614770889282, -560082.0, -61024.0)
(668, 101.59639358520508, -560082.0, -61024.0)
(669, 101.76803588867188, -560082.0, -61024.0)
(670, 101.94376826286316, -560082.0, -61024.0)
(671, 102.11120963096619, -560082.0, -61024.0)
(672, 102.2891776561737, -560082.0, -61024.0)
(673, 102.4681544303894, -560082.0, -61024.0)
(674, 102.6417453289032, -560082.0, -61024.0)
(675, 102.81042194366455, -560082.0, -61024.0)
(676, 102.9846613407135, -560082.0, -61024.0)
(677, 103.17071795463562, -560082.0, -61024.0)
(678, 103.34723448753357, -560082.0, -61024.0)
(679, 103.52018308639526, -560082.0, -61024.0)
(680, 103.69651556015015, -560082.0, -61024.0)
(681, 103.86365389823914, -560082.0, -61024.0)
(682, 104.03564810752869, -560082.0, -61024.0)
(683, 104.20749163627625, -560082.0, -61024.0)
(684, 104.3763689994812, -560082.0, -61024.0)
(685, 104.54690504074097, -560082.0, -61024.0)
(686, 104.71288013458252, -560082.0, -61024.0)
(687, 104.88320541381836, -560082.0, -61024.0)
(688, 105.05934762954712, -560082.0, -61024.0)
(689, 105.22971200942993, -560082.0, -61024.0)
(690, 105.40450143814087, -560082.0, -61024.0)
(691, 105.59361553192139, -560082.0, -61024.0)
(692, 105.76662611961365, -560082.0, -61024.0)
(693, 105.9443244934082, -560082.0, -61024.0)
(694, 106.11404919624329, -560082.0, -61024.0)
(695, 106.28678822517395, -560082.0, -61024.0)
(696, 106.453280210495, -560082.0, -61024.0)
(697, 106.63000822067261, -560082.0, -61024.0)
(698, 106.80730700492859, -560082.0, -61024.0)
(699, 106.98072266578674, -560082.0, -61024.0)
(700, 107.17017316818237, -560082.0, -61024.0)
(701, 107.33647966384888, -560082.0, -61024.0)
(702, 107.51210141181946, -560082.0, -61024.0)
(703, 107.68965601921082, -560082.0, -61024.0)
(704, 107.86764550209045, -560082.0, -61024.0)
(705, 108.04839968681335, -560082.0, -61024.0)
(706, 108.23128819465637, -560082.0, -61024.0)
(707, 108.41116833686829, -560082.0, -61024.0)
(708, 108.59524536132812, -560082.0, -61024.0)
(709, 108.77437472343445, -560082.0, -61024.0)
(710, 108.96287059783936, -560082.0, -61024.0)
(711, 109.1416871547699, -560082.0, -61024.0)
(712, 109.314204454422, -560082.0, -61024.0)
(713, 109.49552750587463, -560082.0, -61024.0)
(714, 109.67647314071655, -560082.0, -61024.0)
(715, 109.90212035179138, -560082.0, -61024.0)
(716, 110.08032822608948, -560082.0, -61024.0)
(717, 110.26379179954529, -560082.0, -61024.0)
(718, 110.45353102684021, -560082.0, -61024.0)
(719, 110.68862295150757, -560082.0, -61024.0)
(720, 110.8801441192627, -560082.0, -61024.0)
(721, 111.06027340888977, -560082.0, -61024.0)
(722, 111.2406485080719, -560082.0, -61024.0)
(723, 111.4192807674408, -560082.0, -61024.0)
(724, 111.5932970046997, -560082.0, -61024.0)
(725, 111.78712487220764, -560082.0, -61024.0)
(726, 111.96565079689026, -560082.0, -61024.0)
(727, 112.13878679275513, -560082.0, -61024.0)
(728, 112.31467962265015, -560082.0, -61024.0)
(729, 112.49158549308777, -560082.0, -61024.0)
(730, 112.67524838447571, -560082.0, -61024.0)
(731, 112.8512065410614, -560082.0, -61024.0)
(732, 113.02712917327881, -560082.0, -61024.0)
(733, 113.20661187171936, -560082.0, -61024.0)
(734, 113.38728451728821, -560082.0, -61024.0)
(735, 113.57230114936829, -560082.0, -61024.0)
(736, 113.74845004081726, -560082.0, -61024.0)
(737, 113.93873715400696, -560082.0, -61024.0)
(738, 114.12355327606201, -560082.0, -61024.0)
(739, 114.30328226089478, -560082.0, -61024.0)
(740, 114.50243639945984, -560082.0, -61024.0)
(741, 114.68097949028015, -560082.0, -61024.0)
(742, 114.85665035247803, -560082.0, -61024.0)
(743, 115.05328607559204, -560082.0, -61024.0)
(744, 115.23686027526855, -560082.0, -61024.0)
(745, 115.42056179046631, -560082.0, -61024.0)
(746, 115.65961956977844, -560082.0, -61024.0)
(747, 115.84097075462341, -560082.0, -61024.0)
(748, 116.02661395072937, -560082.0, -61024.0)
(749, 116.22052478790283, -560082.0, -61024.0)
(750, 116.39739060401917, -560082.0, -61024.0)
(751, 116.58738350868225, -560082.0, -61024.0)
(752, 116.77356839179993, -560082.0, -61024.0)
(753, 116.96539950370789, -560082.0, -61024.0)
(754, 117.1546561717987, -560082.0, -61024.0)
(755, 117.35037446022034, -560082.0, -61024.0)
(756, 117.53957986831665, -560082.0, -61024.0)
(757, 117.73475956916809, -560082.0, -61024.0)
(758, 117.96840214729309, -560082.0, -61024.0)
(759, 118.19357371330261, -560082.0, -61024.0)
(760, 118.41279673576355, -560082.0, -61024.0)
(761, 118.61149096488953, -560082.0, -61024.0)
(762, 118.79986429214478, -560082.0, -61024.0)
(763, 119.03293704986572, -560082.0, -61024.0)
(764, 119.25802445411682, -560082.0, -61024.0)
(765, 119.44217658042908, -560082.0, -61024.0)
(766, 119.63767623901367, -560082.0, -61024.0)
(767, 119.83627009391785, -560082.0, -61024.0)
(768, 120.06284236907959, -560082.0, -61024.0)
(769, 120.30067133903503, -560082.0, -61024.0)
(770, 120.48825359344482, -560082.0, -61024.0)
(771, 120.68133306503296, -560082.0, -61024.0)
(772, 120.87524604797363, -560082.0, -61024.0)
(773, 121.10885620117188, -560082.0, -61024.0)
(774, 121.34099841117859, -560082.0, -61024.0)
(775, 121.53423881530762, -560082.0, -61024.0)
(776, 121.76398921012878, -560082.0, -61024.0)
(777, 121.99804425239563, -560082.0, -61024.0)
(778, 122.2370011806488, -560082.0, -61024.0)
(779, 122.42761659622192, -560082.0, -61024.0)
(780, 122.62590765953064, -560082.0, -61024.0)
(781, 122.82516479492188, -560082.0, -61024.0)
(782, 123.0137734413147, -560082.0, -61024.0)
(783, 123.20103597640991, -560082.0, -61024.0)
(784, 123.4381091594696, -560082.0, -61024.0)
(785, 123.6506757736206, -560082.0, -61024.0)
(786, 123.85559058189392, -560082.0, -61024.0)
(787, 124.05402207374573, -560082.0, -61024.0)
(788, 124.24776864051819, -560082.0, -61024.0)
(789, 124.43538188934326, -560082.0, -61024.0)
(790, 124.62850451469421, -560082.0, -61024.0)
(791, 124.80783939361572, -560082.0, -61024.0)
(792, 125.00547957420349, -560082.0, -61024.0)
(793, 125.20252275466919, -560082.0, -61024.0)
(794, 125.40355682373047, -560082.0, -61024.0)
(795, 125.60133194923401, -560082.0, -61024.0)
(796, 125.84544157981873, -560082.0, -61024.0)
(797, 126.04414486885071, -560082.0, -61024.0)
(798, 126.24310374259949, -560082.0, -61024.0)
(799, 126.4697618484497, -560082.0, -61024.0)
(800, 126.70857763290405, -560082.0, -61024.0)
(801, 126.9022171497345, -560082.0, -61024.0)
(802, 127.0965187549591, -560082.0, -61024.0)
(803, 127.29650068283081, -560082.0, -61024.0)
(804, 127.49917912483215, -560082.0, -61024.0)
(805, 127.69487047195435, -560082.0, -61024.0)
(806, 127.89632177352905, -560082.0, -61024.0)
(807, 128.08507704734802, -560082.0, -61024.0)
(808, 128.27645349502563, -560082.0, -61024.0)
(809, 128.47455430030823, -560082.0, -61024.0)
(810, 128.71757912635803, -560082.0, -61024.0)
(811, 128.91381001472473, -560082.0, -61024.0)
(812, 129.10327816009521, -560082.0, -61024.0)
(813, 129.3556547164917, -560082.0, -61024.0)
(814, 129.55630326271057, -560082.0, -61024.0)
(815, 129.7695062160492, -560082.0, -61024.0)
(816, 129.9762899875641, -560082.0, -61024.0)
(817, 130.21916580200195, -560082.0, -61024.0)
(818, 130.41993927955627, -560082.0, -61024.0)
(819, 130.66848254203796, -560082.0, -61024.0)
(820, 130.9140501022339, -560082.0, -61024.0)
(821, 131.10118579864502, -560082.0, -61024.0)
(822, 131.3049352169037, -560082.0, -61024.0)
(823, 131.50389528274536, -560082.0, -61024.0)
(824, 131.70741820335388, -560082.0, -61024.0)
(825, 131.9656364917755, -560082.0, -61024.0)
(826, 132.15696692466736, -560082.0, -61024.0)
(827, 132.40225625038147, -560082.0, -61024.0)
(828, 132.5962769985199, -560082.0, -61024.0)
(829, 132.85499596595764, -560082.0, -61024.0)
(830, 133.103830575943, -560082.0, -61024.0)
(831, 133.3691394329071, -560082.0, -61024.0)
(832, 133.5725336074829, -560082.0, -61024.0)
(833, 133.81564140319824, -560082.0, -61024.0)
(834, 134.06592464447021, -560082.0, -61024.0)
(835, 134.3384895324707, -560082.0, -61024.0)
(836, 134.58927011489868, -560082.0, -61024.0)
(837, 134.83722043037415, -560082.0, -61024.0)
(838, 135.05430912971497, -560082.0, -61024.0)
(839, 135.2604796886444, -560082.0, -61024.0)
(840, 135.46975898742676, -560082.0, -61024.0)
(841, 135.67355918884277, -560082.0, -61024.0)
(842, 135.9374589920044, -560082.0, -61024.0)
(843, 136.19833612442017, -560082.0, -61024.0)
(844, 136.4100522994995, -560082.0, -61024.0)
(845, 136.62067770957947, -560082.0, -61024.0)
(846, 136.8229410648346, -560082.0, -61024.0)
(847, 137.03029084205627, -560082.0, -61024.0)
(848, 137.22876048088074, -560082.0, -61024.0)
(849, 137.43521642684937, -560082.0, -61024.0)
(850, 137.63035488128662, -560082.0, -61024.0)
(851, 137.81954431533813, -560082.0, -61024.0)
(852, 138.0326247215271, -560082.0, -61024.0)
(853, 138.23593306541443, -560082.0, -61024.0)
(854, 138.43006587028503, -560082.0, -61024.0)
(855, 138.6358335018158, -560082.0, -61024.0)
(856, 138.8357663154602, -560082.0, -61024.0)
(857, 139.04127979278564, -560082.0, -61024.0)
(858, 139.236882686615, -560082.0, -61024.0)
(859, 139.44114136695862, -560082.0, -61024.0)
(860, 139.6457290649414, -560082.0, -61024.0)
(861, 139.84952688217163, -560082.0, -61024.0)
(862, 140.04748630523682, -560082.0, -61024.0)
(863, 140.2553367614746, -560082.0, -61024.0)
(864, 140.4785509109497, -560082.0, -61024.0)
(865, 140.6718361377716, -560082.0, -61024.0)
(866, 140.85959100723267, -560082.0, -61024.0)
(867, 141.05156445503235, -560082.0, -61024.0)
(868, 141.24142265319824, -560082.0, -61024.0)
(869, 141.43040823936462, -560082.0, -61024.0)
(870, 141.61267352104187, -560082.0, -61024.0)
(871, 141.8067009449005, -560082.0, -61024.0)
(872, 142.00183749198914, -560082.0, -61024.0)
(873, 142.19766759872437, -560082.0, -61024.0)
(874, 142.38731288909912, -560082.0, -61024.0)
(875, 142.57819247245789, -560082.0, -61024.0)
(876, 142.77399563789368, -560082.0, -61024.0)
(877, 142.96506237983704, -560082.0, -61024.0)
(878, 143.15889430046082, -560082.0, -61024.0)
(879, 143.3538990020752, -560082.0, -61024.0)
(880, 143.55154609680176, -560082.0, -61024.0)
(881, 143.75542879104614, -560082.0, -61024.0)
(882, 143.95449495315552, -560082.0, -61024.0)
(883, 144.1481854915619, -560082.0, -61024.0)
(884, 144.34186339378357, -560082.0, -61024.0)
(885, 144.54316663742065, -560082.0, -61024.0)
(886, 144.73644542694092, -560082.0, -61024.0)
(887, 144.94488096237183, -560082.0, -61024.0)
(888, 145.13157081604004, -560082.0, -61024.0)
(889, 145.33603644371033, -560082.0, -61024.0)
(890, 145.53367471694946, -560082.0, -61024.0)
(891, 145.7331485748291, -560082.0, -61024.0)
(892, 145.94048881530762, -560082.0, -61024.0)
(893, 146.13714814186096, -560082.0, -61024.0)
(894, 146.33175945281982, -560082.0, -61024.0)
(895, 146.53042483329773, -560082.0, -61024.0)
(896, 146.7315685749054, -560082.0, -61024.0)
(897, 146.933336019516, -560082.0, -61024.0)
(898, 147.13450837135315, -560082.0, -61024.0)
(899, 147.32824635505676, -560082.0, -61024.0)
(900, 147.53203201293945, -560082.0, -61024.0)
(901, 147.7348494529724, -560082.0, -61024.0)
(902, 147.9264853000641, -560082.0, -61024.0)
(903, 148.12776589393616, -560082.0, -61024.0)
(904, 148.33455061912537, -560082.0, -61024.0)
(905, 148.52969646453857, -560082.0, -61024.0)
(906, 148.7239227294922, -560082.0, -61024.0)
(907, 148.9232873916626, -560082.0, -61024.0)
(908, 149.1290318965912, -560082.0, -61024.0)
(909, 149.34083366394043, -560082.0, -61024.0)
(910, 149.54572653770447, -560082.0, -61024.0)
(911, 149.73403644561768, -560082.0, -61024.0)
(912, 149.93722820281982, -560082.0, -61024.0)
(913, 150.14456367492676, -560082.0, -61024.0)
(914, 150.35531377792358, -560082.0, -61024.0)
(915, 150.56011128425598, -560082.0, -61024.0)
(916, 150.7636580467224, -560082.0, -61024.0)
(917, 150.96867632865906, -560082.0, -61024.0)
(918, 151.17006969451904, -560082.0, -61024.0)
(919, 151.3758509159088, -560082.0, -61024.0)
(920, 151.57861638069153, -560082.0, -61024.0)
(921, 151.77856492996216, -560082.0, -61024.0)
(922, 151.9794406890869, -560082.0, -61024.0)
(923, 152.17198038101196, -560082.0, -61024.0)
(924, 152.3709659576416, -560082.0, -61024.0)
(925, 152.57206797599792, -560082.0, -61024.0)
(926, 152.7755217552185, -560082.0, -61024.0)
(927, 152.97685074806213, -560082.0, -61024.0)
(928, 153.19023966789246, -560082.0, -61024.0)
(929, 153.40320777893066, -560082.0, -61024.0)
(930, 153.61131930351257, -560082.0, -61024.0)
(931, 153.80739879608154, -560082.0, -61024.0)
(932, 154.0044023990631, -560082.0, -61024.0)
(933, 154.20626950263977, -560082.0, -61024.0)
(934, 154.4209771156311, -560082.0, -61024.0)
(935, 154.62251472473145, -560082.0, -61024.0)
(936, 154.8386263847351, -560082.0, -61024.0)
(937, 155.04312205314636, -560082.0, -61024.0)
(938, 155.25158834457397, -560082.0, -61024.0)
(939, 155.46606421470642, -560082.0, -61024.0)
(940, 155.6937382221222, -560082.0, -61024.0)
(941, 155.9005205631256, -560082.0, -61024.0)
(942, 156.1142556667328, -560082.0, -61024.0)
(943, 156.3318862915039, -560082.0, -61024.0)
(944, 156.54882073402405, -560082.0, -61024.0)
(945, 156.75901174545288, -560082.0, -61024.0)
(946, 156.96595931053162, -560082.0, -61024.0)
(947, 157.1754550933838, -560082.0, -61024.0)
(948, 157.44628858566284, -560082.0, -61024.0)
(949, 157.66271138191223, -560082.0, -61024.0)
(950, 157.87341618537903, -560082.0, -61024.0)
(951, 158.09565615653992, -560082.0, -61024.0)
(952, 158.31463646888733, -560082.0, -61024.0)
(953, 158.53116607666016, -560082.0, -61024.0)
(954, 158.75362300872803, -560082.0, -61024.0)
(955, 158.97487449645996, -560082.0, -61024.0)
(956, 159.1977310180664, -560082.0, -61024.0)
(957, 159.4234495162964, -560082.0, -61024.0)
(958, 159.62953758239746, -560082.0, -61024.0)
(959, 159.8462495803833, -560082.0, -61024.0)
(960, 160.04375958442688, -560082.0, -61024.0)
(961, 160.24729466438293, -560082.0, -61024.0)
(962, 160.45462465286255, -560082.0, -61024.0)
(963, 160.6625361442566, -560082.0, -61024.0)
(964, 160.87396502494812, -560082.0, -61024.0)
(965, 161.07968282699585, -560082.0, -61024.0)
(966, 161.2896101474762, -560082.0, -61024.0)
(967, 161.5039529800415, -560082.0, -61024.0)
(968, 161.71264219284058, -560082.0, -61024.0)
(969, 161.9306013584137, -560082.0, -61024.0)
(970, 162.1470730304718, -560082.0, -61024.0)
(971, 162.36195063591003, -560082.0, -61024.0)
(972, 162.56879830360413, -560082.0, -61024.0)
(973, 162.77751445770264, -560082.0, -61024.0)
(974, 162.98907828330994, -560082.0, -61024.0)
(975, 163.20327830314636, -560082.0, -61024.0)
(976, 163.40804719924927, -560082.0, -61024.0)
(977, 163.62745594978333, -560082.0, -61024.0)
(978, 163.83990597724915, -560082.0, -61024.0)
(979, 164.0549840927124, -560082.0, -61024.0)
(980, 164.2818260192871, -560082.0, -61024.0)
(981, 164.4984700679779, -560082.0, -61024.0)
(982, 164.70726370811462, -560082.0, -61024.0)
(983, 164.92449712753296, -560082.0, -61024.0)
(984, 165.13446521759033, -560082.0, -61024.0)
(985, 165.3473870754242, -560082.0, -61024.0)
(986, 165.56629252433777, -560082.0, -61024.0)
(987, 165.80030846595764, -560082.0, -61024.0)
(988, 166.01547026634216, -560082.0, -61024.0)
(989, 166.22488164901733, -560082.0, -61024.0)
(990, 166.4367744922638, -560082.0, -61024.0)
(991, 166.6556932926178, -560082.0, -61024.0)
(992, 166.86327290534973, -560082.0, -61024.0)
(993, 167.08095693588257, -560082.0, -61024.0)
(994, 167.29712414741516, -560082.0, -61024.0)
(995, 167.50927114486694, -560082.0, -61024.0)
(996, 167.7161591053009, -560082.0, -61024.0)
(997, 167.9257674217224, -560082.0, -61024.0)
(998, 168.13661360740662, -560082.0, -61024.0)
(999, 168.36603999137878, -560082.0, -61024.0)
(1000, 168.58714032173157, -560082.0, -61024.0)
