(1, 0.021099567413330078, -97260.0, -26133.0)
(2, 0.05246090888977051, -63259.0727649254, -26133.0)
(3, 0.08182311058044434, -61630.53136766541, -26133.0)
(4, 0.11171865463256836, -61630.53136766541, -26133.0)
(5, 0.14919233322143555, -61630.53136766541, -26133.0)
(6, 0.1770939826965332, -61630.53136766541, -26133.0)
(7, 0.20413899421691895, -61630.53136766541, -26133.0)
(8, 0.23435139656066895, -61630.53136766541, -26133.0)
(9, 0.25984859466552734, -61630.53136766541, -26133.0)
(10, 0.29267263412475586, -56678.51523925085, -26133.0)
(11, 0.32488512992858887, -51909.649827516354, -26133.0)
(12, 0.3621950149536133, -42594.47430031383, -26133.0)
(13, 0.4096400737762451, -38003.57958929108, -26133.0)
(14, 0.4613173007965088, -35362.182753316054, -31509.72727272728)
(15, 0.5218105316162109, -34150.89348764953, -31513.377358490572)
(16, 0.5863442420959473, -33425.43010456125, -31581.6953125)
(17, 0.657259464263916, -33006.58369898439, -31588.337454545457)
(18, 0.7309584617614746, -32702.053946768632, -31612.35011541503)
(19, 0.8076696395874023, -32346.32854759906, -31647.41123121786)
(20, 0.8865468502044678, -32346.32854759906, -31679.47262038662)
(21, 0.9765257835388184, -32166.526963032058, -31710.77489135302)
(22, 1.0495092868804932, -32166.526963032058, -31729.981044526216)
(23, 1.1331689357757568, -32023.247687152416, -31749.921077780567)
(24, 1.2349038124084473, -32023.247687152416, -31766.38492379274)
(25, 1.354396104812622, -31948.123766422974, -31773.468702266404)
(26, 1.4490978717803955, -31948.123766422974, -31782.76597961339)
(27, 1.5336458683013916, -31922.221489071522, -31786.804638740006)
(28, 1.6233549118041992, -31917.065789903383, -31799.994474439547)
(29, 1.737304449081421, -31866.510338311655, -31810.92006386896)
(30, 1.8377125263214111, -31853.3847573883, -31814.293825969315)
