(1, 0.00863194465637207, -45028.0, -12900.0)
(2, 0.01871776580810547, -31945.139776308763, -12900.0)
(3, 0.029191255569458008, -29614.852327506866, -12900.0)
(4, 0.03984785079956055, -28309.460811538982, -12900.0)
(5, 0.051361083984375, -28309.460811538982, -12900.0)
(6, 0.07370710372924805, -25905.647565369283, -12900.0)
(7, 0.08712196350097656, -23795.681516953686, -12900.0)
(8, 0.10660815238952637, -18722.96211584909, -12900.0)
(9, 0.13222861289978027, -17564.880643890232, -12900.0)
(10, 0.16296863555908203, -16590.306743647034, -15302.315789473685)
(11, 0.19352936744689941, -15926.948172626717, -15323.117647058829)
(12, 0.22520065307617188, -15782.54251630545, -15350.771428571426)
(13, 0.2552604675292969, -15632.591898168686, -15371.749790092357)
(14, 0.2925384044647217, -15550.137937820386, -15391.341573033707)
(15, 0.3288002014160156, -15468.805225790886, -15401.559422193039)
(16, 0.36187076568603516, -15434.146940119424, -15402.767628205127)
(17, 0.3972136974334717, -15428.37057944627, -15406.04262295082)
(18, 0.4397604465484619, -15419.51228165107, -15411.460992907805)
(19, 0.4787099361419678, -15419.51228165107, -15412.305676855893)
(20, 0.5210509300231934, -15416.042734082152, -15414.555785123968)
(21, 0.5627799034118652, -15416.042734082152, -15414.557217165155)
(22, 0.607048511505127, -15416.042734082152, -15415.180611980293)
(23, 0.6479132175445557, -15415.439248611025, -15415.180611980288)
(24, 0.686201810836792, -15415.258202969275, -15415.180611980293)
(25, 0.7257280349731445, -15415.203889276763, -15415.180611980291)
(26, 0.7682168483734131, -15415.18759516954, -15415.18061198029)
(27, 0.810164213180542, -15415.182706992393, -15415.18061198029)
