(1, 0.06703591346740723, -468368.0, -48233.0)
(2, 0.13755464553833008, -280411.3007111617, -48233.0)
(3, 0.21479034423828125, -252625.07150214826, -48233.0)
(4, 0.3209545612335205, -220038.54249360377, -48233.0)
(5, 0.4171257019042969, -193059.7036387676, -48233.0)
(6, 0.5102109909057617, -168118.35445038497, -48233.0)
(7, 0.6073999404907227, -134904.04364012086, -48233.0)
(8, 0.7167599201202393, -112909.4673397032, -48233.0)
(9, 0.8224186897277832, -112909.4673397032, -48233.0)
(10, 0.9697780609130859, -92048.699648373, -64024.66484560573)
(11, 1.1337096691131592, -76902.00859381616, -64072.54686665214)
(12, 1.3220465183258057, -74055.53129355823, -64091.72400534275)
(13, 1.5495996475219727, -71984.69159291568, -64133.5079530111)
(14, 1.801865816116333, -69134.98572378843, -64286.71175523348)
(15, 2.0650336742401123, -69134.98572378843, -64384.97351708867)
(16, 2.3794631958007812, -66701.0244095526, -64454.6826988847)
(17, 2.737926721572876, -66701.0244095526, -64511.037881281954)
(18, 3.1354293823242188, -65789.23697334877, -64563.53524469167)
(19, 3.5531697273254395, -65789.23697334877, -64591.22709716906)
(20, 4.036720037460327, -65228.231391060304, -64617.350894538526)
(21, 4.567936897277832, -65075.71043646805, -64641.35696415445)
(22, 5.180249452590942, -64992.948255415446, -64653.22609301178)
(23, 5.831166982650757, -64791.719699561676, -64681.18978671258)
(24, 6.605514764785767, -64791.719699561676, -64692.260622762864)
(25, 7.415442705154419, -64741.04942966662, -64695.7124394184)
(26, 8.227799892425537, -64709.3135365209, -64695.712439418414)
(27, 9.021837711334229, -64699.79276854951, -64695.71243941829)
(28, 9.865797519683838, -64696.93653816232, -64695.7124394184)
(29, 10.751169443130493, -64696.07966904516, -64695.7124394184)
(30, 11.648785591125488, -64695.82260830649, -64695.712439418436)
(31, 12.58577036857605, -64695.74549008485, -64695.7124394184)
(32, 13.483558654785156, -64695.72235461832, -64695.712439418414)
