(1, 0.06613039970397949, -290375.0, -48466.0)
(2, 0.133558988571167, -171772.79404569915, -48466.0)
(3, 0.20415234565734863, -145457.1532018734, -48466.0)
(4, 0.2787439823150635, -137372.75148663844, -48466.0)
(5, 0.35921144485473633, -126168.17874999279, -48466.0)
(6, 0.4482574462890625, -123278.8322165303, -48466.0)
(7, 0.5426657199859619, -122428.14809142813, -48466.0)
(8, 0.6422297954559326, -121415.45631500521, -48466.0)
(9, 0.7404463291168213, -121415.45631500521, -48466.0)
(10, 0.8481183052062988, -121415.45631500521, -48466.0)
(11, 0.9557209014892578, -121415.45631500521, -48466.0)
(12, 1.0662720203399658, -120985.56877138598, -48466.0)
(13, 1.1807353496551514, -118697.32995474784, -48466.0)
(14, 1.3041744232177734, -118027.3134861615, -48466.0)
(15, 1.4222707748413086, -112878.58705520791, -48466.0)
(16, 1.5510718822479248, -108715.61229786789, -48466.0)
(17, 1.6867578029632568, -101455.21508975646, -48466.0)
(18, 1.8402090072631836, -86920.73591802374, -48466.0)
(19, 2.110469102859497, -71569.73603252713, -48466.0)
(20, 2.3659520149230957, -67854.2989533049, -61673.4174842915)
(21, 2.6253015995025635, -66329.90535981538, -61687.98667402452)
(22, 2.9078831672668457, -65155.60560078558, -61716.53353118614)
(23, 3.219735860824585, -64312.10175260546, -61733.1299948789)
(24, 3.553501605987549, -63697.021429636916, -61752.92120155821)
(25, 3.968520164489746, -63124.1624532092, -61764.7513341422)
(26, 4.34189772605896, -62878.803468007245, -61777.144030741205)
(27, 4.806967258453369, -62543.27032317061, -61780.67029928032)
(28, 5.245481252670288, -62294.115521829684, -61784.95662542774)
(29, 5.775404930114746, -62190.905694141686, -61788.39342712179)
(30, 6.318257570266724, -62053.51245298282, -61791.41497114779)
(31, 6.922429323196411, -61972.009467490556, -61793.70885635473)
(32, 7.5512566566467285, -61916.57042415244, -61794.63938008329)
(33, 8.184036254882812, -61858.728959160435, -61796.79506856102)
(34, 8.842832088470459, -61816.41512198336, -61798.280483977505)
(35, 9.459572076797485, -61814.31084286506, -61798.67638917421)
(36, 10.0945303440094, -61807.51323386993, -61800.60438094785)
(37, 10.811415910720825, -61807.51323386993, -61801.156371215184)
(38, 11.52601671218872, -61807.290123378574, -61803.28827877509)
(39, 12.285892963409424, -61805.62710704709, -61803.28827877499)
(40, 13.06121015548706, -61804.43791326547, -61803.2882787751)
(41, 13.92757511138916, -61804.0530374652, -61803.28827877508)
(42, 14.857057332992554, -61803.64192581876, -61803.288278775035)
(43, 15.670665502548218, -61803.39437284083, -61803.2882787751)
(44, 16.47410821914673, -61803.32010699411, -61803.288278775086)
(45, 17.220074892044067, -61803.32010699411, -61803.28827877504)
