(1, 0.06917834281921387, -357946.0, -20717.0)
(2, 0.133711576461792, -357946.0, -20717.0)
(3, 0.1979694366455078, -357946.0, -20717.0)
(4, 0.2619047164916992, -357946.0, -20717.0)
(5, 0.3261899948120117, -357946.0, -20717.0)
(6, 0.3906376361846924, -357946.0, -20717.0)
(7, 0.4550037384033203, -357946.0, -20717.0)
(8, 0.5195200443267822, -357946.0, -20717.0)
(9, 0.5828425884246826, -357946.0, -20717.0)
(10, 0.6472232341766357, -357946.0, -20717.0)
(11, 0.7122161388397217, -357946.0, -20717.0)
(12, 0.7770886421203613, -357946.0, -20717.0)
(13, 0.8409304618835449, -329531.8275862069, -20717.0)
(14, 0.9062192440032959, -329531.8275862069, -20717.0)
(15, 0.9689295291900635, -329531.8275862069, -20717.0)
(16, 1.031479835510254, -329531.8275862069, -20717.0)
(17, 1.0935978889465332, -329531.8275862069, -20717.0)
(18, 1.1556918621063232, -329531.8275862069, -20717.0)
(19, 1.2178661823272705, -329531.8275862069, -20717.0)
(20, 1.2805044651031494, -329531.8275862069, -20717.0)
(21, 1.3435606956481934, -329531.8275862069, -20717.0)
(22, 1.4067156314849854, -329531.8275862069, -20717.0)
(23, 1.469343900680542, -329531.8275862069, -20717.0)
(24, 1.5319054126739502, -329531.8275862069, -20717.0)
(25, 1.5943620204925537, -329531.8275862069, -20717.0)
(26, 1.6565799713134766, -329531.8275862069, -20717.0)
(27, 1.719552755355835, -329531.8275862069, -20717.0)
(28, 1.7827491760253906, -325456.0, -20717.0)
(29, 1.8470497131347656, -325456.0, -20717.0)
(30, 1.9104902744293213, -325456.0, -20717.0)
(31, 1.9732625484466553, -325456.0, -20717.0)
(32, 2.0369038581848145, -325456.0, -20717.0)
(33, 2.100752353668213, -325456.0, -20717.0)
(34, 2.1642425060272217, -325456.0, -20717.0)
(35, 2.228231191635132, -325456.0, -20717.0)
(36, 2.2924036979675293, -325456.0, -20717.0)
(37, 2.3560452461242676, -325456.0, -20717.0)
(38, 2.4207966327667236, -325456.0, -20717.0)
(39, 2.484546661376953, -325456.0, -20717.0)
(40, 2.546741247177124, -289135.6896551724, -20717.0)
(41, 2.608478546142578, -289135.6896551724, -20717.0)
(42, 2.6695427894592285, -289135.6896551724, -20717.0)
(43, 2.731031894683838, -289135.6896551724, -20717.0)
(44, 2.7913269996643066, -289135.6896551724, -20717.0)
(45, 2.8523919582366943, -289135.6896551724, -20717.0)
(46, 2.913670539855957, -289135.6896551724, -20717.0)
(47, 2.974257707595825, -289135.6896551724, -20717.0)
(48, 3.035325527191162, -289135.6896551724, -20717.0)
(49, 3.0972485542297363, -289135.6896551724, -20717.0)
(50, 3.1590874195098877, -289135.6896551724, -20717.0)
(51, 3.221144914627075, -289135.6896551724, -20717.0)
(52, 3.283060312271118, -289135.6896551724, -20717.0)
(53, 3.344194173812866, -289135.6896551724, -20717.0)
(54, 3.406022548675537, -289135.6896551724, -20717.0)
(55, 3.4685094356536865, -289135.6896551724, -20717.0)
(56, 3.5317509174346924, -289135.6896551724, -20717.0)
(57, 3.5932087898254395, -289135.6896551724, -20717.0)
(58, 3.6562187671661377, -289135.6896551724, -20717.0)
(59, 3.716900110244751, -250863.72413793104, -20717.0)
(60, 3.7772951126098633, -250863.72413793104, -20717.0)
(61, 3.837149143218994, -250863.72413793104, -20717.0)
(62, 3.8965604305267334, -250863.72413793104, -20717.0)
(63, 3.9567205905914307, -250863.72413793104, -20717.0)
(64, 4.016354322433472, -250863.72413793104, -20717.0)
(65, 4.075104713439941, -250863.72413793104, -20717.0)
(66, 4.134777545928955, -250863.72413793104, -20717.0)
(67, 4.195127010345459, -250863.72413793104, -20717.0)
(68, 4.255566596984863, -250863.72413793104, -20717.0)
(69, 4.316908836364746, -250863.72413793104, -20717.0)
(70, 4.378512144088745, -250863.72413793104, -20717.0)
(71, 4.4389967918396, -250863.72413793104, -20717.0)
(72, 4.498989582061768, -250863.72413793104, -20717.0)
(73, 4.557220697402954, -224115.8620689655, -20717.0)
(74, 4.615926504135132, -224115.8620689655, -20717.0)
(75, 4.674071550369263, -224115.8620689655, -20717.0)
(76, 4.73184061050415, -224115.8620689655, -20717.0)
(77, 4.790021896362305, -224115.8620689655, -20717.0)
(78, 4.84802508354187, -224115.8620689655, -20717.0)
(79, 4.909003257751465, -224115.8620689655, -20717.0)
(80, 4.973223447799683, -210429.92857142858, -20717.0)
(81, 5.037142515182495, -210429.92857142858, -20717.0)
(82, 5.100677251815796, -210429.92857142858, -20717.0)
(83, 5.160775899887085, -210429.92857142858, -20717.0)
(84, 5.220558404922485, -210429.92857142858, -20717.0)
(85, 5.2801384925842285, -210429.92857142858, -20717.0)
(86, 5.338916301727295, -210429.92857142858, -20717.0)
(87, 5.399084806442261, -210429.92857142858, -20717.0)
(88, 5.459666967391968, -210429.92857142858, -20717.0)
(89, 5.519047498703003, -210429.92857142858, -20717.0)
(90, 5.575915575027466, -191160.58620689655, -20717.0)
(91, 5.6340491771698, -191160.58620689655, -20717.0)
(92, 5.690789461135864, -191160.58620689655, -20717.0)
(93, 5.747670412063599, -191160.58620689655, -20717.0)
(94, 5.803982973098755, -191160.58620689655, -20717.0)
(95, 5.859257936477661, -191160.58620689655, -20717.0)
(96, 5.9155824184417725, -191160.58620689655, -20717.0)
(97, 5.972322463989258, -190138.28, -20717.0)
(98, 6.031945705413818, -190138.28, -20717.0)
(99, 6.090973377227783, -190138.28, -20717.0)
(100, 6.147478342056274, -190138.28, -20717.0)
(101, 6.204927921295166, -190138.28, -20717.0)
(102, 6.2626988887786865, -190138.28, -20717.0)
(103, 6.320140838623047, -190138.28, -20717.0)
(104, 6.37868595123291, -190138.28, -20717.0)
(105, 6.437761068344116, -164513.60714285716, -20717.0)
(106, 6.494961500167847, -164513.60714285716, -20717.0)
(107, 6.551565408706665, -164513.60714285716, -20717.0)
(108, 6.607731342315674, -164513.60714285716, -20717.0)
(109, 6.662930011749268, -164513.60714285716, -20717.0)
(110, 6.717698574066162, -164513.60714285716, -20717.0)
(111, 6.772672414779663, -164513.60714285716, -20717.0)
(112, 6.82944655418396, -164513.60714285716, -20717.0)
(113, 6.886337041854858, -164513.60714285716, -20717.0)
(114, 6.942527770996094, -164513.60714285716, -20717.0)
(115, 6.998101711273193, -163997.0, -20717.0)
(116, 7.0551464557647705, -142909.17857142858, -20717.0)
(117, 7.112389326095581, -142909.17857142858, -20717.0)
(118, 7.16964316368103, -142909.17857142858, -20717.0)
(119, 7.230719327926636, -142909.17857142858, -20717.0)
(120, 7.284502267837524, -142909.17857142858, -20717.0)
(121, 7.339335918426514, -142909.17857142858, -20717.0)
(122, 7.392294883728027, -142909.17857142858, -20717.0)
(123, 7.446949005126953, -142909.17857142858, -20717.0)
(124, 7.501312494277954, -142909.17857142858, -20717.0)
(125, 7.556383371353149, -142909.17857142858, -20717.0)
(126, 7.610647201538086, -142909.17857142858, -20717.0)
(127, 7.667187213897705, -133503.0, -20717.0)
(128, 7.724539518356323, -133503.0, -20717.0)
(129, 7.780763626098633, -133503.0, -20717.0)
(130, 7.83627724647522, -133503.0, -20717.0)
(131, 7.909461498260498, -133503.0, -20717.0)
(132, 7.96810245513916, -133503.0, -20717.0)
(133, 8.025275468826294, -108718.76000000001, -20717.0)
(134, 8.084428310394287, -108144.78571428571, -20717.0)
(135, 8.144739627838135, -98249.98000000001, -20717.0)
(136, 8.203912258148193, -98249.98000000001, -20717.0)
(137, 8.25738263130188, -98249.98000000001, -20717.0)
(138, 8.309674263000488, -98249.98000000001, -20717.0)
(139, 8.363272190093994, -81111.0, -20717.0)
(140, 8.416509866714478, -81111.0, -20717.0)
(141, 8.470715999603271, -81111.0, -20717.0)
(142, 8.524498224258423, -81111.0, -20717.0)
(143, 8.577943563461304, -81111.0, -20717.0)
(144, 8.631975889205933, -72362.1304347826, -20717.0)
(145, 8.688563108444214, -72362.1304347826, -20717.0)
(146, 8.748677253723145, -72362.1304347826, -20717.0)
(147, 8.808806657791138, -63696.375, -20717.0)
(148, 8.860594987869263, -63696.375, -20717.0)
(149, 8.911201000213623, -63696.375, -20717.0)
(150, 8.96138620376587, -63696.375, -20717.0)
(151, 9.012622594833374, -63696.375, -20717.0)
(152, 9.063902854919434, -63696.375, -20717.0)
(153, 9.113119840621948, -63696.375, -20717.0)
(154, 9.16313362121582, -57885.941176470595, -20717.0)
(155, 9.212503910064697, -49970.333333333336, -20717.0)
(156, 9.263375043869019, -49970.333333333336, -20717.0)
(157, 9.313931226730347, -49970.333333333336, -20717.0)
(158, 9.364080667495728, -49970.333333333336, -20717.0)
(159, 9.41563630104065, -49970.333333333336, -20717.0)
(160, 9.466736316680908, -49970.333333333336, -20717.0)
(161, 9.5187406539917, -49970.333333333336, -20717.0)
(162, 9.578349828720093, -49970.333333333336, -20717.0)
(163, 9.639348030090332, -49970.333333333336, -20717.0)
(164, 9.692328453063965, -49970.333333333336, -20717.0)
(165, 9.748235702514648, -49970.333333333336, -20717.0)
(166, 9.801668167114258, -49970.333333333336, -20717.0)
(167, 9.854332447052002, -49970.333333333336, -20717.0)
(168, 9.941330671310425, -49970.333333333336, -20717.0)
(169, 10.026565790176392, -49970.333333333336, -20717.0)
(170, 10.102925777435303, -49970.333333333336, -20717.0)
(171, 10.188613891601562, -49970.333333333336, -20717.0)
(172, 10.34760570526123, -49970.333333333336, -20717.0)
(173, 10.516364336013794, -49970.333333333336, -20717.0)
(174, 10.662727117538452, -49970.333333333336, -20717.0)
(175, 10.833547592163086, -49970.333333333336, -20717.0)
(176, 11.07579493522644, -49970.333333333336, -20717.0)
(177, 11.27745246887207, -49970.333333333336, -20717.0)
(178, 11.45608925819397, -49970.333333333336, -20717.0)
(179, 11.640793561935425, -49970.333333333336, -20717.0)
(180, 11.815138816833496, -49970.333333333336, -20717.0)
(181, 12.151233673095703, -49970.333333333336, -20717.0)
(182, 12.569467544555664, -47192.99831649831, -20717.0)
(183, 13.011958360671997, -35151.11604938272, -20717.0)
(184, 13.371905326843262, -31420.03535353535, -20717.0)
(185, 13.701702117919922, -29582.554545454565, -29290.036363636365)
(186, 13.822567462921143, -29328.648598130843, -29299.919626168234)
(187, 13.93990683555603, -29307.480980650835, -29303.351693051893)
(188, 14.038015842437744, -29303.461709401712, -29303.4617094017)
(189, 14.127065896987915, -29303.461709401712, -29303.461709401705)
