(1, 0.12226724624633789, -574537.0, -18182.0)
(2, 0.28247666358947754, -264172.29806220473, -18182.0)
(3, 0.41301918029785156, -126694.8951579677, -18182.0)
(4, 0.5611894130706787, -71350.986150346, -18182.0)
(5, 0.727691650390625, -45093.60786751749, -18182.0)
(6, 0.9144563674926758, -40134.54338682657, -18182.0)
(7, 1.1333515644073486, -32443.194781053644, -28072.25)
(8, 1.3494443893432617, -29829.055433594334, -28148.5)
(9, 1.5892915725708008, -28656.516630078855, -28154.0)
(10, 1.826880931854248, -28304.754989022807, -28154.0)
(11, 2.0600664615631104, -28199.22649669524, -28154.0)
(12, 2.3165597915649414, -28167.567949008535, -28154.0)
(13, 2.556293249130249, -28158.070384701656, -28154.0)
(14, 2.7989113330841064, -28155.221115410593, -28154.0)
(15, 3.0402579307556152, -28154.366334543265, -28154.000000000004)
(16, 3.2822484970092773, -28154.109900361156, -28153.999999999993)
(17, 3.5458338260650635, -28154.03297009506, -28154.000000000007)
(18, 3.80715274810791, -28154.00989101943, -28154.0)
(19, 4.072261571884155, -28154.00296730481, -28154.0)
