(1, 0.13318347930908203, -206818.0, -7536.0)
(2, 0.25270724296569824, -199075.26315789475, -7536.0)
(3, 0.3713836669921875, -183124.26315789475, -7536.0)
(4, 0.489856481552124, -177118.26315789475, -7536.0)
(5, 0.6110231876373291, -167549.26315789475, -7536.0)
(6, 0.7319827079772949, -166561.13513513515, -7536.0)
(7, 0.8512086868286133, -148102.26315789475, -7536.0)
(8, 0.9714009761810303, -145083.67567567568, -7536.0)
(9, 1.0911195278167725, -129570.22222222222, -7536.0)
(10, 1.2128989696502686, -124732.45714285714, -7536.0)
(11, 1.33500075340271, -111542.20588235294, -7536.0)
(12, 1.4567112922668457, -98413.37837837837, -7536.0)
(13, 1.576941728591919, -80363.79411764706, -7536.0)
(14, 1.698275089263916, -67588.79411764706, -7536.0)
(15, 1.8202168941497803, -55386.566666666666, -7536.0)
(16, 1.9406263828277588, -51050.07407407407, -7536.0)
(17, 2.0628437995910645, -38494.07407407407, -7536.0)
(18, 2.185739040374756, -34746.90909090909, -7536.0)
(19, 2.307743787765503, -34063.0, -7536.0)
(20, 2.429962158203125, -33699.0, -7536.0)
(21, 2.552157402038574, -33699.0, -7536.0)
(22, 2.6747264862060547, -33699.0, -7536.0)
(23, 2.796635389328003, -33699.0, -7536.0)
(24, 2.9189982414245605, -33468.75, -7536.0)
(25, 3.0434157848358154, -33468.75, -7536.0)
(26, 3.1668777465820312, -33468.75, -7536.0)
(27, 3.290559768676758, -33468.75, -7536.0)
(28, 3.4149153232574463, -33468.75, -7536.0)
(29, 3.539428234100342, -32028.5, -7536.0)
(30, 3.6650495529174805, -31812.5, -7536.0)
(31, 3.7916183471679688, -30372.25, -7536.0)
(32, 3.9190127849578857, -28922.25, -7536.0)
(33, 4.046355724334717, -28922.25, -7536.0)
(34, 4.174354791641235, -28922.25, -7536.0)
(35, 4.302259683609009, -28922.25, -7536.0)
(36, 4.430769681930542, -27472.25, -7536.0)
(37, 4.559704780578613, -27472.25, -7536.0)
(38, 4.690201044082642, -26392.25, -7536.0)
(39, 4.838127851486206, -24869.25, -7536.0)
(40, 4.972294569015503, -24869.25, -7536.0)
(41, 5.1037657260894775, -24869.25, -7536.0)
(42, 5.235392093658447, -23431.625, -7536.0)
(43, 5.367710828781128, -23431.625, -7536.0)
(44, 5.502895832061768, -22278.625, -7536.0)
(45, 5.638421058654785, -22099.0, -7536.0)
(46, 5.780854940414429, -22099.0, -7536.0)
(47, 5.9233129024505615, -20442.75, -7536.0)
(48, 6.063171863555908, -20442.75, -7536.0)
(49, 6.199049234390259, -19275.5, -7536.0)
(50, 6.338079214096069, -19275.5, -7536.0)
(51, 6.475951433181763, -18434.875, -7536.0)
(52, 6.616490125656128, -18434.875, -7536.0)
(53, 6.757794141769409, -18434.875, -7536.0)
(54, 6.900638580322266, -17306.75, -7536.0)
(55, 7.043681621551514, -17306.75, -7536.0)
(56, 7.18489408493042, -17306.75, -7536.0)
(57, 7.3293890953063965, -15891.875, -7536.0)
(58, 7.467621803283691, -15891.875, -7536.0)
(59, 7.606879234313965, -14894.75, -7536.0)
(60, 7.772443771362305, -14894.75, -7536.0)
(61, 7.9707159996032715, -7536.0, -7536.0)
(62, 8.098182439804077, -7536.0, -7536.0)
