(1, 0.01279759407043457, -86640.0, -12077.0)
(2, 0.027031660079956055, -55297.77609926125, -12077.0)
(3, 0.041791677474975586, -39695.12930440431, -12077.0)
(4, 0.05692577362060547, -26464.53053344154, -12077.0)
(5, 0.07319927215576172, -24646.233293461843, -12077.0)
(6, 0.08957672119140625, -21069.828446648706, -16129.0)
(7, 0.10837221145629883, -18564.271139874087, -16140.625)
(8, 0.1294548511505127, -17471.20211801047, -16274.0)
(9, 0.1514892578125, -16846.629585721577, -16274.0)
(10, 0.1748030185699463, -16484.923804575683, -16274.0)
(11, 0.20009589195251465, -16468.3497434289, -16274.0)
(12, 0.22628998756408691, -16332.304923028658, -16274.0)
(13, 0.25224804878234863, -16298.726824109432, -16273.999999999998)
(14, 0.278749942779541, -16290.180448805115, -16273.999999999996)
(15, 0.30716896057128906, -16278.854134641351, -16273.999999999996)
(16, 0.3348519802093506, -16275.456240392405, -16274.0)
(17, 0.362363338470459, -16274.436872117094, -16274.000000000005)
(18, 0.39048242568969727, -16274.13106163513, -16274.0)
(19, 0.41880011558532715, -16274.039318490068, -16273.999999999996)
(20, 0.4470188617706299, -16274.008016769778, -16274.000000000005)
(21, 0.47457361221313477, -16274.001674734345, -16274.0)
