(1, 0.19273638725280762, -710045.0, -70003.0)
(2, 0.35478854179382324, -412406.4203895259, -70003.0)
(3, 0.5021958351135254, -377263.82770744566, -70003.0)
(4, 0.6602523326873779, -346025.88604484755, -70003.0)
(5, 0.8153140544891357, -318709.64835225407, -70003.0)
(6, 0.9616773128509521, -293583.9984034529, -70003.0)
(7, 1.114804744720459, -247579.74135720983, -70003.0)
(8, 1.253476858139038, -205786.85521265643, -70003.0)
(9, 1.3969948291778564, -178235.6616913374, -70003.0)
(10, 1.5513050556182861, -178235.6616913374, -70003.0)
(11, 1.8509511947631836, -178235.6616913374, -93427.15704330517)
(12, 2.186267852783203, -149761.24145309138, -93506.35715405576)
(13, 2.624570608139038, -117403.09432621083, -93516.26627895627)
(14, 3.056047201156616, -115696.3246248674, -93546.09225890526)
(15, 3.548809051513672, -107105.66051608726, -93818.51973557922)
(16, 4.031324148178101, -107105.66051608726, -93947.0076108667)
(17, 4.56319260597229, -103669.4988084648, -94169.16906266556)
(18, 5.190508842468262, -103669.4988084648, -94355.21551153029)
(19, 5.842663526535034, -100413.63429343546, -94435.631920008)
(20, 6.51085901260376, -100413.63429343546, -94567.10518976832)
(21, 7.280674695968628, -98358.94007466691, -94763.61269911772)
(22, 8.11100459098816, -98358.94007466691, -94852.70064882004)
(23, 8.988795280456543, -97872.76435342962, -94976.97694802913)
(24, 9.955193758010864, -97506.62025981903, -95055.90960982477)
(25, 10.96570611000061, -97036.99385312373, -95072.92655878214)
(26, 12.166868925094604, -96344.93873863103, -95122.48472066391)
(27, 13.411924123764038, -96344.93873863103, -95158.3483141868)
(28, 14.795154809951782, -95975.1415366368, -95199.43128143236)
(29, 16.19400429725647, -95975.1415366368, -95221.066741915)
(30, 17.80363965034485, -95813.50031622265, -95255.54230267912)
(31, 19.93188738822937, -95813.50031622265, -95274.19609792202)
(32, 22.2214515209198, -95584.71814197175, -95299.56915420775)
(33, 25.142365217208862, -95533.91622771042, -95311.92694475478)
(34, 27.259962797164917, -95384.43570309777, -95320.37262207472)
(35, 29.654999494552612, -95378.1459433639, -95324.0845509925)
(36, 32.192217111587524, -95352.20267415106, -95327.83300687178)
(37, 34.67225527763367, -95335.58859444362, -95328.46827458432)
(38, 37.29769778251648, -95335.58859444362, -95328.67280006569)
