(1, 0.0734407901763916, -357946.0, -20717.0)
(2, 0.1585853099822998, -189463.99425439644, -20717.0)
(3, 0.22749543190002441, -124946.02119420402, -20717.0)
(4, 0.3399026393890381, -75903.77491313392, -20717.0)
(5, 0.460787296295166, -47948.90699598784, -20717.0)
(6, 0.6082303524017334, -40147.54748281501, -20717.0)
(7, 0.7750520706176758, -39442.95089425059, -20717.0)
(8, 0.950075626373291, -33294.80368273071, -29196.858552631573)
(9, 1.1472737789154053, -30791.82287569002, -29229.87731811697)
(10, 1.3606796264648438, -29967.17959655088, -29277.75)
(11, 1.5897371768951416, -29518.352858881262, -29290.329055010432)
(12, 1.8130652904510498, -29416.012980149426, -29292.680417812193)
(13, 2.0328471660614014, -29335.159714940673, -29300.50831556504)
(14, 2.2532167434692383, -29311.605683470265, -29301.511098555176)
(15, 2.4752440452575684, -29311.605683470265, -29301.511098555173)
(16, 2.723065137863159, -29305.571915003406, -29302.98601426386)
(17, 2.957926034927368, -29303.86460811293, -29303.13290515983)
(18, 3.18852162361145, -29303.86460811293, -29303.132905159833)
(19, 3.427464723587036, -29303.582579011905, -29303.461709401716)
(20, 3.6629559993743896, -29303.497970283992, -29303.46170940171)
(21, 3.8868768215179443, -29303.472587666005, -29303.46170940172)
(22, 4.116964817047119, -29303.464972880643, -29303.461709401705)
