(1, 0.04811525344848633, -233823.0, -24154.0)
(2, 0.09999990463256836, -131551.9983278134, -24154.0)
(3, 0.14745187759399414, -106707.20707854955, -24154.0)
(4, 0.22104191780090332, -84006.96829923285, -24154.0)
(5, 0.29986095428466797, -65201.54451562012, -24154.0)
(6, 0.38001251220703125, -50171.70342649415, -24154.0)
(7, 0.4570620059967041, -45550.73464234405, -24154.0)
(8, 0.5575065612792969, -38387.440748928784, -31231.899224806206)
(9, 0.675206184387207, -34406.843203619115, -31403.09444444444)
(10, 0.7958729267120361, -33129.4270991194, -31517.221430993563)
(11, 0.9359450340270996, -32226.65046690344, -31557.655172413783)
(12, 1.081470012664795, -32112.40465294399, -31657.123523690425)
(13, 1.2274653911590576, -31808.46274341223, -31671.11923688394)
(14, 1.3765053749084473, -31732.620066255065, -31673.818181818177)
(15, 1.52848482131958, -31728.54456633365, -31684.44629629629)
(16, 1.6886107921600342, -31700.302457846992, -31688.1986970684)
(17, 1.8520891666412354, -31696.851037387325, -31688.19869706842)
(18, 2.015397787094116, -31691.046812488366, -31688.559287531807)
(19, 2.170447587966919, -31689.305545018768, -31688.559287531807)
(20, 2.339590072631836, -31688.78316477798, -31688.559287531807)
(21, 2.505427122116089, -31688.626450705386, -31688.559287531807)
(22, 2.662480592727661, -31688.5794364838, -31688.5592875318)
(23, 2.825601577758789, -31688.56533221735, -31688.55928753181)
