(1, 0.053322553634643555, -626382.0, -40871.0)
(2, 0.10422658920288086, -626382.0, -40871.0)
(3, 0.15503454208374023, -626382.0, -40871.0)
(4, 0.20594143867492676, -626382.0, -40871.0)
(5, 0.2559170722961426, -626382.0, -40871.0)
(6, 0.3047518730163574, -626382.0, -40871.0)
(7, 0.3539900779724121, -626382.0, -40871.0)
(8, 0.4029872417449951, -626382.0, -40871.0)
(9, 0.45200228691101074, -626382.0, -40871.0)
(10, 0.5024781227111816, -626382.0, -40871.0)
(11, 0.5528898239135742, -626382.0, -40871.0)
(12, 0.6025748252868652, -626382.0, -40871.0)
(13, 0.6518373489379883, -626382.0, -40871.0)
(14, 0.7011895179748535, -626382.0, -40871.0)
(15, 0.7507917881011963, -626382.0, -40871.0)
(16, 0.8001129627227783, -626382.0, -40871.0)
(17, 0.8508141040802002, -626382.0, -40871.0)
(18, 0.9012377262115479, -626382.0, -40871.0)
(19, 0.95052170753479, -626382.0, -40871.0)
(20, 1.000321626663208, -626382.0, -40871.0)
(21, 1.0493590831756592, -626382.0, -40871.0)
(22, 1.0991997718811035, -626382.0, -40871.0)
(23, 1.1495766639709473, -626382.0, -40871.0)
(24, 1.2002639770507812, -626382.0, -40871.0)
(25, 1.2498204708099365, -626382.0, -40871.0)
(26, 1.3000667095184326, -626382.0, -40871.0)
(27, 1.3516998291015625, -626382.0, -40871.0)
(28, 1.4028987884521484, -626382.0, -40871.0)
(29, 1.4531488418579102, -626382.0, -40871.0)
(30, 1.504321575164795, -626382.0, -40871.0)
(31, 1.5552663803100586, -626382.0, -40871.0)
(32, 1.6059021949768066, -626382.0, -40871.0)
(33, 1.6567604541778564, -626382.0, -40871.0)
(34, 1.707545518875122, -626382.0, -40871.0)
(35, 1.7578778266906738, -626382.0, -40871.0)
(36, 1.808896780014038, -626382.0, -40871.0)
(37, 1.85970139503479, -626382.0, -40871.0)
(38, 1.9110233783721924, -626382.0, -40871.0)
(39, 1.9622602462768555, -626382.0, -40871.0)
(40, 2.0136635303497314, -626382.0, -40871.0)
(41, 2.0645480155944824, -626382.0, -40871.0)
(42, 2.1156866550445557, -626382.0, -40871.0)
(43, 2.1665780544281006, -626382.0, -40871.0)
(44, 2.2181925773620605, -626382.0, -40871.0)
(45, 2.27072811126709, -626382.0, -40871.0)
(46, 2.322568416595459, -626382.0, -40871.0)
(47, 2.3742988109588623, -626382.0, -40871.0)
(48, 2.427067518234253, -626382.0, -40871.0)
(49, 2.479051113128662, -626382.0, -40871.0)
(50, 2.532559871673584, -626382.0, -40871.0)
(51, 2.5849380493164062, -626382.0, -40871.0)
(52, 2.6367859840393066, -626382.0, -40871.0)
(53, 2.689018726348877, -626382.0, -40871.0)
(54, 2.7414042949676514, -626382.0, -40871.0)
(55, 2.7933883666992188, -626382.0, -40871.0)
(56, 2.8454208374023438, -626382.0, -40871.0)
(57, 2.898548126220703, -626382.0, -40871.0)
(58, 2.951267719268799, -626382.0, -40871.0)
(59, 3.003288984298706, -626382.0, -40871.0)
(60, 3.0560333728790283, -626382.0, -40871.0)
(61, 3.1095845699310303, -626382.0, -40871.0)
(62, 3.1626312732696533, -626382.0, -40871.0)
(63, 3.2149696350097656, -626382.0, -40871.0)
(64, 3.267507791519165, -626382.0, -40871.0)
(65, 3.32008695602417, -626382.0, -40871.0)
(66, 3.372389554977417, -626382.0, -40871.0)
(67, 3.4251577854156494, -626382.0, -40871.0)
(68, 3.490769147872925, -626382.0, -40871.0)
(69, 3.5441646575927734, -626382.0, -40871.0)
(70, 3.597186326980591, -626382.0, -40871.0)
(71, 3.6501452922821045, -626382.0, -40871.0)
(72, 3.704702854156494, -626382.0, -40871.0)
(73, 3.7577195167541504, -626382.0, -40871.0)
(74, 3.810349225997925, -626382.0, -40871.0)
(75, 3.863173484802246, -626382.0, -40871.0)
(76, 3.916386127471924, -626382.0, -40871.0)
(77, 3.969430685043335, -626382.0, -40871.0)
(78, 4.022933721542358, -626382.0, -40871.0)
(79, 4.076054811477661, -626382.0, -40871.0)
(80, 4.129255294799805, -626382.0, -40871.0)
(81, 4.183149576187134, -626382.0, -40871.0)
(82, 4.238101005554199, -626382.0, -40871.0)
(83, 4.291720867156982, -626382.0, -40871.0)
(84, 4.347352504730225, -626382.0, -40871.0)
(85, 4.400947570800781, -626382.0, -40871.0)
(86, 4.455194711685181, -626382.0, -40871.0)
(87, 4.509823799133301, -626382.0, -40871.0)
(88, 4.563496828079224, -626382.0, -40871.0)
(89, 4.617431879043579, -626382.0, -40871.0)
(90, 4.671766757965088, -626382.0, -40871.0)
(91, 4.725455045700073, -626382.0, -40871.0)
(92, 4.780594825744629, -626382.0, -40871.0)
(93, 4.834389686584473, -626382.0, -40871.0)
(94, 4.888312816619873, -626382.0, -40871.0)
(95, 4.943500995635986, -626382.0, -40871.0)
(96, 4.997588396072388, -626382.0, -40871.0)
(97, 5.052365303039551, -626382.0, -40871.0)
(98, 5.107388496398926, -626382.0, -40871.0)
(99, 5.162169933319092, -626382.0, -40871.0)
(100, 5.216722249984741, -626382.0, -40871.0)
(101, 5.270968437194824, -626382.0, -40871.0)
(102, 5.327624320983887, -626382.0, -40871.0)
(103, 5.383229970932007, -626382.0, -40871.0)
(104, 5.43843674659729, -626382.0, -40871.0)
(105, 5.493693113327026, -626382.0, -40871.0)
(106, 5.5502049922943115, -626382.0, -40871.0)
(107, 5.606116533279419, -626382.0, -40871.0)
(108, 5.6621010303497314, -626382.0, -40871.0)
(109, 5.71859335899353, -626382.0, -40871.0)
(110, 5.773624658584595, -626382.0, -40871.0)
(111, 5.830336570739746, -626382.0, -40871.0)
(112, 5.886070489883423, -626382.0, -40871.0)
(113, 5.943052291870117, -626382.0, -40871.0)
(114, 6.001022100448608, -626382.0, -40871.0)
(115, 6.058457374572754, -626382.0, -40871.0)
(116, 6.114559888839722, -626382.0, -40871.0)
(117, 6.171824216842651, -626382.0, -40871.0)
(118, 6.22899866104126, -626382.0, -40871.0)
(119, 6.28668737411499, -626382.0, -40871.0)
(120, 6.344045400619507, -626382.0, -40871.0)
(121, 6.401981830596924, -626382.0, -40871.0)
(122, 6.459686517715454, -626382.0, -40871.0)
(123, 6.51792573928833, -626382.0, -40871.0)
(124, 6.575623989105225, -626382.0, -40871.0)
(125, 6.632139205932617, -626382.0, -40871.0)
(126, 6.689756631851196, -626382.0, -40871.0)
(127, 6.746326208114624, -626382.0, -40871.0)
(128, 6.803609848022461, -626382.0, -40871.0)
(129, 6.860329627990723, -626382.0, -40871.0)
(130, 6.917232275009155, -626382.0, -40871.0)
(131, 6.97456431388855, -626382.0, -40871.0)
(132, 7.031985282897949, -626382.0, -40871.0)
(133, 7.089490175247192, -626382.0, -40871.0)
(134, 7.147571325302124, -626382.0, -40871.0)
(135, 7.205588340759277, -626382.0, -40871.0)
(136, 7.262980937957764, -626382.0, -40871.0)
(137, 7.321439981460571, -626382.0, -40871.0)
(138, 7.379022836685181, -626382.0, -40871.0)
(139, 7.437564134597778, -626382.0, -40871.0)
(140, 7.49531102180481, -626382.0, -40871.0)
(141, 7.5535571575164795, -626382.0, -40871.0)
(142, 7.6115686893463135, -626382.0, -40871.0)
(143, 7.669439792633057, -626382.0, -40871.0)
(144, 7.727445125579834, -626382.0, -40871.0)
(145, 7.786417007446289, -626382.0, -40871.0)
(146, 7.845431089401245, -626382.0, -40871.0)
(147, 7.905592203140259, -626382.0, -40871.0)
(148, 7.965606451034546, -626382.0, -40871.0)
(149, 8.02394437789917, -626382.0, -40871.0)
(150, 8.083103895187378, -626382.0, -40871.0)
(151, 8.142158508300781, -626382.0, -40871.0)
(152, 8.201313018798828, -626382.0, -40871.0)
(153, 8.260374784469604, -626382.0, -40871.0)
(154, 8.319872379302979, -626382.0, -40871.0)
(155, 8.379152536392212, -626382.0, -40871.0)
(156, 8.439313650131226, -626382.0, -40871.0)
(157, 8.498785972595215, -626382.0, -40871.0)
(158, 8.557933568954468, -626382.0, -40871.0)
(159, 8.616743564605713, -626382.0, -40871.0)
(160, 8.675826072692871, -626382.0, -40871.0)
(161, 8.735756874084473, -626382.0, -40871.0)
(162, 8.796244859695435, -626382.0, -40871.0)
(163, 8.85574197769165, -626382.0, -40871.0)
(164, 8.914727687835693, -626382.0, -40871.0)
(165, 8.974616765975952, -626382.0, -40871.0)
(166, 9.034128904342651, -626382.0, -40871.0)
(167, 9.09363079071045, -626382.0, -40871.0)
(168, 9.153387069702148, -626382.0, -40871.0)
(169, 9.212966442108154, -626382.0, -40871.0)
(170, 9.272586584091187, -626382.0, -40871.0)
(171, 9.332550048828125, -626382.0, -40871.0)
(172, 9.395489931106567, -626382.0, -40871.0)
(173, 9.458784341812134, -626382.0, -40871.0)
(174, 9.520549058914185, -626382.0, -40871.0)
(175, 9.58259654045105, -626382.0, -40871.0)
(176, 9.644914627075195, -626382.0, -40871.0)
(177, 9.70663046836853, -626382.0, -40871.0)
(178, 9.76675033569336, -626382.0, -40871.0)
(179, 9.826483488082886, -626382.0, -40871.0)
(180, 9.88836669921875, -626382.0, -40871.0)
(181, 9.950136423110962, -626382.0, -40871.0)
(182, 10.011897325515747, -626382.0, -40871.0)
(183, 10.072357416152954, -626382.0, -40871.0)
(184, 10.134439706802368, -626382.0, -40871.0)
(185, 10.196996927261353, -626382.0, -40871.0)
(186, 10.2585928440094, -626382.0, -40871.0)
(187, 10.32323408126831, -626382.0, -40871.0)
(188, 10.3869309425354, -626382.0, -40871.0)
(189, 10.44857907295227, -626382.0, -40871.0)
(190, 10.509578466415405, -626382.0, -40871.0)
(191, 10.570531606674194, -626382.0, -40871.0)
(192, 10.632203817367554, -626382.0, -40871.0)
(193, 10.696656942367554, -626382.0, -40871.0)
(194, 10.760727405548096, -626382.0, -40871.0)
(195, 10.823309183120728, -626382.0, -40871.0)
(196, 10.887234449386597, -626382.0, -40871.0)
(197, 10.950166940689087, -626382.0, -40871.0)
(198, 11.03324294090271, -626382.0, -40871.0)
(199, 11.102474212646484, -626382.0, -40871.0)
(200, 11.166983842849731, -626382.0, -40871.0)
(201, 11.231586694717407, -626382.0, -40871.0)
(202, 11.296300888061523, -626382.0, -40871.0)
(203, 11.360539674758911, -626382.0, -40871.0)
(204, 11.424925327301025, -626382.0, -40871.0)
(205, 11.4897141456604, -626382.0, -40871.0)
(206, 11.553224802017212, -626382.0, -40871.0)
(207, 11.618616580963135, -626382.0, -40871.0)
(208, 11.683564901351929, -626382.0, -40871.0)
(209, 11.74712586402893, -626382.0, -40871.0)
(210, 11.811118602752686, -626382.0, -40871.0)
(211, 11.875405311584473, -626382.0, -40871.0)
(212, 11.939337015151978, -626382.0, -40871.0)
(213, 12.004379510879517, -626382.0, -40871.0)
(214, 12.068025588989258, -626382.0, -40871.0)
(215, 12.133030414581299, -626382.0, -40871.0)
(216, 12.199698686599731, -626382.0, -40871.0)
(217, 12.26421570777893, -626382.0, -40871.0)
(218, 12.329229593276978, -626382.0, -40871.0)
(219, 12.394445180892944, -626382.0, -40871.0)
(220, 12.460662126541138, -626382.0, -40871.0)
(221, 12.52538275718689, -626382.0, -40871.0)
(222, 12.5916006565094, -626382.0, -40871.0)
(223, 12.656482458114624, -626382.0, -40871.0)
(224, 12.721543312072754, -626382.0, -40871.0)
(225, 12.785738468170166, -626382.0, -40871.0)
(226, 12.851784229278564, -626382.0, -40871.0)
(227, 12.91694164276123, -626382.0, -40871.0)
(228, 12.983630180358887, -626382.0, -40871.0)
(229, 13.048776626586914, -626382.0, -40871.0)
(230, 13.115738868713379, -626382.0, -40871.0)
(231, 13.181832551956177, -626382.0, -40871.0)
(232, 13.247005939483643, -626382.0, -40871.0)
(233, 13.312619924545288, -626382.0, -40871.0)
(234, 13.37769627571106, -626382.0, -40871.0)
(235, 13.445974588394165, -626382.0, -40871.0)
(236, 13.512270450592041, -626382.0, -40871.0)
(237, 13.581879377365112, -626382.0, -40871.0)
(238, 13.65111255645752, -626382.0, -40871.0)
(239, 13.717666387557983, -626382.0, -40871.0)
(240, 13.785628318786621, -626382.0, -40871.0)
(241, 13.85322880744934, -626382.0, -40871.0)
(242, 13.920854806900024, -626382.0, -40871.0)
(243, 13.989263772964478, -626382.0, -40871.0)
(244, 14.057113409042358, -626382.0, -40871.0)
(245, 14.126068830490112, -626382.0, -40871.0)
(246, 14.196296691894531, -626382.0, -40871.0)
(247, 14.264708757400513, -626382.0, -40871.0)
(248, 14.33255672454834, -626382.0, -40871.0)
(249, 14.402320861816406, -626382.0, -40871.0)
(250, 14.472968339920044, -626382.0, -40871.0)
(251, 14.542426586151123, -626382.0, -40871.0)
(252, 14.613666534423828, -626382.0, -40871.0)
(253, 14.682623863220215, -626382.0, -40871.0)
(254, 14.752997636795044, -626382.0, -40871.0)
(255, 14.823773860931396, -626382.0, -40871.0)
(256, 14.893951654434204, -626382.0, -40871.0)
(257, 14.965762615203857, -626382.0, -40871.0)
(258, 15.036268949508667, -626382.0, -40871.0)
(259, 15.107436895370483, -626382.0, -40871.0)
(260, 15.181102514266968, -626382.0, -40871.0)
(261, 15.250489234924316, -626382.0, -40871.0)
(262, 15.326136589050293, -626382.0, -40871.0)
(263, 15.397323608398438, -626382.0, -40871.0)
(264, 15.46769642829895, -626382.0, -40871.0)
(265, 15.54150915145874, -626382.0, -40871.0)
(266, 15.613616704940796, -626382.0, -40871.0)
(267, 15.685342788696289, -626382.0, -40871.0)
(268, 15.757064819335938, -626382.0, -40871.0)
(269, 15.828226089477539, -626382.0, -40871.0)
(270, 15.900282144546509, -626382.0, -40871.0)
(271, 15.973947048187256, -626382.0, -40871.0)
(272, 16.04761815071106, -626382.0, -40871.0)
(273, 16.12125039100647, -626382.0, -40871.0)
(274, 16.196135759353638, -626382.0, -40871.0)
(275, 16.26997685432434, -626382.0, -40871.0)
(276, 16.344122886657715, -626382.0, -40871.0)
(277, 16.41963291168213, -626382.0, -40871.0)
(278, 16.49148988723755, -626382.0, -40871.0)
(279, 16.56432008743286, -626382.0, -40871.0)
(280, 16.64066243171692, -626382.0, -40871.0)
(281, 16.715661764144897, -626382.0, -40871.0)
(282, 16.78960108757019, -626382.0, -40871.0)
(283, 16.86529803276062, -626382.0, -40871.0)
(284, 16.938605785369873, -626382.0, -40871.0)
(285, 17.01246476173401, -626382.0, -40871.0)
(286, 17.08769655227661, -626382.0, -40871.0)
(287, 17.1624813079834, -626382.0, -40871.0)
(288, 17.238869428634644, -626382.0, -40871.0)
(289, 17.313297033309937, -626382.0, -40871.0)
(290, 17.38861846923828, -626382.0, -40871.0)
(291, 17.4631130695343, -626382.0, -40871.0)
(292, 17.53707480430603, -626382.0, -40871.0)
(293, 17.611827611923218, -626382.0, -40871.0)
(294, 17.688160181045532, -626382.0, -40871.0)
(295, 17.764427661895752, -626382.0, -40871.0)
(296, 17.83820867538452, -626382.0, -40871.0)
(297, 17.91533064842224, -626382.0, -40871.0)
(298, 17.993189096450806, -626382.0, -40871.0)
(299, 18.072213172912598, -626382.0, -40871.0)
(300, 18.149784088134766, -626382.0, -40871.0)
(301, 18.225658416748047, -626382.0, -40871.0)
(302, 18.305918216705322, -626382.0, -40871.0)
(303, 18.38440465927124, -626382.0, -40871.0)
(304, 18.462371349334717, -626382.0, -40871.0)
(305, 18.538785696029663, -626382.0, -40871.0)
(306, 18.617312908172607, -626382.0, -40871.0)
(307, 18.69595241546631, -626382.0, -40871.0)
(308, 18.77419900894165, -626382.0, -40871.0)
(309, 18.852652549743652, -626382.0, -40871.0)
(310, 18.93079662322998, -626382.0, -40871.0)
(311, 19.0097553730011, -626382.0, -40871.0)
(312, 19.090984582901, -626382.0, -40871.0)
(313, 19.1706759929657, -626382.0, -40871.0)
(314, 19.25340485572815, -626382.0, -40871.0)
(315, 19.337158679962158, -626382.0, -40871.0)
(316, 19.417237043380737, -626382.0, -40871.0)
(317, 19.49870276451111, -626382.0, -40871.0)
(318, 19.57876229286194, -626382.0, -40871.0)
(319, 19.6593918800354, -626382.0, -40871.0)
(320, 19.73986291885376, -626382.0, -40871.0)
(321, 19.819608211517334, -626382.0, -40871.0)
(322, 19.900919437408447, -626382.0, -40871.0)
(323, 19.98173499107361, -626382.0, -40871.0)
(324, 20.064857721328735, -626382.0, -40871.0)
(325, 20.145446062088013, -626382.0, -40871.0)
(326, 20.22887682914734, -626382.0, -40871.0)
(327, 20.311481952667236, -626382.0, -40871.0)
(328, 20.39477515220642, -626382.0, -40871.0)
(329, 20.477980613708496, -626382.0, -40871.0)
(330, 20.559456825256348, -626382.0, -40871.0)
(331, 20.641438245773315, -626382.0, -40871.0)
(332, 20.724682331085205, -626382.0, -40871.0)
(333, 20.804729223251343, -626382.0, -40871.0)
(334, 20.886122226715088, -626382.0, -40871.0)
(335, 20.968639373779297, -626382.0, -40871.0)
(336, 21.05090355873108, -626382.0, -40871.0)
(337, 21.133190393447876, -626382.0, -40871.0)
(338, 21.215155363082886, -626382.0, -40871.0)
(339, 21.299436330795288, -626382.0, -40871.0)
(340, 21.383796453475952, -626382.0, -40871.0)
(341, 21.4658043384552, -626382.0, -40871.0)
(342, 21.55022954940796, -626382.0, -40871.0)
(343, 21.633427619934082, -626382.0, -40871.0)
(344, 21.7154803276062, -626382.0, -40871.0)
(345, 21.7993483543396, -626382.0, -40871.0)
(346, 21.8837730884552, -626382.0, -40871.0)
(347, 21.966248273849487, -626382.0, -40871.0)
(348, 22.051971435546875, -626382.0, -40871.0)
(349, 22.13581156730652, -626382.0, -40871.0)
(350, 22.21883511543274, -626382.0, -40871.0)
(351, 22.304855585098267, -626382.0, -40871.0)
(352, 22.390604257583618, -626382.0, -40871.0)
(353, 22.47409725189209, -626382.0, -40871.0)
(354, 22.558592319488525, -626382.0, -40871.0)
(355, 22.64355731010437, -626382.0, -40871.0)
(356, 22.728525400161743, -626382.0, -40871.0)
(357, 22.814154148101807, -626382.0, -40871.0)
(358, 22.899980306625366, -626382.0, -40871.0)
(359, 22.98790717124939, -626382.0, -40871.0)
(360, 23.07378602027893, -626382.0, -40871.0)
(361, 23.16045641899109, -626382.0, -40871.0)
(362, 23.2453396320343, -626382.0, -40871.0)
(363, 23.331806898117065, -626382.0, -40871.0)
(364, 23.419511318206787, -626382.0, -40871.0)
(365, 23.50659966468811, -626382.0, -40871.0)
(366, 23.59306025505066, -626382.0, -40871.0)
(367, 23.681578874588013, -626382.0, -40871.0)
(368, 23.77186107635498, -626382.0, -40871.0)
(369, 23.860288619995117, -626382.0, -40871.0)
(370, 23.947026252746582, -626382.0, -40871.0)
(371, 24.034565448760986, -626382.0, -40871.0)
(372, 24.125391960144043, -626382.0, -40871.0)
(373, 24.217342853546143, -626382.0, -40871.0)
(374, 24.30716609954834, -626382.0, -40871.0)
(375, 24.400446891784668, -626382.0, -40871.0)
(376, 24.491265773773193, -626382.0, -40871.0)
(377, 24.581003665924072, -626382.0, -40871.0)
(378, 24.671737670898438, -626382.0, -40871.0)
(379, 24.759835720062256, -626382.0, -40871.0)
(380, 24.854625940322876, -626382.0, -40871.0)
(381, 24.94501519203186, -626382.0, -40871.0)
(382, 25.033777952194214, -626382.0, -40871.0)
(383, 25.127618312835693, -626382.0, -40871.0)
(384, 25.221230506896973, -626382.0, -40871.0)
(385, 25.312077283859253, -626382.0, -40871.0)
(386, 25.403881549835205, -626382.0, -40871.0)
(387, 25.498310804367065, -626382.0, -40871.0)
(388, 25.588212966918945, -626382.0, -40871.0)
(389, 25.680911779403687, -626382.0, -40871.0)
(390, 25.77348518371582, -626382.0, -40871.0)
(391, 25.86882519721985, -626382.0, -40871.0)
(392, 25.959683179855347, -626382.0, -40871.0)
(393, 26.05130624771118, -626382.0, -40871.0)
(394, 26.14349126815796, -626382.0, -40871.0)
(395, 26.235058784484863, -626382.0, -40871.0)
(396, 26.32724618911743, -626382.0, -40871.0)
(397, 26.417463541030884, -626382.0, -40871.0)
(398, 26.51119351387024, -626382.0, -40871.0)
(399, 26.608911514282227, -626382.0, -40871.0)
(400, 26.701454877853394, -626382.0, -40871.0)
(401, 26.794630765914917, -626382.0, -40871.0)
(402, 26.88769221305847, -626382.0, -40871.0)
(403, 26.981218338012695, -626382.0, -40871.0)
(404, 27.07546353340149, -626382.0, -40871.0)
(405, 27.1695077419281, -626382.0, -40871.0)
(406, 27.26315474510193, -626382.0, -40871.0)
(407, 27.35637331008911, -626382.0, -40871.0)
(408, 27.452392578125, -626382.0, -40871.0)
(409, 27.548808097839355, -626382.0, -40871.0)
(410, 27.644240140914917, -626382.0, -40871.0)
(411, 27.744466304779053, -626382.0, -40871.0)
(412, 27.84367299079895, -626382.0, -40871.0)
(413, 27.941924571990967, -626382.0, -40871.0)
(414, 28.04006314277649, -626382.0, -40871.0)
(415, 28.136695384979248, -626382.0, -40871.0)
(416, 28.23157572746277, -626382.0, -40871.0)
(417, 28.326833248138428, -626382.0, -40871.0)
(418, 28.423386812210083, -626382.0, -40871.0)
(419, 28.52257776260376, -626382.0, -40871.0)
(420, 28.61852502822876, -626382.0, -40871.0)
(421, 28.71532368659973, -626382.0, -40871.0)
(422, 28.811089992523193, -626382.0, -40871.0)
(423, 28.906691312789917, -626382.0, -40871.0)
(424, 29.002772569656372, -626382.0, -40871.0)
(425, 29.099417686462402, -626382.0, -40871.0)
(426, 29.199315547943115, -626382.0, -40871.0)
(427, 29.295037508010864, -626382.0, -40871.0)
(428, 29.391560316085815, -626382.0, -40871.0)
(429, 29.48877477645874, -626382.0, -40871.0)
(430, 29.5868501663208, -626382.0, -40871.0)
(431, 29.684541940689087, -626382.0, -40871.0)
(432, 29.781010150909424, -626382.0, -40871.0)
(433, 29.87917995452881, -626382.0, -40871.0)
(434, 29.976802349090576, -626382.0, -40871.0)
(435, 30.074277639389038, -626382.0, -40871.0)
(436, 30.172303676605225, -626382.0, -40871.0)
(437, 30.26957678794861, -626382.0, -40871.0)
(438, 30.370105504989624, -626382.0, -40871.0)
(439, 30.466505765914917, -626382.0, -40871.0)
(440, 30.565419912338257, -626382.0, -40871.0)
(441, 30.66432762145996, -626382.0, -40871.0)
(442, 30.76301097869873, -626382.0, -40871.0)
(443, 30.860803842544556, -626382.0, -40871.0)
(444, 30.96042799949646, -626382.0, -40871.0)
(445, 31.060155153274536, -626382.0, -40871.0)
(446, 31.157706260681152, -626382.0, -40871.0)
(447, 31.25900173187256, -626382.0, -40871.0)
(448, 31.359444856643677, -626382.0, -40871.0)
(449, 31.45957112312317, -626382.0, -40871.0)
(450, 31.560959339141846, -626382.0, -40871.0)
(451, 31.663113832473755, -626382.0, -40871.0)
(452, 31.765706539154053, -626382.0, -40871.0)
(453, 31.867119550704956, -626382.0, -40871.0)
(454, 31.967488288879395, -626382.0, -40871.0)
(455, 32.06989550590515, -626382.0, -40871.0)
(456, 32.17330813407898, -626382.0, -40871.0)
(457, 32.27551531791687, -626382.0, -40871.0)
(458, 32.375020027160645, -626382.0, -40871.0)
(459, 32.47591209411621, -626382.0, -40871.0)
(460, 32.57944631576538, -626382.0, -40871.0)
(461, 32.681172609329224, -626382.0, -40871.0)
(462, 32.782917737960815, -626382.0, -40871.0)
(463, 32.88218116760254, -626382.0, -40871.0)
(464, 32.98407697677612, -626382.0, -40871.0)
(465, 33.08551335334778, -626382.0, -40871.0)
(466, 33.188032150268555, -626382.0, -40871.0)
(467, 33.290000438690186, -626382.0, -40871.0)
(468, 33.391191720962524, -626382.0, -40871.0)
(469, 33.49187660217285, -626382.0, -40871.0)
(470, 33.596569776535034, -626382.0, -40871.0)
(471, 33.69879865646362, -626382.0, -40871.0)
(472, 33.8067262172699, -626382.0, -40871.0)
(473, 33.913225412368774, -626382.0, -40871.0)
(474, 34.015658140182495, -626382.0, -40871.0)
(475, 34.11985945701599, -626382.0, -40871.0)
(476, 34.223750591278076, -626382.0, -40871.0)
(477, 34.330219745635986, -626382.0, -40871.0)
(478, 34.437660694122314, -626382.0, -40871.0)
(479, 34.542762756347656, -626382.0, -40871.0)
(480, 34.647753953933716, -626382.0, -40871.0)
(481, 34.752843618392944, -626382.0, -40871.0)
(482, 34.858277559280396, -626382.0, -40871.0)
(483, 34.967205286026, -626382.0, -40871.0)
(484, 35.074403047561646, -626382.0, -40871.0)
(485, 35.181424379348755, -626382.0, -40871.0)
(486, 35.28965973854065, -626382.0, -40871.0)
(487, 35.3984797000885, -626382.0, -40871.0)
(488, 35.50685453414917, -626382.0, -40871.0)
(489, 35.61178398132324, -626382.0, -40871.0)
(490, 35.717931032180786, -626382.0, -40871.0)
(491, 35.8259654045105, -626382.0, -40871.0)
(492, 35.93688988685608, -626382.0, -40871.0)
(493, 36.04573059082031, -626382.0, -40871.0)
(494, 36.15662980079651, -626382.0, -40871.0)
(495, 36.26265001296997, -626382.0, -40871.0)
(496, 36.369898557662964, -626382.0, -40871.0)
(497, 36.47789001464844, -626382.0, -40871.0)
(498, 36.588257789611816, -626382.0, -40871.0)
(499, 36.69494581222534, -626382.0, -40871.0)
(500, 36.805224895477295, -626382.0, -40871.0)
(501, 36.91269779205322, -626382.0, -40871.0)
(502, 37.02144169807434, -626382.0, -40871.0)
(503, 37.13092803955078, -626382.0, -40871.0)
(504, 37.24570631980896, -626382.0, -40871.0)
(505, 37.360435485839844, -626382.0, -40871.0)
(506, 37.47140669822693, -626382.0, -40871.0)
(507, 37.584604263305664, -626382.0, -40871.0)
(508, 37.69816279411316, -626382.0, -40871.0)
(509, 37.807761669158936, -626382.0, -40871.0)
(510, 37.91713261604309, -626382.0, -40871.0)
(511, 38.02749991416931, -626382.0, -40871.0)
(512, 38.133617639541626, -626382.0, -40871.0)
(513, 38.24293613433838, -626382.0, -40871.0)
(514, 38.35126519203186, -626382.0, -40871.0)
(515, 38.4603157043457, -626382.0, -40871.0)
(516, 38.569907903671265, -626382.0, -40871.0)
(517, 38.68051338195801, -626382.0, -40871.0)
(518, 38.79276132583618, -626382.0, -40871.0)
(519, 38.90122127532959, -626382.0, -40871.0)
(520, 39.01035237312317, -626382.0, -40871.0)
(521, 39.11957263946533, -626382.0, -40871.0)
(522, 39.228036642074585, -626382.0, -40871.0)
(523, 39.34260082244873, -626382.0, -40871.0)
(524, 39.451701164245605, -626382.0, -40871.0)
(525, 39.562111139297485, -626382.0, -40871.0)
(526, 39.67385959625244, -626382.0, -40871.0)
(527, 39.78841781616211, -626382.0, -40871.0)
(528, 39.89840388298035, -626382.0, -40871.0)
(529, 40.01042628288269, -626382.0, -40871.0)
(530, 40.12059211730957, -626382.0, -40871.0)
(531, 40.23081564903259, -626382.0, -40871.0)
(532, 40.34351348876953, -626382.0, -40871.0)
(533, 40.45700407028198, -626382.0, -40871.0)
(534, 40.567341327667236, -626382.0, -40871.0)
(535, 40.678592920303345, -626382.0, -40871.0)
(536, 40.79091429710388, -626382.0, -40871.0)
(537, 40.901612997055054, -626382.0, -40871.0)
(538, 41.01335906982422, -626382.0, -40871.0)
(539, 41.12199068069458, -626382.0, -40871.0)
(540, 41.2360098361969, -626382.0, -40871.0)
(541, 41.34902572631836, -626382.0, -40871.0)
(542, 41.461508989334106, -626382.0, -40871.0)
(543, 41.57468914985657, -626382.0, -40871.0)
(544, 41.685911893844604, -626382.0, -40871.0)
(545, 41.801743268966675, -626382.0, -40871.0)
(546, 41.915411949157715, -626382.0, -40871.0)
(547, 42.031238317489624, -626382.0, -40871.0)
(548, 42.145870208740234, -626382.0, -40871.0)
(549, 42.26217269897461, -626382.0, -40871.0)
(550, 42.37821006774902, -626382.0, -40871.0)
(551, 42.4935040473938, -626382.0, -40871.0)
(552, 42.60957431793213, -626382.0, -40871.0)
(553, 42.72548770904541, -626382.0, -40871.0)
(554, 42.84104108810425, -626382.0, -40871.0)
(555, 42.955883264541626, -626382.0, -40871.0)
(556, 43.071253061294556, -626382.0, -40871.0)
(557, 43.183669567108154, -626382.0, -40871.0)
(558, 43.2998628616333, -626382.0, -40871.0)
(559, 43.42194199562073, -626382.0, -40871.0)
(560, 43.544397830963135, -626382.0, -40871.0)
(561, 43.6623432636261, -626382.0, -40871.0)
(562, 43.78156352043152, -626382.0, -40871.0)
(563, 43.89891529083252, -626382.0, -40871.0)
(564, 44.01739430427551, -626382.0, -40871.0)
(565, 44.134108543395996, -626382.0, -40871.0)
(566, 44.25223755836487, -626382.0, -40871.0)
(567, 44.36945128440857, -626382.0, -40871.0)
(568, 44.48633623123169, -626382.0, -40871.0)
(569, 44.60490131378174, -626382.0, -40871.0)
(570, 44.72040557861328, -626382.0, -40871.0)
(571, 44.83599781990051, -626382.0, -40871.0)
(572, 44.94975709915161, -626382.0, -40871.0)
(573, 45.06537866592407, -626382.0, -40871.0)
(574, 45.18466591835022, -626382.0, -40871.0)
(575, 45.29977011680603, -626382.0, -40871.0)
(576, 45.41670083999634, -626382.0, -40871.0)
(577, 45.537134647369385, -626382.0, -40871.0)
(578, 45.655914545059204, -626382.0, -40871.0)
(579, 45.7778434753418, -626382.0, -40871.0)
(580, 45.89984345436096, -626382.0, -40871.0)
(581, 46.020015239715576, -626382.0, -40871.0)
(582, 46.13806462287903, -626382.0, -40871.0)
(583, 46.257364988327026, -626382.0, -40871.0)
(584, 46.37803411483765, -626382.0, -40871.0)
(585, 46.50111961364746, -626382.0, -40871.0)
(586, 46.62242293357849, -626382.0, -40871.0)
(587, 46.742820262908936, -626382.0, -40871.0)
(588, 46.86491870880127, -626382.0, -40871.0)
(589, 46.98724722862244, -626382.0, -40871.0)
(590, 47.10840559005737, -626382.0, -40871.0)
(591, 47.23092341423035, -626382.0, -40871.0)
(592, 47.350895404815674, -626382.0, -40871.0)
(593, 47.47130990028381, -626382.0, -40871.0)
(594, 47.592408895492554, -626382.0, -40871.0)
(595, 47.71673345565796, -626382.0, -40871.0)
(596, 47.83992552757263, -626382.0, -40871.0)
(597, 47.96054005622864, -626382.0, -40871.0)
(598, 48.0800940990448, -626382.0, -40871.0)
(599, 48.20527935028076, -626382.0, -40871.0)
(600, 48.3278169631958, -626382.0, -40871.0)
(601, 48.44719362258911, -626382.0, -40871.0)
(602, 48.56519842147827, -626382.0, -40871.0)
(603, 48.68667984008789, -626382.0, -40871.0)
(604, 48.808911085128784, -626382.0, -40871.0)
(605, 48.934653520584106, -626382.0, -40871.0)
(606, 49.05561804771423, -626382.0, -40871.0)
(607, 49.17663598060608, -626382.0, -40871.0)
(608, 49.299527645111084, -626382.0, -40871.0)
(609, 49.42523455619812, -626382.0, -40871.0)
(610, 49.545146465301514, -626382.0, -40871.0)
(611, 49.67190504074097, -626382.0, -40871.0)
(612, 49.797715187072754, -626382.0, -40871.0)
(613, 49.921923875808716, -626382.0, -40871.0)
(614, 50.04524779319763, -626382.0, -40871.0)
(615, 50.16928720474243, -626382.0, -40871.0)
(616, 50.295541286468506, -626382.0, -40871.0)
(617, 50.42001175880432, -626382.0, -40871.0)
(618, 50.55109906196594, -626382.0, -40871.0)
(619, 50.67862820625305, -626382.0, -40871.0)
(620, 50.80624270439148, -626382.0, -40871.0)
(621, 50.9370059967041, -626382.0, -40871.0)
(622, 51.06162405014038, -626382.0, -40871.0)
(623, 51.18796420097351, -626382.0, -40871.0)
(624, 51.316850423812866, -626382.0, -40871.0)
(625, 51.44461750984192, -626382.0, -40871.0)
(626, 51.57337212562561, -626382.0, -40871.0)
(627, 51.70387935638428, -626382.0, -40871.0)
(628, 51.82985520362854, -626382.0, -40871.0)
(629, 51.956411361694336, -626382.0, -40871.0)
(630, 52.085652351379395, -626382.0, -40871.0)
(631, 52.21485757827759, -626382.0, -40871.0)
(632, 52.34544134140015, -626382.0, -40871.0)
(633, 52.47373414039612, -626382.0, -40871.0)
(634, 52.59842348098755, -626382.0, -40871.0)
(635, 52.72610092163086, -626382.0, -40871.0)
(636, 52.85207462310791, -626382.0, -40871.0)
(637, 52.97875785827637, -626382.0, -40871.0)
(638, 53.10731863975525, -626382.0, -40871.0)
(639, 53.23747682571411, -626382.0, -40871.0)
(640, 53.36504578590393, -626382.0, -40871.0)
(641, 53.49250364303589, -626382.0, -40871.0)
(642, 53.62214231491089, -626382.0, -40871.0)
(643, 53.75078058242798, -626382.0, -40871.0)
(644, 53.87405061721802, -626382.0, -40871.0)
(645, 54.00415873527527, -626382.0, -40871.0)
(646, 54.13878130912781, -626382.0, -40871.0)
(647, 54.26729393005371, -626382.0, -40871.0)
(648, 54.39738583564758, -626382.0, -40871.0)
(649, 54.52965307235718, -626382.0, -40871.0)
(650, 54.655478715896606, -626382.0, -40871.0)
(651, 54.78704786300659, -626382.0, -40871.0)
(652, 54.91593861579895, -626382.0, -40871.0)
(653, 55.04783082008362, -626382.0, -40871.0)
(654, 55.17917490005493, -626382.0, -40871.0)
(655, 55.31008267402649, -626382.0, -40871.0)
(656, 55.43959164619446, -626382.0, -40871.0)
(657, 55.59176230430603, -626382.0, -40871.0)
(658, 55.72464895248413, -626382.0, -40871.0)
(659, 55.85576558113098, -626382.0, -40871.0)
(660, 55.98983073234558, -626382.0, -40871.0)
(661, 56.125245809555054, -626382.0, -40871.0)
(662, 56.26181173324585, -626382.0, -40871.0)
(663, 56.39427924156189, -626382.0, -40871.0)
(664, 56.53217887878418, -626382.0, -40871.0)
(665, 56.671075105667114, -626382.0, -40871.0)
(666, 56.80514121055603, -626382.0, -40871.0)
(667, 56.936169147491455, -626382.0, -40871.0)
(668, 57.073081254959106, -626382.0, -40871.0)
(669, 57.20820212364197, -626382.0, -40871.0)
(670, 57.34761095046997, -626382.0, -40871.0)
(671, 57.481252670288086, -626382.0, -40871.0)
(672, 57.61273956298828, -626382.0, -40871.0)
(673, 57.74635672569275, -626382.0, -40871.0)
(674, 57.88163471221924, -626382.0, -40871.0)
(675, 58.01703929901123, -626382.0, -40871.0)
(676, 58.152241945266724, -626382.0, -40871.0)
(677, 58.28860402107239, -626382.0, -40871.0)
(678, 58.42082619667053, -626382.0, -40871.0)
(679, 58.55791473388672, -626382.0, -40871.0)
(680, 58.69708251953125, -626382.0, -40871.0)
(681, 58.83656883239746, -626382.0, -40871.0)
(682, 58.97145104408264, -626382.0, -40871.0)
(683, 59.10379958152771, -626382.0, -40871.0)
(684, 59.23842453956604, -626382.0, -40871.0)
(685, 59.372586488723755, -626382.0, -40871.0)
(686, 59.50639820098877, -626382.0, -40871.0)
(687, 59.64184355735779, -626382.0, -40871.0)
(688, 59.7733039855957, -626382.0, -40871.0)
(689, 59.907100677490234, -626382.0, -40871.0)
(690, 60.045106410980225, -626382.0, -40871.0)
(691, 60.18141841888428, -626382.0, -40871.0)
(692, 60.31985855102539, -626382.0, -40871.0)
(693, 60.45748257637024, -626382.0, -40871.0)
(694, 60.59609842300415, -626382.0, -40871.0)
(695, 60.7328839302063, -626382.0, -40871.0)
(696, 60.86827087402344, -626382.0, -40871.0)
(697, 61.00879144668579, -626382.0, -40871.0)
(698, 61.14407181739807, -626382.0, -40871.0)
(699, 61.28185248374939, -626382.0, -40871.0)
(700, 61.42013239860535, -626382.0, -40871.0)
(701, 61.558643102645874, -626382.0, -40871.0)
(702, 61.69492173194885, -626382.0, -40871.0)
(703, 61.829911947250366, -626382.0, -40871.0)
(704, 61.97122049331665, -626382.0, -40871.0)
(705, 62.10777497291565, -626382.0, -40871.0)
(706, 62.24915313720703, -626382.0, -40871.0)
(707, 62.38709878921509, -626382.0, -40871.0)
(708, 62.52881956100464, -626382.0, -40871.0)
(709, 62.66871356964111, -626382.0, -40871.0)
(710, 62.81258034706116, -626382.0, -40871.0)
(711, 62.953954219818115, -626382.0, -40871.0)
(712, 63.09404754638672, -626382.0, -40871.0)
(713, 63.231120109558105, -626382.0, -40871.0)
(714, 63.37216639518738, -626382.0, -40871.0)
(715, 63.511831283569336, -626382.0, -40871.0)
(716, 63.65080261230469, -626382.0, -40871.0)
(717, 63.78868532180786, -626382.0, -40871.0)
(718, 63.93223762512207, -626382.0, -40871.0)
(719, 64.07680368423462, -626382.0, -40871.0)
(720, 64.21920347213745, -626382.0, -40871.0)
(721, 64.36044120788574, -626382.0, -40871.0)
(722, 64.5000729560852, -626382.0, -40871.0)
(723, 64.6420590877533, -626382.0, -40871.0)
(724, 64.78597784042358, -626382.0, -40871.0)
(725, 64.92356443405151, -626382.0, -40871.0)
(726, 65.07099413871765, -626382.0, -40871.0)
(727, 65.21544408798218, -626382.0, -40871.0)
(728, 65.36012887954712, -626382.0, -40871.0)
(729, 65.49817371368408, -626382.0, -40871.0)
(730, 65.64321541786194, -626382.0, -40871.0)
(731, 65.78509879112244, -626382.0, -40871.0)
(732, 65.92904949188232, -626382.0, -40871.0)
(733, 66.07215285301208, -626382.0, -40871.0)
(734, 66.217209815979, -626382.0, -40871.0)
(735, 66.36455845832825, -626382.0, -40871.0)
(736, 66.5110433101654, -626382.0, -40871.0)
(737, 66.65635848045349, -626382.0, -40871.0)
(738, 66.80110359191895, -626382.0, -40871.0)
(739, 66.94756245613098, -626382.0, -40871.0)
(740, 67.09025073051453, -626382.0, -40871.0)
(741, 67.23963379859924, -626382.0, -40871.0)
(742, 67.38667631149292, -626382.0, -40871.0)
(743, 67.53466749191284, -626382.0, -40871.0)
(744, 67.67796564102173, -626382.0, -40871.0)
(745, 67.82512784004211, -626382.0, -40871.0)
(746, 67.96396398544312, -626382.0, -40871.0)
(747, 68.1079752445221, -626382.0, -40871.0)
(748, 68.2483332157135, -626382.0, -40871.0)
(749, 68.39045834541321, -626382.0, -40871.0)
(750, 68.53140258789062, -626382.0, -40871.0)
(751, 68.67505717277527, -626382.0, -40871.0)
(752, 68.81690001487732, -626382.0, -40871.0)
(753, 68.95736908912659, -626382.0, -40871.0)
(754, 69.09645962715149, -626382.0, -40871.0)
(755, 69.2368655204773, -626382.0, -40871.0)
(756, 69.38190960884094, -626382.0, -40871.0)
(757, 69.52415871620178, -626382.0, -40871.0)
(758, 69.66475415229797, -626382.0, -40871.0)
(759, 69.80936121940613, -626382.0, -40871.0)
(760, 69.95237994194031, -626382.0, -40871.0)
(761, 70.09948372840881, -626382.0, -40871.0)
(762, 70.2414448261261, -626382.0, -40871.0)
(763, 70.3868396282196, -626382.0, -40871.0)
(764, 70.53218293190002, -626382.0, -40871.0)
(765, 70.67270541191101, -626382.0, -40871.0)
(766, 70.82008600234985, -626382.0, -40871.0)
(767, 70.96576356887817, -626382.0, -40871.0)
(768, 71.11019587516785, -626382.0, -40871.0)
(769, 71.25602340698242, -626382.0, -40871.0)
(770, 71.40310049057007, -626382.0, -40871.0)
(771, 71.55700707435608, -626382.0, -40871.0)
(772, 71.70499992370605, -626382.0, -40871.0)
(773, 71.85157799720764, -626382.0, -40871.0)
(774, 71.9988145828247, -626382.0, -40871.0)
(775, 72.14556908607483, -626382.0, -40871.0)
(776, 72.29627633094788, -626382.0, -40871.0)
(777, 72.44028353691101, -626382.0, -40871.0)
(778, 72.58692955970764, -626382.0, -40871.0)
(779, 72.73323726654053, -626382.0, -40871.0)
(780, 72.87690877914429, -626382.0, -40871.0)
(781, 73.02422451972961, -626382.0, -40871.0)
(782, 73.17068982124329, -626382.0, -40871.0)
(783, 73.31791138648987, -626382.0, -40871.0)
(784, 73.45983672142029, -626382.0, -40871.0)
(785, 73.60579252243042, -626382.0, -40871.0)
(786, 73.75732088088989, -626382.0, -40871.0)
(787, 73.90266942977905, -626382.0, -40871.0)
(788, 74.0524230003357, -626382.0, -40871.0)
(789, 74.20148801803589, -626382.0, -40871.0)
(790, 74.35072922706604, -626382.0, -40871.0)
(791, 74.5016758441925, -626382.0, -40871.0)
(792, 74.65197372436523, -626382.0, -40871.0)
(793, 74.79837346076965, -626382.0, -40871.0)
(794, 74.94368171691895, -626382.0, -40871.0)
(795, 75.09814023971558, -626382.0, -40871.0)
(796, 75.24843382835388, -626382.0, -40871.0)
(797, 75.4003279209137, -626382.0, -40871.0)
(798, 75.55071091651917, -626382.0, -40871.0)
(799, 75.7010006904602, -626382.0, -40871.0)
(800, 75.85243058204651, -626382.0, -40871.0)
(801, 76.0030562877655, -626382.0, -40871.0)
(802, 76.15487933158875, -626382.0, -40871.0)
(803, 76.3079080581665, -626382.0, -40871.0)
(804, 76.45854926109314, -626382.0, -40871.0)
(805, 76.61255192756653, -626382.0, -40871.0)
(806, 76.76174306869507, -626382.0, -40871.0)
(807, 76.91491842269897, -626382.0, -40871.0)
(808, 77.06490087509155, -626382.0, -40871.0)
(809, 77.21646451950073, -626382.0, -40871.0)
(810, 77.36801481246948, -626382.0, -40871.0)
(811, 77.5193874835968, -626382.0, -40871.0)
(812, 77.67480778694153, -626382.0, -40871.0)
(813, 77.83668875694275, -626382.0, -40871.0)
(814, 77.99568581581116, -626382.0, -40871.0)
(815, 78.1452808380127, -626382.0, -40871.0)
(816, 78.30069470405579, -626382.0, -40871.0)
(817, 78.45167064666748, -626382.0, -40871.0)
(818, 78.60134315490723, -626382.0, -40871.0)
(819, 78.75104665756226, -626382.0, -40871.0)
(820, 78.9041440486908, -626382.0, -40871.0)
(821, 79.05812644958496, -626382.0, -40871.0)
(822, 79.2113242149353, -626382.0, -40871.0)
(823, 79.36473393440247, -626382.0, -40871.0)
(824, 79.51893949508667, -626382.0, -40871.0)
(825, 79.67364764213562, -626382.0, -40871.0)
(826, 79.83151316642761, -626382.0, -40871.0)
(827, 79.98615622520447, -626382.0, -40871.0)
(828, 80.1400158405304, -626382.0, -40871.0)
(829, 80.29189610481262, -626382.0, -40871.0)
(830, 80.44677734375, -626382.0, -40871.0)
(831, 80.60284161567688, -626382.0, -40871.0)
(832, 80.75921416282654, -626382.0, -40871.0)
(833, 80.91593718528748, -626382.0, -40871.0)
(834, 81.06749892234802, -626382.0, -40871.0)
(835, 81.22712278366089, -626382.0, -40871.0)
(836, 81.38195896148682, -626382.0, -40871.0)
(837, 81.53369164466858, -626382.0, -40871.0)
(838, 81.6837420463562, -626382.0, -40871.0)
(839, 81.83479332923889, -626382.0, -40871.0)
(840, 81.98364448547363, -626382.0, -40871.0)
(841, 82.14459896087646, -626382.0, -40871.0)
(842, 82.30326390266418, -626382.0, -40871.0)
(843, 82.45751667022705, -626382.0, -40871.0)
(844, 82.62096929550171, -626382.0, -40871.0)
(845, 82.77802801132202, -626382.0, -40871.0)
(846, 82.93661427497864, -626382.0, -40871.0)
(847, 83.0942542552948, -626382.0, -40871.0)
(848, 83.25416588783264, -626382.0, -40871.0)
(849, 83.41331338882446, -626382.0, -40871.0)
(850, 83.57286405563354, -626382.0, -40871.0)
(851, 83.73777151107788, -626382.0, -40871.0)
(852, 83.89216780662537, -626382.0, -40871.0)
(853, 84.04483437538147, -626382.0, -40871.0)
(854, 84.19982028007507, -626382.0, -40871.0)
(855, 84.36140060424805, -626382.0, -40871.0)
(856, 84.52723622322083, -626382.0, -40871.0)
(857, 84.68635749816895, -626382.0, -40871.0)
(858, 84.84761238098145, -626382.0, -40871.0)
(859, 85.00484919548035, -626382.0, -40871.0)
(860, 85.16179585456848, -626382.0, -40871.0)
(861, 85.32142519950867, -626382.0, -40871.0)
(862, 85.48359274864197, -626382.0, -40871.0)
(863, 85.64087772369385, -626382.0, -40871.0)
(864, 85.80055952072144, -626382.0, -40871.0)
(865, 85.96269345283508, -626382.0, -40871.0)
(866, 86.11936640739441, -626382.0, -40871.0)
(867, 86.2861385345459, -626382.0, -40871.0)
(868, 86.44223260879517, -626382.0, -40871.0)
(869, 86.60885190963745, -626382.0, -40871.0)
(870, 86.76981544494629, -626382.0, -40871.0)
(871, 86.92830753326416, -626382.0, -40871.0)
(872, 87.08514523506165, -626382.0, -40871.0)
(873, 87.24645972251892, -626382.0, -40871.0)
(874, 87.40591168403625, -626382.0, -40871.0)
(875, 87.57094073295593, -626382.0, -40871.0)
(876, 87.72834134101868, -626382.0, -40871.0)
(877, 87.88561868667603, -626382.0, -40871.0)
(878, 88.04896426200867, -626382.0, -40871.0)
(879, 88.2076153755188, -626382.0, -40871.0)
(880, 88.3732705116272, -626382.0, -40871.0)
(881, 88.53688859939575, -626382.0, -40871.0)
(882, 88.69572877883911, -626382.0, -40871.0)
(883, 88.85910820960999, -626382.0, -40871.0)
(884, 89.01709246635437, -626382.0, -40871.0)
(885, 89.17829155921936, -626382.0, -40871.0)
(886, 89.34287333488464, -626382.0, -40871.0)
(887, 89.50592064857483, -626382.0, -40871.0)
(888, 89.66962122917175, -626382.0, -40871.0)
(889, 89.8294243812561, -626382.0, -40871.0)
(890, 89.98551082611084, -626382.0, -40871.0)
(891, 90.14610838890076, -626382.0, -40871.0)
(892, 90.31142616271973, -626382.0, -40871.0)
(893, 90.47895002365112, -626382.0, -40871.0)
(894, 90.64758539199829, -626382.0, -40871.0)
(895, 90.8096833229065, -626382.0, -40871.0)
(896, 90.97550439834595, -626382.0, -40871.0)
(897, 91.13779330253601, -626382.0, -40871.0)
(898, 91.30164670944214, -626382.0, -40871.0)
(899, 91.46950387954712, -626382.0, -40871.0)
(900, 91.62827396392822, -626382.0, -40871.0)
(901, 91.79211091995239, -626382.0, -40871.0)
(902, 91.95728254318237, -626382.0, -40871.0)
(903, 92.12513661384583, -626382.0, -40871.0)
(904, 92.2897458076477, -626382.0, -40871.0)
(905, 92.45235848426819, -626382.0, -40871.0)
(906, 92.62057685852051, -626382.0, -40871.0)
(907, 92.80184435844421, -626382.0, -40871.0)
(908, 92.96785688400269, -626382.0, -40871.0)
(909, 93.13210463523865, -626382.0, -40871.0)
(910, 93.291250705719, -626382.0, -40871.0)
(911, 93.4606511592865, -626382.0, -40871.0)
(912, 93.62659931182861, -626382.0, -40871.0)
(913, 93.79209113121033, -626382.0, -40871.0)
(914, 93.95856547355652, -626382.0, -40871.0)
(915, 94.12648487091064, -626382.0, -40871.0)
(916, 94.29839038848877, -626382.0, -40871.0)
(917, 94.46763801574707, -626382.0, -40871.0)
(918, 94.63463020324707, -626382.0, -40871.0)
(919, 94.80716395378113, -626382.0, -40871.0)
(920, 94.97667813301086, -626382.0, -40871.0)
(921, 95.1444661617279, -626382.0, -40871.0)
(922, 95.31584143638611, -626382.0, -40871.0)
(923, 95.48606085777283, -626382.0, -40871.0)
(924, 95.65618824958801, -626382.0, -40871.0)
(925, 95.82769536972046, -626382.0, -40871.0)
(926, 95.99159741401672, -626382.0, -40871.0)
(927, 96.16590666770935, -626382.0, -40871.0)
(928, 96.33867907524109, -626382.0, -40871.0)
(929, 96.5126280784607, -626382.0, -40871.0)
(930, 96.68367743492126, -626382.0, -40871.0)
(931, 96.8565821647644, -626382.0, -40871.0)
(932, 97.03184986114502, -626382.0, -40871.0)
(933, 97.20224142074585, -626382.0, -40871.0)
(934, 97.37511134147644, -626382.0, -40871.0)
(935, 97.54850125312805, -626382.0, -40871.0)
(936, 97.71777701377869, -626382.0, -40871.0)
(937, 97.89086031913757, -626382.0, -40871.0)
(938, 98.05928158760071, -626382.0, -40871.0)
(939, 98.22806024551392, -626382.0, -40871.0)
(940, 98.40576505661011, -626382.0, -40871.0)
(941, 98.58650612831116, -626382.0, -40871.0)
(942, 98.76793670654297, -626382.0, -40871.0)
(943, 98.94029378890991, -626382.0, -40871.0)
(944, 99.1140365600586, -626382.0, -40871.0)
(945, 99.29018354415894, -626382.0, -40871.0)
(946, 99.46383953094482, -626382.0, -40871.0)
(947, 99.6375424861908, -626382.0, -40871.0)
(948, 99.81130623817444, -626382.0, -40871.0)
(949, 99.98226881027222, -626382.0, -40871.0)
(950, 100.15870666503906, -626382.0, -40871.0)
(951, 100.33194470405579, -626382.0, -40871.0)
(952, 100.5058240890503, -626382.0, -40871.0)
(953, 100.67836427688599, -626382.0, -40871.0)
(954, 100.85147333145142, -626382.0, -40871.0)
(955, 101.02266907691956, -626382.0, -40871.0)
(956, 101.19587087631226, -626382.0, -40871.0)
(957, 101.36356806755066, -626382.0, -40871.0)
(958, 101.53377366065979, -626382.0, -40871.0)
(959, 101.70526504516602, -626382.0, -40871.0)
(960, 101.87900519371033, -626382.0, -40871.0)
(961, 102.05046248435974, -626382.0, -40871.0)
(962, 102.21947026252747, -626382.0, -40871.0)
(963, 102.39270281791687, -626382.0, -40871.0)
(964, 102.56246185302734, -626382.0, -40871.0)
(965, 102.73480892181396, -626382.0, -40871.0)
(966, 102.90701103210449, -626382.0, -40871.0)
(967, 103.07947158813477, -626382.0, -40871.0)
(968, 103.25306224822998, -626382.0, -40871.0)
(969, 103.44383430480957, -626382.0, -40871.0)
(970, 103.62477850914001, -626382.0, -40871.0)
(971, 103.80240678787231, -626382.0, -40871.0)
(972, 103.97938466072083, -626382.0, -40871.0)
(973, 104.15547394752502, -626382.0, -40871.0)
(974, 104.33353161811829, -626382.0, -40871.0)
(975, 104.50319027900696, -626382.0, -40871.0)
(976, 104.68068814277649, -626382.0, -40871.0)
(977, 104.85742688179016, -626382.0, -40871.0)
(978, 105.03202390670776, -626382.0, -40871.0)
(979, 105.20016407966614, -626382.0, -40871.0)
(980, 105.37607669830322, -626382.0, -40871.0)
(981, 105.5502142906189, -626382.0, -40871.0)
(982, 105.73348069190979, -626382.0, -40871.0)
(983, 105.90757274627686, -626382.0, -40871.0)
(984, 106.08362674713135, -626382.0, -40871.0)
(985, 106.25992846488953, -626382.0, -40871.0)
(986, 106.43098759651184, -626382.0, -40871.0)
(987, 106.61063599586487, -626382.0, -40871.0)
(988, 106.79195046424866, -626382.0, -40871.0)
(989, 106.96992444992065, -626382.0, -40871.0)
(990, 107.1457929611206, -626382.0, -40871.0)
(991, 107.3213677406311, -626382.0, -40871.0)
(992, 107.49603772163391, -626382.0, -40871.0)
(993, 107.66625833511353, -626382.0, -40871.0)
(994, 107.84006214141846, -626382.0, -40871.0)
(995, 108.0240535736084, -626382.0, -40871.0)
(996, 108.19847011566162, -626382.0, -40871.0)
(997, 108.39419221878052, -626382.0, -40871.0)
(998, 108.57063698768616, -626382.0, -40871.0)
(999, 108.7468090057373, -626382.0, -40871.0)
(1000, 108.92304015159607, -626382.0, -40871.0)
