(1, 0.014667272567749023, -60374.0, -12664.0)
(2, 0.02931952476501465, -34435.31550802078, -12664.0)
(3, 0.044782161712646484, -29336.348627723648, -12664.0)
(4, 0.0626835823059082, -26503.717800046456, -12664.0)
(5, 0.0818016529083252, -24838.504064385335, -12664.0)
(6, 0.11423254013061523, -22925.39309641636, -12664.0)
(7, 0.1416783332824707, -21771.863842659135, -12664.0)
(8, 0.17636537551879883, -19786.990134132728, -12664.0)
(9, 0.20518898963928223, -19786.990134132728, -12664.0)
(10, 0.23694372177124023, -16781.579965223184, -15261.999999999998)
(11, 0.26999831199645996, -15746.333338454595, -15262.0)
(12, 0.3115196228027344, -15709.813334050004, -15290.0)
(13, 0.34616804122924805, -15437.052814364952, -15318.4)
(14, 0.38222384452819824, -15354.182510976087, -15318.666666666666)
(15, 0.43089818954467773, -15354.182510976087, -15318.666666666666)
(16, 0.4825425148010254, -15334.391116928757, -15325.90909090909)
(17, 0.5206282138824463, -15334.391116928757, -15325.909090909092)
(18, 0.5589911937713623, -15331.745466917188, -15328.727272727274)
(19, 0.5982861518859863, -15329.63273098217, -15328.727272727276)
(20, 0.6375677585601807, -15328.998910203572, -15328.727272727276)
(21, 0.6763918399810791, -15328.998910203572, -15328.72727272728)
(22, 0.7164187431335449, -15328.921895283645, -15328.888888888889)
(23, 0.7565040588378906, -15328.898790807232, -15328.888888888892)
(24, 0.7976076602935791, -15328.891859460584, -15328.88888888889)
