(1, 0.012914657592773438, -83343.0, -10110.0)
(2, 0.024723052978515625, -83343.0, -10110.0)
(3, 0.0364222526550293, -83343.0, -10110.0)
(4, 0.04812264442443848, -83343.0, -10110.0)
(5, 0.05965304374694824, -83343.0, -10110.0)
(6, 0.07118535041809082, -83343.0, -10110.0)
(7, 0.08291006088256836, -83343.0, -10110.0)
(8, 0.09473085403442383, -83343.0, -10110.0)
(9, 0.10637402534484863, -83343.0, -10110.0)
(10, 0.11802291870117188, -83343.0, -10110.0)
(11, 0.12929058074951172, -83343.0, -10110.0)
(12, 0.14078402519226074, -83343.0, -10110.0)
(13, 0.15290021896362305, -83343.0, -10110.0)
(14, 0.1654338836669922, -83343.0, -10110.0)
(15, 0.17744779586791992, -83343.0, -10110.0)
(16, 0.1892845630645752, -83343.0, -10110.0)
(17, 0.20114636421203613, -83343.0, -10110.0)
(18, 0.21304941177368164, -83343.0, -10110.0)
(19, 0.22486543655395508, -83343.0, -10110.0)
(20, 0.23661184310913086, -83343.0, -10110.0)
(21, 0.24819040298461914, -83343.0, -10110.0)
(22, 0.2601916790008545, -83343.0, -10110.0)
(23, 0.2712438106536865, -77118.22222222222, -10110.0)
(24, 0.28337812423706055, -77118.22222222222, -10110.0)
(25, 0.2958037853240967, -77118.22222222222, -10110.0)
(26, 0.30717039108276367, -77118.22222222222, -10110.0)
(27, 0.3179652690887451, -77118.22222222222, -10110.0)
(28, 0.32916688919067383, -77118.22222222222, -10110.0)
(29, 0.3402848243713379, -77118.22222222222, -10110.0)
(30, 0.3512256145477295, -77118.22222222222, -10110.0)
(31, 0.3621490001678467, -77118.22222222222, -10110.0)
(32, 0.37312769889831543, -77118.22222222222, -10110.0)
(33, 0.3854992389678955, -77118.22222222222, -10110.0)
(34, 0.3970754146575928, -77118.22222222222, -10110.0)
(35, 0.40810060501098633, -77118.22222222222, -10110.0)
(36, 0.41965484619140625, -77118.22222222222, -10110.0)
(37, 0.4307856559753418, -77118.22222222222, -10110.0)
(38, 0.44210338592529297, -77118.22222222222, -10110.0)
(39, 0.4535400867462158, -77118.22222222222, -10110.0)
(40, 0.46494626998901367, -77118.22222222222, -10110.0)
(41, 0.47594118118286133, -77118.22222222222, -10110.0)
(42, 0.4870126247406006, -77118.22222222222, -10110.0)
(43, 0.49831295013427734, -66402.0, -10110.0)
(44, 0.5086472034454346, -66402.0, -10110.0)
(45, 0.518878698348999, -66402.0, -10110.0)
(46, 0.5292685031890869, -66402.0, -10110.0)
(47, 0.5395398139953613, -66402.0, -10110.0)
(48, 0.5497722625732422, -66402.0, -10110.0)
(49, 0.5597257614135742, -66402.0, -10110.0)
(50, 0.5699477195739746, -66402.0, -10110.0)
(51, 0.5802710056304932, -66402.0, -10110.0)
(52, 0.5902841091156006, -66402.0, -10110.0)
(53, 0.6004669666290283, -66402.0, -10110.0)
(54, 0.6107678413391113, -66402.0, -10110.0)
(55, 0.6207587718963623, -66402.0, -10110.0)
(56, 0.6327154636383057, -66402.0, -10110.0)
(57, 0.6431112289428711, -66402.0, -10110.0)
(58, 0.6521785259246826, -51965.22222222222, -10110.0)
(59, 0.6611721515655518, -51965.22222222222, -10110.0)
(60, 0.6701457500457764, -51965.22222222222, -10110.0)
(61, 0.6788651943206787, -51965.22222222222, -10110.0)
(62, 0.6874985694885254, -51965.22222222222, -10110.0)
(63, 0.6964287757873535, -51965.22222222222, -10110.0)
(64, 0.7053916454315186, -51965.22222222222, -10110.0)
(65, 0.7142951488494873, -51965.22222222222, -10110.0)
(66, 0.7232115268707275, -51965.22222222222, -10110.0)
(67, 0.7318422794342041, -51965.22222222222, -10110.0)
(68, 0.7404336929321289, -51965.22222222222, -10110.0)
(69, 0.7492733001708984, -51921.25, -10110.0)
(70, 0.7582323551177979, -51921.25, -10110.0)
(71, 0.7678127288818359, -51921.25, -10110.0)
(72, 0.7774991989135742, -51921.25, -10110.0)
(73, 0.786860466003418, -51921.25, -10110.0)
(74, 0.7961714267730713, -51921.25, -10110.0)
(75, 0.8053536415100098, -51921.25, -10110.0)
(76, 0.8141276836395264, -51921.25, -10110.0)
(77, 0.822786808013916, -51921.25, -10110.0)
(78, 0.831916093826294, -51921.25, -10110.0)
(79, 0.8410754203796387, -51921.25, -10110.0)
(80, 0.8503673076629639, -51921.25, -10110.0)
(81, 0.859381914138794, -51921.25, -10110.0)
(82, 0.8680539131164551, -51921.25, -10110.0)
(83, 0.8759112358093262, -37969.11111111111, -10110.0)
(84, 0.8839287757873535, -37969.11111111111, -10110.0)
(85, 0.8916499614715576, -37969.11111111111, -10110.0)
(86, 0.899341344833374, -37969.11111111111, -10110.0)
(87, 0.9069259166717529, -37969.11111111111, -10110.0)
(88, 0.9143259525299072, -37969.11111111111, -10110.0)
(89, 0.9217755794525146, -37969.11111111111, -10110.0)
(90, 0.9291379451751709, -37969.11111111111, -10110.0)
(91, 0.9363212585449219, -37969.11111111111, -10110.0)
(92, 0.9438552856445312, -37969.11111111111, -10110.0)
(93, 0.9515495300292969, -35756.25, -10110.0)
(94, 0.959906816482544, -35756.25, -10110.0)
(95, 0.9679439067840576, -35756.25, -10110.0)
(96, 0.9761497974395752, -35756.25, -10110.0)
(97, 0.9839146137237549, -35756.25, -10110.0)
(98, 0.9914412498474121, -35756.25, -10110.0)
(99, 0.9992032051086426, -35756.25, -10110.0)
(100, 1.0069310665130615, -35756.25, -10110.0)
(101, 1.0144233703613281, -35756.25, -10110.0)
(102, 1.0227077007293701, -32728.85185185185, -10110.0)
(103, 1.0308027267456055, -32728.85185185185, -10110.0)
(104, 1.039001703262329, -32728.85185185185, -10110.0)
(105, 1.0471127033233643, -32728.85185185185, -10110.0)
(106, 1.0550074577331543, -32728.85185185185, -10110.0)
(107, 1.062812089920044, -32728.85185185185, -10110.0)
(108, 1.0706532001495361, -32728.85185185185, -10110.0)
(109, 1.0781888961791992, -32728.85185185185, -10110.0)
(110, 1.0860545635223389, -32728.85185185185, -10110.0)
(111, 1.0934967994689941, -32728.85185185185, -10110.0)
(112, 1.1017868518829346, -32728.85185185185, -10110.0)
(113, 1.1104142665863037, -32728.85185185185, -10110.0)
(114, 1.11822509765625, -32728.85185185185, -10110.0)
(115, 1.1259510517120361, -32728.85185185185, -10110.0)
(116, 1.133753776550293, -32728.85185185185, -10110.0)
(117, 1.1417996883392334, -28298.571428571428, -10110.0)
(118, 1.1495039463043213, -26025.0, -10110.0)
(119, 1.1571941375732422, -26025.0, -10110.0)
(120, 1.1647007465362549, -26025.0, -10110.0)
(121, 1.1727783679962158, -26025.0, -10110.0)
(122, 1.1811444759368896, -26025.0, -10110.0)
(123, 1.1904621124267578, -26025.0, -10110.0)
(124, 1.2006635665893555, -26025.0, -10110.0)
(125, 1.2278199195861816, -25934.28174603174, -10110.0)
(126, 1.253736972808838, -19030.496376811592, -10110.0)
(127, 1.2822158336639404, -16610.5125, -10110.0)
(128, 1.3081450462341309, -14563.322916666668, -14455.156250000002)
(129, 1.3238434791564941, -14472.333333333334, -14465.000000000004)
(130, 1.3384766578674316, -14469.576086956522, -14465.184782608698)
(131, 1.3527567386627197, -14465.390625, -14465.390625)
(132, 1.3664748668670654, -14465.390625, -14465.390624999996)
