(1, 0.13550043106079102, -673801.0, -70460.0)
(2, 0.28243422508239746, -386923.21153558214, -70460.0)
(3, 0.42888689041137695, -349493.59768095694, -70460.0)
(4, 0.5769376754760742, -319178.00284337543, -70460.0)
(5, 0.7382974624633789, -294345.2755943792, -70460.0)
(6, 0.8810925483703613, -268105.9828587612, -70460.0)
(7, 1.0202183723449707, -232012.10067830526, -70460.0)
(8, 1.1707520484924316, -191554.66973618203, -70460.0)
(9, 1.3272998332977295, -163914.47755081134, -70460.0)
(10, 1.4814016819000244, -163914.47755081134, -70460.0)
(11, 1.70762300491333, -163914.47755081134, -87108.81205936914)
(12, 1.9729442596435547, -140649.5490192807, -87358.37630018475)
(13, 2.336371421813965, -111211.56370539444, -87483.89926090998)
(14, 2.794304609298706, -103627.04748649061, -87674.38797789038)
(15, 3.2011640071868896, -103627.04748649061, -87848.30059917353)
(16, 3.683058023452759, -97808.43433589692, -88048.23245835787)
(17, 4.211465358734131, -97808.43433589692, -88197.08984096086)
(18, 4.738633155822754, -96049.86662955822, -88514.63540604038)
(19, 5.323504686355591, -96049.86662955822, -88610.03990368896)
(20, 6.046111345291138, -93043.14359668079, -88809.10212066355)
(21, 6.764683485031128, -93043.14359668079, -88927.1801956689)
(22, 7.542453289031982, -93043.14359668079, -89147.14957275063)
(23, 8.460249900817871, -91508.30559918277, -89205.7287697809)
(24, 9.351245164871216, -91508.30559918277, -89262.84175021484)
(25, 10.50713849067688, -91371.82839528368, -89332.91827265057)
(26, 11.683821439743042, -90623.76307586793, -89374.84479784215)
(27, 12.969404697418213, -90623.76307586793, -89412.23757431332)
(28, 14.463309049606323, -90497.33109566607, -89474.10213654672)
(29, 16.018136262893677, -90145.21452734039, -89485.63654032987)
(30, 17.485023260116577, -90145.21452734039, -89564.35721810744)
(31, 19.232422828674316, -89959.9331261122, -89575.165503895)
(32, 21.170300006866455, -89959.9331261122, -89581.51767128879)
(33, 23.039473295211792, -89794.51187725358, -89586.35408203416)
(34, 25.01008653640747, -89714.94196963057, -89594.39724450163)
(35, 27.395373821258545, -89713.78110387445, -89596.76795748765)
(36, 29.86095142364502, -89655.32615227153, -89602.33656542396)
(37, 32.109198570251465, -89619.30239249798, -89603.86363806)
(38, 34.35569357872009, -89619.30239249798, -89605.03655339348)
(39, 36.526175022125244, -89619.30239249798, -89606.00686602172)
(40, 39.036330699920654, -89614.33583201397, -89606.04300025936)
(41, 41.56854271888733, -89608.60088458995, -89606.14304993255)
(42, 44.32211208343506, -89606.88040032939, -89606.14304993255)
(43, 46.80368494987488, -89606.36425505376, -89606.14304993254)
(44, 49.22971963882446, -89606.20941146875, -89606.14304993257)
(45, 51.83415460586548, -89606.16295839677, -89606.14304993261)
