(1, 0.10526061058044434, -249683.0, -51965.0)
(2, 0.18220782279968262, -249683.0, -51965.0)
(3, 0.26116347312927246, -249683.0, -51965.0)
(4, 0.34172749519348145, -249683.0, -51965.0)
(5, 0.4273715019226074, -249683.0, -51965.0)
(6, 0.5076243877410889, -249683.0, -51965.0)
(7, 0.5866243839263916, -249683.0, -51965.0)
(8, 0.6714153289794922, -249683.0, -51965.0)
(9, 0.7527241706848145, -249683.0, -51965.0)
(10, 0.8382072448730469, -249683.0, -51965.0)
(11, 0.916595458984375, -249683.0, -51965.0)
(12, 0.9978070259094238, -249683.0, -51965.0)
(13, 1.0777418613433838, -249683.0, -51965.0)
(14, 1.1587514877319336, -249683.0, -51965.0)
(15, 1.2353157997131348, -249683.0, -51965.0)
(16, 1.323646068572998, -249683.0, -51965.0)
(17, 1.402845859527588, -249683.0, -51965.0)
(18, 1.484177827835083, -249683.0, -51965.0)
(19, 1.5612821578979492, -249683.0, -51965.0)
(20, 1.6334843635559082, -249683.0, -51965.0)
(21, 1.7177820205688477, -249683.0, -51965.0)
(22, 1.7912380695343018, -249683.0, -51965.0)
(23, 1.8653907775878906, -249683.0, -51965.0)
(24, 1.9440782070159912, -249683.0, -51965.0)
(25, 2.0235865116119385, -249683.0, -51965.0)
(26, 2.097182273864746, -249683.0, -51965.0)
(27, 2.17434024810791, -249683.0, -51965.0)
(28, 2.256772518157959, -249683.0, -51965.0)
(29, 2.3417036533355713, -249683.0, -51965.0)
(30, 2.424389362335205, -249683.0, -51965.0)
(31, 2.5060439109802246, -249683.0, -51965.0)
(32, 2.5836968421936035, -249683.0, -51965.0)
(33, 2.6653122901916504, -249683.0, -51965.0)
(34, 2.7436575889587402, -249683.0, -51965.0)
(35, 2.8290860652923584, -249683.0, -51965.0)
(36, 2.923933982849121, -249683.0, -51965.0)
(37, 2.9989142417907715, -249683.0, -51965.0)
(38, 3.087533712387085, -249683.0, -51965.0)
(39, 3.1722638607025146, -249683.0, -51965.0)
(40, 3.261585235595703, -249683.0, -51965.0)
(41, 3.352930784225464, -249683.0, -51965.0)
(42, 3.4522483348846436, -238869.44444444444, -51965.0)
(43, 3.540614604949951, -238869.44444444444, -51965.0)
(44, 3.620265483856201, -238869.44444444444, -51965.0)
(45, 3.7038660049438477, -238869.44444444444, -51965.0)
(46, 3.7852885723114014, -238869.44444444444, -51965.0)
(47, 3.87611722946167, -238869.44444444444, -51965.0)
(48, 3.9604697227478027, -238869.44444444444, -51965.0)
(49, 4.047701835632324, -238869.44444444444, -51965.0)
(50, 4.132983922958374, -238869.44444444444, -51965.0)
(51, 4.225078344345093, -238869.44444444444, -51965.0)
(52, 4.316942453384399, -238869.44444444444, -51965.0)
(53, 4.395002365112305, -238869.44444444444, -51965.0)
(54, 4.484609365463257, -238869.44444444444, -51965.0)
(55, 4.569988012313843, -238869.44444444444, -51965.0)
(56, 4.657891035079956, -238869.44444444444, -51965.0)
(57, 4.743664979934692, -238869.44444444444, -51965.0)
(58, 4.821293115615845, -238869.44444444444, -51965.0)
(59, 4.900885581970215, -238869.44444444444, -51965.0)
(60, 4.985705614089966, -238869.44444444444, -51965.0)
(61, 5.071690559387207, -238869.44444444444, -51965.0)
(62, 5.1572418212890625, -238869.44444444444, -51965.0)
(63, 5.236269474029541, -238869.44444444444, -51965.0)
(64, 5.328711748123169, -238869.44444444444, -51965.0)
(65, 5.420361042022705, -238869.44444444444, -51965.0)
(66, 5.518551588058472, -238869.44444444444, -51965.0)
(67, 5.618356704711914, -238869.44444444444, -51965.0)
(68, 5.7123143672943115, -238869.44444444444, -51965.0)
(69, 5.812244176864624, -238869.44444444444, -51965.0)
(70, 5.902407884597778, -238869.44444444444, -51965.0)
(71, 5.999249219894409, -238869.44444444444, -51965.0)
(72, 6.0896618366241455, -238869.44444444444, -51965.0)
(73, 6.190617561340332, -238869.44444444444, -51965.0)
(74, 6.277491331100464, -238869.44444444444, -51965.0)
(75, 6.362460374832153, -238869.44444444444, -51965.0)
(76, 6.4960527420043945, -226667.8015873016, -51965.0)
(77, 6.594248294830322, -226667.8015873016, -51965.0)
(78, 6.703709125518799, -226667.8015873016, -51965.0)
(79, 6.801582336425781, -226667.8015873016, -51965.0)
(80, 6.900429964065552, -226667.8015873016, -51965.0)
(81, 6.996589660644531, -226667.8015873016, -51965.0)
(82, 7.097958564758301, -226667.8015873016, -51965.0)
(83, 7.192139625549316, -226667.8015873016, -51965.0)
(84, 7.282766819000244, -226667.8015873016, -51965.0)
(85, 7.3785622119903564, -226667.8015873016, -51965.0)
(86, 7.472343683242798, -226667.8015873016, -51965.0)
(87, 7.568393230438232, -226667.8015873016, -51965.0)
(88, 7.665428400039673, -226667.8015873016, -51965.0)
(89, 7.753226280212402, -226667.8015873016, -51965.0)
(90, 7.847541332244873, -226667.8015873016, -51965.0)
(91, 7.94251561164856, -226667.8015873016, -51965.0)
(92, 8.040403366088867, -226667.8015873016, -51965.0)
(93, 8.135631084442139, -226667.8015873016, -51965.0)
(94, 8.234026432037354, -226667.8015873016, -51965.0)
(95, 8.335652828216553, -226667.8015873016, -51965.0)
(96, 8.43761157989502, -226667.8015873016, -51965.0)
(97, 8.536466360092163, -226667.8015873016, -51965.0)
(98, 8.643582344055176, -226667.8015873016, -51965.0)
(99, 8.739005088806152, -226667.8015873016, -51965.0)
(100, 8.837831020355225, -226667.8015873016, -51965.0)
(101, 8.941418170928955, -226667.8015873016, -51965.0)
(102, 9.03276252746582, -226667.8015873016, -51965.0)
(103, 9.120686292648315, -226667.8015873016, -51965.0)
(104, 9.22215461730957, -226667.8015873016, -51965.0)
(105, 9.34287405014038, -213109.73089197814, -51965.0)
(106, 9.42911171913147, -213109.73089197814, -51965.0)
(107, 9.530896663665771, -213109.73089197814, -51965.0)
(108, 9.61656665802002, -213109.73089197814, -51965.0)
(109, 9.7012357711792, -213109.73089197814, -51965.0)
(110, 9.789337635040283, -213109.73089197814, -51965.0)
(111, 9.876495361328125, -213109.73089197814, -51965.0)
(112, 9.957560062408447, -213109.73089197814, -51965.0)
(113, 10.04176640510559, -213109.73089197814, -51965.0)
(114, 10.12664270401001, -213109.73089197814, -51965.0)
(115, 10.211495399475098, -213109.73089197814, -51965.0)
(116, 10.301774978637695, -213109.73089197814, -51965.0)
(117, 10.395251989364624, -213109.73089197814, -51965.0)
(118, 10.487119197845459, -213109.73089197814, -51965.0)
(119, 10.566337823867798, -213109.73089197814, -51965.0)
(120, 10.654229640960693, -213109.73089197814, -51965.0)
(121, 10.744629383087158, -213109.73089197814, -51965.0)
(122, 10.825551748275757, -213109.73089197814, -51965.0)
(123, 10.909987449645996, -213109.73089197814, -51965.0)
(124, 10.998955249786377, -213109.73089197814, -51965.0)
(125, 11.082003116607666, -213109.73089197814, -51965.0)
(126, 11.170003175735474, -213109.73089197814, -51965.0)
(127, 11.255602359771729, -213109.73089197814, -51965.0)
(128, 11.35546064376831, -213109.73089197814, -51965.0)
(129, 11.442457675933838, -213109.73089197814, -51965.0)
(130, 11.52791166305542, -213109.73089197814, -51965.0)
(131, 11.615718841552734, -213109.73089197814, -51965.0)
(132, 11.711516857147217, -213109.73089197814, -51965.0)
(133, 11.802632093429565, -213109.73089197814, -51965.0)
(134, 11.894176244735718, -213109.73089197814, -51965.0)
(135, 11.974083662033081, -213109.73089197814, -51965.0)
(136, 12.06282353401184, -213109.73089197814, -51965.0)
(137, 12.148415327072144, -213109.73089197814, -51965.0)
(138, 12.236686706542969, -213109.73089197814, -51965.0)
(139, 12.325405597686768, -213109.73089197814, -51965.0)
(140, 12.40687870979309, -213109.73089197814, -51965.0)
(141, 12.507211208343506, -213109.73089197814, -51965.0)
(142, 12.608015060424805, -213109.73089197814, -51965.0)
(143, 12.711707353591919, -213109.73089197814, -51965.0)
(144, 12.823912620544434, -213109.73089197814, -51965.0)
(145, 12.932690382003784, -213109.73089197814, -51965.0)
(146, 13.029316902160645, -213109.73089197814, -51965.0)
(147, 13.130216360092163, -213109.73089197814, -51965.0)
(148, 13.225372076034546, -213109.73089197814, -51965.0)
(149, 13.326134204864502, -213109.73089197814, -51965.0)
(150, 13.4531888961792, -211337.49877264534, -51965.0)
(151, 13.560415983200073, -211337.49877264534, -51965.0)
(152, 13.665673732757568, -211337.49877264534, -51965.0)
(153, 13.75928521156311, -211337.49877264534, -51965.0)
(154, 13.85104751586914, -211337.49877264534, -51965.0)
(155, 13.956737279891968, -211337.49877264534, -51965.0)
(156, 14.044833421707153, -211337.49877264534, -51965.0)
(157, 14.14051628112793, -211337.49877264534, -51965.0)
(158, 14.231287479400635, -211337.49877264534, -51965.0)
(159, 14.322882413864136, -211337.49877264534, -51965.0)
(160, 14.414281606674194, -211337.49877264534, -51965.0)
(161, 14.505374908447266, -211337.49877264534, -51965.0)
(162, 14.60621166229248, -211337.49877264534, -51965.0)
(163, 14.701904773712158, -211337.49877264534, -51965.0)
(164, 14.785707950592041, -211337.49877264534, -51965.0)
(165, 14.874424457550049, -211337.49877264534, -51965.0)
(166, 14.96287989616394, -211337.49877264534, -51965.0)
(167, 15.04745602607727, -211337.49877264534, -51965.0)
(168, 15.142472982406616, -211337.49877264534, -51965.0)
(169, 15.229172945022583, -211337.49877264534, -51965.0)
(170, 15.309939861297607, -211337.49877264534, -51965.0)
(171, 15.40495228767395, -211337.49877264534, -51965.0)
(172, 15.510874509811401, -211337.49877264534, -51965.0)
(173, 15.606700658798218, -211337.49877264534, -51965.0)
(174, 15.703871726989746, -211337.49877264534, -51965.0)
(175, 15.804731607437134, -211337.49877264534, -51965.0)
(176, 15.895460844039917, -211337.49877264534, -51965.0)
(177, 15.996418952941895, -211337.49877264534, -51965.0)
(178, 16.096041679382324, -211337.49877264534, -51965.0)
(179, 16.197277545928955, -211337.49877264534, -51965.0)
(180, 16.294354915618896, -211337.49877264534, -51965.0)
(181, 16.39860725402832, -211337.49877264534, -51965.0)
(182, 16.50242805480957, -211337.49877264534, -51965.0)
(183, 16.611144542694092, -211337.49877264534, -51965.0)
(184, 16.722986698150635, -211337.49877264534, -51965.0)
(185, 16.84246253967285, -211337.49877264534, -51965.0)
(186, 16.95582151412964, -211337.49877264534, -51965.0)
(187, 17.073150634765625, -211337.49877264534, -51965.0)
(188, 17.19000768661499, -211337.49877264534, -51965.0)
(189, 17.297253131866455, -211337.49877264534, -51965.0)
(190, 17.39867854118347, -211337.49877264534, -51965.0)
(191, 17.52697992324829, -211337.49877264534, -51965.0)
(192, 17.63379168510437, -211337.49877264534, -51965.0)
(193, 17.74423098564148, -211337.49877264534, -51965.0)
(194, 17.881917715072632, -211337.49877264534, -51965.0)
(195, 18.008610010147095, -211337.49877264534, -51965.0)
(196, 18.12971568107605, -211337.49877264534, -51965.0)
(197, 18.232675552368164, -211337.49877264534, -51965.0)
(198, 18.326179265975952, -211337.49877264534, -51965.0)
(199, 18.42703413963318, -211337.49877264534, -51965.0)
(200, 18.518717765808105, -211337.49877264534, -51965.0)
(201, 18.609312534332275, -211337.49877264534, -51965.0)
(202, 18.70497226715088, -211337.49877264534, -51965.0)
(203, 18.79845929145813, -211337.49877264534, -51965.0)
(204, 18.890921354293823, -211337.49877264534, -51965.0)
(205, 18.979668617248535, -211337.49877264534, -51965.0)
(206, 19.075962781906128, -211337.49877264534, -51965.0)
(207, 19.174014806747437, -211337.49877264534, -51965.0)
(208, 19.27360987663269, -211337.49877264534, -51965.0)
(209, 19.362693786621094, -211337.49877264534, -51965.0)
(210, 19.450188159942627, -211337.49877264534, -51965.0)
(211, 19.541399717330933, -211337.49877264534, -51965.0)
(212, 19.64141058921814, -211337.49877264534, -51965.0)
(213, 19.750739574432373, -211337.49877264534, -51965.0)
(214, 19.843796491622925, -211337.49877264534, -51965.0)
(215, 19.929326057434082, -211337.49877264534, -51965.0)
(216, 20.015309810638428, -211337.49877264534, -51965.0)
(217, 20.102635145187378, -211337.49877264534, -51965.0)
(218, 20.18410587310791, -211337.49877264534, -51965.0)
(219, 20.271236181259155, -211337.49877264534, -51965.0)
(220, 20.36828851699829, -211337.49877264534, -51965.0)
(221, 20.460071086883545, -211337.49877264534, -51965.0)
(222, 20.555312395095825, -211337.49877264534, -51965.0)
(223, 20.652938842773438, -211337.49877264534, -51965.0)
(224, 20.749605894088745, -211337.49877264534, -51965.0)
(225, 20.856717824935913, -211337.49877264534, -51965.0)
(226, 20.968888759613037, -211337.49877264534, -51965.0)
(227, 21.079800844192505, -211337.49877264534, -51965.0)
(228, 21.18738341331482, -211337.49877264534, -51965.0)
(229, 21.289387464523315, -211337.49877264534, -51965.0)
(230, 21.39289116859436, -211337.49877264534, -51965.0)
(231, 21.49492359161377, -211337.49877264534, -51965.0)
(232, 21.59780263900757, -211337.49877264534, -51965.0)
(233, 21.707220315933228, -211337.49877264534, -51965.0)
(234, 21.80227541923523, -211337.49877264534, -51965.0)
(235, 21.9029598236084, -211337.49877264534, -51965.0)
(236, 22.01645851135254, -211337.49877264534, -51965.0)
(237, 22.11638069152832, -211337.49877264534, -51965.0)
(238, 22.226203680038452, -211337.49877264534, -51965.0)
(239, 22.339808464050293, -211337.49877264534, -51965.0)
(240, 22.44915747642517, -211337.49877264534, -51965.0)
(241, 22.565656661987305, -211337.49877264534, -51965.0)
(242, 22.687853574752808, -211337.49877264534, -51965.0)
(243, 22.799214601516724, -211337.49877264534, -51965.0)
(244, 22.91915774345398, -211337.49877264534, -51965.0)
(245, 23.029722690582275, -211337.49877264534, -51965.0)
(246, 23.148884296417236, -211337.49877264534, -51965.0)
(247, 23.247117280960083, -211337.49877264534, -51965.0)
(248, 23.359922885894775, -211337.49877264534, -51965.0)
(249, 23.494200944900513, -211337.49877264534, -51965.0)
(250, 23.639591693878174, -211337.49877264534, -51965.0)
(251, 23.766238689422607, -211337.49877264534, -51965.0)
(252, 23.87366008758545, -211337.49877264534, -51965.0)
(253, 23.982564210891724, -211337.49877264534, -51965.0)
(254, 24.07964539527893, -211337.49877264534, -51965.0)
(255, 24.202044010162354, -211337.49877264534, -51965.0)
(256, 24.31025505065918, -211337.49877264534, -51965.0)
(257, 24.41396164894104, -211337.49877264534, -51965.0)
(258, 24.51179313659668, -211337.49877264534, -51965.0)
(259, 24.60705828666687, -211337.49877264534, -51965.0)
(260, 24.717710971832275, -211337.49877264534, -51965.0)
(261, 24.824223518371582, -211337.49877264534, -51965.0)
(262, 24.928592920303345, -211337.49877264534, -51965.0)
(263, 25.042402505874634, -211337.49877264534, -51965.0)
(264, 25.15154004096985, -211337.49877264534, -51965.0)
(265, 25.264031410217285, -211337.49877264534, -51965.0)
(266, 25.381341218948364, -211337.49877264534, -51965.0)
(267, 25.48227548599243, -211337.49877264534, -51965.0)
(268, 25.588237285614014, -211337.49877264534, -51965.0)
(269, 25.720412492752075, -211337.49877264534, -51965.0)
(270, 25.84554672241211, -211337.49877264534, -51965.0)
(271, 25.96270203590393, -211337.49877264534, -51965.0)
(272, 26.07238459587097, -211337.49877264534, -51965.0)
(273, 26.18378472328186, -211337.49877264534, -51965.0)
(274, 26.30333375930786, -211337.49877264534, -51965.0)
(275, 26.409271001815796, -211337.49877264534, -51965.0)
(276, 26.51556706428528, -211337.49877264534, -51965.0)
(277, 26.625118732452393, -211337.49877264534, -51965.0)
(278, 26.734300136566162, -211337.49877264534, -51965.0)
(279, 26.85155987739563, -211337.49877264534, -51965.0)
(280, 26.95773673057556, -211337.49877264534, -51965.0)
(281, 27.073755025863647, -211337.49877264534, -51965.0)
(282, 27.184195041656494, -211337.49877264534, -51965.0)
(283, 27.28738498687744, -211337.49877264534, -51965.0)
(284, 27.385460376739502, -211337.49877264534, -51965.0)
(285, 27.51206946372986, -211337.49877264534, -51965.0)
(286, 27.645652294158936, -211337.49877264534, -51965.0)
(287, 27.75839900970459, -211337.49877264534, -51965.0)
(288, 27.887033700942993, -211337.49877264534, -51965.0)
(289, 28.021146774291992, -211337.49877264534, -51965.0)
(290, 28.15362858772278, -211337.49877264534, -51965.0)
(291, 28.27630305290222, -211337.49877264534, -51965.0)
(292, 28.405502319335938, -211337.49877264534, -51965.0)
(293, 28.52400016784668, -211337.49877264534, -51965.0)
(294, 28.643680334091187, -211337.49877264534, -51965.0)
(295, 28.76633358001709, -211337.49877264534, -51965.0)
(296, 28.889221906661987, -211337.49877264534, -51965.0)
(297, 29.005112171173096, -211337.49877264534, -51965.0)
(298, 29.136065006256104, -211337.49877264534, -51965.0)
(299, 29.248166799545288, -211337.49877264534, -51965.0)
(300, 29.386521816253662, -211337.49877264534, -51965.0)
(301, 29.514326810836792, -211337.49877264534, -51965.0)
(302, 29.64242172241211, -211337.49877264534, -51965.0)
(303, 29.773075342178345, -211337.49877264534, -51965.0)
(304, 29.898098945617676, -211337.49877264534, -51965.0)
(305, 30.020729064941406, -211337.49877264534, -51965.0)
(306, 30.152261972427368, -211337.49877264534, -51965.0)
(307, 30.277058839797974, -211337.49877264534, -51965.0)
(308, 30.412152767181396, -211337.49877264534, -51965.0)
(309, 30.546340227127075, -211337.49877264534, -51965.0)
(310, 30.673663854599, -211337.49877264534, -51965.0)
(311, 30.810290098190308, -211337.49877264534, -51965.0)
(312, 30.929792404174805, -211337.49877264534, -51965.0)
(313, 31.077086210250854, -211337.49877264534, -51965.0)
(314, 31.204225778579712, -211337.49877264534, -51965.0)
(315, 31.33588147163391, -211337.49877264534, -51965.0)
(316, 31.467758178710938, -211337.49877264534, -51965.0)
(317, 31.5904598236084, -211337.49877264534, -51965.0)
(318, 31.711692810058594, -211337.49877264534, -51965.0)
(319, 31.833231449127197, -211337.49877264534, -51965.0)
(320, 31.965306758880615, -211337.49877264534, -51965.0)
(321, 32.09776735305786, -211337.49877264534, -51965.0)
(322, 32.22982478141785, -211337.49877264534, -51965.0)
(323, 32.36105298995972, -211337.49877264534, -51965.0)
(324, 32.50105428695679, -211337.49877264534, -51965.0)
(325, 32.63337826728821, -211337.49877264534, -51965.0)
(326, 32.76874589920044, -211337.49877264534, -51965.0)
(327, 32.903202533721924, -211337.49877264534, -51965.0)
(328, 33.03371024131775, -211337.49877264534, -51965.0)
(329, 33.18198490142822, -211337.49877264534, -51965.0)
(330, 33.321290016174316, -211337.49877264534, -51965.0)
(331, 33.504295110702515, -211337.49877264534, -51965.0)
(332, 33.66695690155029, -211337.49877264534, -51965.0)
(333, 33.80648612976074, -211337.49877264534, -51965.0)
(334, 33.93077802658081, -211337.49877264534, -51965.0)
(335, 34.03342342376709, -211337.49877264534, -51965.0)
(336, 34.128193855285645, -211337.49877264534, -51965.0)
(337, 34.2368745803833, -211337.49877264534, -51965.0)
(338, 34.347904205322266, -211337.49877264534, -51965.0)
(339, 34.44598960876465, -211337.49877264534, -51965.0)
(340, 34.55059218406677, -211337.49877264534, -51965.0)
(341, 34.66401147842407, -211337.49877264534, -51965.0)
(342, 34.77041220664978, -211337.49877264534, -51965.0)
(343, 34.87421751022339, -211337.49877264534, -51965.0)
(344, 34.98662257194519, -211337.49877264534, -51965.0)
(345, 35.10117745399475, -211337.49877264534, -51965.0)
(346, 35.213982343673706, -211337.49877264534, -51965.0)
(347, 35.32593584060669, -211337.49877264534, -51965.0)
(348, 35.43688774108887, -211337.49877264534, -51965.0)
(349, 35.541714668273926, -211337.49877264534, -51965.0)
(350, 35.64258790016174, -211337.49877264534, -51965.0)
(351, 35.76252007484436, -211337.49877264534, -51965.0)
(352, 35.87276339530945, -211337.49877264534, -51965.0)
(353, 36.00373554229736, -211337.49877264534, -51965.0)
(354, 36.14239430427551, -211337.49877264534, -51965.0)
(355, 36.28300976753235, -211337.49877264534, -51965.0)
(356, 36.4088134765625, -211337.49877264534, -51965.0)
(357, 36.53460121154785, -211337.49877264534, -51965.0)
(358, 36.63228988647461, -211337.49877264534, -51965.0)
(359, 36.73598504066467, -211337.49877264534, -51965.0)
(360, 36.844146728515625, -211337.49877264534, -51965.0)
(361, 36.952911376953125, -211337.49877264534, -51965.0)
(362, 37.057857275009155, -211337.49877264534, -51965.0)
(363, 37.17272210121155, -211337.49877264534, -51965.0)
(364, 37.27866721153259, -211337.49877264534, -51965.0)
(365, 37.38492822647095, -211337.49877264534, -51965.0)
(366, 37.4904203414917, -211337.49877264534, -51965.0)
(367, 37.59408521652222, -211337.49877264534, -51965.0)
(368, 37.69812798500061, -211337.49877264534, -51965.0)
(369, 37.8000648021698, -211337.49877264534, -51965.0)
(370, 37.90109920501709, -211337.49877264534, -51965.0)
(371, 38.00862383842468, -211337.49877264534, -51965.0)
(372, 38.11686563491821, -211337.49877264534, -51965.0)
(373, 38.22230577468872, -211337.49877264534, -51965.0)
(374, 38.34575891494751, -211337.49877264534, -51965.0)
(375, 38.51907396316528, -211337.49877264534, -51965.0)
(376, 38.69016742706299, -211337.49877264534, -51965.0)
(377, 38.84695839881897, -211337.49877264534, -51965.0)
(378, 38.95637106895447, -211337.49877264534, -51965.0)
(379, 39.06592345237732, -211337.49877264534, -51965.0)
(380, 39.17571234703064, -211337.49877264534, -51965.0)
(381, 39.290714263916016, -211337.49877264534, -51965.0)
(382, 39.42611241340637, -211337.49877264534, -51965.0)
(383, 39.55279350280762, -211337.49877264534, -51965.0)
(384, 39.65170073509216, -211337.49877264534, -51965.0)
(385, 39.78994178771973, -211337.49877264534, -51965.0)
(386, 39.90077066421509, -211337.49877264534, -51965.0)
(387, 40.00826573371887, -211337.49877264534, -51965.0)
(388, 40.13256907463074, -211337.49877264534, -51965.0)
(389, 40.23972463607788, -211337.49877264534, -51965.0)
(390, 40.374698877334595, -211337.49877264534, -51965.0)
(391, 40.49049520492554, -211337.49877264534, -51965.0)
(392, 40.625925064086914, -211337.49877264534, -51965.0)
(393, 40.749123096466064, -211337.49877264534, -51965.0)
(394, 40.905110597610474, -211337.49877264534, -51965.0)
(395, 41.03238606452942, -211337.49877264534, -51965.0)
(396, 41.163543462753296, -211337.49877264534, -51965.0)
(397, 41.29874658584595, -211337.49877264534, -51965.0)
(398, 41.46977114677429, -211337.49877264534, -51965.0)
(399, 41.63140559196472, -211337.49877264534, -51965.0)
(400, 41.776477336883545, -211337.49877264534, -51965.0)
(401, 41.91884207725525, -211337.49877264534, -51965.0)
(402, 42.03061294555664, -211337.49877264534, -51965.0)
(403, 42.153480768203735, -211337.49877264534, -51965.0)
(404, 42.27218461036682, -211337.49877264534, -51965.0)
(405, 42.404462575912476, -211337.49877264534, -51965.0)
(406, 42.514551401138306, -211337.49877264534, -51965.0)
(407, 42.62623119354248, -211337.49877264534, -51965.0)
(408, 42.74236726760864, -211337.49877264534, -51965.0)
(409, 42.85854434967041, -211337.49877264534, -51965.0)
(410, 42.9790256023407, -211337.49877264534, -51965.0)
(411, 43.112608432769775, -211337.49877264534, -51965.0)
(412, 43.225687980651855, -211337.49877264534, -51965.0)
(413, 43.345361948013306, -211337.49877264534, -51965.0)
(414, 43.46408534049988, -211337.49877264534, -51965.0)
(415, 43.601521492004395, -211337.49877264534, -51965.0)
(416, 43.74749279022217, -211337.49877264534, -51965.0)
(417, 43.879512786865234, -211337.49877264534, -51965.0)
(418, 44.009660959243774, -211337.49877264534, -51965.0)
(419, 44.14317512512207, -211337.49877264534, -51965.0)
(420, 44.268513202667236, -211337.49877264534, -51965.0)
(421, 44.38732194900513, -211337.49877264534, -51965.0)
(422, 44.53221321105957, -211337.49877264534, -51965.0)
(423, 44.67265820503235, -211337.49877264534, -51965.0)
(424, 44.81317210197449, -211337.49877264534, -51965.0)
(425, 44.92246770858765, -211337.49877264534, -51965.0)
(426, 45.064207553863525, -211337.49877264534, -51965.0)
(427, 45.1952064037323, -211337.49877264534, -51965.0)
(428, 45.329004764556885, -211337.49877264534, -51965.0)
(429, 45.458513259887695, -211337.49877264534, -51965.0)
(430, 45.58033776283264, -211337.49877264534, -51965.0)
(431, 45.70087122917175, -211337.49877264534, -51965.0)
(432, 45.82590842247009, -211337.49877264534, -51965.0)
(433, 45.93945598602295, -211337.49877264534, -51965.0)
(434, 46.05838227272034, -211337.49877264534, -51965.0)
(435, 46.1889808177948, -211337.49877264534, -51965.0)
(436, 46.31345820426941, -211337.49877264534, -51965.0)
(437, 46.4519362449646, -211337.49877264534, -51965.0)
(438, 46.56833004951477, -211337.49877264534, -51965.0)
(439, 46.762651205062866, -211337.49877264534, -51965.0)
(440, 46.929603815078735, -211337.49877264534, -51965.0)
(441, 47.10603713989258, -211337.49877264534, -51965.0)
(442, 47.26304864883423, -211337.49877264534, -51965.0)
(443, 47.45662569999695, -211337.49877264534, -51965.0)
(444, 47.59631967544556, -211337.49877264534, -51965.0)
(445, 47.738980293273926, -211337.49877264534, -51965.0)
(446, 47.9161057472229, -211337.49877264534, -51965.0)
(447, 48.053051471710205, -211337.49877264534, -51965.0)
(448, 48.22218108177185, -211337.49877264534, -51965.0)
(449, 48.355889320373535, -211337.49877264534, -51965.0)
(450, 48.52449679374695, -211337.49877264534, -51965.0)
(451, 48.650877475738525, -211337.49877264534, -51965.0)
(452, 48.771037578582764, -211337.49877264534, -51965.0)
(453, 48.928569316864014, -211337.49877264534, -51965.0)
(454, 49.07639002799988, -211337.49877264534, -51965.0)
(455, 49.21897482872009, -211337.49877264534, -51965.0)
(456, 49.3882417678833, -211337.49877264534, -51965.0)
(457, 49.54943919181824, -211337.49877264534, -51965.0)
(458, 49.71856880187988, -211337.49877264534, -51965.0)
(459, 49.8401095867157, -211337.49877264534, -51965.0)
(460, 50.01892590522766, -211337.49877264534, -51965.0)
(461, 50.17192220687866, -211337.49877264534, -51965.0)
(462, 50.335625410079956, -211337.49877264534, -51965.0)
(463, 50.52393841743469, -211337.49877264534, -51965.0)
(464, 50.690653562545776, -211337.49877264534, -51965.0)
(465, 50.88529586791992, -211337.49877264534, -51965.0)
(466, 51.07290315628052, -211337.49877264534, -51965.0)
(467, 51.245121002197266, -211337.49877264534, -51965.0)
(468, 51.4306378364563, -211337.49877264534, -51965.0)
(469, 51.6117148399353, -211337.49877264534, -51965.0)
(470, 51.76873421669006, -211337.49877264534, -51965.0)
(471, 51.93266677856445, -211337.49877264534, -51965.0)
(472, 52.095104694366455, -211337.49877264534, -51965.0)
(473, 52.271592140197754, -211337.49877264534, -51965.0)
(474, 52.45165038108826, -211337.49877264534, -51965.0)
(475, 52.63016200065613, -211337.49877264534, -51965.0)
(476, 52.795405864715576, -211337.49877264534, -51965.0)
(477, 52.946715354919434, -211337.49877264534, -51965.0)
(478, 53.135239362716675, -211337.49877264534, -51965.0)
(479, 53.34853434562683, -211337.49877264534, -51965.0)
(480, 53.533047676086426, -211337.49877264534, -51965.0)
(481, 53.73321533203125, -211337.49877264534, -51965.0)
(482, 53.905646324157715, -211337.49877264534, -51965.0)
(483, 54.08617568016052, -211337.49877264534, -51965.0)
(484, 54.24771428108215, -211337.49877264534, -51965.0)
(485, 54.43829584121704, -211337.49877264534, -51965.0)
(486, 54.62726044654846, -211337.49877264534, -51965.0)
(487, 54.82264757156372, -211337.49877264534, -51965.0)
(488, 55.03962159156799, -211337.49877264534, -51965.0)
(489, 55.26119780540466, -211337.49877264534, -51965.0)
(490, 55.433650493621826, -211337.49877264534, -51965.0)
(491, 55.59384489059448, -211337.49877264534, -51965.0)
(492, 55.75805711746216, -211337.49877264534, -51965.0)
(493, 55.92568325996399, -211337.49877264534, -51965.0)
(494, 56.10971164703369, -211337.49877264534, -51965.0)
(495, 56.29061698913574, -211337.49877264534, -51965.0)
(496, 56.448357343673706, -211337.49877264534, -51965.0)
(497, 56.64391732215881, -211337.49877264534, -51965.0)
(498, 56.857993602752686, -211337.49877264534, -51965.0)
(499, 57.07369327545166, -211337.49877264534, -51965.0)
(500, 57.25644302368164, -211337.49877264534, -51965.0)
(501, 57.51291036605835, -210426.52777829536, -51965.0)
(502, 57.71714425086975, -210426.52777829536, -51965.0)
(503, 57.889896869659424, -210426.52777829536, -51965.0)
(504, 58.052669286727905, -210426.52777829536, -51965.0)
(505, 58.2097373008728, -210426.52777829536, -51965.0)
(506, 58.36650776863098, -210426.52777829536, -51965.0)
(507, 58.492640256881714, -210426.52777829536, -51965.0)
(508, 58.62303376197815, -210426.52777829536, -51965.0)
(509, 58.7530083656311, -210426.52777829536, -51965.0)
(510, 58.87353706359863, -210426.52777829536, -51965.0)
(511, 58.995914459228516, -210426.52777829536, -51965.0)
(512, 59.11399030685425, -210426.52777829536, -51965.0)
(513, 59.26991558074951, -210426.52777829536, -51965.0)
(514, 59.394402742385864, -210426.52777829536, -51965.0)
(515, 59.5258629322052, -210426.52777829536, -51965.0)
(516, 59.66133141517639, -210426.52777829536, -51965.0)
(517, 59.80374217033386, -210426.52777829536, -51965.0)
(518, 59.92453861236572, -210426.52777829536, -51965.0)
(519, 60.05668926239014, -210426.52777829536, -51965.0)
(520, 60.176491498947144, -210426.52777829536, -51965.0)
(521, 60.30492973327637, -210426.52777829536, -51965.0)
(522, 60.439093828201294, -210426.52777829536, -51965.0)
(523, 60.57042145729065, -210426.52777829536, -51965.0)
(524, 60.696526765823364, -210426.52777829536, -51965.0)
(525, 60.829325437545776, -210426.52777829536, -51965.0)
(526, 60.972577810287476, -210426.52777829536, -51965.0)
(527, 61.140379667282104, -210426.52777829536, -51965.0)
(528, 61.30747723579407, -210426.52777829536, -51965.0)
(529, 61.46806359291077, -210426.52777829536, -51965.0)
(530, 61.62331533432007, -210426.52777829536, -51965.0)
(531, 61.773967266082764, -210426.52777829536, -51965.0)
(532, 61.93150234222412, -210426.52777829536, -51965.0)
(533, 62.09689474105835, -210426.52777829536, -51965.0)
(534, 62.30555772781372, -210426.52777829536, -51965.0)
(535, 62.518340826034546, -210426.52777829536, -51965.0)
(536, 62.705209493637085, -210426.52777829536, -51965.0)
(537, 62.85123348236084, -210426.52777829536, -51965.0)
(538, 62.99286198616028, -210426.52777829536, -51965.0)
(539, 63.121744871139526, -210426.52777829536, -51965.0)
(540, 63.252907037734985, -210426.52777829536, -51965.0)
(541, 63.400933265686035, -210426.52777829536, -51965.0)
(542, 63.54502058029175, -210426.52777829536, -51965.0)
(543, 63.68867063522339, -210426.52777829536, -51965.0)
(544, 63.807350158691406, -210426.52777829536, -51965.0)
(545, 63.94203972816467, -210426.52777829536, -51965.0)
(546, 64.09243822097778, -210426.52777829536, -51965.0)
(547, 64.22452569007874, -210426.52777829536, -51965.0)
(548, 64.35342121124268, -210426.52777829536, -51965.0)
(549, 64.47899079322815, -210426.52777829536, -51965.0)
(550, 64.60070323944092, -210426.52777829536, -51965.0)
(551, 64.73280024528503, -210426.52777829536, -51965.0)
(552, 64.86936330795288, -210426.52777829536, -51965.0)
(553, 65.0020809173584, -210426.52777829536, -51965.0)
(554, 65.15364289283752, -210426.52777829536, -51965.0)
(555, 65.31077241897583, -210426.52777829536, -51965.0)
(556, 65.46594882011414, -210426.52777829536, -51965.0)
(557, 65.60159397125244, -210426.52777829536, -51965.0)
(558, 65.76090145111084, -210426.52777829536, -51965.0)
(559, 65.94198083877563, -210426.52777829536, -51965.0)
(560, 66.12714695930481, -210426.52777829536, -51965.0)
(561, 66.31527042388916, -210426.52777829536, -51965.0)
(562, 66.47770476341248, -210426.52777829536, -51965.0)
(563, 66.63673281669617, -210426.52777829536, -51965.0)
(564, 66.81768822669983, -210426.52777829536, -51965.0)
(565, 66.98419451713562, -210426.52777829536, -51965.0)
(566, 67.15269112586975, -210426.52777829536, -51965.0)
(567, 67.32263708114624, -210426.52777829536, -51965.0)
(568, 67.49882674217224, -210426.52777829536, -51965.0)
(569, 67.68467974662781, -210426.52777829536, -51965.0)
(570, 67.82259225845337, -210426.52777829536, -51965.0)
(571, 67.95947670936584, -210426.52777829536, -51965.0)
(572, 68.1002197265625, -210426.52777829536, -51965.0)
(573, 68.25689768791199, -210426.52777829536, -51965.0)
(574, 68.39479851722717, -210426.52777829536, -51965.0)
(575, 68.52515053749084, -210426.52777829536, -51965.0)
(576, 68.64256358146667, -210426.52777829536, -51965.0)
(577, 68.76002836227417, -210426.52777829536, -51965.0)
(578, 68.88354420661926, -210426.52777829536, -51965.0)
(579, 69.01154732704163, -210426.52777829536, -51965.0)
(580, 69.14036250114441, -210426.52777829536, -51965.0)
(581, 69.26626706123352, -210426.52777829536, -51965.0)
(582, 69.38707780838013, -210426.52777829536, -51965.0)
(583, 69.51169085502625, -210426.52777829536, -51965.0)
(584, 69.6416826248169, -210426.52777829536, -51965.0)
(585, 69.78028678894043, -210426.52777829536, -51965.0)
(586, 69.91390323638916, -210426.52777829536, -51965.0)
(587, 70.06454658508301, -210426.52777829536, -51965.0)
(588, 70.23694777488708, -210426.52777829536, -51965.0)
(589, 70.44742727279663, -210426.52777829536, -51965.0)
(590, 70.6053307056427, -210426.52777829536, -51965.0)
(591, 70.77708196640015, -210426.52777829536, -51965.0)
(592, 70.94021105766296, -210426.52777829536, -51965.0)
(593, 71.10320973396301, -210426.52777829536, -51965.0)
(594, 71.23996353149414, -210426.52777829536, -51965.0)
(595, 71.38074493408203, -210426.52777829536, -51965.0)
(596, 71.54518795013428, -210426.52777829536, -51965.0)
(597, 71.72722148895264, -210426.52777829536, -51965.0)
(598, 71.9830071926117, -210426.52777829536, -51965.0)
(599, 72.19124436378479, -210426.52777829536, -51965.0)
(600, 72.36312317848206, -210426.52777829536, -51965.0)
(601, 72.57829761505127, -210426.52777829536, -51965.0)
(602, 72.7485179901123, -210426.52777829536, -51965.0)
(603, 72.91336846351624, -210426.52777829536, -51965.0)
(604, 73.05692028999329, -210426.52777829536, -51965.0)
(605, 73.18953514099121, -210426.52777829536, -51965.0)
(606, 73.38243627548218, -210426.52777829536, -51965.0)
(607, 73.55284976959229, -210426.52777829536, -51965.0)
(608, 73.74468898773193, -210426.52777829536, -51965.0)
(609, 73.94086742401123, -210426.52777829536, -51965.0)
(610, 74.12246990203857, -210426.52777829536, -51965.0)
(611, 74.28327751159668, -210426.52777829536, -51965.0)
(612, 74.49750089645386, -210426.52777829536, -51965.0)
(613, 74.69099593162537, -210426.52777829536, -51965.0)
(614, 74.89096808433533, -210426.52777829536, -51965.0)
(615, 75.14597153663635, -210426.52777829536, -51965.0)
(616, 75.39386343955994, -210426.52777829536, -51965.0)
(617, 75.59746193885803, -210426.52777829536, -51965.0)
(618, 75.74686050415039, -210426.52777829536, -51965.0)
(619, 75.9209213256836, -210426.52777829536, -51965.0)
(620, 76.0478823184967, -210426.52777829536, -51965.0)
(621, 76.17565870285034, -210426.52777829536, -51965.0)
(622, 76.34858775138855, -210426.52777829536, -51965.0)
(623, 76.50794386863708, -210426.52777829536, -51965.0)
(624, 76.66080021858215, -210426.52777829536, -51965.0)
(625, 76.80413746833801, -210426.52777829536, -51965.0)
(626, 76.9354317188263, -210426.52777829536, -51965.0)
(627, 77.0989739894867, -210426.52777829536, -51965.0)
(628, 77.2673487663269, -210426.52777829536, -51965.0)
(629, 77.41461396217346, -210426.52777829536, -51965.0)
(630, 77.54280924797058, -210426.52777829536, -51965.0)
(631, 77.67208123207092, -210426.52777829536, -51965.0)
(632, 77.83573961257935, -210426.52777829536, -51965.0)
(633, 77.97284626960754, -210426.52777829536, -51965.0)
(634, 78.14313077926636, -210426.52777829536, -51965.0)
(635, 78.30696940422058, -210426.52777829536, -51965.0)
(636, 78.49136781692505, -210426.52777829536, -51965.0)
(637, 78.67444348335266, -210426.52777829536, -51965.0)
(638, 78.81824994087219, -210426.52777829536, -51965.0)
(639, 78.9537181854248, -210426.52777829536, -51965.0)
(640, 79.13045191764832, -210426.52777829536, -51965.0)
(641, 79.31362390518188, -210426.52777829536, -51965.0)
(642, 79.51415038108826, -210426.52777829536, -51965.0)
(643, 79.6945447921753, -210426.52777829536, -51965.0)
(644, 79.84173369407654, -210426.52777829536, -51965.0)
(645, 80.01290941238403, -210426.52777829536, -51965.0)
(646, 80.1849250793457, -210426.52777829536, -51965.0)
(647, 80.35262084007263, -210426.52777829536, -51965.0)
(648, 80.53211545944214, -210426.52777829536, -51965.0)
(649, 80.71618723869324, -210426.52777829536, -51965.0)
(650, 80.90372610092163, -210426.52777829536, -51965.0)
(651, 81.05062007904053, -210426.52777829536, -51965.0)
(652, 81.19570302963257, -210426.52777829536, -51965.0)
(653, 81.37412619590759, -210426.52777829536, -51965.0)
(654, 81.5095067024231, -210426.52777829536, -51965.0)
(655, 81.68097615242004, -210426.52777829536, -51965.0)
(656, 81.86243343353271, -210426.52777829536, -51965.0)
(657, 82.05588221549988, -210426.52777829536, -51965.0)
(658, 82.23560643196106, -210426.52777829536, -51965.0)
(659, 82.41425251960754, -210426.52777829536, -51965.0)
(660, 82.60698008537292, -210426.52777829536, -51965.0)
(661, 82.76210236549377, -210426.52777829536, -51965.0)
(662, 82.93511724472046, -210426.52777829536, -51965.0)
(663, 83.13952255249023, -210426.52777829536, -51965.0)
(664, 83.3214066028595, -210426.52777829536, -51965.0)
(665, 83.54481101036072, -210426.52777829536, -51965.0)
(666, 83.73166131973267, -210426.52777829536, -51965.0)
(667, 83.94937419891357, -210426.52777829536, -51965.0)
(668, 84.15575551986694, -210426.52777829536, -51965.0)
(669, 84.38275074958801, -210426.52777829536, -51965.0)
(670, 84.58588123321533, -210426.52777829536, -51965.0)
(671, 84.76982355117798, -210426.52777829536, -51965.0)
(672, 84.99326539039612, -210426.52777829536, -51965.0)
(673, 85.19301271438599, -210426.52777829536, -51965.0)
(674, 85.34821772575378, -210426.52777829536, -51965.0)
(675, 85.5384259223938, -210426.52777829536, -51965.0)
(676, 85.70914697647095, -210426.52777829536, -51965.0)
(677, 85.85326409339905, -210426.52777829536, -51965.0)
(678, 86.04295110702515, -210426.52777829536, -51965.0)
(679, 86.19311356544495, -210426.52777829536, -51965.0)
(680, 86.34435296058655, -210426.52777829536, -51965.0)
(681, 86.53933763504028, -210426.52777829536, -51965.0)
(682, 86.68555116653442, -210426.52777829536, -51965.0)
(683, 86.89185333251953, -210426.52777829536, -51965.0)
(684, 87.05668377876282, -210426.52777829536, -51965.0)
(685, 87.24199056625366, -210426.52777829536, -51965.0)
(686, 87.4552788734436, -210426.52777829536, -51965.0)
(687, 87.66476678848267, -210426.52777829536, -51965.0)
(688, 87.88264346122742, -210426.52777829536, -51965.0)
(689, 88.1204161643982, -210426.52777829536, -51965.0)
(690, 88.34271883964539, -210426.52777829536, -51965.0)
(691, 88.48900032043457, -210426.52777829536, -51965.0)
(692, 88.71979570388794, -210426.52777829536, -51965.0)
(693, 88.96202158927917, -210426.52777829536, -51965.0)
(694, 89.14494371414185, -210426.52777829536, -51965.0)
(695, 89.36953997612, -210426.52777829536, -51965.0)
(696, 89.60836267471313, -210426.52777829536, -51965.0)
(697, 89.83694958686829, -210426.52777829536, -51965.0)
(698, 90.07650423049927, -210426.52777829536, -51965.0)
(699, 90.24592328071594, -210426.52777829536, -51965.0)
(700, 90.452139377594, -210426.52777829536, -51965.0)
(701, 90.72100019454956, -210426.52777829536, -51965.0)
(702, 90.98039245605469, -210426.52777829536, -51965.0)
(703, 91.18875861167908, -210426.52777829536, -51965.0)
(704, 91.4424204826355, -210426.52777829536, -51965.0)
(705, 91.74238467216492, -210426.52777829536, -51965.0)
(706, 92.00841951370239, -210426.52777829536, -51965.0)
(707, 92.23876404762268, -210426.52777829536, -51965.0)
(708, 92.4559543132782, -210426.52777829536, -51965.0)
(709, 92.66744065284729, -210426.52777829536, -51965.0)
(710, 92.88755583763123, -210426.52777829536, -51965.0)
(711, 93.1268801689148, -210426.52777829536, -51965.0)
(712, 93.31609535217285, -210426.52777829536, -51965.0)
(713, 93.54798245429993, -210426.52777829536, -51965.0)
(714, 93.81089329719543, -210426.52777829536, -51965.0)
(715, 94.0627338886261, -210426.52777829536, -51965.0)
(716, 94.33580660820007, -210426.52777829536, -51965.0)
(717, 94.59849500656128, -210426.52777829536, -51965.0)
(718, 94.85859656333923, -210426.52777829536, -51965.0)
(719, 95.16936087608337, -210426.52777829536, -51965.0)
(720, 95.40937757492065, -210426.52777829536, -51965.0)
(721, 95.68134951591492, -210426.52777829536, -51965.0)
(722, 95.9952404499054, -210426.52777829536, -51965.0)
(723, 96.33764719963074, -210426.52777829536, -51965.0)
(724, 96.55081844329834, -210426.52777829536, -51965.0)
(725, 96.7827980518341, -210426.52777829536, -51965.0)
(726, 97.00599575042725, -210426.52777829536, -51965.0)
(727, 97.20146036148071, -210426.52777829536, -51965.0)
(728, 97.42467975616455, -210426.52777829536, -51965.0)
(729, 97.64589381217957, -210426.52777829536, -51965.0)
(730, 97.88390851020813, -210426.52777829536, -51965.0)
(731, 98.08073282241821, -210426.52777829536, -51965.0)
(732, 98.3234338760376, -210426.52777829536, -51965.0)
(733, 98.57903909683228, -210426.52777829536, -51965.0)
(734, 98.81324601173401, -210426.52777829536, -51965.0)
(735, 99.02583336830139, -210426.52777829536, -51965.0)
(736, 99.30831551551819, -210426.52777829536, -51965.0)
(737, 99.47832083702087, -210426.52777829536, -51965.0)
(738, 99.72446084022522, -210426.52777829536, -51965.0)
(739, 100.02417922019958, -210426.52777829536, -51965.0)
(740, 100.3026819229126, -210426.52777829536, -51965.0)
(741, 100.61290049552917, -210426.52777829536, -51965.0)
(742, 100.88085627555847, -210426.52777829536, -51965.0)
(743, 101.09494972229004, -210426.52777829536, -51965.0)
(744, 101.39672636985779, -210426.52777829536, -51965.0)
(745, 101.67900514602661, -210426.52777829536, -51965.0)
(746, 101.92119288444519, -210426.52777829536, -51965.0)
(747, 102.17853927612305, -210426.52777829536, -51965.0)
(748, 102.46425199508667, -210426.52777829536, -51965.0)
(749, 102.74677753448486, -210426.52777829536, -51965.0)
(750, 102.90858316421509, -210426.52777829536, -51965.0)
(751, 103.2048180103302, -210426.52777829536, -51965.0)
(752, 103.41314339637756, -210426.52777829536, -51965.0)
(753, 103.6925721168518, -210426.52777829536, -51965.0)
(754, 103.95621824264526, -210426.52777829536, -51965.0)
(755, 104.21046137809753, -210426.52777829536, -51965.0)
(756, 104.49536800384521, -210426.52777829536, -51965.0)
(757, 104.79761075973511, -210426.52777829536, -51965.0)
(758, 105.09236645698547, -210426.52777829536, -51965.0)
(759, 105.37136316299438, -210426.52777829536, -51965.0)
(760, 105.63003492355347, -210426.52777829536, -51965.0)
(761, 105.92521858215332, -210426.52777829536, -51965.0)
(762, 106.21625351905823, -210426.52777829536, -51965.0)
(763, 106.51319980621338, -210426.52777829536, -51965.0)
(764, 106.78970980644226, -210426.52777829536, -51965.0)
(765, 107.12859892845154, -210426.52777829536, -51965.0)
(766, 107.41417479515076, -210426.52777829536, -51965.0)
(767, 107.68413519859314, -210426.52777829536, -51965.0)
(768, 107.97648429870605, -210426.52777829536, -51965.0)
(769, 108.24354553222656, -210426.52777829536, -51965.0)
(770, 108.46363925933838, -210426.52777829536, -51965.0)
(771, 108.64520001411438, -210426.52777829536, -51965.0)
(772, 108.88412666320801, -210426.52777829536, -51965.0)
(773, 109.09306597709656, -210426.52777829536, -51965.0)
(774, 109.27708745002747, -210426.52777829536, -51965.0)
(775, 109.51895523071289, -210426.52777829536, -51965.0)
(776, 109.72478342056274, -210426.52777829536, -51965.0)
(777, 109.9520492553711, -210426.52777829536, -51965.0)
(778, 110.19103336334229, -210426.52777829536, -51965.0)
(779, 110.46500062942505, -210426.52777829536, -51965.0)
(780, 110.76443266868591, -210426.52777829536, -51965.0)
(781, 110.99100065231323, -210426.52777829536, -51965.0)
(782, 111.28901219367981, -210426.52777829536, -51965.0)
(783, 111.52670431137085, -210426.52777829536, -51965.0)
(784, 111.69722247123718, -210426.52777829536, -51965.0)
(785, 111.8738341331482, -210426.52777829536, -51965.0)
(786, 112.13599586486816, -210426.52777829536, -51965.0)
(787, 112.31517171859741, -210426.52777829536, -51965.0)
(788, 112.4866795539856, -210426.52777829536, -51965.0)
(789, 112.7027862071991, -210426.52777829536, -51965.0)
(790, 112.97546529769897, -210426.52777829536, -51965.0)
(791, 113.2322199344635, -210426.52777829536, -51965.0)
(792, 113.44663262367249, -210426.52777829536, -51965.0)
(793, 113.65213012695312, -210426.52777829536, -51965.0)
(794, 113.96353554725647, -210426.52777829536, -51965.0)
(795, 114.2186975479126, -210426.52777829536, -51965.0)
(796, 114.51874828338623, -210426.52777829536, -51965.0)
(797, 114.7462375164032, -210426.52777829536, -51965.0)
(798, 114.88554811477661, -210426.52777829536, -51965.0)
(799, 115.11100149154663, -210426.52777829536, -51965.0)
(800, 115.28664493560791, -210426.52777829536, -51965.0)
(801, 115.50966119766235, -210426.52777829536, -51965.0)
(802, 115.84088921546936, -210426.52777829536, -51965.0)
(803, 116.13557600975037, -210426.52777829536, -51965.0)
(804, 116.41159296035767, -210426.52777829536, -51965.0)
(805, 116.71651268005371, -210426.52777829536, -51965.0)
(806, 117.09126114845276, -210426.52777829536, -51965.0)
(807, 117.42898607254028, -210426.52777829536, -51965.0)
(808, 117.76187944412231, -210426.52777829536, -51965.0)
(809, 118.1205084323883, -210426.52777829536, -51965.0)
(810, 118.41517376899719, -210426.52777829536, -51965.0)
(811, 118.73926448822021, -210426.52777829536, -51965.0)
(812, 118.98507142066956, -210426.52777829536, -51965.0)
(813, 119.29801201820374, -210426.52777829536, -51965.0)
(814, 119.57424736022949, -210426.52777829536, -51965.0)
(815, 119.88824391365051, -210426.52777829536, -51965.0)
(816, 120.23729372024536, -210426.52777829536, -51965.0)
(817, 120.55240845680237, -210426.52777829536, -51965.0)
(818, 120.92589974403381, -210426.52777829536, -51965.0)
(819, 121.24683403968811, -210426.52777829536, -51965.0)
(820, 121.58648681640625, -210426.52777829536, -51965.0)
(821, 121.95017075538635, -210426.52777829536, -51965.0)
(822, 122.3901436328888, -210426.52777829536, -51965.0)
(823, 122.6706280708313, -210426.52777829536, -51965.0)
(824, 122.91533303260803, -210426.52777829536, -51965.0)
(825, 123.18585968017578, -210426.52777829536, -51965.0)
(826, 123.3532383441925, -210426.52777829536, -51965.0)
(827, 123.58425760269165, -210426.52777829536, -51965.0)
(828, 123.81974387168884, -210426.52777829536, -51965.0)
(829, 124.04472184181213, -210426.52777829536, -51965.0)
(830, 124.29408526420593, -210426.52777829536, -51965.0)
(831, 124.5543920993805, -210426.52777829536, -51965.0)
(832, 124.71799898147583, -210426.52777829536, -51965.0)
(833, 124.8745391368866, -210426.52777829536, -51965.0)
(834, 125.1213071346283, -210426.52777829536, -51965.0)
(835, 125.30145716667175, -210426.52777829536, -51965.0)
(836, 125.53167033195496, -210426.52777829536, -51965.0)
(837, 125.75997543334961, -210426.52777829536, -51965.0)
(838, 126.01701712608337, -210426.52777829536, -51965.0)
(839, 126.25317668914795, -210426.52777829536, -51965.0)
(840, 126.4347071647644, -210426.52777829536, -51965.0)
(841, 126.67160224914551, -210426.52777829536, -51965.0)
(842, 126.91567158699036, -210426.52777829536, -51965.0)
(843, 127.14706635475159, -210426.52777829536, -51965.0)
(844, 127.34402370452881, -210426.52777829536, -51965.0)
(845, 127.62582468986511, -210426.52777829536, -51965.0)
(846, 127.8986713886261, -210426.52777829536, -51965.0)
(847, 128.16968297958374, -210426.52777829536, -51965.0)
(848, 128.4537456035614, -210426.52777829536, -51965.0)
(849, 128.71998763084412, -210426.52777829536, -51965.0)
(850, 128.99213433265686, -210426.52777829536, -51965.0)
(851, 129.2481074333191, -210426.52777829536, -51965.0)
(852, 129.5010895729065, -210426.52777829536, -51965.0)
(853, 129.76279616355896, -210426.52777829536, -51965.0)
(854, 130.02165126800537, -210426.52777829536, -51965.0)
(855, 130.29293155670166, -210426.52777829536, -51965.0)
(856, 130.68860173225403, -210426.52777829536, -51965.0)
(857, 130.9404275417328, -210426.52777829536, -51965.0)
(858, 131.13631296157837, -210426.52777829536, -51965.0)
(859, 131.40885066986084, -210426.52777829536, -51965.0)
(860, 131.63709545135498, -210426.52777829536, -51965.0)
(861, 131.9083821773529, -210426.52777829536, -51965.0)
(862, 132.19345140457153, -210426.52777829536, -51965.0)
(863, 132.43597292900085, -210426.52777829536, -51965.0)
(864, 132.6837556362152, -210426.52777829536, -51965.0)
(865, 132.94578433036804, -210426.52777829536, -51965.0)
(866, 133.19193601608276, -210426.52777829536, -51965.0)
(867, 133.46281933784485, -210426.52777829536, -51965.0)
(868, 133.7944405078888, -210426.52777829536, -51965.0)
(869, 134.0246136188507, -210426.52777829536, -51965.0)
(870, 134.33598971366882, -210426.52777829536, -51965.0)
(871, 134.63459420204163, -210426.52777829536, -51965.0)
(872, 134.90049839019775, -210426.52777829536, -51965.0)
(873, 135.2102530002594, -210426.52777829536, -51965.0)
(874, 135.39593052864075, -210426.52777829536, -51965.0)
(875, 135.66597533226013, -210426.52777829536, -51965.0)
(876, 135.99436569213867, -210426.52777829536, -51965.0)
(877, 136.29972219467163, -210426.52777829536, -51965.0)
(878, 136.47647738456726, -210426.52777829536, -51965.0)
(879, 136.7778491973877, -210426.52777829536, -51965.0)
(880, 137.09252619743347, -210426.52777829536, -51965.0)
(881, 137.41903686523438, -210426.52777829536, -51965.0)
(882, 137.7059211730957, -210426.52777829536, -51965.0)
(883, 138.01921272277832, -210426.52777829536, -51965.0)
(884, 138.3511791229248, -210426.52777829536, -51965.0)
(885, 138.66913270950317, -210426.52777829536, -51965.0)
(886, 138.9089047908783, -210426.52777829536, -51965.0)
(887, 139.18405771255493, -210426.52777829536, -51965.0)
(888, 139.50231766700745, -210426.52777829536, -51965.0)
(889, 139.76604342460632, -210426.52777829536, -51965.0)
(890, 140.02157878875732, -210426.52777829536, -51965.0)
(891, 140.3049671649933, -210426.52777829536, -51965.0)
(892, 140.4912142753601, -210426.52777829536, -51965.0)
(893, 140.7708079814911, -210426.52777829536, -51965.0)
(894, 141.06157159805298, -210426.52777829536, -51965.0)
(895, 141.3819134235382, -210426.52777829536, -51965.0)
(896, 141.67585921287537, -210426.52777829536, -51965.0)
(897, 141.99104475975037, -210426.52777829536, -51965.0)
(898, 142.26966309547424, -210426.52777829536, -51965.0)
(899, 142.56232047080994, -210426.52777829536, -51965.0)
(900, 142.83823323249817, -210426.52777829536, -51965.0)
(901, 143.11677813529968, -210426.52777829536, -51965.0)
(902, 143.36419248580933, -210426.52777829536, -51965.0)
(903, 143.67244029045105, -210426.52777829536, -51965.0)
(904, 143.98838210105896, -210426.52777829536, -51965.0)
(905, 144.29668259620667, -210426.52777829536, -51965.0)
(906, 144.62044167518616, -210426.52777829536, -51965.0)
(907, 144.95363068580627, -210426.52777829536, -51965.0)
(908, 145.24231886863708, -210426.52777829536, -51965.0)
(909, 145.5824899673462, -210426.52777829536, -51965.0)
(910, 145.87249565124512, -210426.52777829536, -51965.0)
(911, 146.17063689231873, -210426.52777829536, -51965.0)
(912, 146.4467101097107, -210426.52777829536, -51965.0)
(913, 146.70895504951477, -210426.52777829536, -51965.0)
(914, 147.04275488853455, -210426.52777829536, -51965.0)
(915, 147.44957900047302, -210426.52777829536, -51965.0)
(916, 147.90056896209717, -210426.52777829536, -51965.0)
(917, 148.18761038780212, -210426.52777829536, -51965.0)
(918, 148.52150774002075, -210426.52777829536, -51965.0)
(919, 148.80343627929688, -210426.52777829536, -51965.0)
(920, 149.0021047592163, -210426.52777829536, -51965.0)
(921, 149.1977264881134, -210426.52777829536, -51965.0)
(922, 149.3655824661255, -210426.52777829536, -51965.0)
(923, 149.59768199920654, -210426.52777829536, -51965.0)
(924, 149.76211738586426, -210426.52777829536, -51965.0)
(925, 149.99707555770874, -210426.52777829536, -51965.0)
(926, 150.18687558174133, -210426.52777829536, -51965.0)
(927, 150.34564518928528, -210426.52777829536, -51965.0)
(928, 150.50456166267395, -210426.52777829536, -51965.0)
(929, 150.67981815338135, -210426.52777829536, -51965.0)
(930, 150.85942244529724, -210426.52777829536, -51965.0)
(931, 151.02623462677002, -210426.52777829536, -51965.0)
(932, 151.1923749446869, -210426.52777829536, -51965.0)
(933, 151.3793556690216, -210426.52777829536, -51965.0)
(934, 151.5545482635498, -210426.52777829536, -51965.0)
(935, 151.74350261688232, -210426.52777829536, -51965.0)
(936, 151.91421937942505, -210426.52777829536, -51965.0)
(937, 152.0939564704895, -210426.52777829536, -51965.0)
(938, 152.2718870639801, -210426.52777829536, -51965.0)
(939, 152.41997742652893, -210426.52777829536, -51965.0)
(940, 152.5760998725891, -210426.52777829536, -51965.0)
(941, 152.75132536888123, -210426.52777829536, -51965.0)
(942, 152.9467854499817, -210426.52777829536, -51965.0)
(943, 153.13899326324463, -210426.52777829536, -51965.0)
(944, 153.39359784126282, -210426.52777829536, -51965.0)
(945, 153.61995363235474, -210426.52777829536, -51965.0)
(946, 153.7967336177826, -210426.52777829536, -51965.0)
(947, 154.0352234840393, -210426.52777829536, -51965.0)
(948, 154.27498078346252, -210426.52777829536, -51965.0)
(949, 154.5201575756073, -210426.52777829536, -51965.0)
(950, 154.7832808494568, -210426.52777829536, -51965.0)
(951, 155.1167356967926, -210426.52777829536, -51965.0)
(952, 155.3870885372162, -210426.52777829536, -51965.0)
(953, 155.66918754577637, -210426.52777829536, -51965.0)
(954, 155.92337727546692, -210426.52777829536, -51965.0)
(955, 156.18893551826477, -210426.52777829536, -51965.0)
(956, 156.44524884223938, -210426.52777829536, -51965.0)
(957, 156.7875213623047, -210426.52777829536, -51965.0)
(958, 156.9942126274109, -210426.52777829536, -51965.0)
(959, 157.19437623023987, -210426.52777829536, -51965.0)
(960, 157.3785228729248, -210426.52777829536, -51965.0)
(961, 157.57844018936157, -210426.52777829536, -51965.0)
(962, 157.76736783981323, -210426.52777829536, -51965.0)
(963, 158.02429056167603, -210426.52777829536, -51965.0)
(964, 158.21997022628784, -210426.52777829536, -51965.0)
(965, 158.4546182155609, -210426.52777829536, -51965.0)
(966, 158.74761533737183, -210426.52777829536, -51965.0)
(967, 158.93972754478455, -210426.52777829536, -51965.0)
(968, 159.17519068717957, -210426.52777829536, -51965.0)
(969, 159.44681882858276, -210426.52777829536, -51965.0)
(970, 159.65253925323486, -210426.52777829536, -51965.0)
(971, 159.92797207832336, -210426.52777829536, -51965.0)
(972, 160.1606318950653, -210426.52777829536, -51965.0)
(973, 160.45472717285156, -210426.52777829536, -51965.0)
(974, 160.691082239151, -210426.52777829536, -51965.0)
(975, 161.0027196407318, -210426.52777829536, -51965.0)
(976, 161.2048375606537, -210426.52777829536, -51965.0)
(977, 161.53015565872192, -210426.52777829536, -51965.0)
(978, 161.76491594314575, -210426.52777829536, -51965.0)
(979, 161.95047521591187, -210426.52777829536, -51965.0)
(980, 162.3174819946289, -210426.52777829536, -51965.0)
(981, 162.5746099948883, -210426.52777829536, -51965.0)
(982, 162.76996874809265, -210426.52777829536, -51965.0)
(983, 162.96991872787476, -210426.52777829536, -51965.0)
(984, 163.2240695953369, -210426.52777829536, -51965.0)
(985, 163.57927298545837, -210426.52777829536, -51965.0)
(986, 163.9473614692688, -210426.52777829536, -51965.0)
(987, 164.2177345752716, -210426.52777829536, -51965.0)
(988, 164.48320198059082, -210426.52777829536, -51965.0)
(989, 164.88389825820923, -210426.52777829536, -51965.0)
(990, 165.15083241462708, -210426.52777829536, -51965.0)
(991, 165.55107641220093, -210426.52777829536, -51965.0)
(992, 165.81046390533447, -210426.52777829536, -51965.0)
(993, 166.20639061927795, -210426.52777829536, -51965.0)
(994, 166.4640953540802, -210426.52777829536, -51965.0)
(995, 166.88459086418152, -210426.52777829536, -51965.0)
(996, 167.2817256450653, -210426.52777829536, -51965.0)
(997, 167.68294739723206, -210426.52777829536, -51965.0)
(998, 168.06775569915771, -210426.52777829536, -51965.0)
(999, 168.45469284057617, -210426.52777829536, -51965.0)
(1000, 168.79664707183838, -210426.52777829536, -51965.0)
