(1, 0.046243906021118164, -114951.0, -29657.0)
(2, 0.0911703109741211, -75264.33397626154, -29657.0)
(3, 0.13928723335266113, -70763.26610440882, -29657.0)
(4, 0.19221830368041992, -65368.79556467276, -29657.0)
(5, 0.2534468173980713, -62723.8090283904, -29657.0)
(6, 0.3195483684539795, -60815.92858376712, -29657.0)
(7, 0.3937661647796631, -54644.36793787022, -29657.0)
(8, 0.46355128288269043, -53022.80171411526, -29657.0)
(9, 0.5357730388641357, -46533.268169640534, -29657.0)
(10, 0.612884521484375, -43022.39625912824, -29657.0)
(11, 0.6943488121032715, -36352.3118602951, -29657.0)
(12, 0.7901930809020996, -35380.8404804276, -34007.34615384614)
(13, 0.9034600257873535, -34650.914420998175, -34087.71683046682)
(14, 1.0161378383636475, -34358.87225413402, -34120.793814433)
(15, 1.135209083557129, -34207.324146176834, -34132.4323784144)
(16, 1.2582972049713135, -34180.83282270287, -34135.10845588235)
(17, 1.3828761577606201, -34176.69588566025, -34144.618243243225)
(18, 1.517852783203125, -34159.020388509445, -34151.445175438595)
(19, 1.650986909866333, -34158.02358985885, -34151.445175438595)
(20, 1.7990872859954834, -34153.95295701041, -34152.20769610262)
(21, 1.9337773323059082, -34153.95295701041, -34152.20769610261)
(22, 2.0735971927642822, -34152.97321475301, -34152.37426900583)
(23, 2.215874195098877, -34152.55346298879, -34152.374269005864)
(24, 2.369074821472168, -34152.4292787613, -34152.37426900584)
