(1, 0.2018423080444336, -1197731.0, -77523.0)
(2, 0.41821932792663574, -897768.1903418581, -77523.0)
(3, 0.6748454570770264, -763043.4438096045, -77523.0)
(4, 0.9830410480499268, -603139.3734793961, -77523.0)
(5, 1.3403570652008057, -391346.35941664246, -77523.0)
(6, 1.752328634262085, -260427.29902277654, -77523.0)
(7, 2.235058546066284, -187257.50056124278, -77523.0)
(8, 2.794881582260132, -187257.50056124278, -77523.0)
(9, 3.48808217048645, -154665.59405892476, -99408.75454073952)
(10, 4.498706102371216, -124458.42910473437, -99433.77061051199)
(11, 5.947630167007446, -110766.80278390863, -99445.71261108869)
(12, 7.820193767547607, -106316.38962677738, -99548.33015301956)
(13, 8.742353439331055, -103624.43082467189, -99612.21938530511)
(14, 9.580986976623535, -102358.95778046382, -99657.17229425663)
(15, 10.539881229400635, -100725.86281298248, -99677.23643892223)
(16, 11.612907648086548, -100493.58727524593, -99699.90646741353)
(17, 12.752329587936401, -99946.97802052066, -99712.71691092274)
(18, 14.003764152526855, -99783.13521975797, -99712.91687657418)
(19, 15.441988468170166, -99733.98237952974, -99712.91687657431)
(20, 16.917104482650757, -99719.23652746134, -99712.9168765743)
(21, 18.443463563919067, -99714.8127718407, -99712.91687657432)
(22, 19.951679468154907, -99713.48564515242, -99712.91687657441)
(23, 21.50334620475769, -99713.08750714757, -99712.91687657434)
(24, 23.03724241256714, -99712.96806574601, -99712.91687657434)
(25, 24.569520235061646, -99712.93193634243, -99712.91687657434)
