(1, 0.03485417366027832, -195028.0, -26598.0)
(2, 0.07147574424743652, -151022.3697689834, -26598.0)
(3, 0.11413264274597168, -128530.99594719819, -26598.0)
(4, 0.1627943515777588, -103618.66670650296, -26598.0)
(5, 0.22027087211608887, -75116.88329855204, -26598.0)
(6, 0.2892591953277588, -60209.7000463172, -26598.0)
(7, 0.3555014133453369, -57139.97605847054, -26598.0)
(8, 0.42627692222595215, -43784.462459581824, -33646.653846153844)
(9, 0.507009744644165, -38366.22124912592, -33674.913043478264)
(10, 0.6006414890289307, -36494.08014421475, -33744.42962962962)
(11, 0.7022342681884766, -35394.03109520185, -33831.30090390103)
(12, 0.8175685405731201, -34645.52248974177, -33882.21587730688)
(13, 0.9488708972930908, -34370.836196379496, -33912.41592498859)
(14, 1.0851082801818848, -34107.81518024348, -33946.16961942443)
(15, 1.2238450050354004, -34035.03657744991, -33952.707793308786)
(16, 1.3729197978973389, -33984.68338979718, -33961.043635228954)
(17, 1.529019832611084, -33980.195062849554, -33965.67967926852)
(18, 1.691603183746338, -33972.042973819436, -33966.706404264856)
(19, 1.8574306964874268, -33970.289593826645, -33967.095682313)
(20, 2.0229578018188477, -33968.44866648286, -33967.422199957255)
(21, 2.1886849403381348, -33967.880113247564, -33967.42219995728)
(22, 2.3407793045043945, -33967.55957394444, -33967.42219995724)
(23, 2.5064284801483154, -33967.46341215297, -33967.42219995726)
(24, 2.6944668292999268, -33967.46341215297, -33967.42219995726)
(25, 2.856858491897583, -33967.45203360071, -33967.445481973744)
