(1, 0.17478394508361816, -1519369.0, -43350.0)
(2, 0.3956639766693115, -882012.3610549838, -43350.0)
(3, 0.5878252983093262, -374183.93352835, -43350.0)
(4, 0.8144683837890625, -202065.1782201931, -43350.0)
(5, 1.1083734035491943, -135997.51266817, -43350.0)
(6, 1.463573694229126, -115256.92778913441, -43350.0)
(7, 1.9136285781860352, -89046.36402378698, -64117.51208791206)
(8, 2.471281051635742, -72885.15776279577, -64176.76666666666)
(9, 3.1178674697875977, -67013.16844390087, -64202.90942028984)
(10, 3.8225624561309814, -65180.829526217225, -64209.88318452383)
(11, 4.55931282043457, -64554.33888408856, -64223.862499999996)
(12, 5.3193066120147705, -64407.40304477807, -64228.53918918919)
(13, 6.177212953567505, -64291.06932005062, -64228.53918918916)
(14, 6.954083681106567, -64263.413648662645, -64228.53918918918)
(15, 7.763046979904175, -64239.7319377336, -64229.58263305323)
(16, 8.508121013641357, -64232.62742445778, -64229.582633053236)
(17, 9.285921335220337, -64232.62742445778, -64229.58263305323)
(18, 10.097818613052368, -64230.937903650556, -64229.96693121693)
(19, 10.877642631530762, -64230.258222946286, -64229.96693121691)
(20, 11.66786789894104, -64230.0543187335, -64229.96693121691)
(21, 12.492974042892456, -64229.99314747175, -64229.96693121692)
(22, 13.376146078109741, -64229.97479609101, -64229.96693121692)
