(1, 0.15209531784057617, -1110399.0, -83210.0)
(2, 0.2991774082183838, -1110399.0, -83210.0)
(3, 0.44642210006713867, -1110399.0, -83210.0)
(4, 0.5947329998016357, -1110399.0, -83210.0)
(5, 0.7421159744262695, -1110399.0, -83210.0)
(6, 0.8898975849151611, -1110399.0, -83210.0)
(7, 1.0369174480438232, -1110399.0, -83210.0)
(8, 1.1836652755737305, -1110399.0, -83210.0)
(9, 1.330493688583374, -1110399.0, -83210.0)
(10, 1.4780278205871582, -1110399.0, -83210.0)
(11, 1.6245980262756348, -1110399.0, -83210.0)
(12, 1.773073434829712, -1110399.0, -83210.0)
(13, 1.9222688674926758, -1110399.0, -83210.0)
(14, 2.0717923641204834, -1110399.0, -83210.0)
(15, 2.220331907272339, -1110399.0, -83210.0)
(16, 2.3688747882843018, -1110399.0, -83210.0)
(17, 2.5168874263763428, -1110399.0, -83210.0)
(18, 2.6706080436706543, -1110399.0, -83210.0)
(19, 2.829033851623535, -1110399.0, -83210.0)
(20, 2.9804253578186035, -1110399.0, -83210.0)
(21, 3.1282711029052734, -1110399.0, -83210.0)
(22, 3.277144432067871, -1110399.0, -83210.0)
(23, 3.4297518730163574, -1110399.0, -83210.0)
(24, 3.5806877613067627, -1110399.0, -83210.0)
(25, 3.730834484100342, -1110399.0, -83210.0)
(26, 3.881078004837036, -1110399.0, -83210.0)
(27, 4.031065464019775, -1110399.0, -83210.0)
(28, 4.178512811660767, -1110399.0, -83210.0)
(29, 4.329018592834473, -1110399.0, -83210.0)
(30, 4.47831392288208, -1110399.0, -83210.0)
(31, 4.625991106033325, -1110399.0, -83210.0)
(32, 4.77834677696228, -1110399.0, -83210.0)
(33, 4.9300537109375, -1110399.0, -83210.0)
(34, 5.082506418228149, -1110399.0, -83210.0)
(35, 5.236267566680908, -1110399.0, -83210.0)
(36, 5.389827728271484, -1110399.0, -83210.0)
(37, 5.545446157455444, -1110399.0, -83210.0)
(38, 5.698887348175049, -1110399.0, -83210.0)
(39, 5.853569269180298, -1110399.0, -83210.0)
(40, 6.008680820465088, -1110399.0, -83210.0)
(41, 6.162323236465454, -1110399.0, -83210.0)
(42, 6.3166420459747314, -1110399.0, -83210.0)
(43, 6.471737623214722, -1110399.0, -83210.0)
(44, 6.626099348068237, -1110399.0, -83210.0)
(45, 6.780948162078857, -1110399.0, -83210.0)
(46, 6.936031341552734, -1110399.0, -83210.0)
(47, 7.089138031005859, -1110399.0, -83210.0)
(48, 7.242176532745361, -1110399.0, -83210.0)
(49, 7.395884037017822, -1110399.0, -83210.0)
(50, 7.548041582107544, -1110399.0, -83210.0)
(51, 7.702581882476807, -1110399.0, -83210.0)
(52, 7.858270645141602, -1110399.0, -83210.0)
(53, 8.012162446975708, -1110399.0, -83210.0)
(54, 8.167619943618774, -1110399.0, -83210.0)
(55, 8.324102640151978, -1110399.0, -83210.0)
(56, 8.485445022583008, -1110399.0, -83210.0)
(57, 8.645499229431152, -1110399.0, -83210.0)
(58, 8.805621862411499, -1110399.0, -83210.0)
(59, 8.965040922164917, -1110399.0, -83210.0)
(60, 9.126895666122437, -1110399.0, -83210.0)
(61, 9.28835654258728, -1110399.0, -83210.0)
(62, 9.450053453445435, -1110399.0, -83210.0)
(63, 9.610146045684814, -1110399.0, -83210.0)
(64, 9.771090745925903, -1110399.0, -83210.0)
(65, 9.932000398635864, -1110399.0, -83210.0)
(66, 10.093613862991333, -1110399.0, -83210.0)
(67, 10.256558895111084, -1110399.0, -83210.0)
(68, 10.418545722961426, -1110399.0, -83210.0)
(69, 10.578810691833496, -1110399.0, -83210.0)
(70, 10.739655017852783, -1110399.0, -83210.0)
(71, 10.903937578201294, -1110399.0, -83210.0)
(72, 11.062700510025024, -1110399.0, -83210.0)
(73, 11.22614336013794, -1110399.0, -83210.0)
(74, 11.388180494308472, -1110399.0, -83210.0)
(75, 11.55333924293518, -1110399.0, -83210.0)
(76, 11.717291116714478, -1110399.0, -83210.0)
(77, 11.880887746810913, -1110399.0, -83210.0)
(78, 12.041926145553589, -1110399.0, -83210.0)
(79, 12.209075212478638, -1110399.0, -83210.0)
(80, 12.37679147720337, -1110399.0, -83210.0)
(81, 12.544390201568604, -1110399.0, -83210.0)
(82, 12.714531421661377, -1110399.0, -83210.0)
(83, 12.881787061691284, -1110399.0, -83210.0)
(84, 13.048763751983643, -1110399.0, -83210.0)
(85, 13.215844631195068, -1110399.0, -83210.0)
(86, 13.382815599441528, -1110399.0, -83210.0)
(87, 13.550699710845947, -1110399.0, -83210.0)
(88, 13.720102548599243, -1110399.0, -83210.0)
(89, 13.889822483062744, -1110399.0, -83210.0)
(90, 14.059306383132935, -1110399.0, -83210.0)
(91, 14.229542016983032, -1110399.0, -83210.0)
(92, 14.397967100143433, -1110399.0, -83210.0)
(93, 14.568027973175049, -1110399.0, -83210.0)
(94, 14.739492893218994, -1110399.0, -83210.0)
(95, 14.910179138183594, -1110399.0, -83210.0)
(96, 15.086018085479736, -1110399.0, -83210.0)
(97, 15.258769989013672, -1110399.0, -83210.0)
(98, 15.43558645248413, -1110399.0, -83210.0)
(99, 15.614018678665161, -1110399.0, -83210.0)
(100, 15.793347835540771, -1110399.0, -83210.0)
(101, 15.969419717788696, -1110399.0, -83210.0)
(102, 16.147955894470215, -1110399.0, -83210.0)
(103, 16.32296323776245, -1110399.0, -83210.0)
(104, 16.498863458633423, -1110399.0, -83210.0)
(105, 16.674111127853394, -1110399.0, -83210.0)
(106, 16.84979486465454, -1110399.0, -83210.0)
(107, 17.027525186538696, -1110399.0, -83210.0)
(108, 17.20618486404419, -1110399.0, -83210.0)
(109, 17.38441824913025, -1110399.0, -83210.0)
(110, 17.56508755683899, -1110399.0, -83210.0)
(111, 17.745769739151, -1110399.0, -83210.0)
(112, 17.927532196044922, -1110399.0, -83210.0)
(113, 18.109349012374878, -1110399.0, -83210.0)
(114, 18.291948318481445, -1110399.0, -83210.0)
(115, 18.47409462928772, -1110399.0, -83210.0)
(116, 18.65582036972046, -1110399.0, -83210.0)
(117, 18.84013557434082, -1110399.0, -83210.0)
(118, 19.02384305000305, -1110399.0, -83210.0)
(119, 19.20856237411499, -1110399.0, -83210.0)
(120, 19.393223524093628, -1110399.0, -83210.0)
(121, 19.57747483253479, -1110399.0, -83210.0)
(122, 19.763647079467773, -1110399.0, -83210.0)
(123, 19.946436405181885, -1110399.0, -83210.0)
(124, 20.129847288131714, -1110399.0, -83210.0)
(125, 20.316985845565796, -1110399.0, -83210.0)
(126, 20.501516342163086, -1110399.0, -83210.0)
(127, 20.685357570648193, -1110399.0, -83210.0)
(128, 20.87635064125061, -1110399.0, -83210.0)
(129, 21.06143856048584, -1110399.0, -83210.0)
(130, 21.249375104904175, -1110399.0, -83210.0)
(131, 21.437846660614014, -1110399.0, -83210.0)
(132, 21.627902269363403, -1110399.0, -83210.0)
(133, 21.814668655395508, -1110399.0, -83210.0)
(134, 22.003223657608032, -1110399.0, -83210.0)
(135, 22.190260887145996, -1110399.0, -83210.0)
(136, 22.380447387695312, -1110399.0, -83210.0)
(137, 22.573619842529297, -1110399.0, -83210.0)
(138, 22.76916003227234, -1110399.0, -83210.0)
(139, 22.962956428527832, -1110399.0, -83210.0)
(140, 23.16098189353943, -1110399.0, -83210.0)
(141, 23.356393575668335, -1110399.0, -83210.0)
(142, 23.547513961791992, -1110399.0, -83210.0)
(143, 23.741946697235107, -1110399.0, -83210.0)
(144, 23.936676025390625, -1110399.0, -83210.0)
(145, 24.1329665184021, -1110399.0, -83210.0)
(146, 24.32657814025879, -1110399.0, -83210.0)
(147, 24.528616428375244, -1110399.0, -83210.0)
(148, 24.72349452972412, -1110399.0, -83210.0)
(149, 24.9192898273468, -1110399.0, -83210.0)
(150, 25.113404989242554, -1110399.0, -83210.0)
(151, 25.3136625289917, -1110399.0, -83210.0)
(152, 25.5092031955719, -1110399.0, -83210.0)
(153, 25.70467519760132, -1110399.0, -83210.0)
(154, 25.90330219268799, -1110399.0, -83210.0)
(155, 26.100760459899902, -1110399.0, -83210.0)
(156, 26.296871185302734, -1110399.0, -83210.0)
(157, 26.501433610916138, -1110399.0, -83210.0)
(158, 26.702255249023438, -1110399.0, -83210.0)
(159, 26.902666330337524, -1110399.0, -83210.0)
(160, 27.10098361968994, -1110399.0, -83210.0)
(161, 27.30294966697693, -1110399.0, -83210.0)
(162, 27.505436897277832, -1110399.0, -83210.0)
(163, 27.70730972290039, -1110399.0, -83210.0)
(164, 27.904910564422607, -1110399.0, -83210.0)
(165, 28.104342460632324, -1110399.0, -83210.0)
(166, 28.303929090499878, -1110399.0, -83210.0)
(167, 28.50227642059326, -1110399.0, -83210.0)
(168, 28.706671953201294, -1110399.0, -83210.0)
(169, 28.909760236740112, -1110399.0, -83210.0)
(170, 29.11967182159424, -1110399.0, -83210.0)
(171, 29.32230305671692, -1110399.0, -83210.0)
(172, 29.53089189529419, -1110399.0, -83210.0)
(173, 29.74378776550293, -1110399.0, -83210.0)
(174, 29.96419334411621, -1110399.0, -83210.0)
(175, 30.17404007911682, -1110399.0, -83210.0)
(176, 30.384812355041504, -1110399.0, -83210.0)
(177, 30.601184606552124, -1110399.0, -83210.0)
(178, 30.810558319091797, -1110399.0, -83210.0)
(179, 31.01821231842041, -1110399.0, -83210.0)
(180, 31.226818799972534, -1110399.0, -83210.0)
(181, 31.438042640686035, -1110399.0, -83210.0)
(182, 31.647088050842285, -1110399.0, -83210.0)
(183, 31.857311725616455, -1110399.0, -83210.0)
(184, 32.06747245788574, -1110399.0, -83210.0)
(185, 32.27939510345459, -1110399.0, -83210.0)
(186, 32.50991153717041, -1110399.0, -83210.0)
(187, 32.72639441490173, -1110399.0, -83210.0)
(188, 32.93664288520813, -1110399.0, -83210.0)
(189, 33.147449016571045, -1110399.0, -83210.0)
(190, 33.36182904243469, -1110399.0, -83210.0)
(191, 33.57433319091797, -1110399.0, -83210.0)
(192, 33.7898964881897, -1110399.0, -83210.0)
(193, 34.01068139076233, -1110399.0, -83210.0)
(194, 34.22961711883545, -1110399.0, -83210.0)
(195, 34.45180416107178, -1110399.0, -83210.0)
(196, 34.66860318183899, -1110399.0, -83210.0)
(197, 34.88568663597107, -1110399.0, -83210.0)
(198, 35.10344219207764, -1110399.0, -83210.0)
(199, 35.31990647315979, -1110399.0, -83210.0)
(200, 35.537177324295044, -1110399.0, -83210.0)
(201, 35.75509691238403, -1110399.0, -83210.0)
(202, 35.97330594062805, -1110399.0, -83210.0)
(203, 36.19182324409485, -1110399.0, -83210.0)
(204, 36.40761661529541, -1110399.0, -83210.0)
(205, 36.62767481803894, -1110399.0, -83210.0)
(206, 36.84612274169922, -1110399.0, -83210.0)
(207, 37.06411623954773, -1110399.0, -83210.0)
(208, 37.285889863967896, -1110399.0, -83210.0)
(209, 37.51373815536499, -1110399.0, -83210.0)
(210, 37.731053829193115, -1110399.0, -83210.0)
(211, 37.96210741996765, -1110399.0, -83210.0)
(212, 38.18656086921692, -1110399.0, -83210.0)
(213, 38.408087730407715, -1110399.0, -83210.0)
(214, 38.62987494468689, -1110399.0, -83210.0)
(215, 38.85041689872742, -1110399.0, -83210.0)
(216, 39.08087205886841, -1110399.0, -83210.0)
(217, 39.30607748031616, -1110399.0, -83210.0)
(218, 39.530439138412476, -1110399.0, -83210.0)
(219, 39.759443044662476, -1110399.0, -83210.0)
(220, 39.98222637176514, -1110399.0, -83210.0)
(221, 40.20492100715637, -1110399.0, -83210.0)
(222, 40.43620777130127, -1110399.0, -83210.0)
(223, 40.66604423522949, -1110399.0, -83210.0)
(224, 40.89561581611633, -1110399.0, -83210.0)
(225, 41.120875120162964, -1110399.0, -83210.0)
(226, 41.35438394546509, -1110399.0, -83210.0)
(227, 41.58879280090332, -1110399.0, -83210.0)
(228, 41.81753325462341, -1110399.0, -83210.0)
(229, 42.05080199241638, -1110399.0, -83210.0)
(230, 42.277371883392334, -1110399.0, -83210.0)
(231, 42.50824546813965, -1110399.0, -83210.0)
(232, 42.739126443862915, -1110399.0, -83210.0)
(233, 42.96908378601074, -1110399.0, -83210.0)
(234, 43.194159507751465, -1110399.0, -83210.0)
(235, 43.42924737930298, -1110399.0, -83210.0)
(236, 43.663496255874634, -1110399.0, -83210.0)
(237, 43.898974895477295, -1110399.0, -83210.0)
(238, 44.13173747062683, -1110399.0, -83210.0)
(239, 44.37189030647278, -1110399.0, -83210.0)
(240, 44.60951781272888, -1110399.0, -83210.0)
(241, 44.84341382980347, -1110399.0, -83210.0)
(242, 45.07738256454468, -1110399.0, -83210.0)
(243, 45.308533906936646, -1110399.0, -83210.0)
(244, 45.54232406616211, -1110399.0, -83210.0)
(245, 45.781147718429565, -1110399.0, -83210.0)
(246, 46.0212836265564, -1110399.0, -83210.0)
(247, 46.26953458786011, -1110399.0, -83210.0)
(248, 46.50936579704285, -1110399.0, -83210.0)
(249, 46.758657932281494, -1110399.0, -83210.0)
(250, 46.99769878387451, -1110399.0, -83210.0)
(251, 47.240617990493774, -1110399.0, -83210.0)
(252, 47.48292946815491, -1110399.0, -83210.0)
(253, 47.72328448295593, -1110399.0, -83210.0)
(254, 47.96345114707947, -1110399.0, -83210.0)
(255, 48.20595955848694, -1110399.0, -83210.0)
(256, 48.44609570503235, -1110399.0, -83210.0)
(257, 48.68767046928406, -1110399.0, -83210.0)
(258, 48.9384560585022, -1110399.0, -83210.0)
(259, 49.17437982559204, -1110399.0, -83210.0)
(260, 49.41595411300659, -1110399.0, -83210.0)
(261, 49.66094493865967, -1110399.0, -83210.0)
(262, 49.92295789718628, -1110399.0, -83210.0)
(263, 50.164252042770386, -1110399.0, -83210.0)
(264, 50.412992000579834, -1110399.0, -83210.0)
(265, 50.66222047805786, -1110399.0, -83210.0)
(266, 50.9162700176239, -1110399.0, -83210.0)
(267, 51.1755051612854, -1110399.0, -83210.0)
(268, 51.42544460296631, -1110399.0, -83210.0)
(269, 51.6781804561615, -1110399.0, -83210.0)
(270, 51.92705178260803, -1110399.0, -83210.0)
(271, 52.17108225822449, -1110399.0, -83210.0)
(272, 52.41635489463806, -1110399.0, -83210.0)
(273, 52.66510558128357, -1110399.0, -83210.0)
(274, 52.91525650024414, -1110399.0, -83210.0)
(275, 53.15976905822754, -1110399.0, -83210.0)
(276, 53.40621066093445, -1110399.0, -83210.0)
(277, 53.659112215042114, -1110399.0, -83210.0)
(278, 53.90744400024414, -1110399.0, -83210.0)
(279, 54.15465235710144, -1110399.0, -83210.0)
(280, 54.41291069984436, -1110399.0, -83210.0)
(281, 54.671311140060425, -1110399.0, -83210.0)
(282, 54.928752183914185, -1110399.0, -83210.0)
(283, 55.178866147994995, -1110399.0, -83210.0)
(284, 55.43158793449402, -1110399.0, -83210.0)
(285, 55.685303926467896, -1110399.0, -83210.0)
(286, 55.934897661209106, -1110399.0, -83210.0)
(287, 56.190048694610596, -1110399.0, -83210.0)
(288, 56.440715074539185, -1110399.0, -83210.0)
(289, 56.69459533691406, -1110399.0, -83210.0)
(290, 56.950602293014526, -1110399.0, -83210.0)
(291, 57.19839096069336, -1110399.0, -83210.0)
(292, 57.460450172424316, -1110399.0, -83210.0)
(293, 57.71561908721924, -1110399.0, -83210.0)
(294, 57.98239755630493, -1110399.0, -83210.0)
(295, 58.251877307891846, -1110399.0, -83210.0)
(296, 58.50939726829529, -1110399.0, -83210.0)
(297, 58.779317140579224, -1110399.0, -83210.0)
(298, 59.038835525512695, -1110399.0, -83210.0)
(299, 59.30458378791809, -1110399.0, -83210.0)
(300, 59.55884909629822, -1110399.0, -83210.0)
(301, 59.81819272041321, -1110399.0, -83210.0)
(302, 60.078383684158325, -1110399.0, -83210.0)
(303, 60.3383150100708, -1110399.0, -83210.0)
(304, 60.60101079940796, -1110399.0, -83210.0)
(305, 60.866052865982056, -1110399.0, -83210.0)
(306, 61.129106760025024, -1110399.0, -83210.0)
(307, 61.389744997024536, -1110399.0, -83210.0)
(308, 61.652323722839355, -1110399.0, -83210.0)
(309, 61.916505098342896, -1110399.0, -83210.0)
(310, 62.17509841918945, -1110399.0, -83210.0)
(311, 62.43965673446655, -1110399.0, -83210.0)
(312, 62.70041632652283, -1110399.0, -83210.0)
(313, 62.976295948028564, -1110399.0, -83210.0)
(314, 63.246580839157104, -1110399.0, -83210.0)
(315, 63.532461166381836, -1110399.0, -83210.0)
(316, 63.8096239566803, -1110399.0, -83210.0)
(317, 64.07843852043152, -1110399.0, -83210.0)
(318, 64.35108304023743, -1110399.0, -83210.0)
(319, 64.63214015960693, -1110399.0, -83210.0)
(320, 64.93408060073853, -1110399.0, -83210.0)
(321, 65.23744773864746, -1110399.0, -83210.0)
(322, 65.51077461242676, -1110399.0, -83210.0)
(323, 65.78909182548523, -1110399.0, -83210.0)
(324, 66.05311489105225, -1110399.0, -83210.0)
(325, 66.32335543632507, -1110399.0, -83210.0)
(326, 66.60608005523682, -1110399.0, -83210.0)
(327, 66.87899827957153, -1110399.0, -83210.0)
(328, 67.15986394882202, -1110399.0, -83210.0)
(329, 67.4380829334259, -1110399.0, -83210.0)
(330, 67.70631217956543, -1110399.0, -83210.0)
(331, 67.98310470581055, -1110399.0, -83210.0)
(332, 68.24933791160583, -1110399.0, -83210.0)
(333, 68.53535842895508, -1110399.0, -83210.0)
(334, 68.81457209587097, -1110399.0, -83210.0)
(335, 69.08928084373474, -1110399.0, -83210.0)
(336, 69.36787796020508, -1110399.0, -83210.0)
(337, 69.6579749584198, -1110399.0, -83210.0)
(338, 69.94274997711182, -1110399.0, -83210.0)
(339, 70.23176336288452, -1110399.0, -83210.0)
(340, 70.54548144340515, -1110399.0, -83210.0)
(341, 70.83928036689758, -1110399.0, -83210.0)
(342, 71.14383149147034, -1110399.0, -83210.0)
(343, 71.45582389831543, -1110399.0, -83210.0)
(344, 71.74005699157715, -1110399.0, -83210.0)
(345, 72.01249694824219, -1110399.0, -83210.0)
(346, 72.29015636444092, -1110399.0, -83210.0)
(347, 72.55949807167053, -1110399.0, -83210.0)
(348, 72.82660841941833, -1110399.0, -83210.0)
(349, 73.09938454627991, -1110399.0, -83210.0)
(350, 73.37674045562744, -1110399.0, -83210.0)
(351, 73.65054726600647, -1110399.0, -83210.0)
(352, 73.92458605766296, -1110399.0, -83210.0)
(353, 74.1991593837738, -1110399.0, -83210.0)
(354, 74.48323202133179, -1110399.0, -83210.0)
(355, 74.76207065582275, -1110399.0, -83210.0)
(356, 75.03780746459961, -1110399.0, -83210.0)
(357, 75.31829786300659, -1110399.0, -83210.0)
(358, 75.59477639198303, -1110399.0, -83210.0)
(359, 75.88400340080261, -1110399.0, -83210.0)
(360, 76.16541981697083, -1110399.0, -83210.0)
(361, 76.45154309272766, -1110399.0, -83210.0)
(362, 76.72515678405762, -1110399.0, -83210.0)
(363, 77.0088222026825, -1110399.0, -83210.0)
(364, 77.29166054725647, -1110399.0, -83210.0)
(365, 77.56893873214722, -1110399.0, -83210.0)
(366, 77.85535478591919, -1110399.0, -83210.0)
(367, 78.14075350761414, -1110399.0, -83210.0)
(368, 78.42687511444092, -1110399.0, -83210.0)
(369, 78.71122789382935, -1110399.0, -83210.0)
(370, 78.99500012397766, -1110399.0, -83210.0)
(371, 79.27727890014648, -1110399.0, -83210.0)
(372, 79.56269931793213, -1110399.0, -83210.0)
(373, 79.85029435157776, -1110399.0, -83210.0)
(374, 80.13994789123535, -1110399.0, -83210.0)
(375, 80.42195081710815, -1110399.0, -83210.0)
(376, 80.70974564552307, -1110399.0, -83210.0)
(377, 80.990398645401, -1110399.0, -83210.0)
(378, 81.27726030349731, -1110399.0, -83210.0)
(379, 81.56689977645874, -1110399.0, -83210.0)
(380, 81.85667538642883, -1110399.0, -83210.0)
(381, 82.14654874801636, -1110399.0, -83210.0)
(382, 82.43693733215332, -1110399.0, -83210.0)
(383, 82.73063158988953, -1110399.0, -83210.0)
(384, 83.01795482635498, -1110399.0, -83210.0)
(385, 83.30918431282043, -1110399.0, -83210.0)
(386, 83.60343861579895, -1110399.0, -83210.0)
(387, 83.89247441291809, -1110399.0, -83210.0)
(388, 84.1844232082367, -1110399.0, -83210.0)
(389, 84.47353482246399, -1110399.0, -83210.0)
(390, 84.76618719100952, -1110399.0, -83210.0)
(391, 85.0608777999878, -1110399.0, -83210.0)
(392, 85.34756684303284, -1110399.0, -83210.0)
(393, 85.64092326164246, -1110399.0, -83210.0)
(394, 85.95893454551697, -1110399.0, -83210.0)
(395, 86.26063752174377, -1110399.0, -83210.0)
(396, 86.5556390285492, -1110399.0, -83210.0)
(397, 86.8537609577179, -1110399.0, -83210.0)
(398, 87.14903950691223, -1110399.0, -83210.0)
(399, 87.44208836555481, -1110399.0, -83210.0)
(400, 87.73520541191101, -1110399.0, -83210.0)
(401, 88.02829718589783, -1110399.0, -83210.0)
(402, 88.32649803161621, -1110399.0, -83210.0)
(403, 88.61752772331238, -1110399.0, -83210.0)
(404, 88.91567516326904, -1110399.0, -83210.0)
(405, 89.22777438163757, -1110399.0, -83210.0)
(406, 89.52481460571289, -1110399.0, -83210.0)
(407, 89.81761407852173, -1110399.0, -83210.0)
(408, 90.11910724639893, -1110399.0, -83210.0)
(409, 90.42721033096313, -1110399.0, -83210.0)
(410, 90.73590755462646, -1110399.0, -83210.0)
(411, 91.0511372089386, -1110399.0, -83210.0)
(412, 91.36071515083313, -1110399.0, -83210.0)
(413, 91.69276094436646, -1110399.0, -83210.0)
(414, 92.013836145401, -1110399.0, -83210.0)
(415, 92.32993721961975, -1110399.0, -83210.0)
(416, 92.66560935974121, -1110399.0, -83210.0)
(417, 92.98015928268433, -1110399.0, -83210.0)
(418, 93.28894209861755, -1110399.0, -83210.0)
(419, 93.60613417625427, -1110399.0, -83210.0)
(420, 93.91675329208374, -1110399.0, -83210.0)
(421, 94.22910404205322, -1110399.0, -83210.0)
(422, 94.5376627445221, -1110399.0, -83210.0)
(423, 94.85789823532104, -1110399.0, -83210.0)
(424, 95.17007875442505, -1110399.0, -83210.0)
(425, 95.47935485839844, -1110399.0, -83210.0)
(426, 95.79453635215759, -1110399.0, -83210.0)
(427, 96.10334396362305, -1110399.0, -83210.0)
(428, 96.42210292816162, -1110399.0, -83210.0)
(429, 96.73967933654785, -1110399.0, -83210.0)
(430, 97.05883836746216, -1110399.0, -83210.0)
(431, 97.38095188140869, -1110399.0, -83210.0)
(432, 97.71049118041992, -1110399.0, -83210.0)
(433, 98.02472448348999, -1110399.0, -83210.0)
(434, 98.35027432441711, -1110399.0, -83210.0)
(435, 98.67712926864624, -1110399.0, -83210.0)
(436, 98.9907774925232, -1110399.0, -83210.0)
(437, 99.3026180267334, -1110399.0, -83210.0)
(438, 99.614990234375, -1110399.0, -83210.0)
(439, 99.93218803405762, -1110399.0, -83210.0)
(440, 100.24740290641785, -1110399.0, -83210.0)
(441, 100.57666301727295, -1110399.0, -83210.0)
(442, 100.89939665794373, -1110399.0, -83210.0)
(443, 101.22126889228821, -1110399.0, -83210.0)
(444, 101.55322313308716, -1110399.0, -83210.0)
(445, 101.90361499786377, -1110399.0, -83210.0)
(446, 102.24288702011108, -1110399.0, -83210.0)
(447, 102.6025059223175, -1110399.0, -83210.0)
(448, 102.9477059841156, -1110399.0, -83210.0)
(449, 103.28831934928894, -1110399.0, -83210.0)
(450, 103.62089514732361, -1110399.0, -83210.0)
(451, 103.94363188743591, -1110399.0, -83210.0)
(452, 104.26125621795654, -1110399.0, -83210.0)
(453, 104.5830991268158, -1110399.0, -83210.0)
(454, 104.9116051197052, -1110399.0, -83210.0)
(455, 105.23376131057739, -1110399.0, -83210.0)
(456, 105.56151151657104, -1110399.0, -83210.0)
(457, 105.90093636512756, -1110399.0, -83210.0)
(458, 106.2245888710022, -1110399.0, -83210.0)
(459, 106.55338263511658, -1110399.0, -83210.0)
(460, 106.88519620895386, -1110399.0, -83210.0)
(461, 107.2132933139801, -1110399.0, -83210.0)
(462, 107.54549956321716, -1110399.0, -83210.0)
(463, 107.870445728302, -1110399.0, -83210.0)
(464, 108.20214819908142, -1110399.0, -83210.0)
(465, 108.5361955165863, -1110399.0, -83210.0)
(466, 108.87181568145752, -1110399.0, -83210.0)
(467, 109.2144775390625, -1110399.0, -83210.0)
(468, 109.53350329399109, -1110399.0, -83210.0)
(469, 109.85571217536926, -1110399.0, -83210.0)
(470, 110.21946907043457, -1110399.0, -83210.0)
(471, 110.56004905700684, -1110399.0, -83210.0)
(472, 110.90023016929626, -1110399.0, -83210.0)
(473, 111.24662923812866, -1110399.0, -83210.0)
(474, 111.5858850479126, -1110399.0, -83210.0)
(475, 111.91479659080505, -1110399.0, -83210.0)
(476, 112.26431655883789, -1110399.0, -83210.0)
(477, 112.6040997505188, -1110399.0, -83210.0)
(478, 112.94669222831726, -1110399.0, -83210.0)
(479, 113.28502225875854, -1110399.0, -83210.0)
(480, 113.62840223312378, -1110399.0, -83210.0)
(481, 113.97314047813416, -1110399.0, -83210.0)
(482, 114.31090521812439, -1110399.0, -83210.0)
(483, 114.65508365631104, -1110399.0, -83210.0)
(484, 114.98662757873535, -1110399.0, -83210.0)
(485, 115.31684994697571, -1110399.0, -83210.0)
(486, 115.66571545600891, -1110399.0, -83210.0)
(487, 116.01059365272522, -1110399.0, -83210.0)
(488, 116.34777760505676, -1110399.0, -83210.0)
(489, 116.70626497268677, -1110399.0, -83210.0)
(490, 117.04941272735596, -1110399.0, -83210.0)
(491, 117.4149284362793, -1110399.0, -83210.0)
(492, 117.78705382347107, -1110399.0, -83210.0)
(493, 118.15150117874146, -1110399.0, -83210.0)
(494, 118.5376660823822, -1110399.0, -83210.0)
(495, 118.89846730232239, -1110399.0, -83210.0)
(496, 119.25447583198547, -1110399.0, -83210.0)
(497, 119.61148738861084, -1110399.0, -83210.0)
(498, 119.97721076011658, -1110399.0, -83210.0)
(499, 120.32680296897888, -1110399.0, -83210.0)
(500, 120.68791818618774, -1110399.0, -83210.0)
(501, 121.05841636657715, -1110399.0, -83210.0)
(502, 121.42477369308472, -1110399.0, -83210.0)
(503, 121.79151368141174, -1110399.0, -83210.0)
(504, 122.1723279953003, -1110399.0, -83210.0)
(505, 122.53063702583313, -1110399.0, -83210.0)
(506, 122.91181063652039, -1110399.0, -83210.0)
(507, 123.3124361038208, -1110399.0, -83210.0)
(508, 123.68783950805664, -1110399.0, -83210.0)
(509, 124.03621554374695, -1110399.0, -83210.0)
(510, 124.40916895866394, -1110399.0, -83210.0)
(511, 124.76261925697327, -1110399.0, -83210.0)
(512, 125.11631655693054, -1110399.0, -83210.0)
(513, 125.47493410110474, -1110399.0, -83210.0)
(514, 125.8393816947937, -1110399.0, -83210.0)
(515, 126.20542454719543, -1110399.0, -83210.0)
(516, 126.56140875816345, -1110399.0, -83210.0)
(517, 126.92745852470398, -1110399.0, -83210.0)
(518, 127.27734756469727, -1110399.0, -83210.0)
(519, 127.62385368347168, -1110399.0, -83210.0)
(520, 128.00535440444946, -1110399.0, -83210.0)
(521, 128.3655505180359, -1110399.0, -83210.0)
(522, 128.73420119285583, -1110399.0, -83210.0)
(523, 129.09913420677185, -1110399.0, -83210.0)
(524, 129.4760262966156, -1110399.0, -83210.0)
(525, 129.84540820121765, -1110399.0, -83210.0)
(526, 130.20370078086853, -1110399.0, -83210.0)
(527, 130.561452627182, -1110399.0, -83210.0)
(528, 130.92243647575378, -1110399.0, -83210.0)
(529, 131.29983639717102, -1110399.0, -83210.0)
(530, 131.6733422279358, -1110399.0, -83210.0)
(531, 132.0483593940735, -1110399.0, -83210.0)
(532, 132.41724753379822, -1110399.0, -83210.0)
(533, 132.78561806678772, -1110399.0, -83210.0)
(534, 133.14625763893127, -1110399.0, -83210.0)
(535, 133.52488684654236, -1110399.0, -83210.0)
(536, 133.90835785865784, -1110399.0, -83210.0)
(537, 134.28926706314087, -1110399.0, -83210.0)
(538, 134.66184949874878, -1110399.0, -83210.0)
(539, 135.05169558525085, -1110399.0, -83210.0)
(540, 135.4239525794983, -1110399.0, -83210.0)
(541, 135.8017795085907, -1110399.0, -83210.0)
(542, 136.18703484535217, -1110399.0, -83210.0)
(543, 136.57821893692017, -1110399.0, -83210.0)
(544, 136.94916129112244, -1110399.0, -83210.0)
(545, 137.3327088356018, -1110399.0, -83210.0)
(546, 137.71674513816833, -1110399.0, -83210.0)
(547, 138.10623908042908, -1110399.0, -83210.0)
(548, 138.47938132286072, -1110399.0, -83210.0)
(549, 138.86308002471924, -1110399.0, -83210.0)
(550, 139.2566545009613, -1110399.0, -83210.0)
(551, 139.6385018825531, -1110399.0, -83210.0)
(552, 140.01535296440125, -1110399.0, -83210.0)
(553, 140.39418816566467, -1110399.0, -83210.0)
(554, 140.8123140335083, -1110399.0, -83210.0)
(555, 141.21403765678406, -1110399.0, -83210.0)
(556, 141.62669014930725, -1110399.0, -83210.0)
(557, 142.0337643623352, -1110399.0, -83210.0)
(558, 142.42588114738464, -1110399.0, -83210.0)
(559, 142.82440304756165, -1110399.0, -83210.0)
(560, 143.22821855545044, -1110399.0, -83210.0)
(561, 143.6138277053833, -1110399.0, -83210.0)
(562, 144.01183438301086, -1110399.0, -83210.0)
(563, 144.4214518070221, -1110399.0, -83210.0)
(564, 144.86069440841675, -1110399.0, -83210.0)
(565, 145.31613516807556, -1110399.0, -83210.0)
(566, 145.77599930763245, -1110399.0, -83210.0)
(567, 146.1895248889923, -1110399.0, -83210.0)
(568, 146.60194373130798, -1110399.0, -83210.0)
(569, 147.02526903152466, -1110399.0, -83210.0)
(570, 147.44982981681824, -1110399.0, -83210.0)
(571, 147.86987781524658, -1110399.0, -83210.0)
(572, 148.27750945091248, -1110399.0, -83210.0)
(573, 148.69586896896362, -1110399.0, -83210.0)
(574, 149.12794613838196, -1110399.0, -83210.0)
(575, 149.53539967536926, -1110399.0, -83210.0)
(576, 149.9565715789795, -1110399.0, -83210.0)
(577, 150.3724284172058, -1110399.0, -83210.0)
(578, 150.7883050441742, -1110399.0, -83210.0)
(579, 151.2052767276764, -1110399.0, -83210.0)
(580, 151.6154386997223, -1110399.0, -83210.0)
(581, 152.02281713485718, -1110399.0, -83210.0)
(582, 152.42451190948486, -1110399.0, -83210.0)
(583, 152.82269883155823, -1110399.0, -83210.0)
(584, 153.21734023094177, -1110399.0, -83210.0)
(585, 153.60996341705322, -1110399.0, -83210.0)
(586, 154.0175178050995, -1110399.0, -83210.0)
(587, 154.4256627559662, -1110399.0, -83210.0)
(588, 154.8466272354126, -1110399.0, -83210.0)
(589, 155.26998496055603, -1110399.0, -83210.0)
(590, 155.68876433372498, -1110399.0, -83210.0)
(591, 156.10432052612305, -1110399.0, -83210.0)
(592, 156.51919198036194, -1110399.0, -83210.0)
(593, 156.93444633483887, -1110399.0, -83210.0)
(594, 157.34537649154663, -1110399.0, -83210.0)
(595, 157.77245426177979, -1110399.0, -83210.0)
(596, 158.17768359184265, -1110399.0, -83210.0)
(597, 158.56501293182373, -1110399.0, -83210.0)
(598, 158.98656582832336, -1110399.0, -83210.0)
(599, 159.41495323181152, -1110399.0, -83210.0)
(600, 159.85338187217712, -1110399.0, -83210.0)
(601, 160.29619789123535, -1110399.0, -83210.0)
(602, 160.73069071769714, -1110399.0, -83210.0)
(603, 161.17463612556458, -1110399.0, -83210.0)
(604, 161.63395857810974, -1110399.0, -83210.0)
(605, 162.0583746433258, -1110399.0, -83210.0)
(606, 162.47434949874878, -1110399.0, -83210.0)
(607, 162.8872230052948, -1110399.0, -83210.0)
(608, 163.300048828125, -1110399.0, -83210.0)
(609, 163.72477769851685, -1110399.0, -83210.0)
(610, 164.15076875686646, -1110399.0, -83210.0)
(611, 164.58831810951233, -1110399.0, -83210.0)
(612, 165.019268989563, -1110399.0, -83210.0)
(613, 165.46560788154602, -1110399.0, -83210.0)
(614, 165.9214265346527, -1110399.0, -83210.0)
(615, 166.36241698265076, -1110399.0, -83210.0)
(616, 166.82521414756775, -1110399.0, -83210.0)
(617, 167.29117727279663, -1110399.0, -83210.0)
(618, 167.74652433395386, -1110399.0, -83210.0)
(619, 168.1849639415741, -1110399.0, -83210.0)
(620, 168.6378767490387, -1110399.0, -83210.0)
(621, 169.08712148666382, -1110399.0, -83210.0)
(622, 169.55304861068726, -1110399.0, -83210.0)
(623, 170.00124883651733, -1110399.0, -83210.0)
(624, 170.42690110206604, -1110399.0, -83210.0)
(625, 170.86057233810425, -1110399.0, -83210.0)
(626, 171.2871117591858, -1110399.0, -83210.0)
(627, 171.72325587272644, -1110399.0, -83210.0)
(628, 172.1604404449463, -1110399.0, -83210.0)
(629, 172.5883252620697, -1110399.0, -83210.0)
(630, 173.0368800163269, -1110399.0, -83210.0)
(631, 173.47285103797913, -1110399.0, -83210.0)
(632, 173.90712451934814, -1110399.0, -83210.0)
(633, 174.35428285598755, -1110399.0, -83210.0)
(634, 174.81144309043884, -1110399.0, -83210.0)
(635, 175.24291610717773, -1110399.0, -83210.0)
(636, 175.67583012580872, -1110399.0, -83210.0)
(637, 176.1238658428192, -1110399.0, -83210.0)
(638, 176.56410455703735, -1110399.0, -83210.0)
(639, 177.00480318069458, -1110399.0, -83210.0)
(640, 177.42918968200684, -1110399.0, -83210.0)
(641, 177.85225129127502, -1110399.0, -83210.0)
(642, 178.29265332221985, -1110399.0, -83210.0)
(643, 178.7475574016571, -1110399.0, -83210.0)
(644, 179.22555685043335, -1110399.0, -83210.0)
(645, 179.71653771400452, -1110399.0, -83210.0)
(646, 180.1930890083313, -1110399.0, -83210.0)
(647, 180.7080593109131, -1110399.0, -83210.0)
(648, 181.2136948108673, -1110399.0, -83210.0)
(649, 181.65151643753052, -1110399.0, -83210.0)
(650, 182.10458779335022, -1110399.0, -83210.0)
(651, 182.54248642921448, -1110399.0, -83210.0)
(652, 182.98700857162476, -1110399.0, -83210.0)
(653, 183.41710329055786, -1110399.0, -83210.0)
(654, 183.8583333492279, -1110399.0, -83210.0)
(655, 184.29344153404236, -1110399.0, -83210.0)
(656, 184.72905802726746, -1110399.0, -83210.0)
(657, 185.1847517490387, -1110399.0, -83210.0)
(658, 185.64650964736938, -1110399.0, -83210.0)
(659, 186.0945074558258, -1110399.0, -83210.0)
(660, 186.53833484649658, -1110399.0, -83210.0)
(661, 186.98749494552612, -1110399.0, -83210.0)
(662, 187.43074345588684, -1110399.0, -83210.0)
(663, 187.8721523284912, -1110399.0, -83210.0)
(664, 188.32714700698853, -1110399.0, -83210.0)
(665, 188.77169132232666, -1110399.0, -83210.0)
(666, 189.22908997535706, -1110399.0, -83210.0)
(667, 189.68097591400146, -1110399.0, -83210.0)
(668, 190.1230115890503, -1110399.0, -83210.0)
(669, 190.59780406951904, -1110399.0, -83210.0)
(670, 191.07253336906433, -1110399.0, -83210.0)
(671, 191.52440309524536, -1110399.0, -83210.0)
(672, 191.9755482673645, -1110399.0, -83210.0)
(673, 192.42901849746704, -1110399.0, -83210.0)
(674, 192.87193131446838, -1110399.0, -83210.0)
(675, 193.31949543952942, -1110399.0, -83210.0)
(676, 193.7631483078003, -1110399.0, -83210.0)
(677, 194.21320748329163, -1110399.0, -83210.0)
(678, 194.6568887233734, -1110399.0, -83210.0)
(679, 195.09384989738464, -1110399.0, -83210.0)
(680, 195.5390362739563, -1110399.0, -83210.0)
(681, 195.97703218460083, -1110399.0, -83210.0)
(682, 196.4210844039917, -1110399.0, -83210.0)
(683, 196.86162400245667, -1110399.0, -83210.0)
(684, 197.3008201122284, -1110399.0, -83210.0)
(685, 197.7610001564026, -1110399.0, -83210.0)
(686, 198.22356867790222, -1110399.0, -83210.0)
(687, 198.67930793762207, -1110399.0, -83210.0)
(688, 199.11981534957886, -1110399.0, -83210.0)
(689, 199.57440423965454, -1110399.0, -83210.0)
(690, 200.02185034751892, -1110399.0, -83210.0)
(691, 200.46910953521729, -1110399.0, -83210.0)
(692, 200.90515899658203, -1110399.0, -83210.0)
(693, 201.34883999824524, -1110399.0, -83210.0)
(694, 201.80756163597107, -1110399.0, -83210.0)
(695, 202.26591968536377, -1110399.0, -83210.0)
(696, 202.7326533794403, -1110399.0, -83210.0)
(697, 203.1883840560913, -1110399.0, -83210.0)
(698, 203.6442255973816, -1110399.0, -83210.0)
(699, 204.1029462814331, -1110399.0, -83210.0)
(700, 204.5680456161499, -1110399.0, -83210.0)
(701, 205.02862215042114, -1110399.0, -83210.0)
(702, 205.48363780975342, -1110399.0, -83210.0)
(703, 205.95186281204224, -1110399.0, -83210.0)
(704, 206.41640758514404, -1110399.0, -83210.0)
(705, 206.87395024299622, -1110399.0, -83210.0)
(706, 207.35317015647888, -1110399.0, -83210.0)
(707, 207.82488632202148, -1110399.0, -83210.0)
(708, 208.29895877838135, -1110399.0, -83210.0)
(709, 208.78105974197388, -1110399.0, -83210.0)
(710, 209.26392889022827, -1110399.0, -83210.0)
(711, 209.72207283973694, -1110399.0, -83210.0)
(712, 210.20634603500366, -1110399.0, -83210.0)
(713, 210.68086504936218, -1110399.0, -83210.0)
(714, 211.19255304336548, -1110399.0, -83210.0)
(715, 211.69882774353027, -1110399.0, -83210.0)
(716, 212.23825311660767, -1110399.0, -83210.0)
(717, 212.70915818214417, -1110399.0, -83210.0)
(718, 213.19675064086914, -1110399.0, -83210.0)
(719, 213.66910219192505, -1110399.0, -83210.0)
(720, 214.13894128799438, -1110399.0, -83210.0)
(721, 214.6188051700592, -1110399.0, -83210.0)
(722, 215.09497332572937, -1110399.0, -83210.0)
(723, 215.57862520217896, -1110399.0, -83210.0)
(724, 216.06808710098267, -1110399.0, -83210.0)
(725, 216.5527367591858, -1110399.0, -83210.0)
(726, 217.02876830101013, -1110399.0, -83210.0)
(727, 217.491947889328, -1110399.0, -83210.0)
(728, 217.9570014476776, -1110399.0, -83210.0)
(729, 218.4413025379181, -1110399.0, -83210.0)
(730, 218.9205219745636, -1110399.0, -83210.0)
(731, 219.4286711215973, -1110399.0, -83210.0)
(732, 219.90653586387634, -1110399.0, -83210.0)
(733, 220.38946676254272, -1110399.0, -83210.0)
(734, 220.87959218025208, -1110399.0, -83210.0)
(735, 221.35791778564453, -1110399.0, -83210.0)
(736, 221.83942294120789, -1110399.0, -83210.0)
(737, 222.3347532749176, -1110399.0, -83210.0)
(738, 222.8192582130432, -1110399.0, -83210.0)
(739, 223.29758548736572, -1110399.0, -83210.0)
(740, 223.78504490852356, -1110399.0, -83210.0)
(741, 224.30457377433777, -1110399.0, -83210.0)
(742, 224.7937774658203, -1110399.0, -83210.0)
(743, 225.28078937530518, -1110399.0, -83210.0)
(744, 225.81389927864075, -1110399.0, -83210.0)
(745, 226.33240485191345, -1110399.0, -83210.0)
(746, 226.8422691822052, -1110399.0, -83210.0)
(747, 227.3372905254364, -1110399.0, -83210.0)
(748, 227.8631067276001, -1110399.0, -83210.0)
(749, 228.36842846870422, -1110399.0, -83210.0)
(750, 228.87183046340942, -1110399.0, -83210.0)
(751, 229.36068868637085, -1110399.0, -83210.0)
(752, 229.91299414634705, -1110399.0, -83210.0)
(753, 230.43281841278076, -1110399.0, -83210.0)
(754, 230.9693865776062, -1110399.0, -83210.0)
(755, 231.48477935791016, -1110399.0, -83210.0)
(756, 232.00764226913452, -1110399.0, -83210.0)
(757, 232.50632786750793, -1110399.0, -83210.0)
(758, 233.0258810520172, -1110399.0, -83210.0)
(759, 233.5436553955078, -1110399.0, -83210.0)
(760, 234.0553433895111, -1110399.0, -83210.0)
(761, 234.58410358428955, -1110399.0, -83210.0)
(762, 235.09423089027405, -1110399.0, -83210.0)
(763, 235.59111952781677, -1110399.0, -83210.0)
(764, 236.10999155044556, -1110399.0, -83210.0)
(765, 236.6074252128601, -1110399.0, -83210.0)
(766, 237.11675453186035, -1110399.0, -83210.0)
(767, 237.63447451591492, -1110399.0, -83210.0)
(768, 238.15384912490845, -1110399.0, -83210.0)
(769, 238.67790579795837, -1110399.0, -83210.0)
(770, 239.21590280532837, -1110399.0, -83210.0)
(771, 239.7532618045807, -1110399.0, -83210.0)
(772, 240.25245690345764, -1110399.0, -83210.0)
(773, 240.77531719207764, -1110399.0, -83210.0)
(774, 241.29063248634338, -1110399.0, -83210.0)
(775, 241.80795049667358, -1110399.0, -83210.0)
(776, 242.34030079841614, -1110399.0, -83210.0)
(777, 242.860497713089, -1110399.0, -83210.0)
(778, 243.37104153633118, -1110399.0, -83210.0)
(779, 243.89753651618958, -1110399.0, -83210.0)
(780, 244.4148190021515, -1110399.0, -83210.0)
(781, 244.94481468200684, -1110399.0, -83210.0)
(782, 245.463219165802, -1110399.0, -83210.0)
(783, 245.99152326583862, -1110399.0, -83210.0)
(784, 246.51895809173584, -1110399.0, -83210.0)
(785, 247.04319071769714, -1110399.0, -83210.0)
(786, 247.59902596473694, -1110399.0, -83210.0)
(787, 248.15707993507385, -1110399.0, -83210.0)
(788, 248.70976066589355, -1110399.0, -83210.0)
(789, 249.30215978622437, -1110399.0, -83210.0)
(790, 249.88517785072327, -1110399.0, -83210.0)
(791, 250.43578386306763, -1110399.0, -83210.0)
(792, 250.96072912216187, -1110399.0, -83210.0)
(793, 251.46984601020813, -1110399.0, -83210.0)
(794, 251.98548126220703, -1110399.0, -83210.0)
(795, 252.50687265396118, -1110399.0, -83210.0)
(796, 253.03721022605896, -1110399.0, -83210.0)
(797, 253.55877256393433, -1110399.0, -83210.0)
(798, 254.091082572937, -1110399.0, -83210.0)
(799, 254.61879301071167, -1110399.0, -83210.0)
(800, 255.13395071029663, -1110399.0, -83210.0)
(801, 255.6514904499054, -1110399.0, -83210.0)
(802, 256.1933825016022, -1110399.0, -83210.0)
(803, 256.7185368537903, -1110399.0, -83210.0)
(804, 257.2426223754883, -1110399.0, -83210.0)
(805, 257.7669687271118, -1110399.0, -83210.0)
(806, 258.32361125946045, -1110399.0, -83210.0)
(807, 258.8495063781738, -1110399.0, -83210.0)
(808, 259.4146807193756, -1110399.0, -83210.0)
(809, 259.95688247680664, -1110399.0, -83210.0)
(810, 260.4979066848755, -1110399.0, -83210.0)
(811, 261.04374265670776, -1110399.0, -83210.0)
(812, 261.6040484905243, -1110399.0, -83210.0)
(813, 262.17863845825195, -1110399.0, -83210.0)
(814, 262.72853922843933, -1110399.0, -83210.0)
(815, 263.30791449546814, -1110399.0, -83210.0)
(816, 263.85856580734253, -1110399.0, -83210.0)
(817, 264.41047525405884, -1110399.0, -83210.0)
(818, 264.99079036712646, -1110399.0, -83210.0)
(819, 265.5275385379791, -1110399.0, -83210.0)
(820, 266.075834274292, -1110399.0, -83210.0)
(821, 266.61630392074585, -1110399.0, -83210.0)
(822, 267.15966629981995, -1110399.0, -83210.0)
(823, 267.71648621559143, -1110399.0, -83210.0)
(824, 268.2714374065399, -1110399.0, -83210.0)
(825, 268.8036229610443, -1110399.0, -83210.0)
(826, 269.33457612991333, -1110399.0, -83210.0)
(827, 269.86541271209717, -1110399.0, -83210.0)
(828, 270.43565583229065, -1110399.0, -83210.0)
(829, 270.9999601840973, -1110399.0, -83210.0)
(830, 271.52867245674133, -1110399.0, -83210.0)
(831, 272.0704183578491, -1110399.0, -83210.0)
(832, 272.60036754608154, -1110399.0, -83210.0)
(833, 273.16459608078003, -1110399.0, -83210.0)
(834, 273.70154786109924, -1110399.0, -83210.0)
(835, 274.27090334892273, -1110399.0, -83210.0)
(836, 274.84621381759644, -1110399.0, -83210.0)
(837, 275.4062387943268, -1110399.0, -83210.0)
(838, 275.9483599662781, -1110399.0, -83210.0)
(839, 276.54909467697144, -1110399.0, -83210.0)
(840, 277.12671399116516, -1110399.0, -83210.0)
(841, 277.7337086200714, -1110399.0, -83210.0)
(842, 278.2773325443268, -1110399.0, -83210.0)
(843, 278.8225591182709, -1110399.0, -83210.0)
(844, 279.3802785873413, -1110399.0, -83210.0)
(845, 279.92194867134094, -1110399.0, -83210.0)
(846, 280.4864881038666, -1110399.0, -83210.0)
(847, 281.03461599349976, -1110399.0, -83210.0)
(848, 281.574919462204, -1110399.0, -83210.0)
(849, 282.1407024860382, -1110399.0, -83210.0)
(850, 282.7162871360779, -1110399.0, -83210.0)
(851, 283.3091411590576, -1110399.0, -83210.0)
(852, 283.8775086402893, -1110399.0, -83210.0)
(853, 284.439044713974, -1110399.0, -83210.0)
(854, 285.0072555541992, -1110399.0, -83210.0)
(855, 285.582022190094, -1110399.0, -83210.0)
(856, 286.19286274909973, -1110399.0, -83210.0)
(857, 286.7673692703247, -1110399.0, -83210.0)
(858, 287.35258173942566, -1110399.0, -83210.0)
(859, 287.925883769989, -1110399.0, -83210.0)
(860, 288.4992501735687, -1110399.0, -83210.0)
(861, 289.09557819366455, -1110399.0, -83210.0)
(862, 289.68066668510437, -1110399.0, -83210.0)
(863, 290.2616345882416, -1110399.0, -83210.0)
(864, 290.86909079551697, -1110399.0, -83210.0)
(865, 291.4514636993408, -1110399.0, -83210.0)
(866, 292.0449755191803, -1110399.0, -83210.0)
(867, 292.62310314178467, -1110399.0, -83210.0)
(868, 293.19294691085815, -1110399.0, -83210.0)
(869, 293.76311588287354, -1110399.0, -83210.0)
(870, 294.3515226840973, -1110399.0, -83210.0)
(871, 294.93409180641174, -1110399.0, -83210.0)
(872, 295.5370533466339, -1110399.0, -83210.0)
(873, 296.1169664859772, -1110399.0, -83210.0)
(874, 296.73409152030945, -1110399.0, -83210.0)
(875, 297.31386518478394, -1110399.0, -83210.0)
(876, 297.9151511192322, -1110399.0, -83210.0)
(877, 298.5480360984802, -1110399.0, -83210.0)
(878, 299.153892993927, -1110399.0, -83210.0)
(879, 299.73918890953064, -1110399.0, -83210.0)
(880, 300.3294610977173, -1110399.0, -83210.0)
(881, 300.887508392334, -1110399.0, -83210.0)
(882, 301.4860608577728, -1110399.0, -83210.0)
(883, 302.1438865661621, -1110399.0, -83210.0)
(884, 302.745796918869, -1110399.0, -83210.0)
(885, 303.3549916744232, -1110399.0, -83210.0)
(886, 303.98725152015686, -1110399.0, -83210.0)
(887, 304.5972058773041, -1110399.0, -83210.0)
(888, 305.19000816345215, -1110399.0, -83210.0)
(889, 305.8047034740448, -1110399.0, -83210.0)
(890, 306.40223598480225, -1110399.0, -83210.0)
(891, 307.00207448005676, -1110399.0, -83210.0)
(892, 307.6538107395172, -1110399.0, -83210.0)
(893, 308.29732179641724, -1110399.0, -83210.0)
(894, 308.90737795829773, -1110399.0, -83210.0)
(895, 309.5543920993805, -1110399.0, -83210.0)
(896, 310.22756934165955, -1110399.0, -83210.0)
(897, 310.82011246681213, -1110399.0, -83210.0)
(898, 311.49076223373413, -1110399.0, -83210.0)
(899, 312.1967942714691, -1110399.0, -83210.0)
(900, 312.8213436603546, -1110399.0, -83210.0)
(901, 313.461608171463, -1110399.0, -83210.0)
(902, 314.07237100601196, -1110399.0, -83210.0)
(903, 314.71344208717346, -1110399.0, -83210.0)
(904, 315.31592416763306, -1110399.0, -83210.0)
(905, 315.9403898715973, -1110399.0, -83210.0)
(906, 316.57246255874634, -1110399.0, -83210.0)
(907, 317.20732593536377, -1110399.0, -83210.0)
(908, 317.8738443851471, -1110399.0, -83210.0)
(909, 318.48721742630005, -1110399.0, -83210.0)
(910, 319.10825300216675, -1110399.0, -83210.0)
(911, 319.7379081249237, -1110399.0, -83210.0)
(912, 320.38888907432556, -1110399.0, -83210.0)
(913, 321.04449367523193, -1110399.0, -83210.0)
(914, 321.68042397499084, -1110399.0, -83210.0)
(915, 322.29567551612854, -1110399.0, -83210.0)
(916, 322.92569971084595, -1110399.0, -83210.0)
(917, 323.5480673313141, -1110399.0, -83210.0)
(918, 324.17443895339966, -1110399.0, -83210.0)
(919, 324.8240466117859, -1110399.0, -83210.0)
(920, 325.4324321746826, -1110399.0, -83210.0)
(921, 326.03048300743103, -1110399.0, -83210.0)
(922, 326.63848638534546, -1110399.0, -83210.0)
(923, 327.26791882514954, -1110399.0, -83210.0)
(924, 327.93117094039917, -1110399.0, -83210.0)
(925, 328.5810434818268, -1110399.0, -83210.0)
(926, 329.2453820705414, -1110399.0, -83210.0)
(927, 329.8968143463135, -1110399.0, -83210.0)
(928, 330.55234932899475, -1110399.0, -83210.0)
(929, 331.1936092376709, -1110399.0, -83210.0)
(930, 331.828280210495, -1110399.0, -83210.0)
(931, 332.46903443336487, -1110399.0, -83210.0)
(932, 333.11103200912476, -1110399.0, -83210.0)
(933, 333.7240047454834, -1110399.0, -83210.0)
(934, 334.3676187992096, -1110399.0, -83210.0)
(935, 335.05388712882996, -1110399.0, -83210.0)
(936, 335.68202114105225, -1110399.0, -83210.0)
(937, 336.287070274353, -1110399.0, -83210.0)
(938, 336.944607257843, -1110399.0, -83210.0)
(939, 337.55337142944336, -1110399.0, -83210.0)
(940, 338.19052624702454, -1110399.0, -83210.0)
(941, 338.8359491825104, -1110399.0, -83210.0)
(942, 339.4829103946686, -1110399.0, -83210.0)
(943, 340.12994408607483, -1110399.0, -83210.0)
(944, 340.7626028060913, -1110399.0, -83210.0)
(945, 341.35994052886963, -1110399.0, -83210.0)
(946, 342.01010489463806, -1110399.0, -83210.0)
(947, 342.66309332847595, -1110399.0, -83210.0)
(948, 343.2916476726532, -1110399.0, -83210.0)
(949, 343.9536097049713, -1110399.0, -83210.0)
(950, 344.57778763771057, -1110399.0, -83210.0)
(951, 345.25074577331543, -1110399.0, -83210.0)
(952, 345.9012989997864, -1110399.0, -83210.0)
(953, 346.5636203289032, -1110399.0, -83210.0)
(954, 347.23594880104065, -1110399.0, -83210.0)
(955, 347.93345046043396, -1110399.0, -83210.0)
(956, 348.651508808136, -1110399.0, -83210.0)
(957, 349.37907004356384, -1110399.0, -83210.0)
(958, 350.0646376609802, -1110399.0, -83210.0)
(959, 350.86802649497986, -1110399.0, -83210.0)
(960, 351.6702616214752, -1110399.0, -83210.0)
(961, 352.36131858825684, -1110399.0, -83210.0)
(962, 353.07100105285645, -1110399.0, -83210.0)
(963, 353.7389612197876, -1110399.0, -83210.0)
(964, 354.39702820777893, -1110399.0, -83210.0)
(965, 355.0527141094208, -1110399.0, -83210.0)
(966, 355.73527908325195, -1110399.0, -83210.0)
(967, 356.43419218063354, -1110399.0, -83210.0)
(968, 357.09504890441895, -1110399.0, -83210.0)
(969, 357.7774817943573, -1110399.0, -83210.0)
(970, 358.46100974082947, -1110399.0, -83210.0)
(971, 359.1108224391937, -1110399.0, -83210.0)
(972, 359.77830052375793, -1110399.0, -83210.0)
(973, 360.431040763855, -1110399.0, -83210.0)
(974, 361.0633246898651, -1110399.0, -83210.0)
(975, 361.710431098938, -1110399.0, -83210.0)
(976, 362.3322203159332, -1110399.0, -83210.0)
(977, 362.9927668571472, -1110399.0, -83210.0)
(978, 363.69562578201294, -1110399.0, -83210.0)
(979, 364.35345673561096, -1110399.0, -83210.0)
(980, 365.09128499031067, -1110399.0, -83210.0)
(981, 365.742769241333, -1110399.0, -83210.0)
(982, 366.39000368118286, -1110399.0, -83210.0)
(983, 367.0514278411865, -1110399.0, -83210.0)
(984, 367.72526240348816, -1110399.0, -83210.0)
(985, 368.4119784832001, -1110399.0, -83210.0)
(986, 369.0949778556824, -1110399.0, -83210.0)
(987, 369.71963906288147, -1110399.0, -83210.0)
(988, 370.4411962032318, -1110399.0, -83210.0)
(989, 371.1486053466797, -1110399.0, -83210.0)
(990, 371.83682012557983, -1110399.0, -83210.0)
(991, 372.50256633758545, -1110399.0, -83210.0)
(992, 373.1780548095703, -1110399.0, -83210.0)
(993, 373.85020899772644, -1110399.0, -83210.0)
(994, 374.5250391960144, -1110399.0, -83210.0)
(995, 375.1834168434143, -1110399.0, -83210.0)
(996, 375.8456172943115, -1110399.0, -83210.0)
(997, 376.5060148239136, -1110399.0, -83210.0)
(998, 377.21655654907227, -1110399.0, -83210.0)
(999, 377.890597820282, -1110399.0, -83210.0)
(1000, 378.5701174736023, -1110399.0, -83210.0)
