(1, 0.2064528465270996, -2402211.0, -67687.0)
(2, 0.40059518814086914, -2402211.0, -67687.0)
(3, 0.5951037406921387, -2402211.0, -67687.0)
(4, 0.788494348526001, -2402211.0, -67687.0)
(5, 0.9817414283752441, -2402211.0, -67687.0)
(6, 1.1761698722839355, -2402211.0, -67687.0)
(7, 1.3713693618774414, -2402211.0, -67687.0)
(8, 1.5673127174377441, -2402211.0, -67687.0)
(9, 1.7634034156799316, -2402211.0, -67687.0)
(10, 1.9592113494873047, -2402211.0, -67687.0)
(11, 2.155790090560913, -2402211.0, -67687.0)
(12, 2.3532156944274902, -2402211.0, -67687.0)
(13, 2.5510435104370117, -2402211.0, -67687.0)
(14, 2.7494850158691406, -2402211.0, -67687.0)
(15, 2.9484269618988037, -2402211.0, -67687.0)
(16, 3.1481430530548096, -2402211.0, -67687.0)
(17, 3.3480212688446045, -2402211.0, -67687.0)
(18, 3.5488691329956055, -2402211.0, -67687.0)
(19, 3.750056266784668, -2402211.0, -67687.0)
(20, 3.9509201049804688, -2402211.0, -67687.0)
(21, 4.153213977813721, -2402211.0, -67687.0)
(22, 4.355595827102661, -2402211.0, -67687.0)
(23, 4.558446645736694, -2402211.0, -67687.0)
(24, 4.7621376514434814, -2402211.0, -67687.0)
(25, 4.965086936950684, -2402211.0, -67687.0)
(26, 5.170232772827148, -2402211.0, -67687.0)
(27, 5.3759238719940186, -2402211.0, -67687.0)
(28, 5.5823328495025635, -2402211.0, -67687.0)
(29, 5.789738178253174, -2402211.0, -67687.0)
(30, 5.997592210769653, -2402211.0, -67687.0)
(31, 6.20620584487915, -2402211.0, -67687.0)
(32, 6.41382098197937, -2402211.0, -67687.0)
(33, 6.622936487197876, -2402211.0, -67687.0)
(34, 6.832025766372681, -2402211.0, -67687.0)
(35, 7.043044805526733, -2402211.0, -67687.0)
(36, 7.254488229751587, -2402211.0, -67687.0)
(37, 7.466781139373779, -2402211.0, -67687.0)
(38, 7.677866458892822, -2402211.0, -67687.0)
(39, 7.8913493156433105, -2402211.0, -67687.0)
(40, 8.10555362701416, -2402211.0, -67687.0)
(41, 8.319124937057495, -2402211.0, -67687.0)
(42, 8.535289525985718, -2402211.0, -67687.0)
(43, 8.751850366592407, -2402211.0, -67687.0)
(44, 8.96917176246643, -2402211.0, -67687.0)
(45, 9.186106204986572, -2402211.0, -67687.0)
(46, 9.403416633605957, -2402211.0, -67687.0)
(47, 9.623260498046875, -2402211.0, -67687.0)
(48, 9.843168020248413, -2402211.0, -67687.0)
(49, 10.063872814178467, -2402211.0, -67687.0)
(50, 10.284876346588135, -2402211.0, -67687.0)
(51, 10.506740808486938, -2402211.0, -67687.0)
(52, 10.73045802116394, -2402211.0, -67687.0)
(53, 10.953723907470703, -2402211.0, -67687.0)
(54, 11.176284313201904, -2387937.724137931, -67687.0)
(55, 11.398902416229248, -2387937.724137931, -67687.0)
(56, 11.62143325805664, -2387937.724137931, -67687.0)
(57, 11.843430280685425, -2387937.724137931, -67687.0)
(58, 12.066965341567993, -2387937.724137931, -67687.0)
(59, 12.291036367416382, -2387937.724137931, -67687.0)
(60, 12.51516604423523, -2387937.724137931, -67687.0)
(61, 12.740562438964844, -2387937.724137931, -67687.0)
(62, 12.967992782592773, -2387937.724137931, -67687.0)
(63, 13.19553804397583, -2387937.724137931, -67687.0)
(64, 13.425275564193726, -2387937.724137931, -67687.0)
(65, 13.654395341873169, -2387937.724137931, -67687.0)
(66, 13.883429765701294, -2387937.724137931, -67687.0)
(67, 14.114301443099976, -2387937.724137931, -67687.0)
(68, 14.34521222114563, -2387937.724137931, -67687.0)
(69, 14.57888150215149, -2387937.724137931, -67687.0)
(70, 14.811393022537231, -2387937.724137931, -67687.0)
(71, 15.046401739120483, -2387937.724137931, -67687.0)
(72, 15.280179977416992, -2387937.724137931, -67687.0)
(73, 15.515058040618896, -2387937.724137931, -67687.0)
(74, 15.749896049499512, -2387937.724137931, -67687.0)
(75, 15.986828804016113, -2387937.724137931, -67687.0)
(76, 16.223307132720947, -2387937.724137931, -67687.0)
(77, 16.45890974998474, -2387937.724137931, -67687.0)
(78, 16.69795250892639, -2387937.724137931, -67687.0)
(79, 16.935635089874268, -2387937.724137931, -67687.0)
(80, 17.18021059036255, -2387937.724137931, -67687.0)
(81, 17.42059087753296, -2387937.724137931, -67687.0)
(82, 17.665106296539307, -2387937.724137931, -67687.0)
(83, 17.9074764251709, -2387937.724137931, -67687.0)
(84, 18.14884853363037, -2387937.724137931, -67687.0)
(85, 18.390336990356445, -2387937.724137931, -67687.0)
(86, 18.63594675064087, -2387937.724137931, -67687.0)
(87, 18.882062911987305, -2387937.724137931, -67687.0)
(88, 19.12743067741394, -2387937.724137931, -67687.0)
(89, 19.376127004623413, -2387937.724137931, -67687.0)
(90, 19.624210357666016, -2387937.724137931, -67687.0)
(91, 19.87228751182556, -2387937.724137931, -67687.0)
(92, 20.121615409851074, -2387937.724137931, -67687.0)
(93, 20.373894214630127, -2387937.724137931, -67687.0)
(94, 20.621513605117798, -2387937.724137931, -67687.0)
(95, 20.875534772872925, -2387937.724137931, -67687.0)
(96, 21.130465269088745, -2387937.724137931, -67687.0)
(97, 21.381833791732788, -2387937.724137931, -67687.0)
(98, 21.63564944267273, -2387937.724137931, -67687.0)
(99, 21.88956904411316, -2387937.724137931, -67687.0)
(100, 22.14298725128174, -2387937.724137931, -67687.0)
(101, 22.397166967391968, -2387937.724137931, -67687.0)
(102, 22.65433955192566, -2387937.724137931, -67687.0)
(103, 22.91195845603943, -2387937.724137931, -67687.0)
(104, 23.168598413467407, -2387937.724137931, -67687.0)
(105, 23.436540842056274, -2387937.724137931, -67687.0)
(106, 23.698477506637573, -2387937.724137931, -67687.0)
(107, 23.96004295349121, -2387937.724137931, -67687.0)
(108, 24.219585180282593, -2387937.724137931, -67687.0)
(109, 24.509260654449463, -2387937.724137931, -67687.0)
(110, 24.769924640655518, -2387937.724137931, -67687.0)
(111, 25.029948472976685, -2387937.724137931, -67687.0)
(112, 25.292863607406616, -2387937.724137931, -67687.0)
(113, 25.55797243118286, -2387937.724137931, -67687.0)
(114, 25.827103853225708, -2387937.724137931, -67687.0)
(115, 26.097891330718994, -2387937.724137931, -67687.0)
(116, 26.367109537124634, -2387937.724137931, -67687.0)
(117, 26.634042978286743, -2387937.724137931, -67687.0)
(118, 26.901965856552124, -2387937.724137931, -67687.0)
(119, 27.168050050735474, -2387937.724137931, -67687.0)
(120, 27.436197519302368, -2387937.724137931, -67687.0)
(121, 27.704545736312866, -2387937.724137931, -67687.0)
(122, 27.973671436309814, -2387937.724137931, -67687.0)
(123, 28.244412422180176, -2387937.724137931, -67687.0)
(124, 28.516043424606323, -2387937.724137931, -67687.0)
(125, 28.790713787078857, -2387937.724137931, -67687.0)
(126, 29.06238293647766, -2387937.724137931, -67687.0)
(127, 29.338162899017334, -2387937.724137931, -67687.0)
(128, 29.611520051956177, -2387937.724137931, -67687.0)
(129, 29.887990951538086, -2387937.724137931, -67687.0)
(130, 30.164899110794067, -2387937.724137931, -67687.0)
(131, 30.441997051239014, -2387937.724137931, -67687.0)
(132, 30.717867374420166, -2387937.724137931, -67687.0)
(133, 30.997008562088013, -2387937.724137931, -67687.0)
(134, 31.275721311569214, -2387937.724137931, -67687.0)
(135, 31.555520057678223, -2387937.724137931, -67687.0)
(136, 31.83505630493164, -2387937.724137931, -67687.0)
(137, 32.11955904960632, -2387937.724137931, -67687.0)
(138, 32.39594483375549, -2387937.724137931, -67687.0)
(139, 32.679692029953, -2387937.724137931, -67687.0)
(140, 32.962316036224365, -2387937.724137931, -67687.0)
(141, 33.24389314651489, -2387937.724137931, -67687.0)
(142, 33.52787733078003, -2387937.724137931, -67687.0)
(143, 33.81171655654907, -2387937.724137931, -67687.0)
(144, 34.09854221343994, -2387937.724137931, -67687.0)
(145, 34.38234758377075, -2387937.724137931, -67687.0)
(146, 34.66999125480652, -2387937.724137931, -67687.0)
(147, 34.95840644836426, -2387937.724137931, -67687.0)
(148, 35.245606899261475, -2291131.5517241377, -67687.0)
(149, 35.53138709068298, -2291131.5517241377, -67687.0)
(150, 35.817408084869385, -2291131.5517241377, -67687.0)
(151, 36.102468729019165, -2291131.5517241377, -67687.0)
(152, 36.38978290557861, -2291131.5517241377, -67687.0)
(153, 36.677037715911865, -2291131.5517241377, -67687.0)
(154, 36.963027238845825, -2291131.5517241377, -67687.0)
(155, 37.24954271316528, -2291131.5517241377, -67687.0)
(156, 37.538687229156494, -2291131.5517241377, -67687.0)
(157, 37.83155679702759, -2291131.5517241377, -67687.0)
(158, 38.125550985336304, -2291131.5517241377, -67687.0)
(159, 38.415579319000244, -2291131.5517241377, -67687.0)
(160, 38.7067813873291, -2291131.5517241377, -67687.0)
(161, 38.998351097106934, -2291131.5517241377, -67687.0)
(162, 39.29015111923218, -2291131.5517241377, -67687.0)
(163, 39.58569359779358, -2291131.5517241377, -67687.0)
(164, 39.87829375267029, -2291131.5517241377, -67687.0)
(165, 40.170466899871826, -2291131.5517241377, -67687.0)
(166, 40.466994762420654, -2291131.5517241377, -67687.0)
(167, 40.766284465789795, -2291131.5517241377, -67687.0)
(168, 41.06561827659607, -2291131.5517241377, -67687.0)
(169, 41.36589336395264, -2291131.5517241377, -67687.0)
(170, 41.699366331100464, -2291131.5517241377, -67687.0)
(171, 42.00299644470215, -2291131.5517241377, -67687.0)
(172, 42.30268907546997, -2291131.5517241377, -67687.0)
(173, 42.60269618034363, -2291131.5517241377, -67687.0)
(174, 42.9070930480957, -2291131.5517241377, -67687.0)
(175, 43.2108850479126, -2291131.5517241377, -67687.0)
(176, 43.517725229263306, -2291131.5517241377, -67687.0)
(177, 43.81779718399048, -2291131.5517241377, -67687.0)
(178, 44.12101125717163, -2291131.5517241377, -67687.0)
(179, 44.42091131210327, -2291131.5517241377, -67687.0)
(180, 44.72370743751526, -2291131.5517241377, -67687.0)
(181, 45.035640478134155, -2291131.5517241377, -67687.0)
(182, 45.34703826904297, -2291131.5517241377, -67687.0)
(183, 45.65619230270386, -2291131.5517241377, -67687.0)
(184, 45.9656503200531, -2291131.5517241377, -67687.0)
(185, 46.28181266784668, -2291131.5517241377, -67687.0)
(186, 46.595682859420776, -2291131.5517241377, -67687.0)
(187, 46.91173958778381, -2291131.5517241377, -67687.0)
(188, 47.227840423583984, -2291131.5517241377, -67687.0)
(189, 47.540679931640625, -2291131.5517241377, -67687.0)
(190, 47.85580539703369, -2291131.5517241377, -67687.0)
(191, 48.16643977165222, -2291131.5517241377, -67687.0)
(192, 48.482322454452515, -2291131.5517241377, -67687.0)
(193, 48.79594683647156, -2291131.5517241377, -67687.0)
(194, 49.110708236694336, -2291131.5517241377, -67687.0)
(195, 49.42672157287598, -2291131.5517241377, -67687.0)
(196, 49.74286890029907, -2291131.5517241377, -67687.0)
(197, 50.06366562843323, -2291131.5517241377, -67687.0)
(198, 50.387648582458496, -2291131.5517241377, -67687.0)
(199, 50.70875859260559, -2291131.5517241377, -67687.0)
(200, 51.03245663642883, -2291131.5517241377, -67687.0)
(201, 51.35971426963806, -2291131.5517241377, -67687.0)
(202, 51.6816520690918, -2291131.5517241377, -67687.0)
(203, 52.00447344779968, -2291131.5517241377, -67687.0)
(204, 52.329593658447266, -2291131.5517241377, -67687.0)
(205, 52.65498638153076, -2291131.5517241377, -67687.0)
(206, 52.980522871017456, -2291131.5517241377, -67687.0)
(207, 53.312400817871094, -2291131.5517241377, -67687.0)
(208, 53.63681507110596, -2291131.5517241377, -67687.0)
(209, 53.96700477600098, -2291131.5517241377, -67687.0)
(210, 54.29479742050171, -2291131.5517241377, -67687.0)
(211, 54.62647366523743, -2291131.5517241377, -67687.0)
(212, 54.95301413536072, -2291131.5517241377, -67687.0)
(213, 55.281944274902344, -2291131.5517241377, -67687.0)
(214, 55.61268424987793, -2291131.5517241377, -67687.0)
(215, 55.94139814376831, -2291131.5517241377, -67687.0)
(216, 56.27283549308777, -2291131.5517241377, -67687.0)
(217, 56.60768437385559, -2291131.5517241377, -67687.0)
(218, 56.940534353256226, -2291131.5517241377, -67687.0)
(219, 57.272252559661865, -2291131.5517241377, -67687.0)
(220, 57.605294942855835, -2291131.5517241377, -67687.0)
(221, 57.94103264808655, -2291131.5517241377, -67687.0)
(222, 58.278924226760864, -2291131.5517241377, -67687.0)
(223, 58.61460280418396, -2291131.5517241377, -67687.0)
(224, 58.95669460296631, -2291131.5517241377, -67687.0)
(225, 59.29238200187683, -2291131.5517241377, -67687.0)
(226, 59.62522602081299, -2291131.5517241377, -67687.0)
(227, 59.9672212600708, -2291131.5517241377, -67687.0)
(228, 60.316375970840454, -2291131.5517241377, -67687.0)
(229, 60.65550684928894, -2291131.5517241377, -67687.0)
(230, 61.00285339355469, -2291131.5517241377, -67687.0)
(231, 61.344765186309814, -2291131.5517241377, -67687.0)
(232, 61.68436002731323, -2291131.5517241377, -67687.0)
(233, 62.026716470718384, -2291131.5517241377, -67687.0)
(234, 62.36705422401428, -2291131.5517241377, -67687.0)
(235, 62.71795439720154, -2291131.5517241377, -67687.0)
(236, 63.07192373275757, -2291131.5517241377, -67687.0)
(237, 63.422760248184204, -2291131.5517241377, -67687.0)
(238, 63.77437424659729, -2291131.5517241377, -67687.0)
(239, 64.1296067237854, -2291131.5517241377, -67687.0)
(240, 64.47985625267029, -2291131.5517241377, -67687.0)
(241, 64.83157968521118, -2291131.5517241377, -67687.0)
(242, 65.1867287158966, -2196713.275862069, -67687.0)
(243, 65.54226851463318, -2196713.275862069, -67687.0)
(244, 65.88734102249146, -2196713.275862069, -67687.0)
(245, 66.23788261413574, -2196713.275862069, -67687.0)
(246, 66.58610439300537, -2196713.275862069, -67687.0)
(247, 66.9369969367981, -2196713.275862069, -67687.0)
(248, 67.29554748535156, -2196713.275862069, -67687.0)
(249, 67.69407558441162, -2196713.275862069, -67687.0)
(250, 68.0521628856659, -2196713.275862069, -67687.0)
(251, 68.41893601417542, -2196713.275862069, -67687.0)
(252, 68.78143072128296, -2196713.275862069, -67687.0)
(253, 69.14094305038452, -2196713.275862069, -67687.0)
(254, 69.4995346069336, -2196713.275862069, -67687.0)
(255, 69.86145114898682, -2196713.275862069, -67687.0)
(256, 70.22679901123047, -2196713.275862069, -67687.0)
(257, 70.59487414360046, -2196713.275862069, -67687.0)
(258, 70.97160792350769, -2196713.275862069, -67687.0)
(259, 71.3424904346466, -2196713.275862069, -67687.0)
(260, 71.70739126205444, -2196713.275862069, -67687.0)
(261, 72.07392573356628, -2196713.275862069, -67687.0)
(262, 72.435222864151, -2196713.275862069, -67687.0)
(263, 72.80275821685791, -2196713.275862069, -67687.0)
(264, 73.17213678359985, -2196713.275862069, -67687.0)
(265, 73.53881454467773, -2196713.275862069, -67687.0)
(266, 73.9074866771698, -2196713.275862069, -67687.0)
(267, 74.28034591674805, -2196713.275862069, -67687.0)
(268, 74.65832924842834, -2196713.275862069, -67687.0)
(269, 75.03474164009094, -2196713.275862069, -67687.0)
(270, 75.41028428077698, -2196713.275862069, -67687.0)
(271, 75.78026485443115, -2196713.275862069, -67687.0)
(272, 76.1579921245575, -2196713.275862069, -67687.0)
(273, 76.53967452049255, -2196713.275862069, -67687.0)
(274, 76.9261200428009, -2196713.275862069, -67687.0)
(275, 77.31667447090149, -2196713.275862069, -67687.0)
(276, 77.69774675369263, -2196713.275862069, -67687.0)
(277, 78.08585047721863, -2196713.275862069, -67687.0)
(278, 78.47395777702332, -2196713.275862069, -67687.0)
(279, 78.85965609550476, -2196713.275862069, -67687.0)
(280, 79.23876547813416, -2196713.275862069, -67687.0)
(281, 79.63104963302612, -2196713.275862069, -67687.0)
(282, 80.0328459739685, -2196713.275862069, -67687.0)
(283, 80.4301528930664, -2196713.275862069, -67687.0)
(284, 80.825186252594, -2196713.275862069, -67687.0)
(285, 81.2236897945404, -2196713.275862069, -67687.0)
(286, 81.62044763565063, -2196713.275862069, -67687.0)
(287, 82.02160429954529, -2196713.275862069, -67687.0)
(288, 82.43141031265259, -2196713.275862069, -67687.0)
(289, 82.83223366737366, -2196713.275862069, -67687.0)
(290, 83.23753666877747, -2196713.275862069, -67687.0)
(291, 83.62781167030334, -2196713.275862069, -67687.0)
(292, 84.02552556991577, -2196713.275862069, -67687.0)
(293, 84.43078517913818, -2196713.275862069, -67687.0)
(294, 84.82203888893127, -2196713.275862069, -67687.0)
(295, 85.21619415283203, -2196713.275862069, -67687.0)
(296, 85.62497997283936, -2196713.275862069, -67687.0)
(297, 86.03101849555969, -2196713.275862069, -67687.0)
(298, 86.44207549095154, -2196713.275862069, -67687.0)
(299, 86.85563111305237, -2196713.275862069, -67687.0)
(300, 87.2760100364685, -2196713.275862069, -67687.0)
(301, 87.69775867462158, -2196713.275862069, -67687.0)
(302, 88.11649942398071, -2196713.275862069, -67687.0)
(303, 88.53786444664001, -2196713.275862069, -67687.0)
(304, 88.95027565956116, -2196713.275862069, -67687.0)
(305, 89.36835312843323, -2196713.275862069, -67687.0)
(306, 89.78611016273499, -2196713.275862069, -67687.0)
(307, 90.19783067703247, -2196713.275862069, -67687.0)
(308, 90.6200864315033, -2196713.275862069, -67687.0)
(309, 91.02579164505005, -2196713.275862069, -67687.0)
(310, 91.42457985877991, -2196713.275862069, -67687.0)
(311, 91.83170533180237, -2196713.275862069, -67687.0)
(312, 92.24258065223694, -2196713.275862069, -67687.0)
(313, 92.65298914909363, -2118600.2413793104, -67687.0)
(314, 93.06859421730042, -2118600.2413793104, -67687.0)
(315, 93.48568654060364, -2118600.2413793104, -67687.0)
(316, 93.89970326423645, -2118600.2413793104, -67687.0)
(317, 94.31758904457092, -2118600.2413793104, -67687.0)
(318, 94.72994709014893, -2118600.2413793104, -67687.0)
(319, 95.13538432121277, -2118600.2413793104, -67687.0)
(320, 95.5406768321991, -2118600.2413793104, -67687.0)
(321, 95.94894766807556, -2118600.2413793104, -67687.0)
(322, 96.37146210670471, -2118600.2413793104, -67687.0)
(323, 96.7902295589447, -2118600.2413793104, -67687.0)
(324, 97.20680475234985, -2118600.2413793104, -67687.0)
(325, 97.62073612213135, -2118600.2413793104, -67687.0)
(326, 98.03571915626526, -2118600.2413793104, -67687.0)
(327, 98.45053553581238, -2118600.2413793104, -67687.0)
(328, 98.86045384407043, -2118600.2413793104, -67687.0)
(329, 99.27831315994263, -2118600.2413793104, -67687.0)
(330, 99.70073866844177, -2118600.2413793104, -67687.0)
(331, 100.1234872341156, -2118600.2413793104, -67687.0)
(332, 100.55362582206726, -2118600.2413793104, -67687.0)
(333, 100.97335290908813, -2118600.2413793104, -67687.0)
(334, 101.38827395439148, -2118600.2413793104, -67687.0)
(335, 101.81424450874329, -2118600.2413793104, -67687.0)
(336, 102.24351739883423, -2118600.2413793104, -67687.0)
(337, 102.66622018814087, -2118600.2413793104, -67687.0)
(338, 103.08905029296875, -2118600.2413793104, -67687.0)
(339, 103.53099918365479, -2118600.2413793104, -67687.0)
(340, 103.97314190864563, -2118600.2413793104, -67687.0)
(341, 104.40093851089478, -2118600.2413793104, -67687.0)
(342, 104.83634233474731, -2118600.2413793104, -67687.0)
(343, 105.30676817893982, -2118600.2413793104, -67687.0)
(344, 105.73340606689453, -2118600.2413793104, -67687.0)
(345, 106.16830682754517, -2118600.2413793104, -67687.0)
(346, 106.60068130493164, -2118600.2413793104, -67687.0)
(347, 107.03130674362183, -2118600.2413793104, -67687.0)
(348, 107.46500182151794, -2118600.2413793104, -67687.0)
(349, 107.9039785861969, -2118600.2413793104, -67687.0)
(350, 108.33972644805908, -2118600.2413793104, -67687.0)
(351, 108.7745316028595, -2118600.2413793104, -67687.0)
(352, 109.21187829971313, -2118600.2413793104, -67687.0)
(353, 109.65564560890198, -2118600.2413793104, -67687.0)
(354, 110.08675265312195, -2118600.2413793104, -67687.0)
(355, 110.53573966026306, -2118600.2413793104, -67687.0)
(356, 110.98083901405334, -2118600.2413793104, -67687.0)
(357, 111.42499542236328, -2118600.2413793104, -67687.0)
(358, 111.8797709941864, -2118600.2413793104, -67687.0)
(359, 112.32481241226196, -2118600.2413793104, -67687.0)
(360, 112.77152943611145, -2118600.2413793104, -67687.0)
(361, 113.23329901695251, -2118600.2413793104, -67687.0)
(362, 113.68507766723633, -2118600.2413793104, -67687.0)
(363, 114.13588547706604, -2118600.2413793104, -67687.0)
(364, 114.59633541107178, -2118600.2413793104, -67687.0)
(365, 115.04043936729431, -2118600.2413793104, -67687.0)
(366, 115.49364256858826, -2118600.2413793104, -67687.0)
(367, 115.95423316955566, -2118600.2413793104, -67687.0)
(368, 116.408442735672, -2118600.2413793104, -67687.0)
(369, 116.8641562461853, -2118600.2413793104, -67687.0)
(370, 117.33993697166443, -2118600.2413793104, -67687.0)
(371, 117.81854462623596, -2118600.2413793104, -67687.0)
(372, 118.29177594184875, -2118600.2413793104, -67687.0)
(373, 118.75666689872742, -2118600.2413793104, -67687.0)
(374, 119.25637745857239, -2118600.2413793104, -67687.0)
(375, 119.73480081558228, -2118600.2413793104, -67687.0)
(376, 120.22805714607239, -2118600.2413793104, -67687.0)
(377, 120.70218563079834, -2118600.2413793104, -67687.0)
(378, 121.18909549713135, -2118600.2413793104, -67687.0)
(379, 121.66784024238586, -2118600.2413793104, -67687.0)
(380, 122.14332962036133, -2118600.2413793104, -67687.0)
(381, 122.60997581481934, -2118600.2413793104, -67687.0)
(382, 123.10938882827759, -2118600.2413793104, -67687.0)
(383, 123.59907031059265, -2118600.2413793104, -67687.0)
(384, 124.08421492576599, -2118600.2413793104, -67687.0)
(385, 124.56807518005371, -2006807.6896551724, -67687.0)
(386, 125.05205774307251, -2006807.6896551724, -67687.0)
(387, 125.51713156700134, -2006807.6896551724, -67687.0)
(388, 125.98424816131592, -2006807.6896551724, -67687.0)
(389, 126.45829224586487, -2006807.6896551724, -67687.0)
(390, 126.92345404624939, -2006807.6896551724, -67687.0)
(391, 127.39992594718933, -2006807.6896551724, -67687.0)
(392, 127.878573179245, -2006807.6896551724, -67687.0)
(393, 128.34882807731628, -2006807.6896551724, -67687.0)
(394, 128.8150372505188, -2006807.6896551724, -67687.0)
(395, 129.2777864933014, -2006807.6896551724, -67687.0)
(396, 129.7538332939148, -2006807.6896551724, -67687.0)
(397, 130.23387098312378, -2006807.6896551724, -67687.0)
(398, 130.71182656288147, -2006807.6896551724, -67687.0)
(399, 131.19306349754333, -2006807.6896551724, -67687.0)
(400, 131.67148780822754, -2006807.6896551724, -67687.0)
(401, 132.1505138874054, -2006807.6896551724, -67687.0)
(402, 132.6231551170349, -2006807.6896551724, -67687.0)
(403, 133.10478734970093, -2006807.6896551724, -67687.0)
(404, 133.59578847885132, -2006807.6896551724, -67687.0)
(405, 134.07618761062622, -2006807.6896551724, -67687.0)
(406, 134.5629653930664, -2006807.6896551724, -67687.0)
(407, 135.04152870178223, -2006807.6896551724, -67687.0)
(408, 135.55027031898499, -2006807.6896551724, -67687.0)
(409, 136.07413458824158, -2006807.6896551724, -67687.0)
(410, 136.59498476982117, -2006807.6896551724, -67687.0)
(411, 137.13118767738342, -2006807.6896551724, -67687.0)
(412, 137.6551489830017, -2006807.6896551724, -67687.0)
(413, 138.1779386997223, -2006807.6896551724, -67687.0)
(414, 138.69263911247253, -2006807.6896551724, -67687.0)
(415, 139.22006559371948, -2006807.6896551724, -67687.0)
(416, 139.7129728794098, -2006807.6896551724, -67687.0)
(417, 140.22870421409607, -2006807.6896551724, -67687.0)
(418, 140.72650456428528, -2006807.6896551724, -67687.0)
(419, 141.2126259803772, -2006807.6896551724, -67687.0)
(420, 141.76657795906067, -2006807.6896551724, -67687.0)
(421, 142.28468203544617, -2006807.6896551724, -67687.0)
(422, 142.7861590385437, -2006807.6896551724, -67687.0)
(423, 143.2862753868103, -2006807.6896551724, -67687.0)
(424, 143.78522491455078, -2006807.6896551724, -67687.0)
(425, 144.27730011940002, -2006807.6896551724, -67687.0)
(426, 144.78234720230103, -2006807.6896551724, -67687.0)
(427, 145.2933807373047, -2006807.6896551724, -67687.0)
(428, 145.80136489868164, -2006807.6896551724, -67687.0)
(429, 146.3106334209442, -2006807.6896551724, -67687.0)
(430, 146.81378293037415, -2006807.6896551724, -67687.0)
(431, 147.3267502784729, -2006807.6896551724, -67687.0)
(432, 147.82772874832153, -2006807.6896551724, -67687.0)
(433, 148.3289875984192, -2006807.6896551724, -67687.0)
(434, 148.8510377407074, -2006807.6896551724, -67687.0)
(435, 149.37994623184204, -2006807.6896551724, -67687.0)
(436, 149.96539855003357, -2006807.6896551724, -67687.0)
(437, 150.53377294540405, -2006807.6896551724, -67687.0)
(438, 151.09283471107483, -2006807.6896551724, -67687.0)
(439, 151.66238141059875, -2006807.6896551724, -67687.0)
(440, 152.21888995170593, -2006807.6896551724, -67687.0)
(441, 152.77941703796387, -2006807.6896551724, -67687.0)
(442, 153.3217911720276, -2006807.6896551724, -67687.0)
(443, 153.86711263656616, -2006807.6896551724, -67687.0)
(444, 154.41425824165344, -2006807.6896551724, -67687.0)
(445, 154.9604296684265, -2006807.6896551724, -67687.0)
(446, 155.54382634162903, -2006807.6896551724, -67687.0)
(447, 156.10201978683472, -2006807.6896551724, -67687.0)
(448, 156.66477298736572, -2006807.6896551724, -67687.0)
(449, 157.2219054698944, -2006807.6896551724, -67687.0)
(450, 157.77999591827393, -2006807.6896551724, -67687.0)
(451, 158.34013056755066, -2006807.6896551724, -67687.0)
(452, 158.9023847579956, -2006807.6896551724, -67687.0)
(453, 159.4480357170105, -2006807.6896551724, -67687.0)
(454, 160.01305103302002, -2006807.6896551724, -67687.0)
(455, 160.57913303375244, -2006807.6896551724, -67687.0)
(456, 161.15135955810547, -2006807.6896551724, -67687.0)
(457, 161.69903469085693, -2006807.6896551724, -67687.0)
(458, 162.24867224693298, -2006807.6896551724, -67687.0)
(459, 162.78540110588074, -2006807.6896551724, -67687.0)
(460, 163.3363151550293, -2006807.6896551724, -67687.0)
(461, 163.88532257080078, -2006807.6896551724, -67687.0)
(462, 164.42763471603394, -2006807.6896551724, -67687.0)
(463, 164.9676434993744, -2006807.6896551724, -67687.0)
(464, 165.51850533485413, -2006807.6896551724, -67687.0)
(465, 166.06950092315674, -2006807.6896551724, -67687.0)
(466, 166.69794702529907, -2006807.6896551724, -67687.0)
(467, 167.25980281829834, -2006807.6896551724, -67687.0)
(468, 167.82766008377075, -2006807.6896551724, -67687.0)
(469, 168.40993118286133, -2006807.6896551724, -67687.0)
(470, 168.98785424232483, -2006807.6896551724, -67687.0)
(471, 169.56695938110352, -2006807.6896551724, -67687.0)
(472, 170.15403270721436, -2006807.6896551724, -67687.0)
(473, 170.72857332229614, -2006807.6896551724, -67687.0)
(474, 171.2753496170044, -2006807.6896551724, -67687.0)
(475, 171.81802129745483, -2006807.6896551724, -67687.0)
(476, 172.3563528060913, -2006807.6896551724, -67687.0)
(477, 172.92473435401917, -2006807.6896551724, -67687.0)
(478, 173.4775195121765, -2006807.6896551724, -67687.0)
(479, 174.0340392589569, -2006807.6896551724, -67687.0)
(480, 174.58325147628784, -2006807.6896551724, -67687.0)
(481, 175.12746620178223, -2006807.6896551724, -67687.0)
(482, 175.67997527122498, -2006807.6896551724, -67687.0)
(483, 176.22438764572144, -2006807.6896551724, -67687.0)
(484, 176.77391362190247, -2006807.6896551724, -67687.0)
(485, 177.32843327522278, -2006807.6896551724, -67687.0)
(486, 177.92589449882507, -2006807.6896551724, -67687.0)
(487, 178.51271271705627, -2006807.6896551724, -67687.0)
(488, 179.10912489891052, -1914883.448275862, -67687.0)
(489, 179.7029902935028, -1914883.448275862, -67687.0)
(490, 180.27951502799988, -1914883.448275862, -67687.0)
(491, 180.86770963668823, -1914883.448275862, -67687.0)
(492, 181.45415592193604, -1914883.448275862, -67687.0)
(493, 182.0418963432312, -1914883.448275862, -67687.0)
(494, 182.6226782798767, -1914883.448275862, -67687.0)
(495, 183.21343731880188, -1914883.448275862, -67687.0)
(496, 183.8103473186493, -1914883.448275862, -67687.0)
(497, 184.39806818962097, -1914883.448275862, -67687.0)
(498, 184.98917722702026, -1914883.448275862, -67687.0)
(499, 185.54589939117432, -1914883.448275862, -67687.0)
(500, 186.14817595481873, -1914883.448275862, -67687.0)
(501, 186.74712944030762, -1914883.448275862, -67687.0)
(502, 187.34007167816162, -1914883.448275862, -67687.0)
(503, 187.89201593399048, -1914883.448275862, -67687.0)
(504, 188.4935519695282, -1914883.448275862, -67687.0)
(505, 189.0741422176361, -1914883.448275862, -67687.0)
(506, 189.6627643108368, -1914883.448275862, -67687.0)
(507, 190.22080087661743, -1914883.448275862, -67687.0)
(508, 190.81981444358826, -1914883.448275862, -67687.0)
(509, 191.40464401245117, -1914883.448275862, -67687.0)
(510, 192.0039849281311, -1914883.448275862, -67687.0)
(511, 192.62350726127625, -1914883.448275862, -67687.0)
(512, 193.20362854003906, -1914883.448275862, -67687.0)
(513, 193.84321284294128, -1914883.448275862, -67687.0)
(514, 194.4189314842224, -1914883.448275862, -67687.0)
(515, 195.02178359031677, -1914883.448275862, -67687.0)
(516, 195.61568140983582, -1914883.448275862, -67687.0)
(517, 196.199725151062, -1914883.448275862, -67687.0)
(518, 196.7988464832306, -1914883.448275862, -67687.0)
(519, 197.38998293876648, -1914883.448275862, -67687.0)
(520, 197.96240735054016, -1914883.448275862, -67687.0)
(521, 198.5565643310547, -1914883.448275862, -67687.0)
(522, 199.16137075424194, -1914883.448275862, -67687.0)
(523, 199.82462525367737, -1914883.448275862, -67687.0)
(524, 200.49769401550293, -1914883.448275862, -67687.0)
(525, 201.12896633148193, -1914883.448275862, -67687.0)
(526, 201.74859309196472, -1914883.448275862, -67687.0)
(527, 202.36140084266663, -1914883.448275862, -67687.0)
(528, 202.99537873268127, -1914883.448275862, -67687.0)
(529, 203.6232943534851, -1914883.448275862, -67687.0)
(530, 204.24566388130188, -1914883.448275862, -67687.0)
(531, 204.87427234649658, -1914883.448275862, -67687.0)
(532, 205.55837631225586, -1818512.551724138, -67687.0)
(533, 206.23965764045715, -1818512.551724138, -67687.0)
(534, 206.91511297225952, -1818512.551724138, -67687.0)
(535, 207.58080577850342, -1818512.551724138, -67687.0)
(536, 208.25088119506836, -1818512.551724138, -67687.0)
(537, 208.90776467323303, -1818512.551724138, -67687.0)
(538, 209.55131936073303, -1818512.551724138, -67687.0)
(539, 210.18981456756592, -1818512.551724138, -67687.0)
(540, 210.81509518623352, -1818512.551724138, -67687.0)
(541, 211.44848704338074, -1818512.551724138, -67687.0)
(542, 212.08036828041077, -1818512.551724138, -67687.0)
(543, 212.71599292755127, -1818512.551724138, -67687.0)
(544, 213.38488364219666, -1818512.551724138, -67687.0)
(545, 214.03098940849304, -1818512.551724138, -67687.0)
(546, 214.6760847568512, -1818512.551724138, -67687.0)
(547, 215.29422426223755, -1818512.551724138, -67687.0)
(548, 215.94723534584045, -1818512.551724138, -67687.0)
(549, 216.60024762153625, -1818512.551724138, -67687.0)
(550, 217.22635293006897, -1818512.551724138, -67687.0)
(551, 217.87225008010864, -1818512.551724138, -67687.0)
(552, 218.50223350524902, -1810927.825, -67687.0)
(553, 219.16523504257202, -1810927.825, -67687.0)
(554, 219.7855348587036, -1810927.825, -67687.0)
(555, 220.44944715499878, -1810927.825, -67687.0)
(556, 221.0734508037567, -1810927.825, -67687.0)
(557, 221.73976182937622, -1810927.825, -67687.0)
(558, 222.3919575214386, -1810927.825, -67687.0)
(559, 223.07753372192383, -1810927.825, -67687.0)
(560, 223.72588109970093, -1810927.825, -67687.0)
(561, 224.38567185401917, -1810927.825, -67687.0)
(562, 225.0170624256134, -1810927.825, -67687.0)
(563, 225.6705765724182, -1810927.825, -67687.0)
(564, 226.33092331886292, -1810927.825, -67687.0)
(565, 226.9881567955017, -1810927.825, -67687.0)
(566, 227.6424903869629, -1810927.825, -67687.0)
(567, 228.2886621952057, -1810927.825, -67687.0)
(568, 228.94588375091553, -1810927.825, -67687.0)
(569, 229.6065821647644, -1810927.825, -67687.0)
(570, 230.27568912506104, -1810927.825, -67687.0)
(571, 230.93151783943176, -1810927.825, -67687.0)
(572, 231.61122059822083, -1810927.825, -67687.0)
(573, 232.28340101242065, -1732231.2068965517, -67687.0)
(574, 232.94395661354065, -1732231.2068965517, -67687.0)
(575, 233.61248469352722, -1732231.2068965517, -67687.0)
(576, 234.27185988426208, -1732231.2068965517, -67687.0)
(577, 234.9240264892578, -1732231.2068965517, -67687.0)
(578, 235.59586644172668, -1732231.2068965517, -67687.0)
(579, 236.2833194732666, -1732231.2068965517, -67687.0)
(580, 236.97503066062927, -1732231.2068965517, -67687.0)
(581, 237.6712281703949, -1732231.2068965517, -67687.0)
(582, 238.36732602119446, -1732231.2068965517, -67687.0)
(583, 239.0524547100067, -1732231.2068965517, -67687.0)
(584, 239.72489714622498, -1732231.2068965517, -67687.0)
(585, 240.38907933235168, -1732231.2068965517, -67687.0)
(586, 241.07813668251038, -1732231.2068965517, -67687.0)
(587, 241.76926279067993, -1732231.2068965517, -67687.0)
(588, 242.48129677772522, -1732231.2068965517, -67687.0)
(589, 243.17932629585266, -1732231.2068965517, -67687.0)
(590, 243.88530802726746, -1732231.2068965517, -67687.0)
(591, 244.60951948165894, -1732231.2068965517, -67687.0)
(592, 245.2759246826172, -1732231.2068965517, -67687.0)
(593, 245.97454500198364, -1732231.2068965517, -67687.0)
(594, 246.65927910804749, -1732231.2068965517, -67687.0)
(595, 247.34765768051147, -1732231.2068965517, -67687.0)
(596, 248.01576948165894, -1732231.2068965517, -67687.0)
(597, 248.68380045890808, -1732231.2068965517, -67687.0)
(598, 249.35190510749817, -1732231.2068965517, -67687.0)
(599, 250.02514505386353, -1732231.2068965517, -67687.0)
(600, 250.69206070899963, -1732231.2068965517, -67687.0)
(601, 251.36830186843872, -1732231.2068965517, -67687.0)
(602, 252.0316059589386, -1732231.2068965517, -67687.0)
(603, 252.70629596710205, -1732231.2068965517, -67687.0)
(604, 253.39355635643005, -1732231.2068965517, -67687.0)
(605, 254.0822296142578, -1732231.2068965517, -67687.0)
(606, 254.7708170413971, -1732231.2068965517, -67687.0)
(607, 255.46441745758057, -1732231.2068965517, -67687.0)
(608, 256.17489767074585, -1732231.2068965517, -67687.0)
(609, 256.87134981155396, -1732231.2068965517, -67687.0)
(610, 257.57266664505005, -1732231.2068965517, -67687.0)
(611, 258.2592203617096, -1732231.2068965517, -67687.0)
(612, 258.9875977039337, -1732231.2068965517, -67687.0)
(613, 259.70886301994324, -1732231.2068965517, -67687.0)
(614, 260.4500820636749, -1732231.2068965517, -67687.0)
(615, 261.14588713645935, -1732231.2068965517, -67687.0)
(616, 262.0232820510864, -1732231.2068965517, -67687.0)
(617, 262.8067831993103, -1732231.2068965517, -67687.0)
(618, 263.5766224861145, -1732231.2068965517, -67687.0)
(619, 264.2977623939514, -1732231.2068965517, -67687.0)
(620, 265.0111129283905, -1732231.2068965517, -67687.0)
(621, 265.6677792072296, -1732231.2068965517, -67687.0)
(622, 266.3806984424591, -1732231.2068965517, -67687.0)
(623, 267.06613945961, -1732231.2068965517, -67687.0)
(624, 267.7898507118225, -1732231.2068965517, -67687.0)
(625, 268.4694676399231, -1732231.2068965517, -67687.0)
(626, 269.1676518917084, -1732231.2068965517, -67687.0)
(627, 269.88443899154663, -1732231.2068965517, -67687.0)
(628, 270.576167345047, -1732231.2068965517, -67687.0)
(629, 271.29208540916443, -1732231.2068965517, -67687.0)
(630, 271.9966058731079, -1732231.2068965517, -67687.0)
(631, 272.684201002121, -1732231.2068965517, -67687.0)
(632, 273.39582419395447, -1732231.2068965517, -67687.0)
(633, 274.11869955062866, -1732231.2068965517, -67687.0)
(634, 274.8134095668793, -1732231.2068965517, -67687.0)
(635, 275.5269865989685, -1732231.2068965517, -67687.0)
(636, 276.24503445625305, -1732231.2068965517, -67687.0)
(637, 276.9617078304291, -1732231.2068965517, -67687.0)
(638, 277.7971303462982, -1732231.2068965517, -67687.0)
(639, 278.50709223747253, -1732231.2068965517, -67687.0)
(640, 279.2799174785614, -1732231.2068965517, -67687.0)
(641, 280.03904604911804, -1732231.2068965517, -67687.0)
(642, 280.76067447662354, -1732231.2068965517, -67687.0)
(643, 281.47219586372375, -1732231.2068965517, -67687.0)
(644, 282.1609480381012, -1732231.2068965517, -67687.0)
(645, 282.8629071712494, -1732231.2068965517, -67687.0)
(646, 283.5785071849823, -1732231.2068965517, -67687.0)
(647, 284.28374099731445, -1732231.2068965517, -67687.0)
(648, 284.986536026001, -1732231.2068965517, -67687.0)
(649, 285.6812536716461, -1732231.2068965517, -67687.0)
(650, 286.3975350856781, -1732231.2068965517, -67687.0)
(651, 287.11004877090454, -1732231.2068965517, -67687.0)
(652, 287.8554608821869, -1732231.2068965517, -67687.0)
(653, 288.5736780166626, -1732231.2068965517, -67687.0)
(654, 289.3129532337189, -1732231.2068965517, -67687.0)
(655, 290.0457754135132, -1732231.2068965517, -67687.0)
(656, 290.75838136672974, -1732231.2068965517, -67687.0)
(657, 291.50893115997314, -1732231.2068965517, -67687.0)
(658, 292.23172545433044, -1732231.2068965517, -67687.0)
(659, 292.9738688468933, -1732231.2068965517, -67687.0)
(660, 293.70778012275696, -1732231.2068965517, -67687.0)
(661, 294.44174671173096, -1732231.2068965517, -67687.0)
(662, 295.1725916862488, -1732231.2068965517, -67687.0)
(663, 295.91668939590454, -1732231.2068965517, -67687.0)
(664, 296.6415069103241, -1732231.2068965517, -67687.0)
(665, 297.3541295528412, -1732231.2068965517, -67687.0)
(666, 298.0927891731262, -1732231.2068965517, -67687.0)
(667, 298.8383078575134, -1732231.2068965517, -67687.0)
(668, 299.58745074272156, -1732231.2068965517, -67687.0)
(669, 300.34152150154114, -1732231.2068965517, -67687.0)
(670, 301.0735590457916, -1732231.2068965517, -67687.0)
(671, 301.82888746261597, -1732231.2068965517, -67687.0)
(672, 302.5765845775604, -1732231.2068965517, -67687.0)
(673, 303.3212115764618, -1732231.2068965517, -67687.0)
(674, 304.06926798820496, -1732231.2068965517, -67687.0)
(675, 304.820716381073, -1732231.2068965517, -67687.0)
(676, 305.5749397277832, -1732231.2068965517, -67687.0)
(677, 306.3117597103119, -1732231.2068965517, -67687.0)
(678, 307.0425171852112, -1626450.7586206896, -67687.0)
(679, 307.77768874168396, -1626450.7586206896, -67687.0)
(680, 308.5171935558319, -1626450.7586206896, -67687.0)
(681, 309.23750257492065, -1626450.7586206896, -67687.0)
(682, 309.9586193561554, -1626450.7586206896, -67687.0)
(683, 310.69882249832153, -1626450.7586206896, -67687.0)
(684, 311.4228312969208, -1626450.7586206896, -67687.0)
(685, 312.1749608516693, -1626450.7586206896, -67687.0)
(686, 312.89509677886963, -1626450.7586206896, -67687.0)
(687, 313.62931418418884, -1626450.7586206896, -67687.0)
(688, 314.3635585308075, -1626450.7586206896, -67687.0)
(689, 315.10028982162476, -1626450.7586206896, -67687.0)
(690, 315.8922643661499, -1626450.7586206896, -67687.0)
(691, 316.6322765350342, -1626450.7586206896, -67687.0)
(692, 317.43069982528687, -1626450.7586206896, -67687.0)
(693, 318.2080285549164, -1626450.7586206896, -67687.0)
(694, 318.9701600074768, -1626450.7586206896, -67687.0)
(695, 319.74346017837524, -1626450.7586206896, -67687.0)
(696, 320.50667214393616, -1626450.7586206896, -67687.0)
(697, 321.2923233509064, -1626450.7586206896, -67687.0)
(698, 322.07329273223877, -1626450.7586206896, -67687.0)
(699, 322.84998893737793, -1626450.7586206896, -67687.0)
(700, 323.60367918014526, -1626450.7586206896, -67687.0)
(701, 324.3520200252533, -1626450.7586206896, -67687.0)
(702, 325.1320116519928, -1626450.7586206896, -67687.0)
(703, 325.89378237724304, -1626450.7586206896, -67687.0)
(704, 326.6538419723511, -1626450.7586206896, -67687.0)
(705, 327.44936776161194, -1626450.7586206896, -67687.0)
(706, 328.23215985298157, -1626450.7586206896, -67687.0)
(707, 329.00248527526855, -1626450.7586206896, -67687.0)
(708, 329.78397941589355, -1626450.7586206896, -67687.0)
(709, 330.56117129325867, -1626450.7586206896, -67687.0)
(710, 331.3348410129547, -1626450.7586206896, -67687.0)
(711, 332.1227767467499, -1626450.7586206896, -67687.0)
(712, 332.92428612709045, -1626450.7586206896, -67687.0)
(713, 333.7050428390503, -1626450.7586206896, -67687.0)
(714, 334.47954416275024, -1626450.7586206896, -67687.0)
(715, 335.2372727394104, -1626450.7586206896, -67687.0)
(716, 336.03881549835205, -1626450.7586206896, -67687.0)
(717, 336.80450677871704, -1626450.7586206896, -67687.0)
(718, 337.6023418903351, -1626450.7586206896, -67687.0)
(719, 338.37204003334045, -1626450.7586206896, -67687.0)
(720, 339.13571214675903, -1626450.7586206896, -67687.0)
(721, 339.9209842681885, -1626450.7586206896, -67687.0)
(722, 340.7174777984619, -1626450.7586206896, -67687.0)
(723, 341.5026099681854, -1626450.7586206896, -67687.0)
(724, 342.2694323062897, -1626450.7586206896, -67687.0)
(725, 343.0903995037079, -1626450.7586206896, -67687.0)
(726, 343.89662766456604, -1626450.7586206896, -67687.0)
(727, 344.70518708229065, -1626450.7586206896, -67687.0)
(728, 345.4794964790344, -1626450.7586206896, -67687.0)
(729, 346.2914319038391, -1626450.7586206896, -67687.0)
(730, 347.098916053772, -1626450.7586206896, -67687.0)
(731, 347.94204664230347, -1626450.7586206896, -67687.0)
(732, 348.7543828487396, -1626450.7586206896, -67687.0)
(733, 349.5707585811615, -1626450.7586206896, -67687.0)
(734, 350.3574755191803, -1626450.7586206896, -67687.0)
(735, 351.10857224464417, -1626450.7586206896, -67687.0)
(736, 351.9086811542511, -1626450.7586206896, -67687.0)
(737, 352.72045516967773, -1626450.7586206896, -67687.0)
(738, 353.5189974308014, -1626450.7586206896, -67687.0)
(739, 354.29056668281555, -1626450.7586206896, -67687.0)
(740, 355.088769197464, -1626450.7586206896, -67687.0)
(741, 355.8787226676941, -1626450.7586206896, -67687.0)
(742, 356.70494055747986, -1626450.7586206896, -67687.0)
(743, 357.5097448825836, -1626450.7586206896, -67687.0)
(744, 358.29912996292114, -1626450.7586206896, -67687.0)
(745, 359.0946259498596, -1626450.7586206896, -67687.0)
(746, 359.9103853702545, -1539744.857142857, -67687.0)
(747, 360.68955063819885, -1539744.857142857, -67687.0)
(748, 361.47487568855286, -1539744.857142857, -67687.0)
(749, 362.2371871471405, -1539744.857142857, -67687.0)
(750, 363.0280303955078, -1539744.857142857, -67687.0)
(751, 363.8088400363922, -1539744.857142857, -67687.0)
(752, 364.5768177509308, -1539744.857142857, -67687.0)
(753, 365.3634943962097, -1539744.857142857, -67687.0)
(754, 366.16397500038147, -1539744.857142857, -67687.0)
(755, 366.9561069011688, -1539744.857142857, -67687.0)
(756, 367.747679233551, -1539744.857142857, -67687.0)
(757, 368.53500533103943, -1539744.857142857, -67687.0)
(758, 369.32538199424744, -1539744.857142857, -67687.0)
(759, 370.10075521469116, -1539744.857142857, -67687.0)
(760, 370.9199502468109, -1539744.857142857, -67687.0)
(761, 371.71511149406433, -1539744.857142857, -67687.0)
(762, 372.5276310443878, -1539744.857142857, -67687.0)
(763, 373.3352391719818, -1539744.857142857, -67687.0)
(764, 374.1433062553406, -1539744.857142857, -67687.0)
(765, 374.9525337219238, -1539744.857142857, -67687.0)
(766, 375.7725956439972, -1539744.857142857, -67687.0)
(767, 376.57636761665344, -1539744.857142857, -67687.0)
(768, 377.4072959423065, -1539744.857142857, -67687.0)
(769, 378.2296109199524, -1539744.857142857, -67687.0)
(770, 379.08467984199524, -1539744.857142857, -67687.0)
(771, 379.9185929298401, -1539744.857142857, -67687.0)
(772, 380.75300431251526, -1539744.857142857, -67687.0)
(773, 381.5761468410492, -1539744.857142857, -67687.0)
(774, 382.38804721832275, -1539744.857142857, -67687.0)
(775, 383.2085585594177, -1539744.857142857, -67687.0)
(776, 384.04274463653564, -1539744.857142857, -67687.0)
(777, 384.8803381919861, -1539744.857142857, -67687.0)
(778, 385.7291295528412, -1539744.857142857, -67687.0)
(779, 386.5584673881531, -1539744.857142857, -67687.0)
(780, 387.414115190506, -1539744.857142857, -67687.0)
(781, 388.2720675468445, -1539744.857142857, -67687.0)
(782, 389.13266801834106, -1539744.857142857, -67687.0)
(783, 390.0015184879303, -1539744.857142857, -67687.0)
(784, 390.93686747550964, -1539744.857142857, -67687.0)
(785, 391.8322057723999, -1539744.857142857, -67687.0)
(786, 392.70866870880127, -1539744.857142857, -67687.0)
(787, 393.55722188949585, -1539744.857142857, -67687.0)
(788, 394.3955731391907, -1539744.857142857, -67687.0)
(789, 395.2457718849182, -1539744.857142857, -67687.0)
(790, 396.0746765136719, -1539744.857142857, -67687.0)
(791, 396.91129326820374, -1539744.857142857, -67687.0)
(792, 397.7537658214569, -1539744.857142857, -67687.0)
(793, 398.5936961174011, -1539744.857142857, -67687.0)
(794, 399.4610002040863, -1539744.857142857, -67687.0)
(795, 400.33740305900574, -1539744.857142857, -67687.0)
(796, 401.1926441192627, -1539744.857142857, -67687.0)
(797, 402.0459351539612, -1539744.857142857, -67687.0)
(798, 402.9269108772278, -1481470.4336734696, -67687.0)
(799, 403.83156991004944, -1481470.4336734696, -67687.0)
(800, 404.7514748573303, -1481470.4336734696, -67687.0)
(801, 405.7018632888794, -1481470.4336734696, -67687.0)
(802, 406.62978768348694, -1481470.4336734696, -67687.0)
(803, 407.47347259521484, -1481470.4336734696, -67687.0)
(804, 408.3099663257599, -1481470.4336734696, -67687.0)
(805, 409.26997804641724, -1481470.4336734696, -67687.0)
(806, 410.13577914237976, -1481470.4336734696, -67687.0)
(807, 411.0096437931061, -1481470.4336734696, -67687.0)
(808, 411.85536551475525, -1481470.4336734696, -67687.0)
(809, 412.7035572528839, -1481470.4336734696, -67687.0)
(810, 413.58114767074585, -1481470.4336734696, -67687.0)
(811, 414.4432396888733, -1481470.4336734696, -67687.0)
(812, 415.33887457847595, -1481470.4336734696, -67687.0)
(813, 416.2349534034729, -1471597.0434782607, -67687.0)
(814, 417.1237630844116, -1471597.0434782607, -67687.0)
(815, 417.98956298828125, -1471597.0434782607, -67687.0)
(816, 418.87270045280457, -1471597.0434782607, -67687.0)
(817, 419.7305061817169, -1471597.0434782607, -67687.0)
(818, 420.5684850215912, -1471597.0434782607, -67687.0)
(819, 421.4120910167694, -1471597.0434782607, -67687.0)
(820, 422.27775049209595, -1471597.0434782607, -67687.0)
(821, 423.1498122215271, -1471597.0434782607, -67687.0)
(822, 424.0844476222992, -1471597.0434782607, -67687.0)
(823, 425.0153877735138, -1471597.0434782607, -67687.0)
(824, 425.9133689403534, -1471597.0434782607, -67687.0)
(825, 426.80070400238037, -1471597.0434782607, -67687.0)
(826, 427.6827392578125, -1471597.0434782607, -67687.0)
(827, 428.5547001361847, -1471597.0434782607, -67687.0)
(828, 429.4173607826233, -1471597.0434782607, -67687.0)
(829, 430.29754757881165, -1471597.0434782607, -67687.0)
(830, 431.21325945854187, -1471597.0434782607, -67687.0)
(831, 432.1329553127289, -1471597.0434782607, -67687.0)
(832, 433.02752351760864, -1471597.0434782607, -67687.0)
(833, 433.9787425994873, -1471597.0434782607, -67687.0)
(834, 434.89054322242737, -1471597.0434782607, -67687.0)
(835, 435.82109904289246, -1471597.0434782607, -67687.0)
(836, 436.72919631004333, -1471597.0434782607, -67687.0)
(837, 437.6628203392029, -1471597.0434782607, -67687.0)
(838, 438.55307173728943, -1471597.0434782607, -67687.0)
(839, 439.4498164653778, -1471597.0434782607, -67687.0)
(840, 440.40380930900574, -1471597.0434782607, -67687.0)
(841, 441.31994700431824, -1471597.0434782607, -67687.0)
(842, 442.27666568756104, -1471597.0434782607, -67687.0)
(843, 443.22416281700134, -1471597.0434782607, -67687.0)
(844, 444.1460530757904, -1471597.0434782607, -67687.0)
(845, 445.05045986175537, -1471597.0434782607, -67687.0)
(846, 445.9811108112335, -1471597.0434782607, -67687.0)
(847, 446.88526821136475, -1471597.0434782607, -67687.0)
(848, 447.8112602233887, -1471597.0434782607, -67687.0)
(849, 448.73454236984253, -1471597.0434782607, -67687.0)
(850, 449.6772470474243, -1471597.0434782607, -67687.0)
(851, 450.60157465934753, -1471597.0434782607, -67687.0)
(852, 451.51107239723206, -1471597.0434782607, -67687.0)
(853, 452.42351174354553, -1471597.0434782607, -67687.0)
(854, 453.3590805530548, -1471597.0434782607, -67687.0)
(855, 454.30040764808655, -1471597.0434782607, -67687.0)
(856, 455.22013688087463, -1471597.0434782607, -67687.0)
(857, 456.19919300079346, -1471597.0434782607, -67687.0)
(858, 457.1173071861267, -1471597.0434782607, -67687.0)
(859, 458.22868251800537, -1471597.0434782607, -67687.0)
(860, 459.23345494270325, -1471597.0434782607, -67687.0)
(861, 460.170241355896, -1471597.0434782607, -67687.0)
(862, 461.06225776672363, -1471597.0434782607, -67687.0)
(863, 461.9813051223755, -1471597.0434782607, -67687.0)
(864, 462.9058747291565, -1357672.75, -67687.0)
(865, 463.82505798339844, -1357672.75, -67687.0)
(866, 464.71896600723267, -1357672.75, -67687.0)
(867, 465.6250455379486, -1357672.75, -67687.0)
(868, 466.53470826148987, -1357672.75, -67687.0)
(869, 467.4265866279602, -1357672.75, -67687.0)
(870, 468.3698229789734, -1357672.75, -67687.0)
(871, 469.2922194004059, -1357672.75, -67687.0)
(872, 470.2031364440918, -1357672.75, -67687.0)
(873, 471.1117308139801, -1357672.75, -67687.0)
(874, 472.03839111328125, -1357672.75, -67687.0)
(875, 472.9579610824585, -1357672.75, -67687.0)
(876, 473.8335943222046, -1357672.75, -67687.0)
(877, 474.7221577167511, -1357672.75, -67687.0)
(878, 475.6168444156647, -1357672.75, -67687.0)
(879, 476.5204367637634, -1357672.75, -67687.0)
(880, 477.4381823539734, -1357672.75, -67687.0)
(881, 478.37062335014343, -1357672.75, -67687.0)
(882, 479.30939531326294, -1357672.75, -67687.0)
(883, 480.2156186103821, -1357672.75, -67687.0)
(884, 481.1282572746277, -1357672.75, -67687.0)
(885, 482.06884360313416, -1356780.32, -67687.0)
(886, 483.0351002216339, -1356780.32, -67687.0)
(887, 483.9979667663574, -1356780.32, -67687.0)
(888, 484.9530053138733, -1356780.32, -67687.0)
(889, 485.8947741985321, -1356780.32, -67687.0)
(890, 486.8559069633484, -1356780.32, -67687.0)
(891, 487.876793384552, -1356780.32, -67687.0)
(892, 488.83054280281067, -1356780.32, -67687.0)
(893, 489.77262687683105, -1356780.32, -67687.0)
(894, 490.72442412376404, -1356780.32, -67687.0)
(895, 491.67202734947205, -1356780.32, -67687.0)
(896, 492.6058690547943, -1356780.32, -67687.0)
(897, 493.5466058254242, -1356780.32, -67687.0)
(898, 494.49175548553467, -1356780.32, -67687.0)
(899, 495.4860842227936, -1356780.32, -67687.0)
(900, 496.4260401725769, -1356780.32, -67687.0)
(901, 497.3906605243683, -1356780.32, -67687.0)
(902, 498.33402013778687, -1356780.32, -67687.0)
(903, 499.29003858566284, -1356780.32, -67687.0)
(904, 500.24682807922363, -1356780.32, -67687.0)
(905, 501.20275378227234, -1356780.32, -67687.0)
(906, 502.167245388031, -1356780.32, -67687.0)
(907, 503.1162226200104, -1356780.32, -67687.0)
(908, 504.07449865341187, -1356780.32, -67687.0)
(909, 505.06058168411255, -1356780.32, -67687.0)
(910, 506.0493977069855, -1356780.32, -67687.0)
(911, 507.01276421546936, -1356780.32, -67687.0)
(912, 507.97483801841736, -1356780.32, -67687.0)
(913, 508.98062682151794, -1356780.32, -67687.0)
(914, 509.9876878261566, -1356780.32, -67687.0)
(915, 510.98020243644714, -1356780.32, -67687.0)
(916, 511.9226818084717, -1356780.32, -67687.0)
(917, 512.8677520751953, -1356780.32, -67687.0)
(918, 513.8210122585297, -1356780.32, -67687.0)
(919, 514.8090851306915, -1356780.32, -67687.0)
(920, 515.7904605865479, -1356780.32, -67687.0)
(921, 516.7216503620148, -1356780.32, -67687.0)
(922, 517.7180023193359, -1356780.32, -67687.0)
(923, 518.6652226448059, -1356780.32, -67687.0)
(924, 519.634984254837, -1356780.32, -67687.0)
(925, 520.5754323005676, -1356780.32, -67687.0)
(926, 521.5722527503967, -1356780.32, -67687.0)
(927, 522.5568327903748, -1356780.32, -67687.0)
(928, 523.5867209434509, -1356780.32, -67687.0)
(929, 524.5679082870483, -1356780.32, -67687.0)
(930, 525.6190958023071, -1356780.32, -67687.0)
(931, 526.6364443302155, -1356780.32, -67687.0)
(932, 527.6419115066528, -1356780.32, -67687.0)
(933, 528.6520504951477, -1356780.32, -67687.0)
(934, 529.6764967441559, -1356780.32, -67687.0)
(935, 530.701780796051, -1356780.32, -67687.0)
(936, 531.6981434822083, -1260514.142857143, -67687.0)
(937, 532.6769781112671, -1260514.142857143, -67687.0)
(938, 533.64919090271, -1260514.142857143, -67687.0)
(939, 534.6441168785095, -1260514.142857143, -67687.0)
(940, 535.6205110549927, -1260514.142857143, -67687.0)
(941, 536.6004092693329, -1260514.142857143, -67687.0)
(942, 537.5576448440552, -1260514.142857143, -67687.0)
(943, 538.5763351917267, -1260514.142857143, -67687.0)
(944, 539.559841632843, -1260514.142857143, -67687.0)
(945, 540.5420763492584, -1260514.142857143, -67687.0)
(946, 541.542542219162, -1260514.142857143, -67687.0)
(947, 542.5444030761719, -1260514.142857143, -67687.0)
(948, 543.5211961269379, -1260514.142857143, -67687.0)
(949, 544.5087420940399, -1260514.142857143, -67687.0)
(950, 545.5356318950653, -1260514.142857143, -67687.0)
(951, 546.5619812011719, -1260514.142857143, -67687.0)
(952, 547.5754964351654, -1260514.142857143, -67687.0)
(953, 548.6123616695404, -1260514.142857143, -67687.0)
(954, 549.6358301639557, -1260514.142857143, -67687.0)
(955, 550.6412487030029, -1260514.142857143, -67687.0)
(956, 551.6335489749908, -1260514.142857143, -67687.0)
(957, 552.6381304264069, -1260514.142857143, -67687.0)
(958, 553.6430068016052, -1260514.142857143, -67687.0)
(959, 554.6461582183838, -1260514.142857143, -67687.0)
(960, 555.6924459934235, -1260514.142857143, -67687.0)
(961, 556.7159786224365, -1260514.142857143, -67687.0)
(962, 557.7059056758881, -1260514.142857143, -67687.0)
(963, 558.7403891086578, -1260514.142857143, -67687.0)
(964, 559.7677795886993, -1260514.142857143, -67687.0)
(965, 560.7534546852112, -1260514.142857143, -67687.0)
(966, 561.8039743900299, -1260514.142857143, -67687.0)
(967, 562.8680708408356, -1260514.142857143, -67687.0)
(968, 564.0143737792969, -1260514.142857143, -67687.0)
(969, 565.0915689468384, -1260514.142857143, -67687.0)
(970, 566.1299893856049, -1260514.142857143, -67687.0)
(971, 567.1743149757385, -1260514.142857143, -67687.0)
(972, 568.2133166790009, -1260514.142857143, -67687.0)
(973, 569.3079349994659, -1260514.142857143, -67687.0)
(974, 570.3888754844666, -1260514.142857143, -67687.0)
(975, 571.4510536193848, -1260514.142857143, -67687.0)
(976, 572.4584093093872, -1260514.142857143, -67687.0)
(977, 573.4899871349335, -1260514.142857143, -67687.0)
(978, 574.5632121562958, -1260514.142857143, -67687.0)
(979, 575.5675411224365, -1260514.142857143, -67687.0)
(980, 576.6959285736084, -1260514.142857143, -67687.0)
(981, 577.7534739971161, -1260514.142857143, -67687.0)
(982, 578.8340859413147, -1260514.142857143, -67687.0)
(983, 579.929673910141, -1164882.642857143, -67687.0)
(984, 580.9608886241913, -1164882.642857143, -67687.0)
(985, 581.9846692085266, -1164882.642857143, -67687.0)
(986, 583.0336029529572, -1164882.642857143, -67687.0)
(987, 584.0651831626892, -1164882.642857143, -67687.0)
(988, 585.1004860401154, -1164882.642857143, -67687.0)
(989, 586.1385803222656, -1164882.642857143, -67687.0)
(990, 587.1859011650085, -1164882.642857143, -67687.0)
(991, 588.2394824028015, -1164882.642857143, -67687.0)
(992, 589.2954022884369, -1164882.642857143, -67687.0)
(993, 590.3213696479797, -1164882.642857143, -67687.0)
(994, 591.3909866809845, -1164882.642857143, -67687.0)
(995, 592.444904088974, -1164882.642857143, -67687.0)
(996, 593.5415637493134, -1164882.642857143, -67687.0)
(997, 594.6050996780396, -1164882.642857143, -67687.0)
(998, 595.6471276283264, -1164882.642857143, -67687.0)
(999, 596.6856789588928, -1164882.642857143, -67687.0)
(1000, 597.7347085475922, -1164882.642857143, -67687.0)
