(1, 0.16874384880065918, -1006660.0, -74171.0)
(2, 0.256044864654541, -768850.4309353295, -74171.0)
(3, 0.34043383598327637, -389945.9609081958, -74171.0)
(4, 0.4258158206939697, -234908.81970257006, -74171.0)
(5, 0.5046877861022949, -204812.31527986587, -74171.0)
(6, 0.6532597541809082, -204812.31527986587, -101581.0)
(7, 0.8637866973876953, -182898.821568731, -101581.0)
(8, 1.1591637134552002, -154004.76313074763, -101581.0)
(9, 1.484220027923584, -132365.0727466674, -101581.0)
(10, 1.848573923110962, -119625.54562368861, -101581.0)
(11, 2.377767562866211, -112197.51140629509, -101581.0)
(12, 2.761451482772827, -112197.51140629509, -101581.0)
(13, 3.207512140274048, -109298.60791217856, -101580.99999999999)
(14, 3.58164119720459, -109298.60791217856, -101581.0)
(15, 3.9796032905578613, -106564.16243237715, -101581.0)
(16, 4.341415166854858, -106564.16243237715, -101581.0)
(17, 4.709985971450806, -105365.69324319216, -101581.0)
(18, 5.079097509384155, -105365.69324319216, -101581.0)
(19, 5.490260124206543, -104212.67062285473, -101581.0)
(20, 5.9613118171691895, -104212.67062285473, -101581.0)
(21, 6.457874298095703, -103498.46666143683, -101581.0)
(22, 6.982329845428467, -103403.36594135707, -101581.0)
(23, 7.503434181213379, -102770.27060054368, -101581.0)
(24, 8.03096628189087, -102557.60256079522, -101581.0)
(25, 8.585145711898804, -102459.69364998696, -101581.0)
(26, 9.180970668792725, -102239.37290288982, -101581.00000000001)
(27, 9.757915258407593, -102138.0268382543, -101581.0)
(28, 10.385504722595215, -102135.99152293097, -101581.0)
(29, 10.98965573310852, -101937.8573786057, -101581.0)
(30, 11.56662631034851, -101937.8573786057, -101581.0)
(31, 12.192862272262573, -101864.92902126176, -101581.0)
(32, 12.773099899291992, -101858.85822301112, -101581.0)
(33, 13.382147550582886, -101737.11059016021, -101581.0)
(34, 14.012765884399414, -101737.11059016021, -101581.00000000001)
(35, 14.61125922203064, -101703.23160831613, -101581.00000000001)
(36, 15.269964218139648, -101665.62755343677, -101581.0)
(37, 15.848726749420166, -101629.92481307083, -101581.0)
(38, 16.44399356842041, -101609.85413288823, -101581.0)
(39, 17.104835033416748, -101593.87664152279, -101581.0)
(40, 17.74351453781128, -101585.87865940796, -101581.0)
(41, 18.363976001739502, -101585.87865940796, -101581.0)
(42, 18.989798545837402, -101582.4635978224, -101581.0)
(43, 19.613367795944214, -101581.43907934695, -101581.0)
(44, 20.23932385444641, -101581.13172380342, -101581.0)
(45, 20.861660718917847, -101581.03951714047, -101581.0)
(46, 21.497137546539307, -101581.01185514218, -101581.0)
