(1, 0.07463741302490234, -222184.0, -56866.0)
(2, 0.1437540054321289, -222184.0, -56866.0)
(3, 0.21723222732543945, -222184.0, -56866.0)
(4, 0.2906224727630615, -222184.0, -56866.0)
(5, 0.3654637336730957, -222184.0, -56866.0)
(6, 0.43649959564208984, -222184.0, -56866.0)
(7, 0.5114190578460693, -222184.0, -56866.0)
(8, 0.5818812847137451, -222184.0, -56866.0)
(9, 0.6529064178466797, -222184.0, -56866.0)
(10, 0.7229936122894287, -222184.0, -56866.0)
(11, 0.7930293083190918, -222184.0, -56866.0)
(12, 0.8635909557342529, -222184.0, -56866.0)
(13, 0.933673620223999, -222184.0, -56866.0)
(14, 1.0036451816558838, -222184.0, -56866.0)
(15, 1.0748257637023926, -222184.0, -56866.0)
(16, 1.145246982574463, -222184.0, -56866.0)
(17, 1.213362216949463, -222184.0, -56866.0)
(18, 1.282301664352417, -222184.0, -56866.0)
(19, 1.348858118057251, -222184.0, -56866.0)
(20, 1.415811538696289, -222184.0, -56866.0)
(21, 1.4866516590118408, -222184.0, -56866.0)
(22, 1.5579478740692139, -222184.0, -56866.0)
(23, 1.629631757736206, -222184.0, -56866.0)
(24, 1.7000281810760498, -222184.0, -56866.0)
(25, 1.771371841430664, -222184.0, -56866.0)
(26, 1.8415682315826416, -222184.0, -56866.0)
(27, 1.921783208847046, -222184.0, -56866.0)
(28, 1.997467279434204, -222184.0, -56866.0)
(29, 2.069354772567749, -222184.0, -56866.0)
(30, 2.1421053409576416, -222184.0, -56866.0)
(31, 2.214284658432007, -222184.0, -56866.0)
(32, 2.286963701248169, -222184.0, -56866.0)
(33, 2.359381675720215, -222184.0, -56866.0)
(34, 2.4362776279449463, -222184.0, -56866.0)
(35, 2.5075414180755615, -222184.0, -56866.0)
(36, 2.577927827835083, -222184.0, -56866.0)
(37, 2.6469039916992188, -222184.0, -56866.0)
(38, 2.7181079387664795, -222184.0, -56866.0)
(39, 2.790179967880249, -222184.0, -56866.0)
(40, 2.8634228706359863, -222184.0, -56866.0)
(41, 2.9355146884918213, -222184.0, -56866.0)
(42, 3.0081913471221924, -222184.0, -56866.0)
(43, 3.0798354148864746, -222184.0, -56866.0)
(44, 3.1526756286621094, -222184.0, -56866.0)
(45, 3.224914312362671, -222184.0, -56866.0)
(46, 3.2998299598693848, -222184.0, -56866.0)
(47, 3.3735110759735107, -222184.0, -56866.0)
(48, 3.4468190670013428, -222184.0, -56866.0)
(49, 3.5194952487945557, -222184.0, -56866.0)
(50, 3.5928537845611572, -222184.0, -56866.0)
(51, 3.665452718734741, -222184.0, -56866.0)
(52, 3.741250991821289, -222184.0, -56866.0)
(53, 3.8139302730560303, -222184.0, -56866.0)
(54, 3.8845748901367188, -222184.0, -56866.0)
(55, 3.954681873321533, -222184.0, -56866.0)
(56, 4.026957750320435, -222184.0, -56866.0)
(57, 4.100310802459717, -222184.0, -56866.0)
(58, 4.175495386123657, -222184.0, -56866.0)
(59, 4.25626015663147, -222184.0, -56866.0)
(60, 4.331319332122803, -222184.0, -56866.0)
(61, 4.40526819229126, -222184.0, -56866.0)
(62, 4.478868007659912, -222184.0, -56866.0)
(63, 4.553873777389526, -222184.0, -56866.0)
(64, 4.626856565475464, -222184.0, -56866.0)
(65, 4.700402021408081, -222184.0, -56866.0)
(66, 4.774814128875732, -222184.0, -56866.0)
(67, 4.8505189418792725, -222184.0, -56866.0)
(68, 4.925396919250488, -222184.0, -56866.0)
(69, 4.997750282287598, -222184.0, -56866.0)
(70, 5.072081089019775, -222184.0, -56866.0)
(71, 5.141793489456177, -222184.0, -56866.0)
(72, 5.213747501373291, -222184.0, -56866.0)
(73, 5.289965391159058, -222184.0, -56866.0)
(74, 5.366140842437744, -222184.0, -56866.0)
(75, 5.440268516540527, -222184.0, -56866.0)
(76, 5.51630711555481, -222184.0, -56866.0)
(77, 5.592891693115234, -222184.0, -56866.0)
(78, 5.669066667556763, -222184.0, -56866.0)
(79, 5.746609687805176, -222184.0, -56866.0)
(80, 5.825576066970825, -222184.0, -56866.0)
(81, 5.902115821838379, -222184.0, -56866.0)
(82, 5.979470252990723, -222184.0, -56866.0)
(83, 6.064532279968262, -222184.0, -56866.0)
(84, 6.140965223312378, -222184.0, -56866.0)
(85, 6.2129974365234375, -222184.0, -56866.0)
(86, 6.28689169883728, -222184.0, -56866.0)
(87, 6.359331130981445, -222184.0, -56866.0)
(88, 6.435722827911377, -222184.0, -56866.0)
(89, 6.511509895324707, -222184.0, -56866.0)
(90, 6.588144063949585, -222184.0, -56866.0)
(91, 6.66353964805603, -222184.0, -56866.0)
(92, 6.738541603088379, -222184.0, -56866.0)
(93, 6.815110921859741, -222184.0, -56866.0)
(94, 6.8910675048828125, -222184.0, -56866.0)
(95, 6.967841386795044, -222184.0, -56866.0)
(96, 7.042746305465698, -222184.0, -56866.0)
(97, 7.119380712509155, -222184.0, -56866.0)
(98, 7.193965435028076, -222184.0, -56866.0)
(99, 7.269941091537476, -222184.0, -56866.0)
(100, 7.342862129211426, -222184.0, -56866.0)
(101, 7.417280912399292, -222184.0, -56866.0)
(102, 7.491643905639648, -222184.0, -56866.0)
(103, 7.563901901245117, -222184.0, -56866.0)
(104, 7.638841152191162, -222184.0, -56866.0)
(105, 7.7155280113220215, -222184.0, -56866.0)
(106, 7.794012546539307, -222184.0, -56866.0)
(107, 7.87723445892334, -222184.0, -56866.0)
(108, 7.956633806228638, -222184.0, -56866.0)
(109, 8.037968158721924, -222184.0, -56866.0)
(110, 8.113551139831543, -222184.0, -56866.0)
(111, 8.1929349899292, -222184.0, -56866.0)
(112, 8.270124912261963, -222184.0, -56866.0)
(113, 8.347747325897217, -222184.0, -56866.0)
(114, 8.423323154449463, -222184.0, -56866.0)
(115, 8.499564409255981, -222184.0, -56866.0)
(116, 8.583161354064941, -222184.0, -56866.0)
(117, 8.661712169647217, -222184.0, -56866.0)
(118, 8.739084243774414, -222184.0, -56866.0)
(119, 8.815428972244263, -222184.0, -56866.0)
(120, 8.898962497711182, -222184.0, -56866.0)
(121, 8.977092504501343, -222184.0, -56866.0)
(122, 9.056182861328125, -222184.0, -56866.0)
(123, 9.135474920272827, -222184.0, -56866.0)
(124, 9.212313890457153, -222184.0, -56866.0)
(125, 9.292799472808838, -222184.0, -56866.0)
(126, 9.376697778701782, -222184.0, -56866.0)
(127, 9.461988925933838, -222184.0, -56866.0)
(128, 9.54613471031189, -222184.0, -56866.0)
(129, 9.630793571472168, -222184.0, -56866.0)
(130, 9.71582555770874, -222184.0, -56866.0)
(131, 9.794343709945679, -222184.0, -56866.0)
(132, 9.876874923706055, -222184.0, -56866.0)
(133, 9.964171648025513, -222184.0, -56866.0)
(134, 10.04622745513916, -222184.0, -56866.0)
(135, 10.12819504737854, -222184.0, -56866.0)
(136, 10.209033012390137, -222184.0, -56866.0)
(137, 10.288911819458008, -222184.0, -56866.0)
(138, 10.36930537223816, -222184.0, -56866.0)
(139, 10.451344013214111, -222184.0, -56866.0)
(140, 10.530653953552246, -222184.0, -56866.0)
(141, 10.6088547706604, -222184.0, -56866.0)
(142, 10.69020414352417, -222184.0, -56866.0)
(143, 10.77365756034851, -222184.0, -56866.0)
(144, 10.85421895980835, -222184.0, -56866.0)
(145, 10.9425950050354, -222184.0, -56866.0)
(146, 11.025267124176025, -222184.0, -56866.0)
(147, 11.106215476989746, -222184.0, -56866.0)
(148, 11.193313360214233, -222184.0, -56866.0)
(149, 11.27974820137024, -222184.0, -56866.0)
(150, 11.36005449295044, -222184.0, -56866.0)
(151, 11.44673466682434, -222184.0, -56866.0)
(152, 11.534629583358765, -222184.0, -56866.0)
(153, 11.625053405761719, -222184.0, -56866.0)
(154, 11.719528436660767, -222184.0, -56866.0)
(155, 11.811341762542725, -222184.0, -56866.0)
(156, 11.89666199684143, -222184.0, -56866.0)
(157, 11.987556457519531, -222184.0, -56866.0)
(158, 12.078580379486084, -222184.0, -56866.0)
(159, 12.172404289245605, -222184.0, -56866.0)
(160, 12.262084484100342, -222184.0, -56866.0)
(161, 12.35196328163147, -222184.0, -56866.0)
(162, 12.444397926330566, -222184.0, -56866.0)
(163, 12.54925012588501, -222184.0, -56866.0)
(164, 12.650787830352783, -222184.0, -56866.0)
(165, 12.742229223251343, -222184.0, -56866.0)
(166, 12.830272912979126, -222184.0, -56866.0)
(167, 12.916539907455444, -222184.0, -56866.0)
(168, 13.002139806747437, -222184.0, -56866.0)
(169, 13.0966477394104, -222184.0, -56866.0)
(170, 13.188621997833252, -222184.0, -56866.0)
(171, 13.27569842338562, -222184.0, -56866.0)
(172, 13.362890243530273, -222184.0, -56866.0)
(173, 13.445162296295166, -222184.0, -56866.0)
(174, 13.527332305908203, -222184.0, -56866.0)
(175, 13.612355470657349, -222184.0, -56866.0)
(176, 13.698949575424194, -222184.0, -56866.0)
(177, 13.7880699634552, -222184.0, -56866.0)
(178, 13.877510070800781, -222184.0, -56866.0)
(179, 13.965932607650757, -222184.0, -56866.0)
(180, 14.0545072555542, -222184.0, -56866.0)
(181, 14.141046524047852, -222184.0, -56866.0)
(182, 14.228018045425415, -222184.0, -56866.0)
(183, 14.319499254226685, -222184.0, -56866.0)
(184, 14.407784938812256, -222184.0, -56866.0)
(185, 14.496169090270996, -222184.0, -56866.0)
(186, 14.583218812942505, -222184.0, -56866.0)
(187, 14.668776988983154, -222184.0, -56866.0)
(188, 14.753816366195679, -222184.0, -56866.0)
(189, 14.843024015426636, -222184.0, -56866.0)
(190, 14.933349609375, -222184.0, -56866.0)
(191, 15.022064208984375, -222184.0, -56866.0)
(192, 15.123087644577026, -222184.0, -56866.0)
(193, 15.214902400970459, -222184.0, -56866.0)
(194, 15.30409574508667, -222184.0, -56866.0)
(195, 15.394639730453491, -222184.0, -56866.0)
(196, 15.4845130443573, -222184.0, -56866.0)
(197, 15.577317237854004, -222184.0, -56866.0)
(198, 15.66480827331543, -222184.0, -56866.0)
(199, 15.756534814834595, -222184.0, -56866.0)
(200, 15.844218730926514, -222184.0, -56866.0)
(201, 15.93337345123291, -222184.0, -56866.0)
(202, 16.022867918014526, -222184.0, -56866.0)
(203, 16.111476182937622, -222184.0, -56866.0)
(204, 16.20219087600708, -222184.0, -56866.0)
(205, 16.292124032974243, -222184.0, -56866.0)
(206, 16.38399648666382, -222184.0, -56866.0)
(207, 16.474290132522583, -222184.0, -56866.0)
(208, 16.567811489105225, -222184.0, -56866.0)
(209, 16.660027265548706, -222184.0, -56866.0)
(210, 16.75032377243042, -222184.0, -56866.0)
(211, 16.841249704360962, -222184.0, -56866.0)
(212, 16.93424415588379, -222184.0, -56866.0)
(213, 17.039464950561523, -222184.0, -56866.0)
(214, 17.142377376556396, -222184.0, -56866.0)
(215, 17.249281406402588, -222184.0, -56866.0)
(216, 17.351267337799072, -222184.0, -56866.0)
(217, 17.442015409469604, -222184.0, -56866.0)
(218, 17.5369291305542, -222184.0, -56866.0)
(219, 17.629329919815063, -222184.0, -56866.0)
(220, 17.72345519065857, -222184.0, -56866.0)
(221, 17.812808752059937, -222184.0, -56866.0)
(222, 17.917268991470337, -222184.0, -56866.0)
(223, 18.006982564926147, -222184.0, -56866.0)
(224, 18.100308895111084, -222184.0, -56866.0)
(225, 18.1936616897583, -222184.0, -56866.0)
(226, 18.287388563156128, -222184.0, -56866.0)
(227, 18.381490230560303, -222184.0, -56866.0)
(228, 18.47591280937195, -222184.0, -56866.0)
(229, 18.577035188674927, -222184.0, -56866.0)
(230, 18.6775119304657, -222184.0, -56866.0)
(231, 18.786332607269287, -222184.0, -56866.0)
(232, 18.8912992477417, -222184.0, -56866.0)
(233, 18.985509872436523, -222184.0, -56866.0)
(234, 19.08179211616516, -222184.0, -56866.0)
(235, 19.19063401222229, -222184.0, -56866.0)
(236, 19.300079822540283, -222184.0, -56866.0)
(237, 19.396794080734253, -222184.0, -56866.0)
(238, 19.494530200958252, -222184.0, -56866.0)
(239, 19.58739399909973, -222184.0, -56866.0)
(240, 19.685144424438477, -222184.0, -56866.0)
(241, 19.780625581741333, -222184.0, -56866.0)
(242, 19.871766567230225, -222184.0, -56866.0)
(243, 19.963213682174683, -222184.0, -56866.0)
(244, 20.056492567062378, -222184.0, -56866.0)
(245, 20.152571439743042, -222184.0, -56866.0)
(246, 20.25187397003174, -222184.0, -56866.0)
(247, 20.34851908683777, -222184.0, -56866.0)
(248, 20.446276664733887, -222184.0, -56866.0)
(249, 20.547817945480347, -222184.0, -56866.0)
(250, 20.64462637901306, -222184.0, -56866.0)
(251, 20.73807692527771, -222184.0, -56866.0)
(252, 20.838960886001587, -222184.0, -56866.0)
(253, 20.94843101501465, -222184.0, -56866.0)
(254, 21.045736074447632, -222184.0, -56866.0)
(255, 21.154906034469604, -222184.0, -56866.0)
(256, 21.268278121948242, -222184.0, -56866.0)
(257, 21.375158309936523, -222184.0, -56866.0)
(258, 21.490888833999634, -222184.0, -56866.0)
(259, 21.601364612579346, -222184.0, -56866.0)
(260, 21.70250701904297, -222184.0, -56866.0)
(261, 21.803211450576782, -222184.0, -56866.0)
(262, 21.90635633468628, -222184.0, -56866.0)
(263, 22.006339073181152, -222184.0, -56866.0)
(264, 22.120073318481445, -222184.0, -56866.0)
(265, 22.21981692314148, -222184.0, -56866.0)
(266, 22.342988967895508, -222184.0, -56866.0)
(267, 22.457754135131836, -222184.0, -56866.0)
(268, 22.568893909454346, -222184.0, -56866.0)
(269, 22.68139910697937, -222184.0, -56866.0)
(270, 22.79443097114563, -222184.0, -56866.0)
(271, 22.907548189163208, -222184.0, -56866.0)
(272, 23.01312804222107, -222184.0, -56866.0)
(273, 23.12866473197937, -222184.0, -56866.0)
(274, 23.23081350326538, -222184.0, -56866.0)
(275, 23.353377103805542, -222184.0, -56866.0)
(276, 23.48427963256836, -222184.0, -56866.0)
(277, 23.612302541732788, -222184.0, -56866.0)
(278, 23.771005153656006, -208269.29667487697, -56866.0)
(279, 23.891571760177612, -208269.29667487697, -56866.0)
(280, 24.015125036239624, -208269.29667487697, -56866.0)
(281, 24.107067823410034, -208269.29667487697, -56866.0)
(282, 24.203319311141968, -208269.29667487697, -56866.0)
(283, 24.302587270736694, -208269.29667487697, -56866.0)
(284, 24.398294687271118, -208269.29667487697, -56866.0)
(285, 24.49335503578186, -208269.29667487697, -56866.0)
(286, 24.592127799987793, -208269.29667487697, -56866.0)
(287, 24.688531160354614, -208269.29667487697, -56866.0)
(288, 24.78313422203064, -208269.29667487697, -56866.0)
(289, 24.88061213493347, -208269.29667487697, -56866.0)
(290, 24.9771785736084, -208269.29667487697, -56866.0)
(291, 25.07399320602417, -208269.29667487697, -56866.0)
(292, 25.167494535446167, -208269.29667487697, -56866.0)
(293, 25.262231826782227, -208269.29667487697, -56866.0)
(294, 25.354219913482666, -208269.29667487697, -56866.0)
(295, 25.447672128677368, -208269.29667487697, -56866.0)
(296, 25.541388273239136, -208269.29667487697, -56866.0)
(297, 25.63491201400757, -208269.29667487697, -56866.0)
(298, 25.731655597686768, -208269.29667487697, -56866.0)
(299, 25.832574367523193, -208269.29667487697, -56866.0)
(300, 25.92673921585083, -208269.29667487697, -56866.0)
(301, 26.023870706558228, -208269.29667487697, -56866.0)
(302, 26.12360954284668, -208269.29667487697, -56866.0)
(303, 26.221821069717407, -208269.29667487697, -56866.0)
(304, 26.318393230438232, -208269.29667487697, -56866.0)
(305, 26.416975498199463, -208269.29667487697, -56866.0)
(306, 26.512353897094727, -208269.29667487697, -56866.0)
(307, 26.609718799591064, -208269.29667487697, -56866.0)
(308, 26.70563578605652, -208269.29667487697, -56866.0)
(309, 26.806621313095093, -208269.29667487697, -56866.0)
(310, 26.911453008651733, -208269.29667487697, -56866.0)
(311, 27.00947880744934, -208269.29667487697, -56866.0)
(312, 27.107292652130127, -208269.29667487697, -56866.0)
(313, 27.21094298362732, -208269.29667487697, -56866.0)
(314, 27.31341314315796, -208269.29667487697, -56866.0)
(315, 27.415490865707397, -208269.29667487697, -56866.0)
(316, 27.52124261856079, -208269.29667487697, -56866.0)
(317, 27.63880467414856, -208269.29667487697, -56866.0)
(318, 27.7629611492157, -208269.29667487697, -56866.0)
(319, 27.867344617843628, -208269.29667487697, -56866.0)
(320, 27.970210552215576, -208269.29667487697, -56866.0)
(321, 28.070026397705078, -208269.29667487697, -56866.0)
(322, 28.171963930130005, -208269.29667487697, -56866.0)
(323, 28.28865075111389, -208269.29667487697, -56866.0)
(324, 28.40561294555664, -208269.29667487697, -56866.0)
(325, 28.506284475326538, -208269.29667487697, -56866.0)
(326, 28.623851776123047, -208269.29667487697, -56866.0)
(327, 28.741394996643066, -208269.29667487697, -56866.0)
(328, 28.866641521453857, -208269.29667487697, -56866.0)
(329, 28.99682068824768, -208269.29667487697, -56866.0)
(330, 29.098836183547974, -208269.29667487697, -56866.0)
(331, 29.202250957489014, -208269.29667487697, -56866.0)
(332, 29.302814245224, -208269.29667487697, -56866.0)
(333, 29.40878701210022, -208269.29667487697, -56866.0)
(334, 29.51280641555786, -208269.29667487697, -56866.0)
(335, 29.612107515335083, -208269.29667487697, -56866.0)
(336, 29.70849633216858, -208269.29667487697, -56866.0)
(337, 29.816020727157593, -208269.29667487697, -56866.0)
(338, 29.919259309768677, -208269.29667487697, -56866.0)
(339, 30.017433404922485, -208269.29667487697, -56866.0)
(340, 30.12351655960083, -208269.29667487697, -56866.0)
(341, 30.219677925109863, -208269.29667487697, -56866.0)
(342, 30.31777834892273, -208269.29667487697, -56866.0)
(343, 30.443245887756348, -208269.29667487697, -56866.0)
(344, 30.551753282546997, -208269.29667487697, -56866.0)
(345, 30.65710759162903, -208269.29667487697, -56866.0)
(346, 30.762418031692505, -208269.29667487697, -56866.0)
(347, 30.860358476638794, -208269.29667487697, -56866.0)
(348, 30.986926555633545, -208269.29667487697, -56866.0)
(349, 31.096830129623413, -208269.29667487697, -56866.0)
(350, 31.205845832824707, -208269.29667487697, -56866.0)
(351, 31.316483974456787, -208269.29667487697, -56866.0)
(352, 31.426724195480347, -208269.29667487697, -56866.0)
(353, 31.55313730239868, -208269.29667487697, -56866.0)
(354, 31.68203353881836, -208269.29667487697, -56866.0)
(355, 31.809004068374634, -208269.29667487697, -56866.0)
(356, 31.913580656051636, -208269.29667487697, -56866.0)
(357, 32.022056102752686, -208269.29667487697, -56866.0)
(358, 32.15014910697937, -208269.29667487697, -56866.0)
(359, 32.25239825248718, -208269.29667487697, -56866.0)
(360, 32.35887861251831, -208269.29667487697, -56866.0)
(361, 32.46287250518799, -208269.29667487697, -56866.0)
(362, 32.562276124954224, -208269.29667487697, -56866.0)
(363, 32.66788935661316, -208269.29667487697, -56866.0)
(364, 32.77272415161133, -208269.29667487697, -56866.0)
(365, 32.872252225875854, -208269.29667487697, -56866.0)
(366, 32.97508358955383, -208269.29667487697, -56866.0)
(367, 33.08398509025574, -208269.29667487697, -56866.0)
(368, 33.18327260017395, -208269.29667487697, -56866.0)
(369, 33.289273500442505, -208269.29667487697, -56866.0)
(370, 33.39393448829651, -208269.29667487697, -56866.0)
(371, 33.504342794418335, -208269.29667487697, -56866.0)
(372, 33.61346197128296, -208269.29667487697, -56866.0)
(373, 33.726178884506226, -208269.29667487697, -56866.0)
(374, 33.83525800704956, -208269.29667487697, -56866.0)
(375, 33.96175742149353, -208269.29667487697, -56866.0)
(376, 34.07188534736633, -208269.29667487697, -56866.0)
(377, 34.17856049537659, -208269.29667487697, -56866.0)
(378, 34.28957176208496, -208269.29667487697, -56866.0)
(379, 34.405556440353394, -208269.29667487697, -56866.0)
(380, 34.52203726768494, -208269.29667487697, -56866.0)
(381, 34.66710114479065, -208269.29667487697, -56866.0)
(382, 34.830514430999756, -208269.29667487697, -56866.0)
(383, 34.96153998374939, -208269.29667487697, -56866.0)
(384, 35.09310340881348, -208269.29667487697, -56866.0)
(385, 35.23382329940796, -208269.29667487697, -56866.0)
(386, 35.37271070480347, -208269.29667487697, -56866.0)
(387, 35.48766493797302, -208269.29667487697, -56866.0)
(388, 35.59468603134155, -208269.29667487697, -56866.0)
(389, 35.715150117874146, -208269.29667487697, -56866.0)
(390, 35.82713055610657, -208269.29667487697, -56866.0)
(391, 35.94408988952637, -208269.29667487697, -56866.0)
(392, 36.05130743980408, -208269.29667487697, -56866.0)
(393, 36.16645884513855, -208269.29667487697, -56866.0)
(394, 36.28811264038086, -208269.29667487697, -56866.0)
(395, 36.40379881858826, -208269.29667487697, -56866.0)
(396, 36.51493263244629, -208269.29667487697, -56866.0)
(397, 36.634586334228516, -208269.29667487697, -56866.0)
(398, 36.75066065788269, -208269.29667487697, -56866.0)
(399, 36.86332035064697, -208269.29667487697, -56866.0)
(400, 36.97995901107788, -208269.29667487697, -56866.0)
(401, 37.087008476257324, -208269.29667487697, -56866.0)
(402, 37.228676080703735, -208269.29667487697, -56866.0)
(403, 37.38404893875122, -208269.29667487697, -56866.0)
(404, 37.52083683013916, -208269.29667487697, -56866.0)
(405, 37.64033603668213, -208269.29667487697, -56866.0)
(406, 37.75200295448303, -208269.29667487697, -56866.0)
(407, 37.869580030441284, -208269.29667487697, -56866.0)
(408, 37.98386788368225, -208269.29667487697, -56866.0)
(409, 38.103498220443726, -208269.29667487697, -56866.0)
(410, 38.22272348403931, -208269.29667487697, -56866.0)
(411, 38.34305000305176, -208269.29667487697, -56866.0)
(412, 38.50124907493591, -208269.29667487697, -56866.0)
(413, 38.64903259277344, -208269.29667487697, -56866.0)
(414, 38.79469442367554, -208269.29667487697, -56866.0)
(415, 38.9417724609375, -208269.29667487697, -56866.0)
(416, 39.08582282066345, -208269.29667487697, -56866.0)
(417, 39.22519564628601, -208269.29667487697, -56866.0)
(418, 39.34653687477112, -208269.29667487697, -56866.0)
(419, 39.46912145614624, -208269.29667487697, -56866.0)
(420, 39.6124632358551, -208269.29667487697, -56866.0)
(421, 39.76560091972351, -208269.29667487697, -56866.0)
(422, 39.945579528808594, -208269.29667487697, -56866.0)
(423, 40.16049551963806, -208269.29667487697, -56866.0)
(424, 40.347904920578, -208269.29667487697, -56866.0)
(425, 40.51532602310181, -208269.29667487697, -56866.0)
(426, 40.671833753585815, -208269.29667487697, -56866.0)
(427, 40.794360637664795, -208269.29667487697, -56866.0)
(428, 40.903892993927, -208269.29667487697, -56866.0)
(429, 41.01814651489258, -208269.29667487697, -56866.0)
(430, 41.13116645812988, -208269.29667487697, -56866.0)
(431, 41.249988079071045, -208269.29667487697, -56866.0)
(432, 41.360819578170776, -208269.29667487697, -56866.0)
(433, 41.47382616996765, -208269.29667487697, -56866.0)
(434, 41.5853316783905, -208269.29667487697, -56866.0)
(435, 41.729100465774536, -208269.29667487697, -56866.0)
(436, 41.859304904937744, -208269.29667487697, -56866.0)
(437, 41.97901225090027, -208269.29667487697, -56866.0)
(438, 42.09208345413208, -208269.29667487697, -56866.0)
(439, 42.20679211616516, -208269.29667487697, -56866.0)
(440, 42.319416999816895, -208269.29667487697, -56866.0)
(441, 42.437970876693726, -208269.29667487697, -56866.0)
(442, 42.557472944259644, -208269.29667487697, -56866.0)
(443, 42.67471504211426, -208269.29667487697, -56866.0)
(444, 42.79234981536865, -208269.29667487697, -56866.0)
(445, 42.907193660736084, -208269.29667487697, -56866.0)
(446, 43.0261435508728, -208269.29667487697, -56866.0)
(447, 43.15206718444824, -208269.29667487697, -56866.0)
(448, 43.2796745300293, -208269.29667487697, -56866.0)
(449, 43.40058898925781, -208269.29667487697, -56866.0)
(450, 43.52289915084839, -208269.29667487697, -56866.0)
(451, 43.649394035339355, -208269.29667487697, -56866.0)
(452, 43.80605340003967, -208269.29667487697, -56866.0)
(453, 43.971322536468506, -208269.29667487697, -56866.0)
(454, 44.101303815841675, -208269.29667487697, -56866.0)
(455, 44.22436237335205, -208269.29667487697, -56866.0)
(456, 44.341679096221924, -208269.29667487697, -56866.0)
(457, 44.4601526260376, -208269.29667487697, -56866.0)
(458, 44.57714891433716, -208269.29667487697, -56866.0)
(459, 44.70195293426514, -208269.29667487697, -56866.0)
(460, 44.82373905181885, -208269.29667487697, -56866.0)
(461, 44.95727467536926, -208269.29667487697, -56866.0)
(462, 45.11389899253845, -208269.29667487697, -56866.0)
(463, 45.239845275878906, -208269.29667487697, -56866.0)
(464, 45.39840054512024, -208269.29667487697, -56866.0)
(465, 45.525991916656494, -208269.29667487697, -56866.0)
(466, 45.651416540145874, -208269.29667487697, -56866.0)
(467, 45.77077126502991, -208269.29667487697, -56866.0)
(468, 45.89047050476074, -208269.29667487697, -56866.0)
(469, 46.01846694946289, -208269.29667487697, -56866.0)
(470, 46.137298345565796, -208269.29667487697, -56866.0)
(471, 46.25536823272705, -208269.29667487697, -56866.0)
(472, 46.37126612663269, -208269.29667487697, -56866.0)
(473, 46.499446392059326, -208269.29667487697, -56866.0)
(474, 46.617177963256836, -208269.29667487697, -56866.0)
(475, 46.7498664855957, -208269.29667487697, -56866.0)
(476, 46.8777117729187, -208269.29667487697, -56866.0)
(477, 46.99711227416992, -208269.29667487697, -56866.0)
(478, 47.12526488304138, -208269.29667487697, -56866.0)
(479, 47.255576610565186, -208269.29667487697, -56866.0)
(480, 47.42202615737915, -208269.29667487697, -56866.0)
(481, 47.56090188026428, -208269.29667487697, -56866.0)
(482, 47.70340657234192, -208269.29667487697, -56866.0)
(483, 47.84380006790161, -208269.29667487697, -56866.0)
(484, 48.01439666748047, -208269.29667487697, -56866.0)
(485, 48.149895668029785, -208269.29667487697, -56866.0)
(486, 48.27722477912903, -208269.29667487697, -56866.0)
(487, 48.41324806213379, -208269.29667487697, -56866.0)
(488, 48.54372525215149, -208269.29667487697, -56866.0)
(489, 48.67180395126343, -208269.29667487697, -56866.0)
(490, 48.79250478744507, -208269.29667487697, -56866.0)
(491, 48.92285633087158, -208269.29667487697, -56866.0)
(492, 49.04416012763977, -208269.29667487697, -56866.0)
(493, 49.16398072242737, -208269.29667487697, -56866.0)
(494, 49.29692530632019, -208269.29667487697, -56866.0)
(495, 49.43266558647156, -208269.29667487697, -56866.0)
(496, 49.57710647583008, -208269.29667487697, -56866.0)
(497, 49.69550013542175, -208269.29667487697, -56866.0)
(498, 49.826027154922485, -208269.29667487697, -56866.0)
(499, 49.961201667785645, -208269.29667487697, -56866.0)
(500, 50.0959837436676, -208269.29667487697, -56866.0)
(501, 50.22343063354492, -208269.29667487697, -56866.0)
(502, 50.359384536743164, -208269.29667487697, -56866.0)
(503, 50.495930671691895, -208269.29667487697, -56866.0)
(504, 50.635254859924316, -208269.29667487697, -56866.0)
(505, 50.778361797332764, -208269.29667487697, -56866.0)
(506, 50.91202259063721, -208269.29667487697, -56866.0)
(507, 51.059821367263794, -208269.29667487697, -56866.0)
(508, 51.24917483329773, -208269.29667487697, -56866.0)
(509, 51.428813219070435, -208269.29667487697, -56866.0)
(510, 51.602906227111816, -208269.29667487697, -56866.0)
(511, 51.774996757507324, -208269.29667487697, -56866.0)
(512, 51.9585063457489, -208269.29667487697, -56866.0)
(513, 52.09984755516052, -208269.29667487697, -56866.0)
(514, 52.23041296005249, -208269.29667487697, -56866.0)
(515, 52.37067127227783, -208269.29667487697, -56866.0)
(516, 52.50031876564026, -208269.29667487697, -56866.0)
(517, 52.63049292564392, -208269.29667487697, -56866.0)
(518, 52.77053380012512, -208269.29667487697, -56866.0)
(519, 52.89729690551758, -208269.29667487697, -56866.0)
(520, 53.030128717422485, -208269.29667487697, -56866.0)
(521, 53.15465235710144, -208269.29667487697, -56866.0)
(522, 53.283788442611694, -208269.29667487697, -56866.0)
(523, 53.40305256843567, -208269.29667487697, -56866.0)
(524, 53.52903938293457, -208269.29667487697, -56866.0)
(525, 53.65935015678406, -208269.29667487697, -56866.0)
(526, 53.78907227516174, -208269.29667487697, -56866.0)
(527, 53.91445350646973, -208269.29667487697, -56866.0)
(528, 54.045270681381226, -208269.29667487697, -56866.0)
(529, 54.16602110862732, -208269.29667487697, -56866.0)
(530, 54.29915642738342, -208269.29667487697, -56866.0)
(531, 54.42884874343872, -208269.29667487697, -56866.0)
(532, 54.59457087516785, -208269.29667487697, -56866.0)
(533, 54.74369668960571, -208269.29667487697, -56866.0)
(534, 54.875826358795166, -208269.29667487697, -56866.0)
(535, 55.01394200325012, -208269.29667487697, -56866.0)
(536, 55.18875074386597, -208269.29667487697, -56866.0)
(537, 55.36856961250305, -208269.29667487697, -56866.0)
(538, 55.564626693725586, -208269.29667487697, -56866.0)
(539, 55.716538429260254, -208269.29667487697, -56866.0)
(540, 55.865649938583374, -208269.29667487697, -56866.0)
(541, 56.00463533401489, -208269.29667487697, -56866.0)
(542, 56.14559197425842, -208269.29667487697, -56866.0)
(543, 56.28018617630005, -208269.29667487697, -56866.0)
(544, 56.41128849983215, -208269.29667487697, -56866.0)
(545, 56.55112075805664, -208269.29667487697, -56866.0)
(546, 56.69401168823242, -208269.29667487697, -56866.0)
(547, 56.83545899391174, -208269.29667487697, -56866.0)
(548, 56.9657506942749, -208269.29667487697, -56866.0)
(549, 57.10787892341614, -208269.29667487697, -56866.0)
(550, 57.26195406913757, -208269.29667487697, -56866.0)
(551, 57.44211435317993, -208269.29667487697, -56866.0)
(552, 57.63583993911743, -208269.29667487697, -56866.0)
(553, 57.76210355758667, -208269.29667487697, -56866.0)
(554, 57.895878314971924, -208269.29667487697, -56866.0)
(555, 58.03734612464905, -208269.29667487697, -56866.0)
(556, 58.17342758178711, -208269.29667487697, -56866.0)
(557, 58.31530570983887, -208269.29667487697, -56866.0)
(558, 58.47075390815735, -208269.29667487697, -56866.0)
(559, 58.61123037338257, -208269.29667487697, -56866.0)
(560, 58.75239825248718, -208269.29667487697, -56866.0)
(561, 58.97714161872864, -208269.29667487697, -56866.0)
(562, 59.18216347694397, -208269.29667487697, -56866.0)
(563, 59.32439160346985, -208269.29667487697, -56866.0)
(564, 59.45427370071411, -208269.29667487697, -56866.0)
(565, 59.59711575508118, -208269.29667487697, -56866.0)
(566, 59.73997163772583, -208269.29667487697, -56866.0)
(567, 59.889026403427124, -208269.29667487697, -56866.0)
(568, 60.0168981552124, -208269.29667487697, -56866.0)
(569, 60.17133283615112, -208269.29667487697, -56866.0)
(570, 60.3173553943634, -208269.29667487697, -56866.0)
(571, 60.49870777130127, -208269.29667487697, -56866.0)
(572, 60.637314319610596, -208269.29667487697, -56866.0)
(573, 60.769351959228516, -208269.29667487697, -56866.0)
(574, 60.93089413642883, -208269.29667487697, -56866.0)
(575, 61.124078035354614, -208269.29667487697, -56866.0)
(576, 61.31540560722351, -208269.29667487697, -56866.0)
(577, 61.451157569885254, -208269.29667487697, -56866.0)
(578, 61.61542367935181, -208269.29667487697, -56866.0)
(579, 61.76126289367676, -208269.29667487697, -56866.0)
(580, 61.94883847236633, -208269.29667487697, -56866.0)
(581, 62.14917206764221, -208269.29667487697, -56866.0)
(582, 62.344218730926514, -208269.29667487697, -56866.0)
(583, 62.49928426742554, -208269.29667487697, -56866.0)
(584, 62.64806890487671, -208269.29667487697, -56866.0)
(585, 62.789520263671875, -208269.29667487697, -56866.0)
(586, 62.92295861244202, -208269.29667487697, -56866.0)
(587, 63.07191252708435, -208269.29667487697, -56866.0)
(588, 63.22368669509888, -208269.29667487697, -56866.0)
(589, 63.371079444885254, -208269.29667487697, -56866.0)
(590, 63.516310930252075, -208269.29667487697, -56866.0)
(591, 63.67344665527344, -208269.29667487697, -56866.0)
(592, 63.82744121551514, -208269.29667487697, -56866.0)
(593, 63.98230004310608, -208269.29667487697, -56866.0)
(594, 64.11696743965149, -208269.29667487697, -56866.0)
(595, 64.3167085647583, -208269.29667487697, -56866.0)
(596, 64.50288462638855, -208269.29667487697, -56866.0)
(597, 64.70805430412292, -208269.29667487697, -56866.0)
(598, 64.90075826644897, -208269.29667487697, -56866.0)
(599, 65.05932283401489, -208269.29667487697, -56866.0)
(600, 65.25109028816223, -208269.29667487697, -56866.0)
(601, 65.40240263938904, -208269.29667487697, -56866.0)
(602, 65.6003475189209, -208269.29667487697, -56866.0)
(603, 65.74401664733887, -208269.29667487697, -56866.0)
(604, 65.88373303413391, -208269.29667487697, -56866.0)
(605, 66.0192084312439, -208269.29667487697, -56866.0)
(606, 66.16820001602173, -208269.29667487697, -56866.0)
(607, 66.30925393104553, -208269.29667487697, -56866.0)
(608, 66.45476961135864, -208269.29667487697, -56866.0)
(609, 66.62154412269592, -208269.29667487697, -56866.0)
(610, 66.7674241065979, -208269.29667487697, -56866.0)
(611, 66.91716742515564, -208269.29667487697, -56866.0)
(612, 67.07231283187866, -208269.29667487697, -56866.0)
(613, 67.27562355995178, -208269.29667487697, -56866.0)
(614, 67.4870707988739, -208269.29667487697, -56866.0)
(615, 67.69398379325867, -208269.29667487697, -56866.0)
(616, 67.85870599746704, -208269.29667487697, -56866.0)
(617, 68.02828907966614, -208269.29667487697, -56866.0)
(618, 68.23499155044556, -208269.29667487697, -56866.0)
(619, 68.46205854415894, -208269.29667487697, -56866.0)
(620, 68.68047070503235, -208269.29667487697, -56866.0)
(621, 68.88738894462585, -208269.29667487697, -56866.0)
(622, 69.13876914978027, -208269.29667487697, -56866.0)
(623, 69.31997919082642, -208269.29667487697, -56866.0)
(624, 69.52809572219849, -208269.29667487697, -56866.0)
(625, 69.75016617774963, -208269.29667487697, -56866.0)
(626, 70.07192707061768, -208269.29667487697, -56866.0)
(627, 70.35983633995056, -208269.29667487697, -56866.0)
(628, 70.58501625061035, -208269.29667487697, -56866.0)
(629, 71.03569602966309, -196747.60211328184, -56866.0)
(630, 71.41166043281555, -196747.60211328184, -56866.0)
(631, 71.73027396202087, -196747.60211328184, -56866.0)
(632, 72.06478095054626, -196747.60211328184, -56866.0)
(633, 72.34943914413452, -196747.60211328184, -56866.0)
(634, 72.78079771995544, -196747.60211328184, -56866.0)
(635, 73.12521648406982, -196747.60211328184, -56866.0)
(636, 73.53645491600037, -196747.60211328184, -56866.0)
(637, 73.9034354686737, -196747.60211328184, -56866.0)
(638, 74.13773107528687, -196747.60211328184, -56866.0)
(639, 74.30105257034302, -196747.60211328184, -56866.0)
(640, 74.46487426757812, -196747.60211328184, -56866.0)
(641, 74.58974409103394, -196747.60211328184, -56866.0)
(642, 74.72721791267395, -196747.60211328184, -56866.0)
(643, 74.85806584358215, -196747.60211328184, -56866.0)
(644, 74.99231219291687, -196747.60211328184, -56866.0)
(645, 75.11970973014832, -196747.60211328184, -56866.0)
(646, 75.25829195976257, -196747.60211328184, -56866.0)
(647, 75.39574766159058, -196747.60211328184, -56866.0)
(648, 75.52149724960327, -196747.60211328184, -56866.0)
(649, 75.66092228889465, -196747.60211328184, -56866.0)
(650, 75.79677081108093, -196747.60211328184, -56866.0)
(651, 75.92690443992615, -196747.60211328184, -56866.0)
(652, 76.05520415306091, -196747.60211328184, -56866.0)
(653, 76.18423056602478, -196747.60211328184, -56866.0)
(654, 76.33767676353455, -196747.60211328184, -56866.0)
(655, 76.47799873352051, -196747.60211328184, -56866.0)
(656, 76.62141513824463, -196747.60211328184, -56866.0)
(657, 76.76092457771301, -196747.60211328184, -56866.0)
(658, 76.91473889350891, -196747.60211328184, -56866.0)
(659, 77.04834938049316, -196747.60211328184, -56866.0)
(660, 77.18900179862976, -196747.60211328184, -56866.0)
(661, 77.32661080360413, -196747.60211328184, -56866.0)
(662, 77.4684157371521, -196747.60211328184, -56866.0)
(663, 77.60894203186035, -196747.60211328184, -56866.0)
(664, 77.76380062103271, -196747.60211328184, -56866.0)
(665, 77.89652872085571, -196747.60211328184, -56866.0)
(666, 78.04478931427002, -196747.60211328184, -56866.0)
(667, 78.18158078193665, -196747.60211328184, -56866.0)
(668, 78.32047939300537, -196747.60211328184, -56866.0)
(669, 78.4568030834198, -196747.60211328184, -56866.0)
(670, 78.59120798110962, -196747.60211328184, -56866.0)
(671, 78.72475099563599, -196747.60211328184, -56866.0)
(672, 78.8604257106781, -196747.60211328184, -56866.0)
(673, 79.01687955856323, -196747.60211328184, -56866.0)
(674, 79.16049575805664, -196747.60211328184, -56866.0)
(675, 79.3258957862854, -196747.60211328184, -56866.0)
(676, 79.47556829452515, -196747.60211328184, -56866.0)
(677, 79.68822503089905, -196747.60211328184, -56866.0)
(678, 79.89764189720154, -196747.60211328184, -56866.0)
(679, 80.04803729057312, -196747.60211328184, -56866.0)
(680, 80.22315764427185, -196747.60211328184, -56866.0)
(681, 80.38239431381226, -196747.60211328184, -56866.0)
(682, 80.52517199516296, -196747.60211328184, -56866.0)
(683, 80.66108393669128, -196747.60211328184, -56866.0)
(684, 80.81829738616943, -196747.60211328184, -56866.0)
(685, 80.95493030548096, -196747.60211328184, -56866.0)
(686, 81.10015487670898, -196747.60211328184, -56866.0)
(687, 81.24577260017395, -196747.60211328184, -56866.0)
(688, 81.38245701789856, -196747.60211328184, -56866.0)
(689, 81.55517506599426, -196747.60211328184, -56866.0)
(690, 81.70582604408264, -196747.60211328184, -56866.0)
(691, 81.8527946472168, -196747.60211328184, -56866.0)
(692, 81.99673581123352, -196747.60211328184, -56866.0)
(693, 82.1485493183136, -196747.60211328184, -56866.0)
(694, 82.30891561508179, -196747.60211328184, -56866.0)
(695, 82.46784901618958, -196747.60211328184, -56866.0)
(696, 82.6080949306488, -196747.60211328184, -56866.0)
(697, 82.75996351242065, -196747.60211328184, -56866.0)
(698, 82.91671013832092, -196747.60211328184, -56866.0)
(699, 83.08006596565247, -196747.60211328184, -56866.0)
(700, 83.25923466682434, -196747.60211328184, -56866.0)
(701, 83.42671179771423, -196747.60211328184, -56866.0)
(702, 83.58574390411377, -196747.60211328184, -56866.0)
(703, 83.74927020072937, -196747.60211328184, -56866.0)
(704, 83.91994071006775, -196747.60211328184, -56866.0)
(705, 84.19695472717285, -196747.60211328184, -56866.0)
(706, 84.43488097190857, -196747.60211328184, -56866.0)
(707, 84.65207958221436, -196747.60211328184, -56866.0)
(708, 84.889728307724, -196747.60211328184, -56866.0)
(709, 85.06705713272095, -196747.60211328184, -56866.0)
(710, 85.22291254997253, -196747.60211328184, -56866.0)
(711, 85.3900043964386, -196747.60211328184, -56866.0)
(712, 85.5373318195343, -196747.60211328184, -56866.0)
(713, 85.68511152267456, -196747.60211328184, -56866.0)
(714, 85.82471632957458, -196747.60211328184, -56866.0)
(715, 85.98214888572693, -196747.60211328184, -56866.0)
(716, 86.12212944030762, -196747.60211328184, -56866.0)
(717, 86.28909468650818, -196747.60211328184, -56866.0)
(718, 86.43577432632446, -196747.60211328184, -56866.0)
(719, 86.59103584289551, -196747.60211328184, -56866.0)
(720, 86.76268482208252, -196747.60211328184, -56866.0)
(721, 86.91086602210999, -196747.60211328184, -56866.0)
(722, 87.06012392044067, -196747.60211328184, -56866.0)
(723, 87.20415234565735, -196747.60211328184, -56866.0)
(724, 87.3569610118866, -196747.60211328184, -56866.0)
(725, 87.52452659606934, -196747.60211328184, -56866.0)
(726, 87.68526291847229, -196747.60211328184, -56866.0)
(727, 87.85043954849243, -196747.60211328184, -56866.0)
(728, 87.99105405807495, -196747.60211328184, -56866.0)
(729, 88.16233348846436, -196747.60211328184, -56866.0)
(730, 88.33950018882751, -196747.60211328184, -56866.0)
(731, 88.56006145477295, -196747.60211328184, -56866.0)
(732, 88.74931812286377, -196747.60211328184, -56866.0)
(733, 88.92802715301514, -196747.60211328184, -56866.0)
(734, 89.10782027244568, -196747.60211328184, -56866.0)
(735, 89.29703426361084, -196747.60211328184, -56866.0)
(736, 89.4668242931366, -196747.60211328184, -56866.0)
(737, 89.63345670700073, -196747.60211328184, -56866.0)
(738, 89.80896043777466, -196747.60211328184, -56866.0)
(739, 90.0624167919159, -196747.60211328184, -56866.0)
(740, 90.31761813163757, -196747.60211328184, -56866.0)
(741, 90.47442770004272, -196747.60211328184, -56866.0)
(742, 90.63827896118164, -196747.60211328184, -56866.0)
(743, 90.81138753890991, -196747.60211328184, -56866.0)
(744, 90.98496866226196, -196747.60211328184, -56866.0)
(745, 91.14615511894226, -196747.60211328184, -56866.0)
(746, 91.31480550765991, -196747.60211328184, -56866.0)
(747, 91.48717737197876, -196747.60211328184, -56866.0)
(748, 91.6649055480957, -196747.60211328184, -56866.0)
(749, 91.82892966270447, -196747.60211328184, -56866.0)
(750, 91.99916458129883, -196747.60211328184, -56866.0)
(751, 92.1844961643219, -196747.60211328184, -56866.0)
(752, 92.41054606437683, -196747.60211328184, -56866.0)
(753, 92.5792875289917, -196747.60211328184, -56866.0)
(754, 92.77516865730286, -196747.60211328184, -56866.0)
(755, 92.9623053073883, -196747.60211328184, -56866.0)
(756, 93.12177968025208, -196747.60211328184, -56866.0)
(757, 93.28650641441345, -196747.60211328184, -56866.0)
(758, 93.44168853759766, -196747.60211328184, -56866.0)
(759, 93.60134029388428, -196747.60211328184, -56866.0)
(760, 93.74220943450928, -196747.60211328184, -56866.0)
(761, 93.8950023651123, -196747.60211328184, -56866.0)
(762, 94.04116106033325, -196747.60211328184, -56866.0)
(763, 94.18797087669373, -196747.60211328184, -56866.0)
(764, 94.33822846412659, -196747.60211328184, -56866.0)
(765, 94.48380637168884, -196747.60211328184, -56866.0)
(766, 94.63022971153259, -196747.60211328184, -56866.0)
(767, 94.78331780433655, -196747.60211328184, -56866.0)
(768, 94.94414138793945, -196747.60211328184, -56866.0)
(769, 95.09808278083801, -196747.60211328184, -56866.0)
(770, 95.25427317619324, -196747.60211328184, -56866.0)
(771, 95.40425229072571, -196747.60211328184, -56866.0)
(772, 95.55895137786865, -196747.60211328184, -56866.0)
(773, 95.70668196678162, -196747.60211328184, -56866.0)
(774, 95.87336587905884, -196747.60211328184, -56866.0)
(775, 96.03276920318604, -196747.60211328184, -56866.0)
(776, 96.18088698387146, -196747.60211328184, -56866.0)
(777, 96.3470618724823, -196747.60211328184, -56866.0)
(778, 96.49876236915588, -196747.60211328184, -56866.0)
(779, 96.65693664550781, -196747.60211328184, -56866.0)
(780, 96.8249843120575, -196747.60211328184, -56866.0)
(781, 96.98181653022766, -196747.60211328184, -56866.0)
(782, 97.16273427009583, -196747.60211328184, -56866.0)
(783, 97.3357949256897, -196747.60211328184, -56866.0)
(784, 97.49864673614502, -196747.60211328184, -56866.0)
(785, 97.66318273544312, -196747.60211328184, -56866.0)
(786, 97.81167483329773, -196747.60211328184, -56866.0)
(787, 97.96500992774963, -196747.60211328184, -56866.0)
(788, 98.12189245223999, -196747.60211328184, -56866.0)
(789, 98.27873063087463, -196747.60211328184, -56866.0)
(790, 98.44675278663635, -196747.60211328184, -56866.0)
(791, 98.60836911201477, -196747.60211328184, -56866.0)
(792, 98.77111911773682, -196747.60211328184, -56866.0)
(793, 98.91244554519653, -196747.60211328184, -56866.0)
(794, 99.0761935710907, -196747.60211328184, -56866.0)
(795, 99.23141193389893, -196747.60211328184, -56866.0)
(796, 99.38976430892944, -196747.60211328184, -56866.0)
(797, 99.55779218673706, -196747.60211328184, -56866.0)
(798, 99.72713994979858, -196747.60211328184, -56866.0)
(799, 99.88363695144653, -196747.60211328184, -56866.0)
(800, 100.06236505508423, -196747.60211328184, -56866.0)
(801, 100.23697090148926, -196747.60211328184, -56866.0)
(802, 100.42971897125244, -196747.60211328184, -56866.0)
(803, 100.60886836051941, -196747.60211328184, -56866.0)
(804, 100.80211973190308, -196747.60211328184, -56866.0)
(805, 101.02245473861694, -196747.60211328184, -56866.0)
(806, 101.28348231315613, -196747.60211328184, -56866.0)
(807, 101.49653434753418, -196747.60211328184, -56866.0)
(808, 101.67044615745544, -196747.60211328184, -56866.0)
(809, 101.836909532547, -196747.60211328184, -56866.0)
(810, 102.01014375686646, -196747.60211328184, -56866.0)
(811, 102.18432664871216, -196747.60211328184, -56866.0)
(812, 102.35410380363464, -196747.60211328184, -56866.0)
(813, 102.51901316642761, -196747.60211328184, -56866.0)
(814, 102.68613791465759, -196747.60211328184, -56866.0)
(815, 102.86983752250671, -196747.60211328184, -56866.0)
(816, 103.04751467704773, -196747.60211328184, -56866.0)
(817, 103.19547438621521, -196747.60211328184, -56866.0)
(818, 103.38343238830566, -196747.60211328184, -56866.0)
(819, 103.5602343082428, -196747.60211328184, -56866.0)
(820, 103.73672676086426, -196747.60211328184, -56866.0)
(821, 103.89268517494202, -196747.60211328184, -56866.0)
(822, 104.05216002464294, -196747.60211328184, -56866.0)
(823, 104.21492743492126, -196747.60211328184, -56866.0)
(824, 104.38241696357727, -196747.60211328184, -56866.0)
(825, 104.54665470123291, -196747.60211328184, -56866.0)
(826, 104.72715878486633, -196747.60211328184, -56866.0)
(827, 104.90296983718872, -196747.60211328184, -56866.0)
(828, 105.08189725875854, -196747.60211328184, -56866.0)
(829, 105.26478338241577, -196747.60211328184, -56866.0)
(830, 105.48611497879028, -196747.60211328184, -56866.0)
(831, 105.69229364395142, -196747.60211328184, -56866.0)
(832, 105.88666367530823, -196747.60211328184, -56866.0)
(833, 106.09560513496399, -196747.60211328184, -56866.0)
(834, 106.26823353767395, -196747.60211328184, -56866.0)
(835, 106.43691873550415, -196747.60211328184, -56866.0)
(836, 106.59471535682678, -196747.60211328184, -56866.0)
(837, 106.76883149147034, -196747.60211328184, -56866.0)
(838, 106.96437335014343, -196747.60211328184, -56866.0)
(839, 107.1525948047638, -196747.60211328184, -56866.0)
(840, 107.3283040523529, -196747.60211328184, -56866.0)
(841, 107.50997829437256, -196747.60211328184, -56866.0)
(842, 107.6891405582428, -196747.60211328184, -56866.0)
(843, 107.88043022155762, -196747.60211328184, -56866.0)
(844, 108.05920004844666, -196747.60211328184, -56866.0)
(845, 108.26625728607178, -196747.60211328184, -56866.0)
(846, 108.49232864379883, -196747.60211328184, -56866.0)
(847, 108.6839861869812, -196747.60211328184, -56866.0)
(848, 108.89224147796631, -196747.60211328184, -56866.0)
(849, 109.07549738883972, -196747.60211328184, -56866.0)
(850, 109.29584193229675, -196747.60211328184, -56866.0)
(851, 109.57933068275452, -196747.60211328184, -56866.0)
(852, 109.84161686897278, -196747.60211328184, -56866.0)
(853, 110.10790753364563, -196747.60211328184, -56866.0)
(854, 110.26361179351807, -196747.60211328184, -56866.0)
(855, 110.48761820793152, -196747.60211328184, -56866.0)
(856, 110.74575328826904, -196747.60211328184, -56866.0)
(857, 111.02877736091614, -196747.60211328184, -56866.0)
(858, 111.3472626209259, -196747.60211328184, -56866.0)
(859, 111.63433146476746, -196747.60211328184, -56866.0)
(860, 111.89324927330017, -196747.60211328184, -56866.0)
(861, 112.097585439682, -196747.60211328184, -56866.0)
(862, 112.27454471588135, -196747.60211328184, -56866.0)
(863, 112.44514393806458, -196747.60211328184, -56866.0)
(864, 112.61198949813843, -196747.60211328184, -56866.0)
(865, 112.78104877471924, -196747.60211328184, -56866.0)
(866, 112.94401597976685, -196747.60211328184, -56866.0)
(867, 113.10600185394287, -196747.60211328184, -56866.0)
(868, 113.27706360816956, -196747.60211328184, -56866.0)
(869, 113.44157671928406, -196747.60211328184, -56866.0)
(870, 113.59412050247192, -196747.60211328184, -56866.0)
(871, 113.78194880485535, -196747.60211328184, -56866.0)
(872, 113.9685959815979, -196747.60211328184, -56866.0)
(873, 114.14973282814026, -196747.60211328184, -56866.0)
(874, 114.34673118591309, -196747.60211328184, -56866.0)
(875, 114.53840446472168, -196747.60211328184, -56866.0)
(876, 114.72274374961853, -196747.60211328184, -56866.0)
(877, 114.99011254310608, -196747.60211328184, -56866.0)
(878, 115.27323746681213, -196747.60211328184, -56866.0)
(879, 115.56406903266907, -196747.60211328184, -56866.0)
(880, 115.74581575393677, -196747.60211328184, -56866.0)
(881, 115.93939399719238, -196747.60211328184, -56866.0)
(882, 116.1257095336914, -196747.60211328184, -56866.0)
(883, 116.30148887634277, -196747.60211328184, -56866.0)
(884, 116.49209570884705, -196747.60211328184, -56866.0)
(885, 116.66709160804749, -196747.60211328184, -56866.0)
(886, 116.84342122077942, -196747.60211328184, -56866.0)
(887, 116.99558329582214, -196747.60211328184, -56866.0)
(888, 117.1706337928772, -196747.60211328184, -56866.0)
(889, 117.36310458183289, -196747.60211328184, -56866.0)
(890, 117.55507969856262, -196747.60211328184, -56866.0)
(891, 117.77512502670288, -196747.60211328184, -56866.0)
(892, 117.99887943267822, -196747.60211328184, -56866.0)
(893, 118.21894907951355, -196747.60211328184, -56866.0)
(894, 118.42400026321411, -196747.60211328184, -56866.0)
(895, 118.60994791984558, -196747.60211328184, -56866.0)
(896, 118.82483148574829, -196747.60211328184, -56866.0)
(897, 119.05479669570923, -196747.60211328184, -56866.0)
(898, 119.38371467590332, -196747.60211328184, -56866.0)
(899, 119.68565797805786, -196747.60211328184, -56866.0)
(900, 119.96094560623169, -196747.60211328184, -56866.0)
(901, 120.25888538360596, -196747.60211328184, -56866.0)
(902, 120.60234594345093, -196747.60211328184, -56866.0)
(903, 121.05961847305298, -196747.60211328184, -56866.0)
(904, 121.4282169342041, -196747.60211328184, -56866.0)
(905, 122.0256278514862, -196747.60211328184, -56866.0)
(906, 122.40291166305542, -196747.60211328184, -56866.0)
(907, 122.83647012710571, -196747.60211328184, -56866.0)
(908, 123.25429463386536, -196747.60211328184, -56866.0)
(909, 123.8232696056366, -196747.60211328184, -56866.0)
(910, 124.2679500579834, -196747.60211328184, -56866.0)
(911, 124.6737129688263, -196747.60211328184, -56866.0)
(912, 125.23464751243591, -196747.60211328184, -56866.0)
(913, 125.6109266281128, -196747.60211328184, -56866.0)
(914, 125.98421287536621, -196747.60211328184, -56866.0)
(915, 126.26707983016968, -196747.60211328184, -56866.0)
(916, 126.47820734977722, -196747.60211328184, -56866.0)
(917, 126.65274620056152, -196747.60211328184, -56866.0)
(918, 126.85253262519836, -196747.60211328184, -56866.0)
(919, 127.01479959487915, -196747.60211328184, -56866.0)
(920, 127.19246888160706, -196747.60211328184, -56866.0)
(921, 127.37413167953491, -196747.60211328184, -56866.0)
(922, 127.53351020812988, -196747.60211328184, -56866.0)
(923, 127.71960973739624, -196747.60211328184, -56866.0)
(924, 127.90313744544983, -196747.60211328184, -56866.0)
(925, 128.07025527954102, -196747.60211328184, -56866.0)
(926, 128.25802493095398, -196747.60211328184, -56866.0)
(927, 128.43316292762756, -196747.60211328184, -56866.0)
(928, 128.63415455818176, -196747.60211328184, -56866.0)
(929, 128.80204701423645, -196747.60211328184, -56866.0)
(930, 128.9736568927765, -196747.60211328184, -56866.0)
(931, 129.1472249031067, -196747.60211328184, -56866.0)
(932, 129.3159694671631, -196747.60211328184, -56866.0)
(933, 129.50977969169617, -196747.60211328184, -56866.0)
(934, 129.68310379981995, -196747.60211328184, -56866.0)
(935, 129.8540904521942, -196747.60211328184, -56866.0)
(936, 130.02384567260742, -196747.60211328184, -56866.0)
(937, 130.18757963180542, -196747.60211328184, -56866.0)
(938, 130.3886947631836, -196747.60211328184, -56866.0)
(939, 130.6014256477356, -196747.60211328184, -56866.0)
(940, 130.79694437980652, -196747.60211328184, -56866.0)
(941, 130.99020051956177, -196747.60211328184, -56866.0)
(942, 131.20308446884155, -196747.60211328184, -56866.0)
(943, 131.41387033462524, -196747.60211328184, -56866.0)
(944, 131.64285588264465, -196747.60211328184, -56866.0)
(945, 131.86084866523743, -196747.60211328184, -56866.0)
(946, 132.1083378791809, -196747.60211328184, -56866.0)
(947, 132.33632588386536, -196747.60211328184, -56866.0)
(948, 132.55220866203308, -196747.60211328184, -56866.0)
(949, 132.7611162662506, -196747.60211328184, -56866.0)
(950, 133.19668245315552, -196747.60211328184, -56866.0)
(951, 133.40357184410095, -196747.60211328184, -56866.0)
(952, 133.68217825889587, -196747.60211328184, -56866.0)
(953, 133.98174905776978, -196747.60211328184, -56866.0)
(954, 134.21163153648376, -196747.60211328184, -56866.0)
(955, 134.44855737686157, -196747.60211328184, -56866.0)
(956, 134.76607060432434, -196747.60211328184, -56866.0)
(957, 135.32435178756714, -196747.60211328184, -56866.0)
(958, 135.66375422477722, -196747.60211328184, -56866.0)
(959, 135.9790005683899, -196747.60211328184, -56866.0)
(960, 136.26580929756165, -196747.60211328184, -56866.0)
(961, 136.48374557495117, -196747.60211328184, -56866.0)
(962, 136.71446084976196, -196747.60211328184, -56866.0)
(963, 136.94012594223022, -196747.60211328184, -56866.0)
(964, 137.1638104915619, -196747.60211328184, -56866.0)
(965, 137.38355207443237, -196747.60211328184, -56866.0)
(966, 137.70753645896912, -196747.60211328184, -56866.0)
(967, 138.01746225357056, -196747.60211328184, -56866.0)
(968, 138.31884288787842, -196747.60211328184, -56866.0)
(969, 138.53072786331177, -196747.60211328184, -56866.0)
(970, 138.72908663749695, -196747.60211328184, -56866.0)
(971, 138.9517948627472, -196747.60211328184, -56866.0)
(972, 139.14115858078003, -196747.60211328184, -56866.0)
(973, 139.32173585891724, -196747.60211328184, -56866.0)
(974, 139.56192302703857, -196747.60211328184, -56866.0)
(975, 139.76305985450745, -196747.60211328184, -56866.0)
(976, 140.00139212608337, -196747.60211328184, -56866.0)
(977, 140.21072554588318, -196747.60211328184, -56866.0)
(978, 140.41960787773132, -196747.60211328184, -56866.0)
(979, 140.61752486228943, -196747.60211328184, -56866.0)
(980, 140.84782028198242, -196747.60211328184, -56866.0)
(981, 141.1393382549286, -196747.60211328184, -56866.0)
(982, 141.31934571266174, -196747.60211328184, -56866.0)
(983, 141.52532815933228, -196747.60211328184, -56866.0)
(984, 141.76393103599548, -196747.60211328184, -56866.0)
(985, 141.95170521736145, -196747.60211328184, -56866.0)
(986, 142.18463468551636, -196747.60211328184, -56866.0)
(987, 142.47703671455383, -196747.60211328184, -56866.0)
(988, 142.6829035282135, -196747.60211328184, -56866.0)
(989, 143.0067229270935, -196747.60211328184, -56866.0)
(990, 143.34785389900208, -196747.60211328184, -56866.0)
(991, 143.64621901512146, -196747.60211328184, -56866.0)
(992, 143.9576816558838, -196747.60211328184, -56866.0)
(993, 144.2423529624939, -196747.60211328184, -56866.0)
(994, 144.5390820503235, -196747.60211328184, -56866.0)
(995, 144.834819316864, -196747.60211328184, -56866.0)
(996, 145.2264084815979, -196747.60211328184, -56866.0)
(997, 145.45670676231384, -196747.60211328184, -56866.0)
(998, 145.76514673233032, -196747.60211328184, -56866.0)
(999, 146.10194969177246, -196747.60211328184, -56866.0)
(1000, 146.43589043617249, -196747.60211328184, -56866.0)
