(1, 0.12107515335083008, -241181.0, -82668.0)
(2, 0.25583648681640625, -188845.68475200975, -82668.0)
(3, 0.38232922554016113, -188845.68475200975, -82668.0)
(4, 0.5006334781646729, -188845.68475200975, -82668.0)
(5, 0.6267938613891602, -188845.68475200975, -82668.0)
(6, 0.7522933483123779, -188845.68475200975, -82668.0)
(7, 0.8590331077575684, -188845.68475200975, -82668.0)
(8, 0.9623317718505859, -188845.68475200975, -82668.0)
(9, 1.0683724880218506, -188845.68475200975, -82668.0)
(10, 1.1789100170135498, -188845.68475200975, -82668.0)
(11, 1.3093421459197998, -188845.68475200975, -82668.0)
(12, 1.4324274063110352, -188845.68475200975, -82668.0)
(13, 1.569242238998413, -169371.71126426102, -82668.0)
(14, 1.734825849533081, -146320.91790422797, -82668.0)
(15, 1.9197564125061035, -126360.03701898784, -82668.0)
(16, 2.1097569465637207, -115573.76584925178, -82668.0)
(17, 2.2988057136535645, -112302.06957314709, -82668.0)
(18, 2.461991786956787, -111905.22297570572, -82668.0)
(19, 2.651744842529297, -104610.8788479579, -82668.0)
(20, 2.835373640060425, -104610.8788479579, -82668.0)
(21, 3.030606269836426, -104610.8788479579, -92930.43316610141)
(22, 3.2198400497436523, -102089.92843108464, -93015.50705510225)
(23, 3.412256956100464, -102089.92843108464, -93058.03609662314)
(24, 3.6095378398895264, -99768.44647626468, -93165.28212853383)
(25, 3.8239922523498535, -99768.44647626468, -93218.88313648276)
(26, 4.048501014709473, -98021.41294146687, -93260.05407836585)
(27, 4.261350631713867, -98021.41294146687, -93265.42787463307)
(28, 4.477757453918457, -96101.06922088658, -93266.25030077338)
(29, 4.719343185424805, -96101.06922088658, -93266.61919840408)
(30, 4.9484734535217285, -95310.83379277764, -93267.29393975071)
(31, 5.19286584854126, -95310.83379277764, -93268.86871174787)
(32, 5.436783075332642, -94471.00230236142, -93269.73288639476)
(33, 5.696274280548096, -94371.93629294269, -93273.70295617505)
(34, 5.96500825881958, -94004.50611015622, -93275.21600516522)
(35, 6.228851556777954, -94004.50611015622, -93280.686280783)
(36, 6.48386287689209, -93928.66045411582, -93283.90208847288)
(37, 6.734551906585693, -93928.66045411582, -93286.59043282212)
(38, 7.002805948257446, -93748.48996648208, -93287.73218655937)
(39, 7.282868146896362, -93748.48996648208, -93295.38275090494)
(40, 7.557295083999634, -93703.62383015825, -93296.60146049886)
(41, 7.8551671504974365, -93703.62383015825, -93299.07231862505)
(42, 8.129709005355835, -93546.1181989595, -93299.2967405483)
(43, 8.447996377944946, -93546.1181989595, -93299.35840702047)
(44, 8.743527173995972, -93546.1181989595, -93300.18593375743)
(45, 9.06193733215332, -93546.1181989595, -93304.05444181526)
(46, 9.378693342208862, -93527.702448825, -93305.7797787987)
(47, 9.72310209274292, -93521.08652787576, -93307.00221336923)
(48, 10.067944288253784, -93465.71489439877, -93309.47130765149)
(49, 10.436937808990479, -93395.27238362656, -93309.47341902177)
(50, 10.81792163848877, -93395.27238362656, -93312.52527011569)
(51, 11.184985399246216, -93395.27238362656, -93317.5781849961)
(52, 11.54965615272522, -93395.27238362656, -93328.07308195278)
(53, 11.911863565444946, -93395.27238362656, -93332.70063246856)
(54, 12.306546449661255, -93384.10764956925, -93333.7090533449)
(55, 12.719355344772339, -93377.67796306426, -93334.87286051089)
(56, 13.144917488098145, -93365.88577732549, -93335.34339338692)
(57, 13.549149751663208, -93363.90711429283, -93335.60333826295)
(58, 13.877013444900513, -93344.52472606214, -93336.21798821913)
(59, 14.33920931816101, -93344.52472606214, -93336.41854650015)
(60, 14.76665186882019, -93344.52472606214, -93339.17974287247)
(61, 15.22722601890564, -93344.52472606214, -93341.8431372549)
(62, 15.620445013046265, -93344.52472606214, -93341.84313725498)
(63, 16.0110285282135, -93344.52472606214, -93341.84313725485)
(64, 16.43515133857727, -93344.52472606214, -93341.84313725494)
(65, 16.911630868911743, -93344.52472606214, -93341.84313725485)
(66, 17.379629373550415, -93344.15284571124, -93341.84313725484)
(67, 17.880674362182617, -93343.52021927471, -93341.84313725492)
(68, 18.314512968063354, -93343.3498704714, -93341.8431372549)
(69, 18.75854778289795, -93342.87707027538, -93341.84313725497)
(70, 19.21070432662964, -93342.21507633914, -93341.84313725495)
(71, 19.554915189743042, -93341.95471898124, -93341.84313725487)
(72, 19.906241178512573, -93341.87661177202, -93341.84313725488)
(73, 20.332953214645386, -93341.87661177202, -93341.84313725492)
