(1, 0.2927079200744629, -2486676.0, -75416.0)
(2, 0.6598589420318604, -1644443.2272691194, -75416.0)
(3, 1.1828570365905762, -774442.5220228927, -75416.0)
(4, 1.939687967300415, -399724.1223304689, -75416.0)
(5, 2.763622522354126, -232322.07536262635, -75416.0)
(6, 3.7314767837524414, -189428.13547896766, -75416.0)
(7, 4.747742414474487, -189428.13547896766, -75416.0)
(8, 6.455258131027222, -138550.88528717554, -99108.09181521702)
(9, 7.278223037719727, -112763.95208755846, -99290.50329412452)
(10, 8.245583295822144, -103788.8583961906, -99376.63618945432)
(11, 9.198585510253906, -101327.32707959325, -99465.43234760426)
(12, 10.188382387161255, -100407.45411619003, -99513.78302085881)
(13, 11.24223518371582, -99889.52726201691, -99567.46261065487)
(14, 12.305230379104614, -99767.39386623744, -99585.53706332497)
(15, 13.371751070022583, -99673.87751417016, -99611.38880283273)
(16, 14.47245979309082, -99648.3307220363, -99611.81668765543)
(17, 15.532732009887695, -99626.32354753662, -99614.1111157802)
(18, 16.587716341018677, -99622.55944337258, -99614.82411962071)
(19, 17.67650318145752, -99618.33848560398, -99616.52950370422)
(20, 18.776873111724854, -99618.33848560398, -99616.5295037042)
(21, 19.892964601516724, -99617.07219826888, -99616.52950370417)
(22, 21.002573013305664, -99617.07219826888, -99616.52950370427)
(23, 22.059961795806885, -99616.78195795423, -99616.65756924254)
(24, 23.199342966079712, -99616.69488585184, -99616.65756924248)
(25, 24.287667512893677, -99616.66827809805, -99616.65756924247)
