(1, 0.02494668960571289, -98315.0, -27476.0)
(2, 0.04835367202758789, -98315.0, -27476.0)
(3, 0.07165360450744629, -96089.42105263157, -27476.0)
(4, 0.09459733963012695, -95318.875, -27476.0)
(5, 0.11858940124511719, -95318.875, -27476.0)
(6, 0.1417679786682129, -95318.875, -27476.0)
(7, 0.1657264232635498, -95318.875, -27476.0)
(8, 0.18926596641540527, -95318.875, -27476.0)
(9, 0.21210598945617676, -92370.11764705883, -27476.0)
(10, 0.23626470565795898, -92370.11764705883, -27476.0)
(11, 0.2606995105743408, -92370.11764705883, -27476.0)
(12, 0.28513646125793457, -92370.11764705883, -27476.0)
(13, 0.3093740940093994, -92370.11764705883, -27476.0)
(14, 0.33390307426452637, -92370.11764705883, -27476.0)
(15, 0.3578619956970215, -92370.11764705883, -27476.0)
(16, 0.3821074962615967, -92370.11764705883, -27476.0)
(17, 0.40644311904907227, -92370.11764705883, -27476.0)
(18, 0.4307560920715332, -92370.11764705883, -27476.0)
(19, 0.4543149471282959, -92370.11764705883, -27476.0)
(20, 0.47789669036865234, -92370.11764705883, -27476.0)
(21, 0.5009152889251709, -92370.11764705883, -27476.0)
(22, 0.5243806838989258, -92370.11764705883, -27476.0)
(23, 0.5482437610626221, -92370.11764705883, -27476.0)
(24, 0.5726065635681152, -92370.11764705883, -27476.0)
(25, 0.5971312522888184, -92370.11764705883, -27476.0)
(26, 0.6212821006774902, -92370.11764705883, -27476.0)
(27, 0.6456232070922852, -92370.11764705883, -27476.0)
(28, 0.6710691452026367, -92370.11764705883, -27476.0)
(29, 0.6970691680908203, -92370.11764705883, -27476.0)
(30, 0.7228705883026123, -92370.11764705883, -27476.0)
(31, 0.7480647563934326, -92370.11764705883, -27476.0)
(32, 0.7733161449432373, -92370.11764705883, -27476.0)
(33, 0.7985076904296875, -92370.11764705883, -27476.0)
(34, 0.8253390789031982, -92370.11764705883, -27476.0)
(35, 0.8517169952392578, -92370.11764705883, -27476.0)
(36, 0.8770685195922852, -92370.11764705883, -27476.0)
(37, 0.9064381122589111, -92370.11764705883, -27476.0)
(38, 0.9327328205108643, -92370.11764705883, -27476.0)
(39, 0.958137035369873, -92370.11764705883, -27476.0)
(40, 0.983422040939331, -92370.11764705883, -27476.0)
(41, 1.0087056159973145, -92370.11764705883, -27476.0)
(42, 1.0333449840545654, -92370.11764705883, -27476.0)
(43, 1.0603208541870117, -92370.11764705883, -27476.0)
(44, 1.0872833728790283, -92370.11764705883, -27476.0)
(45, 1.1132636070251465, -92370.11764705883, -27476.0)
(46, 1.138932466506958, -92370.11764705883, -27476.0)
(47, 1.166156530380249, -92370.11764705883, -27476.0)
(48, 1.1936111450195312, -92370.11764705883, -27476.0)
(49, 1.2216694355010986, -92370.11764705883, -27476.0)
(50, 1.246825933456421, -92370.11764705883, -27476.0)
(51, 1.2739367485046387, -92370.11764705883, -27476.0)
(52, 1.3003947734832764, -92370.11764705883, -27476.0)
(53, 1.326251745223999, -92370.11764705883, -27476.0)
(54, 1.352780818939209, -92370.11764705883, -27476.0)
(55, 1.3789408206939697, -92370.11764705883, -27476.0)
(56, 1.4074912071228027, -92370.11764705883, -27476.0)
(57, 1.4353210926055908, -92370.11764705883, -27476.0)
(58, 1.4638476371765137, -92370.11764705883, -27476.0)
(59, 1.4887406826019287, -92370.11764705883, -27476.0)
(60, 1.5134882926940918, -92370.11764705883, -27476.0)
(61, 1.5376591682434082, -92370.11764705883, -27476.0)
(62, 1.5652270317077637, -92370.11764705883, -27476.0)
(63, 1.592895269393921, -92370.11764705883, -27476.0)
(64, 1.6206777095794678, -92370.11764705883, -27476.0)
(65, 1.6488337516784668, -92370.11764705883, -27476.0)
(66, 1.6791677474975586, -92370.11764705883, -27476.0)
(67, 1.7052152156829834, -92370.11764705883, -27476.0)
(68, 1.732543706893921, -92370.11764705883, -27476.0)
(69, 1.7584757804870605, -92370.11764705883, -27476.0)
(70, 1.7862498760223389, -92370.11764705883, -27476.0)
(71, 1.8137481212615967, -92370.11764705883, -27476.0)
(72, 1.841712236404419, -92370.11764705883, -27476.0)
(73, 1.8695673942565918, -92370.11764705883, -27476.0)
(74, 1.898327112197876, -92370.11764705883, -27476.0)
(75, 1.9287207126617432, -92370.11764705883, -27476.0)
(76, 1.9539861679077148, -92370.11764705883, -27476.0)
(77, 1.981381893157959, -92370.11764705883, -27476.0)
(78, 2.009385824203491, -92370.11764705883, -27476.0)
(79, 2.038670063018799, -92370.11764705883, -27476.0)
(80, 2.066511869430542, -92370.11764705883, -27476.0)
(81, 2.09552264213562, -92370.11764705883, -27476.0)
(82, 2.125866413116455, -92370.11764705883, -27476.0)
(83, 2.15614914894104, -92370.11764705883, -27476.0)
(84, 2.1873531341552734, -92370.11764705883, -27476.0)
(85, 2.2202367782592773, -92370.11764705883, -27476.0)
(86, 2.249525785446167, -92370.11764705883, -27476.0)
(87, 2.2835605144500732, -92370.11764705883, -27476.0)
(88, 2.316908597946167, -92370.11764705883, -27476.0)
(89, 2.35001802444458, -92370.11764705883, -27476.0)
(90, 2.3799984455108643, -92370.11764705883, -27476.0)
(91, 2.408491373062134, -92370.11764705883, -27476.0)
(92, 2.4392991065979004, -92370.11764705883, -27476.0)
(93, 2.4687724113464355, -92370.11764705883, -27476.0)
(94, 2.504426956176758, -92370.11764705883, -27476.0)
(95, 2.535717248916626, -92370.11764705883, -27476.0)
(96, 2.5704832077026367, -81032.14074074071, -27476.0)
(97, 2.6027402877807617, -81032.14074074071, -27476.0)
(98, 2.633845329284668, -81032.14074074071, -27476.0)
(99, 2.6644034385681152, -81032.14074074071, -27476.0)
(100, 2.6990926265716553, -81032.14074074071, -27476.0)
(101, 2.7291066646575928, -81032.14074074071, -27476.0)
(102, 2.759580373764038, -81032.14074074071, -27476.0)
(103, 2.79777455329895, -81032.14074074071, -27476.0)
(104, 2.8287482261657715, -81032.14074074071, -27476.0)
(105, 2.867655038833618, -81032.14074074071, -27476.0)
(106, 2.9002575874328613, -81032.14074074071, -27476.0)
(107, 2.930056571960449, -81032.14074074071, -27476.0)
(108, 2.963958740234375, -81032.14074074071, -27476.0)
(109, 2.9939353466033936, -81032.14074074071, -27476.0)
(110, 3.0289111137390137, -81032.14074074071, -27476.0)
(111, 3.061370611190796, -81032.14074074071, -27476.0)
(112, 3.090639352798462, -81032.14074074071, -27476.0)
(113, 3.12056303024292, -81032.14074074071, -27476.0)
(114, 3.1500234603881836, -81032.14074074071, -27476.0)
(115, 3.1796371936798096, -81032.14074074071, -27476.0)
(116, 3.212371349334717, -81032.14074074071, -27476.0)
(117, 3.2464282512664795, -81032.14074074071, -27476.0)
(118, 3.2773544788360596, -81032.14074074071, -27476.0)
(119, 3.3100380897521973, -81032.14074074071, -27476.0)
(120, 3.3506417274475098, -81032.14074074071, -27476.0)
(121, 3.3849709033966064, -81032.14074074071, -27476.0)
(122, 3.4203011989593506, -81032.14074074071, -27476.0)
(123, 3.4551923274993896, -81032.14074074071, -27476.0)
(124, 3.4899210929870605, -81032.14074074071, -27476.0)
(125, 3.5175509452819824, -81032.14074074071, -27476.0)
(126, 3.5499889850616455, -81032.14074074071, -27476.0)
(127, 3.5806539058685303, -81032.14074074071, -27476.0)
(128, 3.6120731830596924, -81032.14074074071, -27476.0)
(129, 3.6430468559265137, -81032.14074074071, -27476.0)
(130, 3.675978183746338, -81032.14074074071, -27476.0)
(131, 3.7091567516326904, -81032.14074074071, -27476.0)
(132, 3.7399978637695312, -81032.14074074071, -27476.0)
(133, 3.767822742462158, -81032.14074074071, -27476.0)
(134, 3.7997872829437256, -81032.14074074071, -27476.0)
(135, 3.8286283016204834, -81032.14074074071, -27476.0)
(136, 3.8592751026153564, -81032.14074074071, -27476.0)
(137, 3.8961994647979736, -81032.14074074071, -27476.0)
(138, 3.931856155395508, -81032.14074074071, -27476.0)
(139, 3.971336603164673, -81032.14074074071, -27476.0)
(140, 4.009946823120117, -81032.14074074071, -27476.0)
(141, 4.047570466995239, -81032.14074074071, -27476.0)
(142, 4.0934367179870605, -81032.14074074071, -27476.0)
(143, 4.129802703857422, -81032.14074074071, -27476.0)
(144, 4.168125152587891, -81032.14074074071, -27476.0)
(145, 4.206393241882324, -81032.14074074071, -27476.0)
(146, 4.240193605422974, -81032.14074074071, -27476.0)
(147, 4.270192623138428, -81032.14074074071, -27476.0)
(148, 4.308360576629639, -81032.14074074071, -27476.0)
(149, 4.340750455856323, -81032.14074074071, -27476.0)
(150, 4.376163482666016, -81032.14074074071, -27476.0)
(151, 4.410139560699463, -81032.14074074071, -27476.0)
(152, 4.450162410736084, -81032.14074074071, -27476.0)
(153, 4.485924243927002, -81032.14074074071, -27476.0)
(154, 4.518500328063965, -81032.14074074071, -27476.0)
(155, 4.562194347381592, -81032.14074074071, -27476.0)
(156, 4.603989601135254, -81032.14074074071, -27476.0)
(157, 4.642076730728149, -81032.14074074071, -27476.0)
(158, 4.673241853713989, -81032.14074074071, -27476.0)
(159, 4.70994234085083, -81032.14074074071, -27476.0)
(160, 4.7427873611450195, -81032.14074074071, -27476.0)
(161, 4.781811475753784, -81032.14074074071, -27476.0)
(162, 4.815641641616821, -81032.14074074071, -27476.0)
(163, 4.852233409881592, -81032.14074074071, -27476.0)
(164, 4.892330646514893, -81032.14074074071, -27476.0)
(165, 4.938395977020264, -81032.14074074071, -27476.0)
(166, 4.983106374740601, -81032.14074074071, -27476.0)
(167, 5.023055076599121, -81032.14074074071, -27476.0)
(168, 5.060818433761597, -81032.14074074071, -27476.0)
(169, 5.101470232009888, -81032.14074074071, -27476.0)
(170, 5.16403865814209, -81032.14074074071, -27476.0)
(171, 5.234287738800049, -81032.14074074071, -27476.0)
(172, 5.286691188812256, -81032.14074074071, -27476.0)
(173, 5.329911708831787, -81032.14074074071, -27476.0)
(174, 5.368708372116089, -81032.14074074071, -27476.0)
(175, 5.415059328079224, -81032.14074074071, -27476.0)
(176, 5.454411506652832, -81032.14074074071, -27476.0)
(177, 5.502246856689453, -81032.14074074071, -27476.0)
(178, 5.547715902328491, -81032.14074074071, -27476.0)
(179, 5.586217164993286, -81032.14074074071, -27476.0)
(180, 5.6346893310546875, -81032.14074074071, -27476.0)
(181, 5.679326295852661, -81032.14074074071, -27476.0)
(182, 5.73985481262207, -81032.14074074071, -27476.0)
(183, 5.78248143196106, -81032.14074074071, -27476.0)
(184, 5.824488401412964, -81032.14074074071, -27476.0)
(185, 5.886780023574829, -81032.14074074071, -27476.0)
(186, 5.9413628578186035, -81032.14074074071, -27476.0)
(187, 6.002577066421509, -81032.14074074071, -27476.0)
(188, 6.054274797439575, -81032.14074074071, -27476.0)
(189, 6.098283052444458, -81032.14074074071, -27476.0)
(190, 6.135446548461914, -81032.14074074071, -27476.0)
(191, 6.175550937652588, -81032.14074074071, -27476.0)
(192, 6.218080759048462, -81032.14074074071, -27476.0)
(193, 6.260583162307739, -81032.14074074071, -27476.0)
(194, 6.311565637588501, -81032.14074074071, -27476.0)
(195, 6.363208293914795, -81032.14074074071, -27476.0)
(196, 6.408304929733276, -81032.14074074071, -27476.0)
(197, 6.467209577560425, -81032.14074074071, -27476.0)
(198, 6.521172761917114, -76657.38271604937, -27476.0)
(199, 6.565896987915039, -76657.38271604937, -27476.0)
(200, 6.607077121734619, -76657.38271604937, -27476.0)
(201, 6.646235227584839, -76657.38271604937, -27476.0)
(202, 6.683802843093872, -76657.38271604937, -27476.0)
(203, 6.724801778793335, -76657.38271604937, -27476.0)
(204, 6.773214817047119, -76657.38271604937, -27476.0)
(205, 6.827745676040649, -76657.38271604937, -27476.0)
(206, 6.874990463256836, -76657.38271604937, -27476.0)
(207, 6.931884527206421, -76657.38271604937, -27476.0)
(208, 6.982168197631836, -76657.38271604937, -27476.0)
(209, 7.03633713722229, -76657.38271604937, -27476.0)
(210, 7.082125663757324, -76657.38271604937, -27476.0)
(211, 7.126150369644165, -76657.38271604937, -27476.0)
(212, 7.189376354217529, -76657.38271604937, -27476.0)
(213, 7.253373861312866, -76657.38271604937, -27476.0)
(214, 7.3168253898620605, -76657.38271604937, -27476.0)
(215, 7.36412787437439, -76657.38271604937, -27476.0)
(216, 7.401193857192993, -76657.38271604937, -27476.0)
(217, 7.452006101608276, -76657.38271604937, -27476.0)
(218, 7.498548269271851, -76657.38271604937, -27476.0)
(219, 7.551037788391113, -76657.38271604937, -27476.0)
(220, 7.599714517593384, -76657.38271604937, -27476.0)
(221, 7.652011394500732, -76657.38271604937, -27476.0)
(222, 7.711786508560181, -76657.38271604937, -27476.0)
(223, 7.766759395599365, -76657.38271604937, -27476.0)
(224, 7.82433009147644, -76657.38271604937, -27476.0)
(225, 7.891569375991821, -76657.38271604937, -27476.0)
(226, 7.977638244628906, -76657.38271604937, -27476.0)
(227, 8.033931970596313, -76657.38271604937, -27476.0)
(228, 8.081782102584839, -76657.38271604937, -27476.0)
(229, 8.152557611465454, -76657.38271604937, -27476.0)
(230, 8.225343227386475, -76657.38271604937, -27476.0)
(231, 8.305515766143799, -76657.38271604937, -27476.0)
(232, 8.400699138641357, -76657.38271604937, -27476.0)
(233, 8.518043041229248, -69849.08946147472, -27476.0)
(234, 8.613134384155273, -69849.08946147472, -27476.0)
(235, 8.729139804840088, -56320.28191761732, -27476.0)
(236, 8.8458571434021, -50997.54270250133, -27476.0)
(237, 9.01512885093689, -32637.27912125926, -32257.554014433397)
(238, 9.078311920166016, -32466.011299295868, -32278.894383091087)
(239, 9.144281148910522, -32375.737070795745, -32285.28894385585)
(240, 9.200031518936157, -32347.575390461912, -32291.267046046283)
(241, 9.25460934638977, -32328.26725274606, -32293.771904024354)
(242, 9.3053617477417, -32312.58680889356, -32295.79461199738)
(243, 9.352564573287964, -32296.432723359074, -32296.432723358455)
(244, 9.386771202087402, -32296.432723359074, -32296.432723358448)
