(1, 0.019862651824951172, -177899.0, -25887.0)
(2, 0.03830146789550781, -177899.0, -25887.0)
(3, 0.05702996253967285, -177899.0, -25887.0)
(4, 0.07558560371398926, -177899.0, -25887.0)
(5, 0.09401845932006836, -177899.0, -25887.0)
(6, 0.11242556571960449, -177899.0, -25887.0)
(7, 0.13076019287109375, -177899.0, -25887.0)
(8, 0.14996862411499023, -177899.0, -25887.0)
(9, 0.16828370094299316, -177899.0, -25887.0)
(10, 0.18662786483764648, -177899.0, -25887.0)
(11, 0.20501112937927246, -177899.0, -25887.0)
(12, 0.2234499454498291, -177899.0, -25887.0)
(13, 0.24196410179138184, -177899.0, -25887.0)
(14, 0.2602665424346924, -177899.0, -25887.0)
(15, 0.27831482887268066, -177899.0, -25887.0)
(16, 0.29611968994140625, -177899.0, -25887.0)
(17, 0.3142063617706299, -177899.0, -25887.0)
(18, 0.3330814838409424, -177899.0, -25887.0)
(19, 0.3517158031463623, -177899.0, -25887.0)
(20, 0.3707137107849121, -177899.0, -25887.0)
(21, 0.3891596794128418, -177899.0, -25887.0)
(22, 0.4079742431640625, -177899.0, -25887.0)
(23, 0.42701101303100586, -177899.0, -25887.0)
(24, 0.4464385509490967, -177899.0, -25887.0)
(25, 0.46558070182800293, -177899.0, -25887.0)
(26, 0.48436975479125977, -177899.0, -25887.0)
(27, 0.5031487941741943, -177899.0, -25887.0)
(28, 0.5224316120147705, -177899.0, -25887.0)
(29, 0.5410053730010986, -177899.0, -25887.0)
(30, 0.5601136684417725, -177899.0, -25887.0)
(31, 0.5790605545043945, -177899.0, -25887.0)
(32, 0.5975251197814941, -177899.0, -25887.0)
(33, 0.6162497997283936, -177899.0, -25887.0)
(34, 0.6343872547149658, -177899.0, -25887.0)
(35, 0.6540040969848633, -177899.0, -25887.0)
(36, 0.6736986637115479, -177899.0, -25887.0)
(37, 0.6926276683807373, -177899.0, -25887.0)
(38, 0.7125165462493896, -177899.0, -25887.0)
(39, 0.7322342395782471, -177899.0, -25887.0)
(40, 0.7517523765563965, -177899.0, -25887.0)
(41, 0.7715864181518555, -177899.0, -25887.0)
(42, 0.7905824184417725, -177899.0, -25887.0)
(43, 0.8094515800476074, -177899.0, -25887.0)
(44, 0.8290305137634277, -177899.0, -25887.0)
(45, 0.8481345176696777, -177899.0, -25887.0)
(46, 0.8666069507598877, -177899.0, -25887.0)
(47, 0.8857498168945312, -177899.0, -25887.0)
(48, 0.9051918983459473, -177899.0, -25887.0)
(49, 0.9242737293243408, -177899.0, -25887.0)
(50, 0.9440658092498779, -177899.0, -25887.0)
(51, 0.9640824794769287, -177899.0, -25887.0)
(52, 0.9833145141601562, -177899.0, -25887.0)
(53, 1.0030159950256348, -177899.0, -25887.0)
(54, 1.0219361782073975, -177899.0, -25887.0)
(55, 1.0412702560424805, -177899.0, -25887.0)
(56, 1.061483383178711, -177899.0, -25887.0)
(57, 1.0809838771820068, -177899.0, -25887.0)
(58, 1.1006286144256592, -177899.0, -25887.0)
(59, 1.1200978755950928, -177899.0, -25887.0)
(60, 1.1390643119812012, -177899.0, -25887.0)
(61, 1.159045934677124, -177899.0, -25887.0)
(62, 1.1779277324676514, -177899.0, -25887.0)
(63, 1.1968276500701904, -177899.0, -25887.0)
(64, 1.2155275344848633, -177899.0, -25887.0)
(65, 1.2358918190002441, -177899.0, -25887.0)
(66, 1.2562851905822754, -177899.0, -25887.0)
(67, 1.2761430740356445, -177899.0, -25887.0)
(68, 1.2961204051971436, -177899.0, -25887.0)
(69, 1.3159301280975342, -177899.0, -25887.0)
(70, 1.3357839584350586, -177899.0, -25887.0)
(71, 1.3559317588806152, -177899.0, -25887.0)
(72, 1.3762311935424805, -177899.0, -25887.0)
(73, 1.3964745998382568, -177899.0, -25887.0)
(74, 1.4164397716522217, -177899.0, -25887.0)
(75, 1.436565637588501, -177899.0, -25887.0)
(76, 1.4564132690429688, -177899.0, -25887.0)
(77, 1.476240634918213, -177899.0, -25887.0)
(78, 1.49631929397583, -177899.0, -25887.0)
(79, 1.5157058238983154, -177899.0, -25887.0)
(80, 1.5359160900115967, -177899.0, -25887.0)
(81, 1.5571298599243164, -177899.0, -25887.0)
(82, 1.5770792961120605, -177899.0, -25887.0)
(83, 1.5976097583770752, -177899.0, -25887.0)
(84, 1.6176073551177979, -177899.0, -25887.0)
(85, 1.6380057334899902, -177899.0, -25887.0)
(86, 1.6576287746429443, -177899.0, -25887.0)
(87, 1.6781163215637207, -177899.0, -25887.0)
(88, 1.697875738143921, -177899.0, -25887.0)
(89, 1.7175979614257812, -177899.0, -25887.0)
(90, 1.7395527362823486, -177899.0, -25887.0)
(91, 1.7604455947875977, -177899.0, -25887.0)
(92, 1.7808806896209717, -177899.0, -25887.0)
(93, 1.8007175922393799, -177899.0, -25887.0)
(94, 1.8224620819091797, -177899.0, -25887.0)
(95, 1.8425698280334473, -177899.0, -25887.0)
(96, 1.8634283542633057, -177899.0, -25887.0)
(97, 1.882838487625122, -170751.22222222222, -25887.0)
(98, 1.903080701828003, -170751.22222222222, -25887.0)
(99, 1.9219951629638672, -170751.22222222222, -25887.0)
(100, 1.9408347606658936, -170751.22222222222, -25887.0)
(101, 1.9591445922851562, -170751.22222222222, -25887.0)
(102, 1.977243423461914, -170751.22222222222, -25887.0)
(103, 1.9959876537322998, -170751.22222222222, -25887.0)
(104, 2.014315128326416, -170751.22222222222, -25887.0)
(105, 2.032350540161133, -170751.22222222222, -25887.0)
(106, 2.0505523681640625, -170751.22222222222, -25887.0)
(107, 2.069005012512207, -170751.22222222222, -25887.0)
(108, 2.086980104446411, -170751.22222222222, -25887.0)
(109, 2.1059279441833496, -170751.22222222222, -25887.0)
(110, 2.124617099761963, -170751.22222222222, -25887.0)
(111, 2.1427743434906006, -170751.22222222222, -25887.0)
(112, 2.160907506942749, -170751.22222222222, -25887.0)
(113, 2.1786577701568604, -170751.22222222222, -25887.0)
(114, 2.196453094482422, -170751.22222222222, -25887.0)
(115, 2.2143640518188477, -170751.22222222222, -25887.0)
(116, 2.233135461807251, -170751.22222222222, -25887.0)
(117, 2.2517905235290527, -170751.22222222222, -25887.0)
(118, 2.270263195037842, -170751.22222222222, -25887.0)
(119, 2.288820266723633, -170751.22222222222, -25887.0)
(120, 2.3075191974639893, -170751.22222222222, -25887.0)
(121, 2.325812578201294, -170751.22222222222, -25887.0)
(122, 2.344494342803955, -170751.22222222222, -25887.0)
(123, 2.3625011444091797, -170751.22222222222, -25887.0)
(124, 2.3810999393463135, -170751.22222222222, -25887.0)
(125, 2.4005913734436035, -170751.22222222222, -25887.0)
(126, 2.4197962284088135, -170751.22222222222, -25887.0)
(127, 2.4391555786132812, -170751.22222222222, -25887.0)
(128, 2.4585933685302734, -170751.22222222222, -25887.0)
(129, 2.477323532104492, -170751.22222222222, -25887.0)
(130, 2.4964475631713867, -170751.22222222222, -25887.0)
(131, 2.5153257846832275, -170751.22222222222, -25887.0)
(132, 2.5342955589294434, -170751.22222222222, -25887.0)
(133, 2.5533576011657715, -170751.22222222222, -25887.0)
(134, 2.572781801223755, -170751.22222222222, -25887.0)
(135, 2.592113494873047, -170751.22222222222, -25887.0)
(136, 2.611466646194458, -170751.22222222222, -25887.0)
(137, 2.6306869983673096, -170751.22222222222, -25887.0)
(138, 2.6504993438720703, -170751.22222222222, -25887.0)
(139, 2.6695103645324707, -170751.22222222222, -25887.0)
(140, 2.6887800693511963, -170751.22222222222, -25887.0)
(141, 2.7076637744903564, -170751.22222222222, -25887.0)
(142, 2.7267353534698486, -170751.22222222222, -25887.0)
(143, 2.746710777282715, -170751.22222222222, -25887.0)
(144, 2.7688398361206055, -170751.22222222222, -25887.0)
(145, 2.7885310649871826, -170751.22222222222, -25887.0)
(146, 2.8083019256591797, -170751.22222222222, -25887.0)
(147, 2.827242136001587, -170751.22222222222, -25887.0)
(148, 2.847059965133667, -170751.22222222222, -25887.0)
(149, 2.8669300079345703, -170751.22222222222, -25887.0)
(150, 2.886802911758423, -170751.22222222222, -25887.0)
(151, 2.906212329864502, -170751.22222222222, -25887.0)
(152, 2.9251394271850586, -170751.22222222222, -25887.0)
(153, 2.944277048110962, -170751.22222222222, -25887.0)
(154, 2.964625597000122, -170751.22222222222, -25887.0)
(155, 2.984825372695923, -170751.22222222222, -25887.0)
(156, 3.005048990249634, -170751.22222222222, -25887.0)
(157, 3.025620460510254, -170751.22222222222, -25887.0)
(158, 3.0453975200653076, -170751.22222222222, -25887.0)
(159, 3.064687728881836, -170751.22222222222, -25887.0)
(160, 3.085150957107544, -170751.22222222222, -25887.0)
(161, 3.105510711669922, -170751.22222222222, -25887.0)
(162, 3.125804901123047, -170751.22222222222, -25887.0)
(163, 3.1464171409606934, -170751.22222222222, -25887.0)
(164, 3.1666908264160156, -170751.22222222222, -25887.0)
(165, 3.1866230964660645, -170751.22222222222, -25887.0)
(166, 3.2069222927093506, -170751.22222222222, -25887.0)
(167, 3.2270004749298096, -170751.22222222222, -25887.0)
(168, 3.2482528686523438, -170751.22222222222, -25887.0)
(169, 3.2689619064331055, -170751.22222222222, -25887.0)
(170, 3.2890799045562744, -170751.22222222222, -25887.0)
(171, 3.3093082904815674, -170751.22222222222, -25887.0)
(172, 3.3287861347198486, -170751.22222222222, -25887.0)
(173, 3.3490028381347656, -170751.22222222222, -25887.0)
(174, 3.3696439266204834, -170751.22222222222, -25887.0)
(175, 3.389719009399414, -170751.22222222222, -25887.0)
(176, 3.4163413047790527, -170751.22222222222, -25887.0)
(177, 3.440826654434204, -170751.22222222222, -25887.0)
(178, 3.463552713394165, -170751.22222222222, -25887.0)
(179, 3.4865050315856934, -170751.22222222222, -25887.0)
(180, 3.5095925331115723, -170751.22222222222, -25887.0)
(181, 3.531593084335327, -170751.22222222222, -25887.0)
(182, 3.553252935409546, -170751.22222222222, -25887.0)
(183, 3.574538469314575, -170751.22222222222, -25887.0)
(184, 3.595784902572632, -170751.22222222222, -25887.0)
(185, 3.617461919784546, -170751.22222222222, -25887.0)
(186, 3.6384449005126953, -170751.22222222222, -25887.0)
(187, 3.659632921218872, -170751.22222222222, -25887.0)
(188, 3.680919885635376, -170751.22222222222, -25887.0)
(189, 3.7020838260650635, -170751.22222222222, -25887.0)
(190, 3.72365140914917, -170751.22222222222, -25887.0)
(191, 3.746030330657959, -170751.22222222222, -25887.0)
(192, 3.768146514892578, -170751.22222222222, -25887.0)
(193, 3.789691209793091, -170751.22222222222, -25887.0)
(194, 3.810710906982422, -170751.22222222222, -25887.0)
(195, 3.8326830863952637, -170751.22222222222, -25887.0)
(196, 3.8540868759155273, -170751.22222222222, -25887.0)
(197, 3.8760321140289307, -170751.22222222222, -25887.0)
(198, 3.898387908935547, -170751.22222222222, -25887.0)
(199, 3.9194908142089844, -170751.22222222222, -25887.0)
(200, 3.9410133361816406, -170751.22222222222, -25887.0)
(201, 3.961707830429077, -170751.22222222222, -25887.0)
(202, 3.9837052822113037, -170751.22222222222, -25887.0)
(203, 4.005198955535889, -170751.22222222222, -25887.0)
(204, 4.025979518890381, -170751.22222222222, -25887.0)
(205, 4.050702810287476, -170751.22222222222, -25887.0)
(206, 4.081833362579346, -170751.22222222222, -25887.0)
(207, 4.114799976348877, -170751.22222222222, -25887.0)
(208, 4.14686393737793, -170751.22222222222, -25887.0)
(209, 4.176774024963379, -170751.22222222222, -25887.0)
(210, 4.200329065322876, -170751.22222222222, -25887.0)
(211, 4.225235939025879, -170751.22222222222, -25887.0)
(212, 4.24739933013916, -170751.22222222222, -25887.0)
(213, 4.269733905792236, -170751.22222222222, -25887.0)
(214, 4.29130744934082, -170751.22222222222, -25887.0)
(215, 4.312737941741943, -170751.22222222222, -25887.0)
(216, 4.334776401519775, -170751.22222222222, -25887.0)
(217, 4.355974912643433, -170751.22222222222, -25887.0)
(218, 4.378018617630005, -170751.22222222222, -25887.0)
(219, 4.400056600570679, -170751.22222222222, -25887.0)
(220, 4.421723127365112, -170751.22222222222, -25887.0)
(221, 4.444213390350342, -170751.22222222222, -25887.0)
(222, 4.4664390087127686, -170751.22222222222, -25887.0)
(223, 4.488260746002197, -170751.22222222222, -25887.0)
(224, 4.509688377380371, -170751.22222222222, -25887.0)
(225, 4.531718015670776, -170751.22222222222, -25887.0)
(226, 4.5542848110198975, -170751.22222222222, -25887.0)
(227, 4.5763092041015625, -170751.22222222222, -25887.0)
(228, 4.598006010055542, -170751.22222222222, -25887.0)
(229, 4.619864225387573, -170751.22222222222, -25887.0)
(230, 4.640758514404297, -170751.22222222222, -25887.0)
(231, 4.663207769393921, -170751.22222222222, -25887.0)
(232, 4.686849117279053, -170751.22222222222, -25887.0)
(233, 4.708797454833984, -170751.22222222222, -25887.0)
(234, 4.731412887573242, -170751.22222222222, -25887.0)
(235, 4.7541069984436035, -170751.22222222222, -25887.0)
(236, 4.776365756988525, -170751.22222222222, -25887.0)
(237, 4.799762487411499, -170751.22222222222, -25887.0)
(238, 4.823901414871216, -170751.22222222222, -25887.0)
(239, 4.846097946166992, -170751.22222222222, -25887.0)
(240, 4.86985969543457, -170751.22222222222, -25887.0)
(241, 4.892646789550781, -170751.22222222222, -25887.0)
(242, 4.914949417114258, -170751.22222222222, -25887.0)
(243, 4.939550399780273, -170751.22222222222, -25887.0)
(244, 4.962679386138916, -170751.22222222222, -25887.0)
(245, 4.9853832721710205, -170751.22222222222, -25887.0)
(246, 5.008724689483643, -170751.22222222222, -25887.0)
(247, 5.031250953674316, -170751.22222222222, -25887.0)
(248, 5.054293155670166, -170751.22222222222, -25887.0)
(249, 5.078006982803345, -170751.22222222222, -25887.0)
(250, 5.100520133972168, -170751.22222222222, -25887.0)
(251, 5.124667406082153, -170751.22222222222, -25887.0)
(252, 5.148279190063477, -170751.22222222222, -25887.0)
(253, 5.171586513519287, -170751.22222222222, -25887.0)
(254, 5.194915771484375, -170751.22222222222, -25887.0)
(255, 5.218270540237427, -170751.22222222222, -25887.0)
(256, 5.2409913539886475, -170751.22222222222, -25887.0)
(257, 5.263726234436035, -170751.22222222222, -25887.0)
(258, 5.286251544952393, -170751.22222222222, -25887.0)
(259, 5.309236526489258, -170751.22222222222, -25887.0)
(260, 5.332459449768066, -156426.27777777778, -25887.0)
(261, 5.358166933059692, -156426.27777777778, -25887.0)
(262, 5.3833582401275635, -156426.27777777778, -25887.0)
(263, 5.4082794189453125, -156426.27777777778, -25887.0)
(264, 5.434773206710815, -156426.27777777778, -25887.0)
(265, 5.462653636932373, -156426.27777777778, -25887.0)
(266, 5.487942218780518, -156426.27777777778, -25887.0)
(267, 5.515467643737793, -156426.27777777778, -25887.0)
(268, 5.540187358856201, -156426.27777777778, -25887.0)
(269, 5.560952663421631, -156426.27777777778, -25887.0)
(270, 5.583921432495117, -156426.27777777778, -25887.0)
(271, 5.608067035675049, -156426.27777777778, -25887.0)
(272, 5.631033182144165, -156426.27777777778, -25887.0)
(273, 5.654748916625977, -156426.27777777778, -25887.0)
(274, 5.6770946979522705, -156426.27777777778, -25887.0)
(275, 5.710425615310669, -156426.27777777778, -25887.0)
(276, 5.738096475601196, -156426.27777777778, -25887.0)
(277, 5.766894102096558, -156426.27777777778, -25887.0)
(278, 5.796756744384766, -156426.27777777778, -25887.0)
(279, 5.824908256530762, -156426.27777777778, -25887.0)
(280, 5.851547956466675, -156426.27777777778, -25887.0)
(281, 5.875495672225952, -156426.27777777778, -25887.0)
(282, 5.90969181060791, -156426.27777777778, -25887.0)
(283, 5.940863847732544, -156426.27777777778, -25887.0)
(284, 5.968399286270142, -156426.27777777778, -25887.0)
(285, 6.001600742340088, -156426.27777777778, -25887.0)
(286, 6.028219938278198, -156426.27777777778, -25887.0)
(287, 6.063530206680298, -156426.27777777778, -25887.0)
(288, 6.092995643615723, -156426.27777777778, -25887.0)
(289, 6.1168906688690186, -156426.27777777778, -25887.0)
(290, 6.141546726226807, -156426.27777777778, -25887.0)
(291, 6.167215347290039, -156426.27777777778, -25887.0)
(292, 6.191878080368042, -156426.27777777778, -25887.0)
(293, 6.214727878570557, -156426.27777777778, -25887.0)
(294, 6.247875452041626, -156426.27777777778, -25887.0)
(295, 6.276203393936157, -156426.27777777778, -25887.0)
(296, 6.30878210067749, -156426.27777777778, -25887.0)
(297, 6.344115257263184, -155407.8801282051, -25887.0)
(298, 6.370232820510864, -155407.8801282051, -25887.0)
(299, 6.395620822906494, -155407.8801282051, -25887.0)
(300, 6.419241428375244, -155407.8801282051, -25887.0)
(301, 6.441547632217407, -155407.8801282051, -25887.0)
(302, 6.466109991073608, -155407.8801282051, -25887.0)
(303, 6.487895965576172, -155407.8801282051, -25887.0)
(304, 6.511130332946777, -155407.8801282051, -25887.0)
(305, 6.533299684524536, -155407.8801282051, -25887.0)
(306, 6.5557849407196045, -155407.8801282051, -25887.0)
(307, 6.578977823257446, -155407.8801282051, -25887.0)
(308, 6.601987600326538, -155407.8801282051, -25887.0)
(309, 6.625093221664429, -155407.8801282051, -25887.0)
(310, 6.649585008621216, -155407.8801282051, -25887.0)
(311, 6.672414064407349, -155407.8801282051, -25887.0)
(312, 6.695085525512695, -155407.8801282051, -25887.0)
(313, 6.718931674957275, -155407.8801282051, -25887.0)
(314, 6.743170499801636, -155407.8801282051, -25887.0)
(315, 6.767738103866577, -155407.8801282051, -25887.0)
(316, 6.791961431503296, -155407.8801282051, -25887.0)
(317, 6.813746452331543, -155407.8801282051, -25887.0)
(318, 6.836642503738403, -155407.8801282051, -25887.0)
(319, 6.861172199249268, -155407.8801282051, -25887.0)
(320, 6.88404655456543, -155407.8801282051, -25887.0)
(321, 6.908771991729736, -155407.8801282051, -25887.0)
(322, 6.933043956756592, -155407.8801282051, -25887.0)
(323, 6.960507392883301, -155407.8801282051, -25887.0)
(324, 6.985446453094482, -155407.8801282051, -25887.0)
(325, 7.010359287261963, -155407.8801282051, -25887.0)
(326, 7.033555030822754, -155407.8801282051, -25887.0)
(327, 7.058046579360962, -155407.8801282051, -25887.0)
(328, 7.084192514419556, -155407.8801282051, -25887.0)
(329, 7.110441207885742, -155407.8801282051, -25887.0)
(330, 7.1357433795928955, -155407.8801282051, -25887.0)
(331, 7.161524295806885, -155407.8801282051, -25887.0)
(332, 7.18695855140686, -155407.8801282051, -25887.0)
(333, 7.212218761444092, -155407.8801282051, -25887.0)
(334, 7.2369585037231445, -155407.8801282051, -25887.0)
(335, 7.26092529296875, -155407.8801282051, -25887.0)
(336, 7.2861902713775635, -155407.8801282051, -25887.0)
(337, 7.310638904571533, -155407.8801282051, -25887.0)
(338, 7.33622670173645, -155407.8801282051, -25887.0)
(339, 7.362077474594116, -155407.8801282051, -25887.0)
(340, 7.385712385177612, -155407.8801282051, -25887.0)
(341, 7.410458564758301, -155407.8801282051, -25887.0)
(342, 7.4366490840911865, -155407.8801282051, -25887.0)
(343, 7.46375036239624, -155407.8801282051, -25887.0)
(344, 7.490447521209717, -155407.8801282051, -25887.0)
(345, 7.5174336433410645, -155407.8801282051, -25887.0)
(346, 7.542337894439697, -155407.8801282051, -25887.0)
(347, 7.569273948669434, -155407.8801282051, -25887.0)
(348, 7.593436241149902, -155407.8801282051, -25887.0)
(349, 7.619251251220703, -155407.8801282051, -25887.0)
(350, 7.644198417663574, -155407.8801282051, -25887.0)
(351, 7.670954465866089, -155407.8801282051, -25887.0)
(352, 7.69618558883667, -155407.8801282051, -25887.0)
(353, 7.722147464752197, -155407.8801282051, -25887.0)
(354, 7.747304201126099, -155407.8801282051, -25887.0)
(355, 7.772410869598389, -155407.8801282051, -25887.0)
(356, 7.80082893371582, -155407.8801282051, -25887.0)
(357, 7.826612710952759, -155407.8801282051, -25887.0)
(358, 7.861215353012085, -155407.8801282051, -25887.0)
(359, 7.894167184829712, -155407.8801282051, -25887.0)
(360, 7.9353837966918945, -155407.8801282051, -25887.0)
(361, 7.968199968338013, -155407.8801282051, -25887.0)
(362, 8.008076429367065, -155407.8801282051, -25887.0)
(363, 8.03632640838623, -155407.8801282051, -25887.0)
(364, 8.077009439468384, -155407.8801282051, -25887.0)
(365, 8.111945629119873, -155407.8801282051, -25887.0)
(366, 8.142740964889526, -155407.8801282051, -25887.0)
(367, 8.182519674301147, -155407.8801282051, -25887.0)
(368, 8.210265874862671, -155407.8801282051, -25887.0)
(369, 8.239936113357544, -155407.8801282051, -25887.0)
(370, 8.26828646659851, -155407.8801282051, -25887.0)
(371, 8.297250032424927, -155407.8801282051, -25887.0)
(372, 8.324420690536499, -155407.8801282051, -25887.0)
(373, 8.351314783096313, -155407.8801282051, -25887.0)
(374, 8.37733244895935, -155407.8801282051, -25887.0)
(375, 8.404340505599976, -155407.8801282051, -25887.0)
(376, 8.429794549942017, -155407.8801282051, -25887.0)
(377, 8.457747459411621, -155407.8801282051, -25887.0)
(378, 8.483675956726074, -155407.8801282051, -25887.0)
(379, 8.513904571533203, -155407.8801282051, -25887.0)
(380, 8.541196346282959, -155407.8801282051, -25887.0)
(381, 8.568814992904663, -155407.8801282051, -25887.0)
(382, 8.596703052520752, -155407.8801282051, -25887.0)
(383, 8.624392986297607, -155407.8801282051, -25887.0)
(384, 8.65650486946106, -155407.8801282051, -25887.0)
(385, 8.683717250823975, -155407.8801282051, -25887.0)
(386, 8.709680080413818, -155407.8801282051, -25887.0)
(387, 8.741719245910645, -155407.8801282051, -25887.0)
(388, 8.778442859649658, -155407.8801282051, -25887.0)
(389, 8.81566309928894, -155407.8801282051, -25887.0)
(390, 8.859606504440308, -155407.8801282051, -25887.0)
(391, 8.90552806854248, -155407.8801282051, -25887.0)
(392, 8.939281702041626, -155407.8801282051, -25887.0)
(393, 8.981078624725342, -155407.8801282051, -25887.0)
(394, 9.017455339431763, -155407.8801282051, -25887.0)
(395, 9.065303802490234, -155407.8801282051, -25887.0)
(396, 9.110786437988281, -155407.8801282051, -25887.0)
(397, 9.159111499786377, -155407.8801282051, -25887.0)
(398, 9.204361200332642, -155407.8801282051, -25887.0)
(399, 9.247332096099854, -155407.8801282051, -25887.0)
(400, 9.28188943862915, -155407.8801282051, -25887.0)
(401, 9.312714338302612, -155407.8801282051, -25887.0)
(402, 9.340999841690063, -155407.8801282051, -25887.0)
(403, 9.388744592666626, -155407.8801282051, -25887.0)
(404, 9.420228719711304, -155407.8801282051, -25887.0)
(405, 9.447587490081787, -155407.8801282051, -25887.0)
(406, 9.473509073257446, -155407.8801282051, -25887.0)
(407, 9.501420259475708, -155407.8801282051, -25887.0)
(408, 9.526965379714966, -155407.8801282051, -25887.0)
(409, 9.553998708724976, -155407.8801282051, -25887.0)
(410, 9.578674077987671, -155407.8801282051, -25887.0)
(411, 9.604964256286621, -155407.8801282051, -25887.0)
(412, 9.632702827453613, -144913.23214285716, -25887.0)
(413, 9.660653114318848, -144913.23214285716, -25887.0)
(414, 9.685620784759521, -144913.23214285716, -25887.0)
(415, 9.71183729171753, -144913.23214285716, -25887.0)
(416, 9.739467144012451, -144913.23214285716, -25887.0)
(417, 9.766972780227661, -144913.23214285716, -25887.0)
(418, 9.793696641921997, -144913.23214285716, -25887.0)
(419, 9.821390151977539, -144913.23214285716, -25887.0)
(420, 9.850904703140259, -144913.23214285716, -25887.0)
(421, 9.87809157371521, -144913.23214285716, -25887.0)
(422, 9.906069278717041, -144913.23214285716, -25887.0)
(423, 9.932463884353638, -144913.23214285716, -25887.0)
(424, 9.959362506866455, -144913.23214285716, -25887.0)
(425, 9.984720706939697, -144913.23214285716, -25887.0)
(426, 10.012321472167969, -144913.23214285716, -25887.0)
(427, 10.03990387916565, -144913.23214285716, -25887.0)
(428, 10.069161415100098, -144913.23214285716, -25887.0)
(429, 10.096391916275024, -144913.23214285716, -25887.0)
(430, 10.124462127685547, -144913.23214285716, -25887.0)
(431, 10.153097867965698, -144913.23214285716, -25887.0)
(432, 10.180584192276001, -144913.23214285716, -25887.0)
(433, 10.208486080169678, -144913.23214285716, -25887.0)
(434, 10.235605716705322, -144913.23214285716, -25887.0)
(435, 10.264378070831299, -144913.23214285716, -25887.0)
(436, 10.293092966079712, -144913.23214285716, -25887.0)
(437, 10.321742057800293, -144913.23214285716, -25887.0)
(438, 10.350877285003662, -144913.23214285716, -25887.0)
(439, 10.37936806678772, -144913.23214285716, -25887.0)
(440, 10.407758712768555, -144913.23214285716, -25887.0)
(441, 10.436866044998169, -144913.23214285716, -25887.0)
(442, 10.466116428375244, -144913.23214285716, -25887.0)
(443, 10.49401307106018, -144913.23214285716, -25887.0)
(444, 10.52133560180664, -144913.23214285716, -25887.0)
(445, 10.553273916244507, -144913.23214285716, -25887.0)
(446, 10.582237005233765, -144913.23214285716, -25887.0)
(447, 10.611661911010742, -144913.23214285716, -25887.0)
(448, 10.641428470611572, -144913.23214285716, -25887.0)
(449, 10.669661283493042, -144913.23214285716, -25887.0)
(450, 10.699198007583618, -144913.23214285716, -25887.0)
(451, 10.726048469543457, -144913.23214285716, -25887.0)
(452, 10.75612187385559, -144913.23214285716, -25887.0)
(453, 10.786185264587402, -144913.23214285716, -25887.0)
(454, 10.816370964050293, -144913.23214285716, -25887.0)
(455, 10.846625566482544, -144913.23214285716, -25887.0)
(456, 10.876177310943604, -144913.23214285716, -25887.0)
(457, 10.904771327972412, -144913.23214285716, -25887.0)
(458, 10.939205646514893, -123328.9685990338, -25887.0)
(459, 10.974722623825073, -123328.9685990338, -25887.0)
(460, 11.008888483047485, -123328.9685990338, -25887.0)
(461, 11.04671597480774, -123328.9685990338, -25887.0)
(462, 11.084059953689575, -123328.9685990338, -25887.0)
(463, 11.122511863708496, -123328.9685990338, -25887.0)
(464, 11.159125328063965, -123328.9685990338, -25887.0)
(465, 11.195749521255493, -123328.9685990338, -25887.0)
(466, 11.229765176773071, -123328.9685990338, -25887.0)
(467, 11.267168045043945, -123328.9685990338, -25887.0)
(468, 11.306115627288818, -123328.9685990338, -25887.0)
(469, 11.34351372718811, -123328.9685990338, -25887.0)
(470, 11.375982284545898, -123328.9685990338, -25887.0)
(471, 11.416218519210815, -123328.9685990338, -25887.0)
(472, 11.44863510131836, -123328.9685990338, -25887.0)
(473, 11.485283374786377, -123328.9685990338, -25887.0)
(474, 11.518524169921875, -123328.9685990338, -25887.0)
(475, 11.559485912322998, -123328.9685990338, -25887.0)
(476, 11.6004478931427, -123328.9685990338, -25887.0)
(477, 11.636375188827515, -123328.9685990338, -25887.0)
(478, 11.669017791748047, -123328.9685990338, -25887.0)
(479, 11.695936918258667, -123328.9685990338, -25887.0)
(480, 11.7260582447052, -123328.9685990338, -25887.0)
(481, 11.761167764663696, -123328.9685990338, -25887.0)
(482, 11.79995346069336, -123328.9685990338, -25887.0)
(483, 11.828132390975952, -123328.9685990338, -25887.0)
(484, 11.866830110549927, -123328.9685990338, -25887.0)
(485, 11.898460626602173, -123328.9685990338, -25887.0)
(486, 11.933414936065674, -123328.9685990338, -25887.0)
(487, 11.96388578414917, -123328.9685990338, -25887.0)
(488, 11.99126124382019, -123328.9685990338, -25887.0)
(489, 12.02041220664978, -123328.9685990338, -25887.0)
(490, 12.049629926681519, -123328.9685990338, -25887.0)
(491, 12.077048540115356, -123328.9685990338, -25887.0)
(492, 12.105350732803345, -123328.9685990338, -25887.0)
(493, 12.132103204727173, -123328.9685990338, -25887.0)
(494, 12.184451818466187, -123328.9685990338, -25887.0)
(495, 12.223012924194336, -123328.9685990338, -25887.0)
(496, 12.25330400466919, -123328.9685990338, -25887.0)
(497, 12.284389019012451, -123328.9685990338, -25887.0)
(498, 12.314161777496338, -123328.9685990338, -25887.0)
(499, 12.342070579528809, -123328.9685990338, -25887.0)
(500, 12.369788885116577, -123328.9685990338, -25887.0)
(501, 12.397339582443237, -123328.9685990338, -25887.0)
(502, 12.425743341445923, -123328.9685990338, -25887.0)
(503, 12.458261489868164, -123328.9685990338, -25887.0)
(504, 12.486320972442627, -123328.9685990338, -25887.0)
(505, 12.515347719192505, -123328.9685990338, -25887.0)
(506, 12.544567823410034, -123328.9685990338, -25887.0)
(507, 12.575275421142578, -123328.9685990338, -25887.0)
(508, 12.615020513534546, -123328.9685990338, -25887.0)
(509, 12.652222156524658, -123328.9685990338, -25887.0)
(510, 12.69770860671997, -123328.9685990338, -25887.0)
(511, 12.735525608062744, -123328.9685990338, -25887.0)
(512, 12.776758432388306, -123328.9685990338, -25887.0)
(513, 12.828601121902466, -123328.9685990338, -25887.0)
(514, 12.866939544677734, -123328.9685990338, -25887.0)
(515, 12.912939310073853, -123328.9685990338, -25887.0)
(516, 12.954713344573975, -123328.9685990338, -25887.0)
(517, 12.992182493209839, -123328.9685990338, -25887.0)
(518, 13.027782440185547, -123328.9685990338, -25887.0)
(519, 13.062819719314575, -123328.9685990338, -25887.0)
(520, 13.096499681472778, -123328.9685990338, -25887.0)
(521, 13.13559627532959, -123328.9685990338, -25887.0)
(522, 13.178083896636963, -123328.9685990338, -25887.0)
(523, 13.21654200553894, -123328.9685990338, -25887.0)
(524, 13.250143766403198, -123328.9685990338, -25887.0)
(525, 13.286673307418823, -123328.9685990338, -25887.0)
(526, 13.324352264404297, -123328.9685990338, -25887.0)
(527, 13.355929136276245, -123328.9685990338, -25887.0)
(528, 13.385687351226807, -123328.9685990338, -25887.0)
(529, 13.41602349281311, -123328.9685990338, -25887.0)
(530, 13.462626934051514, -123328.9685990338, -25887.0)
(531, 13.511966705322266, -123328.9685990338, -25887.0)
(532, 13.55701208114624, -123328.9685990338, -25887.0)
(533, 13.601441383361816, -123328.9685990338, -25887.0)
(534, 13.64584493637085, -123328.9685990338, -25887.0)
(535, 13.684741020202637, -123328.9685990338, -25887.0)
(536, 13.715864419937134, -123328.9685990338, -25887.0)
(537, 13.748934507369995, -123328.9685990338, -25887.0)
(538, 13.781649351119995, -123328.9685990338, -25887.0)
(539, 13.810592651367188, -123328.9685990338, -25887.0)
(540, 13.840955018997192, -123328.9685990338, -25887.0)
(541, 13.875388622283936, -123328.9685990338, -25887.0)
(542, 13.90848445892334, -123328.9685990338, -25887.0)
(543, 13.938218832015991, -123328.9685990338, -25887.0)
(544, 13.968946695327759, -123328.9685990338, -25887.0)
(545, 14.00001335144043, -123328.9685990338, -25887.0)
(546, 14.0322744846344, -123328.9685990338, -25887.0)
(547, 14.069283962249756, -123328.9685990338, -25887.0)
(548, 14.098577499389648, -123328.9685990338, -25887.0)
(549, 14.129457712173462, -123328.9685990338, -25887.0)
(550, 14.180413722991943, -123328.9685990338, -25887.0)
(551, 14.230543851852417, -123328.9685990338, -25887.0)
(552, 14.271283864974976, -123328.9685990338, -25887.0)
(553, 14.319565534591675, -123328.9685990338, -25887.0)
(554, 14.36894679069519, -123328.9685990338, -25887.0)
(555, 14.40502381324768, -123328.9685990338, -25887.0)
(556, 14.441970825195312, -123328.9685990338, -25887.0)
(557, 14.485986948013306, -123328.9685990338, -25887.0)
(558, 14.526781797409058, -123328.9685990338, -25887.0)
(559, 14.573986768722534, -123328.9685990338, -25887.0)
(560, 14.617820739746094, -123328.9685990338, -25887.0)
(561, 14.660798072814941, -123328.9685990338, -25887.0)
(562, 14.711413860321045, -123328.9685990338, -25887.0)
(563, 14.762754917144775, -123328.9685990338, -25887.0)
(564, 14.807455778121948, -123328.9685990338, -25887.0)
(565, 14.846848726272583, -123328.9685990338, -25887.0)
(566, 14.908270359039307, -123328.9685990338, -25887.0)
(567, 14.952264785766602, -123328.9685990338, -25887.0)
(568, 14.998289108276367, -123328.9685990338, -25887.0)
(569, 15.046598196029663, -123328.9685990338, -25887.0)
(570, 15.093869686126709, -123328.9685990338, -25887.0)
(571, 15.145028591156006, -123328.9685990338, -25887.0)
(572, 15.193202495574951, -123328.9685990338, -25887.0)
(573, 15.237115859985352, -123328.9685990338, -25887.0)
(574, 15.285783290863037, -123328.9685990338, -25887.0)
(575, 15.328298568725586, -123328.9685990338, -25887.0)
(576, 15.367799043655396, -123328.9685990338, -25887.0)
(577, 15.408720254898071, -123328.9685990338, -25887.0)
(578, 15.447430849075317, -123328.9685990338, -25887.0)
(579, 15.482508420944214, -123328.9685990338, -25887.0)
(580, 15.517727375030518, -123328.9685990338, -25887.0)
(581, 15.55250883102417, -123328.9685990338, -25887.0)
(582, 15.58674931526184, -123328.9685990338, -25887.0)
(583, 15.624275922775269, -123328.9685990338, -25887.0)
(584, 15.663520097732544, -123328.9685990338, -25887.0)
(585, 15.703051328659058, -123328.9685990338, -25887.0)
(586, 15.741759061813354, -123328.9685990338, -25887.0)
(587, 15.796763896942139, -123328.9685990338, -25887.0)
(588, 15.837432384490967, -123328.9685990338, -25887.0)
(589, 15.871165990829468, -123328.9685990338, -25887.0)
(590, 15.903894424438477, -123328.9685990338, -25887.0)
(591, 15.937015533447266, -123328.9685990338, -25887.0)
(592, 15.98360538482666, -123328.9685990338, -25887.0)
(593, 16.028476238250732, -123328.9685990338, -25887.0)
(594, 16.08124089241028, -123328.9685990338, -25887.0)
(595, 16.1201171875, -123328.9685990338, -25887.0)
(596, 16.167209148406982, -123328.9685990338, -25887.0)
(597, 16.209726095199585, -123328.9685990338, -25887.0)
(598, 16.259992837905884, -123328.9685990338, -25887.0)
(599, 16.309572458267212, -123328.9685990338, -25887.0)
(600, 16.373255014419556, -123328.9685990338, -25887.0)
(601, 16.428971767425537, -123328.9685990338, -25887.0)
(602, 16.476934909820557, -123328.9685990338, -25887.0)
(603, 16.52583336830139, -123328.9685990338, -25887.0)
(604, 16.573986291885376, -123328.9685990338, -25887.0)
(605, 16.6208279132843, -123328.9685990338, -25887.0)
(606, 16.66604518890381, -123328.9685990338, -25887.0)
(607, 16.709765434265137, -123328.9685990338, -25887.0)
(608, 16.75102663040161, -123328.9685990338, -25887.0)
(609, 16.789323568344116, -123328.9685990338, -25887.0)
(610, 16.83932590484619, -123328.9685990338, -25887.0)
(611, 16.88676404953003, -123328.9685990338, -25887.0)
(612, 16.93578815460205, -123328.9685990338, -25887.0)
(613, 16.987435340881348, -123328.9685990338, -25887.0)
(614, 17.03488278388977, -123328.9685990338, -25887.0)
(615, 17.086838245391846, -123328.9685990338, -25887.0)
(616, 17.13918900489807, -123328.9685990338, -25887.0)
(617, 17.18804669380188, -123328.9685990338, -25887.0)
(618, 17.232845306396484, -123328.9685990338, -25887.0)
(619, 17.286643028259277, -123328.9685990338, -25887.0)
(620, 17.33579182624817, -123328.9685990338, -25887.0)
(621, 17.383026361465454, -123328.9685990338, -25887.0)
(622, 17.44041681289673, -123328.9685990338, -25887.0)
(623, 17.5044424533844, -123328.9685990338, -25887.0)
(624, 17.57637596130371, -123328.9685990338, -25887.0)
(625, 17.63424777984619, -123328.9685990338, -25887.0)
(626, 17.687613010406494, -123328.9685990338, -25887.0)
(627, 17.763253450393677, -123328.9685990338, -25887.0)
(628, 17.819688081741333, -123328.9685990338, -25887.0)
(629, 17.865342140197754, -123328.9685990338, -25887.0)
(630, 17.910505533218384, -123328.9685990338, -25887.0)
(631, 17.953945636749268, -123328.9685990338, -25887.0)
(632, 18.000712394714355, -123328.9685990338, -25887.0)
(633, 18.042436599731445, -123328.9685990338, -25887.0)
(634, 18.091195106506348, -123328.9685990338, -25887.0)
(635, 18.17046022415161, -123328.9685990338, -25887.0)
(636, 18.232429265975952, -123328.9685990338, -25887.0)
(637, 18.294738292694092, -123328.9685990338, -25887.0)
(638, 18.34598183631897, -115376.23822463768, -25887.0)
(639, 18.378337621688843, -115376.23822463768, -25887.0)
(640, 18.40667152404785, -115376.23822463768, -25887.0)
(641, 18.45074224472046, -115376.23822463768, -25887.0)
(642, 18.491430282592773, -115376.23822463768, -25887.0)
(643, 18.534675359725952, -115376.23822463768, -25887.0)
(644, 18.57399845123291, -115376.23822463768, -25887.0)
(645, 18.617942571640015, -115376.23822463768, -25887.0)
(646, 18.660024166107178, -115376.23822463768, -25887.0)
(647, 18.693840742111206, -115376.23822463768, -25887.0)
(648, 18.748955249786377, -115376.23822463768, -25887.0)
(649, 18.791100025177002, -115376.23822463768, -25887.0)
(650, 18.835419416427612, -115376.23822463768, -25887.0)
(651, 18.88096261024475, -115376.23822463768, -25887.0)
(652, 18.92403769493103, -115376.23822463768, -25887.0)
(653, 18.97549033164978, -115376.23822463768, -25887.0)
(654, 19.030279397964478, -115376.23822463768, -25887.0)
(655, 19.07960033416748, -115376.23822463768, -25887.0)
(656, 19.13274383544922, -115376.23822463768, -25887.0)
(657, 19.178941249847412, -115376.23822463768, -25887.0)
(658, 19.22515845298767, -115376.23822463768, -25887.0)
(659, 19.27018427848816, -115376.23822463768, -25887.0)
(660, 19.323673725128174, -115376.23822463768, -25887.0)
(661, 19.37032175064087, -115376.23822463768, -25887.0)
(662, 19.411417245864868, -115376.23822463768, -25887.0)
(663, 19.444894790649414, -115376.23822463768, -25887.0)
(664, 19.47615122795105, -115376.23822463768, -25887.0)
(665, 19.511395692825317, -115376.23822463768, -25887.0)
(666, 19.570502281188965, -115376.23822463768, -25887.0)
(667, 19.62120008468628, -115376.23822463768, -25887.0)
(668, 19.676838636398315, -115376.23822463768, -25887.0)
(669, 19.733163356781006, -115376.23822463768, -25887.0)
(670, 19.79644799232483, -115376.23822463768, -25887.0)
(671, 19.844979763031006, -115376.23822463768, -25887.0)
(672, 19.893958806991577, -115376.23822463768, -25887.0)
(673, 19.954535961151123, -115376.23822463768, -25887.0)
(674, 20.01574158668518, -115376.23822463768, -25887.0)
(675, 20.072055101394653, -115376.23822463768, -25887.0)
(676, 20.129637718200684, -115376.23822463768, -25887.0)
(677, 20.183310985565186, -115376.23822463768, -25887.0)
(678, 20.247191905975342, -115376.23822463768, -25887.0)
(679, 20.306739568710327, -115376.23822463768, -25887.0)
(680, 20.35857582092285, -115376.23822463768, -25887.0)
(681, 20.408283472061157, -115376.23822463768, -25887.0)
(682, 20.4533429145813, -115376.23822463768, -25887.0)
(683, 20.500269889831543, -115376.23822463768, -25887.0)
(684, 20.554271459579468, -115376.23822463768, -25887.0)
(685, 20.600801944732666, -115376.23822463768, -25887.0)
(686, 20.650217294692993, -115376.23822463768, -25887.0)
(687, 20.697192668914795, -115376.23822463768, -25887.0)
(688, 20.74305033683777, -115376.23822463768, -25887.0)
(689, 20.788594722747803, -115376.23822463768, -25887.0)
(690, 20.835461854934692, -115376.23822463768, -25887.0)
(691, 20.882167100906372, -115376.23822463768, -25887.0)
(692, 20.92844557762146, -115376.23822463768, -25887.0)
(693, 20.976621389389038, -115376.23822463768, -25887.0)
(694, 21.02408456802368, -115376.23822463768, -25887.0)
(695, 21.065228939056396, -115376.23822463768, -25887.0)
(696, 21.104689121246338, -115376.23822463768, -25887.0)
(697, 21.142028331756592, -115376.23822463768, -25887.0)
(698, 21.191248416900635, -115376.23822463768, -25887.0)
(699, 21.23569393157959, -115376.23822463768, -25887.0)
(700, 21.272774934768677, -115376.23822463768, -25887.0)
(701, 21.308690071105957, -115376.23822463768, -25887.0)
(702, 21.34078550338745, -115376.23822463768, -25887.0)
(703, 21.37148380279541, -115376.23822463768, -25887.0)
(704, 21.40632939338684, -115376.23822463768, -25887.0)
(705, 21.441919088363647, -115376.23822463768, -25887.0)
(706, 21.477001428604126, -115376.23822463768, -25887.0)
(707, 21.53740692138672, -115376.23822463768, -25887.0)
(708, 21.58831000328064, -115376.23822463768, -25887.0)
(709, 21.62977385520935, -115376.23822463768, -25887.0)
(710, 21.66634178161621, -115376.23822463768, -25887.0)
(711, 21.699894666671753, -115376.23822463768, -25887.0)
(712, 21.73264789581299, -115376.23822463768, -25887.0)
(713, 21.77049160003662, -115376.23822463768, -25887.0)
(714, 21.807342290878296, -115376.23822463768, -25887.0)
(715, 21.846787691116333, -115376.23822463768, -25887.0)
(716, 21.883604764938354, -115376.23822463768, -25887.0)
(717, 21.920347929000854, -115376.23822463768, -25887.0)
(718, 21.958149909973145, -115376.23822463768, -25887.0)
(719, 21.99963927268982, -115376.23822463768, -25887.0)
(720, 22.039276838302612, -115376.23822463768, -25887.0)
(721, 22.076510667800903, -115376.23822463768, -25887.0)
(722, 22.11655282974243, -115376.23822463768, -25887.0)
(723, 22.156068563461304, -115376.23822463768, -25887.0)
(724, 22.19401478767395, -115376.23822463768, -25887.0)
(725, 22.23630142211914, -115376.23822463768, -25887.0)
(726, 22.272868633270264, -115376.23822463768, -25887.0)
(727, 22.31177854537964, -115376.23822463768, -25887.0)
(728, 22.347959995269775, -115376.23822463768, -25887.0)
(729, 22.387675762176514, -115376.23822463768, -25887.0)
(730, 22.428147077560425, -115376.23822463768, -25887.0)
(731, 22.46669626235962, -115376.23822463768, -25887.0)
(732, 22.502976894378662, -115376.23822463768, -25887.0)
(733, 22.54024577140808, -115376.23822463768, -25887.0)
(734, 22.57492232322693, -115376.23822463768, -25887.0)
(735, 22.60949730873108, -115376.23822463768, -25887.0)
(736, 22.64699411392212, -115376.23822463768, -25887.0)
(737, 22.682986736297607, -115376.23822463768, -25887.0)
(738, 22.729081630706787, -115376.23822463768, -25887.0)
(739, 22.768250226974487, -115376.23822463768, -25887.0)
(740, 22.830030918121338, -115376.23822463768, -25887.0)
(741, 22.881940126419067, -115376.23822463768, -25887.0)
(742, 22.939937591552734, -115376.23822463768, -25887.0)
(743, 22.989309787750244, -115376.23822463768, -25887.0)
(744, 23.039387702941895, -115376.23822463768, -25887.0)
(745, 23.104910373687744, -115376.23822463768, -25887.0)
(746, 23.164101362228394, -115376.23822463768, -25887.0)
(747, 23.22225046157837, -115376.23822463768, -25887.0)
(748, 23.279725790023804, -115376.23822463768, -25887.0)
(749, 23.336142539978027, -115376.23822463768, -25887.0)
(750, 23.395440101623535, -115376.23822463768, -25887.0)
(751, 23.460313320159912, -115376.23822463768, -25887.0)
(752, 23.5168673992157, -115376.23822463768, -25887.0)
(753, 23.570038080215454, -115376.23822463768, -25887.0)
(754, 23.63063669204712, -115376.23822463768, -25887.0)
(755, 23.686898469924927, -115376.23822463768, -25887.0)
(756, 23.748862504959106, -115376.23822463768, -25887.0)
(757, 23.803780794143677, -115376.23822463768, -25887.0)
(758, 23.853300094604492, -115376.23822463768, -25887.0)
(759, 23.912323236465454, -115376.23822463768, -25887.0)
(760, 23.959792137145996, -115376.23822463768, -25887.0)
(761, 24.01856541633606, -115376.23822463768, -25887.0)
(762, 24.08041000366211, -115376.23822463768, -25887.0)
(763, 24.13311743736267, -115376.23822463768, -25887.0)
(764, 24.20355987548828, -115376.23822463768, -25887.0)
(765, 24.24979853630066, -115376.23822463768, -25887.0)
(766, 24.29761290550232, -115376.23822463768, -25887.0)
(767, 24.336451053619385, -115376.23822463768, -25887.0)
(768, 24.374990224838257, -115376.23822463768, -25887.0)
(769, 24.412956714630127, -115376.23822463768, -25887.0)
(770, 24.47478747367859, -115376.23822463768, -25887.0)
(771, 24.537585020065308, -115376.23822463768, -25887.0)
(772, 24.60828948020935, -115376.23822463768, -25887.0)
(773, 24.67777395248413, -115376.23822463768, -25887.0)
(774, 24.728792428970337, -115376.23822463768, -25887.0)
(775, 24.783117055892944, -115376.23822463768, -25887.0)
(776, 24.841803789138794, -115376.23822463768, -25887.0)
(777, 24.904110431671143, -115376.23822463768, -25887.0)
(778, 24.96645164489746, -115376.23822463768, -25887.0)
(779, 25.02729296684265, -115376.23822463768, -25887.0)
(780, 25.094058752059937, -115376.23822463768, -25887.0)
(781, 25.1540470123291, -115376.23822463768, -25887.0)
(782, 25.221251010894775, -115376.23822463768, -25887.0)
(783, 25.278207063674927, -115376.23822463768, -25887.0)
(784, 25.336426734924316, -115376.23822463768, -25887.0)
(785, 25.409011840820312, -115376.23822463768, -25887.0)
(786, 25.46242356300354, -115376.23822463768, -25887.0)
(787, 25.522884368896484, -115376.23822463768, -25887.0)
(788, 25.579589128494263, -115376.23822463768, -25887.0)
(789, 25.645774841308594, -115376.23822463768, -25887.0)
(790, 25.70796823501587, -115376.23822463768, -25887.0)
(791, 25.776094675064087, -115376.23822463768, -25887.0)
(792, 25.83689045906067, -115376.23822463768, -25887.0)
(793, 25.903768301010132, -115376.23822463768, -25887.0)
(794, 25.960449934005737, -115376.23822463768, -25887.0)
(795, 26.02126407623291, -115376.23822463768, -25887.0)
(796, 26.085111618041992, -115376.23822463768, -25887.0)
(797, 26.154460430145264, -115376.23822463768, -25887.0)
(798, 26.231544733047485, -115376.23822463768, -25887.0)
(799, 26.295207977294922, -115376.23822463768, -25887.0)
(800, 26.35207223892212, -115376.23822463768, -25887.0)
(801, 26.41112971305847, -115376.23822463768, -25887.0)
(802, 26.472999095916748, -115376.23822463768, -25887.0)
(803, 26.537337064743042, -115376.23822463768, -25887.0)
(804, 26.604728937149048, -115376.23822463768, -25887.0)
(805, 26.672560930252075, -115376.23822463768, -25887.0)
(806, 26.731839418411255, -115376.23822463768, -25887.0)
(807, 26.807489156723022, -115376.23822463768, -25887.0)
(808, 26.87857961654663, -115376.23822463768, -25887.0)
(809, 26.948648929595947, -115376.23822463768, -25887.0)
(810, 27.028472661972046, -115376.23822463768, -25887.0)
(811, 27.091073513031006, -115376.23822463768, -25887.0)
(812, 27.138941287994385, -115376.23822463768, -25887.0)
(813, 27.181464910507202, -115376.23822463768, -25887.0)
(814, 27.222646236419678, -94578.43269230769, -25887.0)
(815, 27.31209421157837, -69423.49999999999, -25887.0)
(816, 27.388358116149902, -67984.9999999999, -25887.0)
(817, 27.535205125808716, -67984.9999999999, -25887.0)
(818, 27.60966992378235, -67984.9999999999, -25887.0)
(819, 27.80804204940796, -67984.9999999999, -25887.0)
(820, 27.974924087524414, -67984.9999999999, -25887.0)
(821, 28.54850435256958, -61029.30821613237, -25887.0)
(822, 28.869567394256592, -44436.38484169704, -25887.0)
(823, 29.203630208969116, -39979.96011819432, -25887.0)
(824, 29.43250036239624, -36724.43076119969, -25887.0)
(825, 29.775707244873047, -32972.584069043325, -32764.69772428085)
(826, 29.87039613723755, -32903.57554384975, -32777.62417588968)
(827, 29.95189356803894, -32833.493558970506, -32783.80778030515)
(828, 30.024904489517212, -32813.44704426653, -32786.09233860916)
(829, 30.09507918357849, -32800.52287700951, -32787.11449492505)
(830, 30.18135118484497, -32792.67004430429, -32787.451238206035)
(831, 30.24382472038269, -32792.67004430429, -32787.5969837846)
(832, 30.307240962982178, -32792.67004430429, -32787.70218054665)
(833, 30.360774755477905, -32792.67004430429, -32787.96649286901)
(834, 30.4189555644989, -32791.90500918622, -32788.13258913144)
(835, 30.477911949157715, -32790.55961033186, -32788.36502821716)
(836, 30.529213666915894, -32789.014849404964, -32788.401614343995)
(837, 30.581665515899658, -32788.80913106762, -32788.4161594344)
(838, 30.63327383995056, -32788.41994755224, -32788.419947552175)
(839, 30.675796508789062, -32788.41994755219, -32788.41994755217)
