(1, 0.15882062911987305, -648383.0, -24395.0)
(2, 0.3029322624206543, -648383.0, -24395.0)
(3, 0.4472079277038574, -648383.0, -24395.0)
(4, 0.5910110473632812, -648383.0, -24395.0)
(5, 0.734398365020752, -648383.0, -24395.0)
(6, 0.879260778427124, -643332.7142857143, -24395.0)
(7, 1.0237863063812256, -641703.3823529412, -24395.0)
(8, 1.1684844493865967, -637987.71875, -24395.0)
(9, 1.3130881786346436, -630319.5161290322, -24395.0)
(10, 1.4580206871032715, -630319.5161290322, -24395.0)
(11, 1.6032891273498535, -630319.5161290322, -24395.0)
(12, 1.7535226345062256, -630319.5161290322, -24395.0)
(13, 1.9051551818847656, -607151.0, -24395.0)
(14, 2.0510971546173096, -607151.0, -24395.0)
(15, 2.195712089538574, -607151.0, -24395.0)
(16, 2.3388209342956543, -586870.5666666667, -24395.0)
(17, 2.4827592372894287, -586870.5666666667, -24395.0)
(18, 2.626264810562134, -586870.5666666667, -24395.0)
(19, 2.7885568141937256, -586870.5666666667, -24395.0)
(20, 2.9348762035369873, -558794.5862068966, -24395.0)
(21, 3.07877779006958, -558794.5862068966, -24395.0)
(22, 3.221705436706543, -558794.5862068966, -24395.0)
(23, 3.3649513721466064, -558794.5862068966, -24395.0)
(24, 3.506922721862793, -531625.6428571428, -24395.0)
(25, 3.64888596534729, -531625.6428571428, -24395.0)
(26, 3.7911086082458496, -520082.25925925927, -24395.0)
(27, 3.9331226348876953, -520082.25925925927, -24395.0)
(28, 4.074718952178955, -504437.2962962963, -24395.0)
(29, 4.215161085128784, -504437.2962962963, -24395.0)
(30, 4.355596303939819, -504437.2962962963, -24395.0)
(31, 4.496577262878418, -501037.92307692306, -24395.0)
(32, 4.640979290008545, -495389.51851851854, -24395.0)
(33, 4.7838029861450195, -495389.51851851854, -24395.0)
(34, 4.925697326660156, -495389.51851851854, -24395.0)
(35, 5.0681211948394775, -487695.53571428574, -24395.0)
(36, 5.208614826202393, -454299.8076923077, -24395.0)
(37, 5.3496363162994385, -454299.8076923077, -24395.0)
(38, 5.488816976547241, -454299.8076923077, -24395.0)
(39, 5.629278898239136, -454299.8076923077, -24395.0)
(40, 5.769066572189331, -427850.8076923077, -24395.0)
(41, 5.907769203186035, -420566.52, -24395.0)
(42, 6.04658842086792, -420566.52, -24395.0)
(43, 6.185116767883301, -420566.52, -24395.0)
(44, 6.324195623397827, -405944.36, -24395.0)
(45, 6.46399998664856, -405944.36, -24395.0)
(46, 6.603967666625977, -400548.07692307694, -24395.0)
(47, 6.7429115772247314, -372816.5416666667, -24395.0)
(48, 6.883098363876343, -371879.4583333333, -24395.0)
(49, 7.023910284042358, -371770.625, -24395.0)
(50, 7.165615797042847, -350807.625, -24395.0)
(51, 7.309149980545044, -336757.25, -24395.0)
(52, 7.452570915222168, -320000.0833333333, -24395.0)
(53, 7.597649574279785, -320000.0833333333, -24395.0)
(54, 7.742657423019409, -307130.0833333333, -24395.0)
(55, 7.889617919921875, -304210.75, -24395.0)
(56, 8.037709712982178, -291323.1666666667, -24395.0)
(57, 8.186223030090332, -290552.2916666667, -24395.0)
(58, 8.33447813987732, -286229.125, -24395.0)
(59, 8.482891321182251, -283704.5, -24395.0)
(60, 8.633211612701416, -277737.0, -24395.0)
(61, 8.784770727157593, -277737.0, -24395.0)
(62, 8.935599088668823, -260694.0, -24395.0)
(63, 9.087360858917236, -247218.41666666666, -24395.0)
(64, 9.240295648574829, -230939.25, -24395.0)
(65, 9.415120601654053, -224001.79166666666, -24395.0)
(66, 9.572448015213013, -205175.875, -24395.0)
(67, 9.72559928894043, -202297.25, -24395.0)
(68, 9.882901906967163, -183395.375, -24395.0)
(69, 10.040911674499512, -175193.7916666667, -24395.0)
(70, 10.201879024505615, -169750.0416666667, -24395.0)
(71, 10.365487337112427, -157760.0833333333, -24395.0)
(72, 10.527805089950562, -137150.0, -24395.0)
(73, 10.68439793586731, -137150.0, -24395.0)
(74, 10.843589544296265, -137150.0, -24395.0)
(75, 11.003023386001587, -131148.125, -24395.0)
(76, 11.160827875137329, -131148.125, -24395.0)
(77, 11.31870722770691, -121530.66666666667, -24395.0)
(78, 11.47766399383545, -105323.54166666667, -24395.0)
(79, 11.639626741409302, -86429.83333333333, -24395.0)
(80, 11.822815895080566, -74617.91666666667, -24395.0)
(81, 12.02039098739624, -63717.97916666667, -24395.0)
(82, 12.222155809402466, -47454.75, -24395.0)
(83, 12.414985656738281, -47454.75, -24395.0)
(84, 12.60573935508728, -35320.91666666667, -24395.0)
(85, 12.799956798553467, -34870.79166666667, -24395.0)
(86, 13.12391972541809, -31580.0, -31467.0)
(87, 13.338802099227905, -31510.499999999996, -31510.499999999993)
(88, 13.521673440933228, -31510.499999999996, -31510.499999999993)
