(1, 0.09350323677062988, -357533.0, -24446.0)
(2, 0.21158766746520996, -230261.90771135606, -24446.0)
(3, 0.30047011375427246, -147218.25199818137, -24446.0)
(4, 0.39916205406188965, -82382.15131812688, -24446.0)
(5, 0.5388131141662598, -51604.58332200859, -24446.0)
(6, 0.6906139850616455, -45413.71161250918, -24446.0)
(7, 0.8767552375793457, -38729.97564477648, -32150.6796875)
(8, 1.0693261623382568, -34760.097088291484, -32233.14150943397)
(9, 1.271796703338623, -33083.264648890276, -32257.845849802376)
(10, 1.4691061973571777, -32519.921666115635, -32266.91447368421)
(11, 1.6785929203033447, -32361.541049985943, -32269.80198019803)
(12, 1.897719144821167, -32313.902412727406, -32275.39085239086)
(13, 2.117825984954834, -32297.495809728473, -32290.46440844379)
(14, 2.3375864028930664, -32292.573828828838, -32290.46440844379)
(15, 2.546886444091797, -32292.573828828838, -32290.464408443782)
(16, 2.7729527950286865, -32291.56605107944, -32291.134146341465)
(17, 2.987004041671753, -32291.26371776215, -32291.13414634145)
(18, 3.1982882022857666, -32291.1730177653, -32291.134146341457)
(19, 3.4097561836242676, -32291.145807776564, -32291.13414634146)
(20, 3.6436355113983154, -32291.13764477187, -32291.134146341454)
