(1, 0.0256960391998291, -297451.0, -23883.0)
(2, 0.04962635040283203, -297451.0, -23883.0)
(3, 0.07333517074584961, -297451.0, -23883.0)
(4, 0.0973813533782959, -297451.0, -23883.0)
(5, 0.12131571769714355, -297451.0, -23883.0)
(6, 0.1451869010925293, -297451.0, -23883.0)
(7, 0.16926264762878418, -297451.0, -23883.0)
(8, 0.1930544376373291, -297451.0, -23883.0)
(9, 0.2167797088623047, -297451.0, -23883.0)
(10, 0.24080920219421387, -297451.0, -23883.0)
(11, 0.265155553817749, -297451.0, -23883.0)
(12, 0.28912353515625, -297451.0, -23883.0)
(13, 0.313190221786499, -297451.0, -23883.0)
(14, 0.3509654998779297, -297451.0, -23883.0)
(15, 0.37543749809265137, -297451.0, -23883.0)
(16, 0.3995189666748047, -297451.0, -23883.0)
(17, 0.4236903190612793, -297451.0, -23883.0)
(18, 0.44794416427612305, -297451.0, -23883.0)
(19, 0.4723172187805176, -297451.0, -23883.0)
(20, 0.49657511711120605, -297451.0, -23883.0)
(21, 0.5208873748779297, -297451.0, -23883.0)
(22, 0.5457069873809814, -297451.0, -23883.0)
(23, 0.5701112747192383, -297451.0, -23883.0)
(24, 0.5945644378662109, -297451.0, -23883.0)
(25, 0.61899733543396, -297451.0, -23883.0)
(26, 0.6435866355895996, -297451.0, -23883.0)
(27, 0.6688084602355957, -297451.0, -23883.0)
(28, 0.6934194564819336, -297451.0, -23883.0)
(29, 0.7183465957641602, -297451.0, -23883.0)
(30, 0.7431635856628418, -297451.0, -23883.0)
(31, 0.7680983543395996, -297451.0, -23883.0)
(32, 0.792872428894043, -297451.0, -23883.0)
(33, 0.8175981044769287, -297451.0, -23883.0)
(34, 0.8426413536071777, -297451.0, -23883.0)
(35, 0.8675940036773682, -297451.0, -23883.0)
(36, 0.8924193382263184, -297451.0, -23883.0)
(37, 0.9171261787414551, -297451.0, -23883.0)
(38, 0.942119836807251, -297451.0, -23883.0)
(39, 0.9671223163604736, -297451.0, -23883.0)
(40, 0.9923341274261475, -297451.0, -23883.0)
(41, 1.0172336101531982, -297451.0, -23883.0)
(42, 1.0424034595489502, -297451.0, -23883.0)
(43, 1.067509651184082, -297451.0, -23883.0)
(44, 1.092000961303711, -297451.0, -23883.0)
(45, 1.1165924072265625, -297451.0, -23883.0)
(46, 1.1407926082611084, -297451.0, -23883.0)
(47, 1.1654329299926758, -297451.0, -23883.0)
(48, 1.1895060539245605, -297451.0, -23883.0)
(49, 1.2140028476715088, -297451.0, -23883.0)
(50, 1.2383127212524414, -297451.0, -23883.0)
(51, 1.2626750469207764, -297451.0, -23883.0)
(52, 1.2869319915771484, -297451.0, -23883.0)
(53, 1.3117163181304932, -297451.0, -23883.0)
(54, 1.3365991115570068, -297451.0, -23883.0)
(55, 1.3611781597137451, -297451.0, -23883.0)
(56, 1.3858332633972168, -297451.0, -23883.0)
(57, 1.4105949401855469, -297451.0, -23883.0)
(58, 1.4351401329040527, -297451.0, -23883.0)
(59, 1.4601752758026123, -297451.0, -23883.0)
(60, 1.4851109981536865, -297451.0, -23883.0)
(61, 1.5102758407592773, -297451.0, -23883.0)
(62, 1.534848928451538, -297451.0, -23883.0)
(63, 1.559783935546875, -297451.0, -23883.0)
(64, 1.5846285820007324, -297451.0, -23883.0)
(65, 1.6096735000610352, -297451.0, -23883.0)
(66, 1.6346395015716553, -297451.0, -23883.0)
(67, 1.6600220203399658, -297451.0, -23883.0)
(68, 1.685831069946289, -275002.72222222225, -23883.0)
(69, 1.7112197875976562, -275002.72222222225, -23883.0)
(70, 1.7363357543945312, -275002.72222222225, -23883.0)
(71, 1.7619073390960693, -275002.72222222225, -23883.0)
(72, 1.7877135276794434, -275002.72222222225, -23883.0)
(73, 1.8133106231689453, -275002.72222222225, -23883.0)
(74, 1.8387815952301025, -275002.72222222225, -23883.0)
(75, 1.8641138076782227, -275002.72222222225, -23883.0)
(76, 1.889634132385254, -275002.72222222225, -23883.0)
(77, 1.9150655269622803, -275002.72222222225, -23883.0)
(78, 1.94095778465271, -275002.72222222225, -23883.0)
(79, 1.9665303230285645, -275002.72222222225, -23883.0)
(80, 1.992192029953003, -275002.72222222225, -23883.0)
(81, 2.017897605895996, -275002.72222222225, -23883.0)
(82, 2.044250249862671, -275002.72222222225, -23883.0)
(83, 2.0702455043792725, -275002.72222222225, -23883.0)
(84, 2.0961501598358154, -275002.72222222225, -23883.0)
(85, 2.1216490268707275, -275002.72222222225, -23883.0)
(86, 2.147584915161133, -275002.72222222225, -23883.0)
(87, 2.174589157104492, -275002.72222222225, -23883.0)
(88, 2.2008442878723145, -275002.72222222225, -23883.0)
(89, 2.2269792556762695, -275002.72222222225, -23883.0)
(90, 2.253389835357666, -275002.72222222225, -23883.0)
(91, 2.2798068523406982, -275002.72222222225, -23883.0)
(92, 2.306036949157715, -275002.72222222225, -23883.0)
(93, 2.3331716060638428, -275002.72222222225, -23883.0)
(94, 2.360579013824463, -275002.72222222225, -23883.0)
(95, 2.3862292766571045, -275002.72222222225, -23883.0)
(96, 2.4129068851470947, -275002.72222222225, -23883.0)
(97, 2.4390525817871094, -275002.72222222225, -23883.0)
(98, 2.4659438133239746, -275002.72222222225, -23883.0)
(99, 2.4920849800109863, -275002.72222222225, -23883.0)
(100, 2.5184473991394043, -275002.72222222225, -23883.0)
(101, 2.5448994636535645, -275002.72222222225, -23883.0)
(102, 2.572601318359375, -275002.72222222225, -23883.0)
(103, 2.5990490913391113, -275002.72222222225, -23883.0)
(104, 2.6258676052093506, -275002.72222222225, -23883.0)
(105, 2.6517224311828613, -275002.72222222225, -23883.0)
(106, 2.678513765335083, -275002.72222222225, -23883.0)
(107, 2.704174757003784, -275002.72222222225, -23883.0)
(108, 2.7311673164367676, -275002.72222222225, -23883.0)
(109, 2.7564942836761475, -275002.72222222225, -23883.0)
(110, 2.7823989391326904, -275002.72222222225, -23883.0)
(111, 2.808375358581543, -275002.72222222225, -23883.0)
(112, 2.8345890045166016, -275002.72222222225, -23883.0)
(113, 2.8610312938690186, -275002.72222222225, -23883.0)
(114, 2.8893167972564697, -275002.72222222225, -23883.0)
(115, 2.91843843460083, -275002.72222222225, -23883.0)
(116, 2.9456067085266113, -275002.72222222225, -23883.0)
(117, 2.971376657485962, -275002.72222222225, -23883.0)
(118, 2.9975690841674805, -275002.72222222225, -23883.0)
(119, 3.023451089859009, -275002.72222222225, -23883.0)
(120, 3.0490753650665283, -275002.72222222225, -23883.0)
(121, 3.075355052947998, -275002.72222222225, -23883.0)
(122, 3.101360321044922, -275002.72222222225, -23883.0)
(123, 3.1266367435455322, -242815.22222222222, -23883.0)
(124, 3.152294158935547, -242815.22222222222, -23883.0)
(125, 3.177572011947632, -242815.22222222222, -23883.0)
(126, 3.2025063037872314, -242815.22222222222, -23883.0)
(127, 3.228149890899658, -242815.22222222222, -23883.0)
(128, 3.253755569458008, -242815.22222222222, -23883.0)
(129, 3.2795982360839844, -242815.22222222222, -23883.0)
(130, 3.3053793907165527, -242815.22222222222, -23883.0)
(131, 3.3304624557495117, -242815.22222222222, -23883.0)
(132, 3.35575795173645, -242815.22222222222, -23883.0)
(133, 3.3809773921966553, -242815.22222222222, -23883.0)
(134, 3.405860424041748, -242815.22222222222, -23883.0)
(135, 3.431436061859131, -242815.22222222222, -23883.0)
(136, 3.457578420639038, -242815.22222222222, -23883.0)
(137, 3.4829695224761963, -242815.22222222222, -23883.0)
(138, 3.5089542865753174, -242815.22222222222, -23883.0)
(139, 3.534496545791626, -242815.22222222222, -23883.0)
(140, 3.5605525970458984, -242815.22222222222, -23883.0)
(141, 3.585996627807617, -242815.22222222222, -23883.0)
(142, 3.6112825870513916, -242815.22222222222, -23883.0)
(143, 3.637529134750366, -242815.22222222222, -23883.0)
(144, 3.6634583473205566, -242815.22222222222, -23883.0)
(145, 3.6889617443084717, -242815.22222222222, -23883.0)
(146, 3.7154016494750977, -242815.22222222222, -23883.0)
(147, 3.7412590980529785, -242815.22222222222, -23883.0)
(148, 3.7672297954559326, -242815.22222222222, -23883.0)
(149, 3.7923929691314697, -219709.88888888888, -23883.0)
(150, 3.8196029663085938, -219709.88888888888, -23883.0)
(151, 3.844738245010376, -219709.88888888888, -23883.0)
(152, 3.869424819946289, -219709.88888888888, -23883.0)
(153, 3.8943727016448975, -219709.88888888888, -23883.0)
(154, 3.919271230697632, -219709.88888888888, -23883.0)
(155, 3.944356679916382, -219709.88888888888, -23883.0)
(156, 3.969542980194092, -219709.88888888888, -23883.0)
(157, 3.994896411895752, -219709.88888888888, -23883.0)
(158, 4.020051717758179, -219709.88888888888, -23883.0)
(159, 4.045275926589966, -219709.88888888888, -23883.0)
(160, 4.070890665054321, -219709.88888888888, -23883.0)
(161, 4.096253395080566, -219709.88888888888, -23883.0)
(162, 4.122007131576538, -219709.88888888888, -23883.0)
(163, 4.148395776748657, -219709.88888888888, -23883.0)
(164, 4.174612045288086, -219709.88888888888, -23883.0)
(165, 4.20009970664978, -219709.88888888888, -23883.0)
(166, 4.225572109222412, -219709.88888888888, -23883.0)
(167, 4.252055644989014, -219709.88888888888, -23883.0)
(168, 4.2772626876831055, -219709.88888888888, -23883.0)
(169, 4.303777694702148, -219709.88888888888, -23883.0)
(170, 4.330232858657837, -219709.88888888888, -23883.0)
(171, 4.356128692626953, -219709.88888888888, -23883.0)
(172, 4.382195711135864, -219709.88888888888, -23883.0)
(173, 4.408260107040405, -219709.88888888888, -23883.0)
(174, 4.433752536773682, -219709.88888888888, -23883.0)
(175, 4.459694862365723, -219709.88888888888, -23883.0)
(176, 4.485129117965698, -219709.88888888888, -23883.0)
(177, 4.512056350708008, -219709.88888888888, -23883.0)
(178, 4.537916421890259, -219709.88888888888, -23883.0)
(179, 4.564179182052612, -219709.88888888888, -23883.0)
(180, 4.590355157852173, -219709.88888888888, -23883.0)
(181, 4.616818189620972, -219709.88888888888, -23883.0)
(182, 4.644735097885132, -219709.88888888888, -23883.0)
(183, 4.6710028648376465, -219709.88888888888, -23883.0)
(184, 4.698271751403809, -219709.88888888888, -23883.0)
(185, 4.7249510288238525, -219709.88888888888, -23883.0)
(186, 4.751701831817627, -219709.88888888888, -23883.0)
(187, 4.778244495391846, -219709.88888888888, -23883.0)
(188, 4.804994821548462, -219709.88888888888, -23883.0)
(189, 4.830812692642212, -219709.88888888888, -23883.0)
(190, 4.856978416442871, -219709.88888888888, -23883.0)
(191, 4.8830015659332275, -219709.88888888888, -23883.0)
(192, 4.909398317337036, -219709.88888888888, -23883.0)
(193, 4.9364283084869385, -219709.88888888888, -23883.0)
(194, 4.9643473625183105, -219709.88888888888, -23883.0)
(195, 4.99068021774292, -219709.88888888888, -23883.0)
(196, 5.017216205596924, -219709.88888888888, -23883.0)
(197, 5.043968439102173, -219709.88888888888, -23883.0)
(198, 5.070970058441162, -219709.88888888888, -23883.0)
(199, 5.097301721572876, -219709.88888888888, -23883.0)
(200, 5.124862432479858, -219709.88888888888, -23883.0)
(201, 5.151519060134888, -189937.88888888888, -23883.0)
(202, 5.179199695587158, -189937.88888888888, -23883.0)
(203, 5.205215692520142, -189937.88888888888, -23883.0)
(204, 5.230354309082031, -189937.88888888888, -23883.0)
(205, 5.25602650642395, -189937.88888888888, -23883.0)
(206, 5.2819883823394775, -189937.88888888888, -23883.0)
(207, 5.307634115219116, -189937.88888888888, -23883.0)
(208, 5.333946704864502, -189937.88888888888, -23883.0)
(209, 5.359408617019653, -189937.88888888888, -23883.0)
(210, 5.3855204582214355, -189937.88888888888, -23883.0)
(211, 5.4116997718811035, -189937.88888888888, -23883.0)
(212, 5.437131404876709, -189937.88888888888, -23883.0)
(213, 5.462993621826172, -189937.88888888888, -23883.0)
(214, 5.48932957649231, -189937.88888888888, -23883.0)
(215, 5.515697717666626, -189937.88888888888, -23883.0)
(216, 5.5419087409973145, -189937.88888888888, -23883.0)
(217, 5.568486213684082, -189937.88888888888, -23883.0)
(218, 5.59441876411438, -189937.88888888888, -23883.0)
(219, 5.621306896209717, -189937.88888888888, -23883.0)
(220, 5.6471991539001465, -189937.88888888888, -23883.0)
(221, 5.673672437667847, -189937.88888888888, -23883.0)
(222, 5.699858665466309, -189937.88888888888, -23883.0)
(223, 5.725978851318359, -189937.88888888888, -23883.0)
(224, 5.753558397293091, -189937.88888888888, -23883.0)
(225, 5.780887126922607, -189937.88888888888, -23883.0)
(226, 5.807311773300171, -189937.88888888888, -23883.0)
(227, 5.836120367050171, -189937.88888888888, -23883.0)
(228, 5.863640308380127, -189937.88888888888, -23883.0)
(229, 5.890379190444946, -189937.88888888888, -23883.0)
(230, 5.917603492736816, -189937.88888888888, -23883.0)
(231, 5.945948600769043, -189937.88888888888, -23883.0)
(232, 5.973661422729492, -189937.88888888888, -23883.0)
(233, 6.000479221343994, -189937.88888888888, -23883.0)
(234, 6.0272862911224365, -189937.88888888888, -23883.0)
(235, 6.054377555847168, -189937.88888888888, -23883.0)
(236, 6.081631898880005, -189937.88888888888, -23883.0)
(237, 6.111402750015259, -189937.88888888888, -23883.0)
(238, 6.139381408691406, -189937.88888888888, -23883.0)
(239, 6.167510509490967, -189937.88888888888, -23883.0)
(240, 6.195022821426392, -189937.88888888888, -23883.0)
(241, 6.2221479415893555, -189937.88888888888, -23883.0)
(242, 6.250088930130005, -189937.88888888888, -23883.0)
(243, 6.277331352233887, -189937.88888888888, -23883.0)
(244, 6.304948091506958, -189937.88888888888, -23883.0)
(245, 6.332228183746338, -189937.88888888888, -23883.0)
(246, 6.360147476196289, -189937.88888888888, -23883.0)
(247, 6.389946937561035, -189937.88888888888, -23883.0)
(248, 6.417691707611084, -189937.88888888888, -23883.0)
(249, 6.44537878036499, -189937.88888888888, -23883.0)
(250, 6.473547697067261, -189937.88888888888, -23883.0)
(251, 6.501073837280273, -189937.88888888888, -23883.0)
(252, 6.5288872718811035, -189937.88888888888, -23883.0)
(253, 6.555339574813843, -160974.66666666666, -23883.0)
(254, 6.581896781921387, -160974.66666666666, -23883.0)
(255, 6.608341455459595, -160974.66666666666, -23883.0)
(256, 6.634933233261108, -160974.66666666666, -23883.0)
(257, 6.6614909172058105, -160974.66666666666, -23883.0)
(258, 6.688908576965332, -160974.66666666666, -23883.0)
(259, 6.715283393859863, -160974.66666666666, -23883.0)
(260, 6.742258310317993, -160974.66666666666, -23883.0)
(261, 6.768866777420044, -160974.66666666666, -23883.0)
(262, 6.795543909072876, -160974.66666666666, -23883.0)
(263, 6.822614669799805, -160974.66666666666, -23883.0)
(264, 6.849791765213013, -160974.66666666666, -23883.0)
(265, 6.8764355182647705, -160974.66666666666, -23883.0)
(266, 6.902624607086182, -160974.66666666666, -23883.0)
(267, 6.930293560028076, -160974.66666666666, -23883.0)
(268, 6.958081960678101, -160974.66666666666, -23883.0)
(269, 6.985313415527344, -160974.66666666666, -23883.0)
(270, 7.01323127746582, -160974.66666666666, -23883.0)
(271, 7.040783643722534, -160974.66666666666, -23883.0)
(272, 7.069677829742432, -160974.66666666666, -23883.0)
(273, 7.096838474273682, -160974.66666666666, -23883.0)
(274, 7.124119520187378, -160974.66666666666, -23883.0)
(275, 7.151632070541382, -160974.66666666666, -23883.0)
(276, 7.179771661758423, -160974.66666666666, -23883.0)
(277, 7.207385301589966, -148533.44444444444, -23883.0)
(278, 7.235765218734741, -148533.44444444444, -23883.0)
(279, 7.264888286590576, -148533.44444444444, -23883.0)
(280, 7.292851209640503, -148533.44444444444, -23883.0)
(281, 7.318928003311157, -148533.44444444444, -23883.0)
(282, 7.345196723937988, -148533.44444444444, -23883.0)
(283, 7.371863842010498, -148533.44444444444, -23883.0)
(284, 7.398392915725708, -148533.44444444444, -23883.0)
(285, 7.426221609115601, -148533.44444444444, -23883.0)
(286, 7.453345537185669, -148533.44444444444, -23883.0)
(287, 7.480506896972656, -148533.44444444444, -23883.0)
(288, 7.506699323654175, -148533.44444444444, -23883.0)
(289, 7.533185005187988, -148533.44444444444, -23883.0)
(290, 7.5604166984558105, -148533.44444444444, -23883.0)
(291, 7.587236404418945, -148533.44444444444, -23883.0)
(292, 7.613920450210571, -148533.44444444444, -23883.0)
(293, 7.641245365142822, -148533.44444444444, -23883.0)
(294, 7.669222831726074, -148533.44444444444, -23883.0)
(295, 7.69644021987915, -148533.44444444444, -23883.0)
(296, 7.7241902351379395, -129808.42857142855, -23883.0)
(297, 7.752639532089233, -129808.42857142855, -23883.0)
(298, 7.780681371688843, -129808.42857142855, -23883.0)
(299, 7.808990716934204, -129808.42857142855, -23883.0)
(300, 7.835976839065552, -129808.42857142855, -23883.0)
(301, 7.863559722900391, -129808.42857142855, -23883.0)
(302, 7.890869379043579, -129808.42857142855, -23883.0)
(303, 7.919278860092163, -129808.42857142855, -23883.0)
(304, 7.947389125823975, -129808.42857142855, -23883.0)
(305, 7.979212045669556, -129808.42857142855, -23883.0)
(306, 8.009649276733398, -129808.42857142855, -23883.0)
(307, 8.039204597473145, -129808.42857142855, -23883.0)
(308, 8.06765627861023, -129808.42857142855, -23883.0)
(309, 8.095282554626465, -129808.42857142855, -23883.0)
(310, 8.125160694122314, -129808.42857142855, -23883.0)
(311, 8.153320789337158, -129808.42857142855, -23883.0)
(312, 8.182067394256592, -129808.42857142855, -23883.0)
(313, 8.212395906448364, -129808.42857142855, -23883.0)
(314, 8.241858720779419, -129808.42857142855, -23883.0)
(315, 8.271456241607666, -129808.42857142855, -23883.0)
(316, 8.301721096038818, -129808.42857142855, -23883.0)
(317, 8.330886125564575, -129808.42857142855, -23883.0)
(318, 8.359862327575684, -129808.42857142855, -23883.0)
(319, 8.388517141342163, -129808.42857142855, -23883.0)
(320, 8.416425704956055, -129808.42857142855, -23883.0)
(321, 8.445411205291748, -129808.42857142855, -23883.0)
(322, 8.47386884689331, -129808.42857142855, -23883.0)
(323, 8.50225830078125, -129808.42857142855, -23883.0)
(324, 8.531689405441284, -129808.42857142855, -23883.0)
(325, 8.561292886734009, -129808.42857142855, -23883.0)
(326, 8.592597246170044, -115188.94444444444, -23883.0)
(327, 8.62692928314209, -112082.77777777778, -23883.0)
(328, 8.66243863105774, -107724.33333333334, -23883.0)
(329, 8.704664468765259, -103415.72222222222, -23883.0)
(330, 8.750228643417358, -100232.11111111111, -23883.0)
(331, 8.790757656097412, -93666.77777777777, -23883.0)
(332, 8.83665680885315, -89765.83333333333, -23883.0)
(333, 8.964318037033081, -62341.564102564094, -23883.0)
(334, 9.049848794937134, -54919.89863547759, -23883.0)
(335, 9.142067432403564, -35874.28320105819, -23883.0)
(336, 9.241012811660767, -32097.370370370372, -31800.51851851851)
(337, 9.281041860580444, -31863.0, -31822.0)
(338, 9.321676015853882, -31822.0, -31822.0)
(339, 9.357283592224121, -31822.0, -31822.0)
