(1, 0.14447546005249023, -652274.0, -82862.0)
(2, 0.2842268943786621, -652274.0, -82862.0)
(3, 0.4245259761810303, -652274.0, -82862.0)
(4, 0.5658161640167236, -652274.0, -82862.0)
(5, 0.7082359790802002, -652274.0, -82862.0)
(6, 0.8500127792358398, -652274.0, -82862.0)
(7, 0.9927501678466797, -652274.0, -82862.0)
(8, 1.13612961769104, -652274.0, -82862.0)
(9, 1.27951979637146, -652274.0, -82862.0)
(10, 1.4217395782470703, -652274.0, -82862.0)
(11, 1.5634207725524902, -652274.0, -82862.0)
(12, 1.7050821781158447, -652274.0, -82862.0)
(13, 1.847353458404541, -652274.0, -82862.0)
(14, 1.9895234107971191, -652274.0, -82862.0)
(15, 2.132258892059326, -652274.0, -82862.0)
(16, 2.274695634841919, -652274.0, -82862.0)
(17, 2.416273355484009, -652274.0, -82862.0)
(18, 2.5592479705810547, -652274.0, -82862.0)
(19, 2.7019731998443604, -652274.0, -82862.0)
(20, 2.843073606491089, -652274.0, -82862.0)
(21, 2.9852747917175293, -652274.0, -82862.0)
(22, 3.1317996978759766, -652274.0, -82862.0)
(23, 3.2752113342285156, -652274.0, -82862.0)
(24, 3.422483205795288, -652274.0, -82862.0)
(25, 3.5658011436462402, -652274.0, -82862.0)
(26, 3.7108235359191895, -652274.0, -82862.0)
(27, 3.8552262783050537, -652274.0, -82862.0)
(28, 3.999356269836426, -652274.0, -82862.0)
(29, 4.144512414932251, -652274.0, -82862.0)
(30, 4.289468288421631, -652274.0, -82862.0)
(31, 4.439179182052612, -652274.0, -82862.0)
(32, 4.5854926109313965, -652274.0, -82862.0)
(33, 4.730756759643555, -652274.0, -82862.0)
(34, 4.878673791885376, -652274.0, -82862.0)
(35, 5.026381731033325, -652274.0, -82862.0)
(36, 5.174669981002808, -652274.0, -82862.0)
(37, 5.321050405502319, -652274.0, -82862.0)
(38, 5.468536138534546, -652274.0, -82862.0)
(39, 5.616753101348877, -652274.0, -82862.0)
(40, 5.76530647277832, -652274.0, -82862.0)
(41, 5.911184072494507, -652274.0, -82862.0)
(42, 6.057882070541382, -652274.0, -82862.0)
(43, 6.2073071002960205, -652274.0, -82862.0)
(44, 6.3572046756744385, -652274.0, -82862.0)
(45, 6.508222341537476, -652274.0, -82862.0)
(46, 6.654297351837158, -652274.0, -82862.0)
(47, 6.801495790481567, -652274.0, -82862.0)
(48, 6.947697639465332, -652274.0, -82862.0)
(49, 7.099350452423096, -652274.0, -82862.0)
(50, 7.259155750274658, -652274.0, -82862.0)
(51, 7.416254281997681, -652274.0, -82862.0)
(52, 7.571688890457153, -652274.0, -82862.0)
(53, 7.725643634796143, -652274.0, -82862.0)
(54, 7.878662109375, -652274.0, -82862.0)
(55, 8.030542850494385, -652274.0, -82862.0)
(56, 8.185123682022095, -652274.0, -82862.0)
(57, 8.338788270950317, -652274.0, -82862.0)
(58, 8.492337465286255, -652274.0, -82862.0)
(59, 8.645181894302368, -652274.0, -82862.0)
(60, 8.799641847610474, -652274.0, -82862.0)
(61, 8.953619718551636, -652274.0, -82862.0)
(62, 9.115431547164917, -652274.0, -82862.0)
(63, 9.270168781280518, -652274.0, -82862.0)
(64, 9.420780658721924, -652274.0, -82862.0)
(65, 9.57478404045105, -652274.0, -82862.0)
(66, 9.72737193107605, -652274.0, -82862.0)
(67, 9.879764318466187, -652274.0, -82862.0)
(68, 10.032788276672363, -652274.0, -82862.0)
(69, 10.184799671173096, -652274.0, -82862.0)
(70, 10.336987257003784, -652274.0, -82862.0)
(71, 10.490995168685913, -652274.0, -82862.0)
(72, 10.644824266433716, -652274.0, -82862.0)
(73, 10.797500610351562, -652274.0, -82862.0)
(74, 10.951624631881714, -652274.0, -82862.0)
(75, 11.105220317840576, -652274.0, -82862.0)
(76, 11.26086711883545, -652274.0, -82862.0)
(77, 11.416028261184692, -652274.0, -82862.0)
(78, 11.570900201797485, -652274.0, -82862.0)
(79, 11.72578477859497, -652274.0, -82862.0)
(80, 11.883117198944092, -652274.0, -82862.0)
(81, 12.03900957107544, -652274.0, -82862.0)
(82, 12.195266008377075, -652274.0, -82862.0)
(83, 12.359570026397705, -652274.0, -82862.0)
(84, 12.523338794708252, -652274.0, -82862.0)
(85, 12.689334869384766, -652274.0, -82862.0)
(86, 12.853296518325806, -652274.0, -82862.0)
(87, 13.023317098617554, -652274.0, -82862.0)
(88, 13.18212103843689, -652274.0, -82862.0)
(89, 13.34215235710144, -652274.0, -82862.0)
(90, 13.502593278884888, -652274.0, -82862.0)
(91, 13.662204265594482, -652274.0, -82862.0)
(92, 13.820510387420654, -652274.0, -82862.0)
(93, 13.98108720779419, -652274.0, -82862.0)
(94, 14.141480684280396, -652274.0, -82862.0)
(95, 14.302574396133423, -652274.0, -82862.0)
(96, 14.46396255493164, -652274.0, -82862.0)
(97, 14.626244068145752, -652274.0, -82862.0)
(98, 14.787932395935059, -652274.0, -82862.0)
(99, 14.950467824935913, -652274.0, -82862.0)
(100, 15.112606048583984, -652274.0, -82862.0)
(101, 15.277408838272095, -652274.0, -82862.0)
(102, 15.449746370315552, -652274.0, -82862.0)
(103, 15.615549087524414, -652274.0, -82862.0)
(104, 15.789855718612671, -652274.0, -82862.0)
(105, 15.951627731323242, -652274.0, -82862.0)
(106, 16.125494718551636, -652274.0, -82862.0)
(107, 16.288713455200195, -652274.0, -82862.0)
(108, 16.45210361480713, -652274.0, -82862.0)
(109, 16.626978635787964, -652274.0, -82862.0)
(110, 16.804096937179565, -652274.0, -82862.0)
(111, 16.98563051223755, -652274.0, -82862.0)
(112, 17.16368317604065, -652274.0, -82862.0)
(113, 17.3418025970459, -652274.0, -82862.0)
(114, 17.522696018218994, -652274.0, -82862.0)
(115, 17.68903613090515, -652274.0, -82862.0)
(116, 17.858526706695557, -652274.0, -82862.0)
(117, 18.037657260894775, -652274.0, -82862.0)
(118, 18.220146656036377, -652274.0, -82862.0)
(119, 18.40091347694397, -652274.0, -82862.0)
(120, 18.588648557662964, -652274.0, -82862.0)
(121, 18.773964166641235, -652274.0, -82862.0)
(122, 18.953519105911255, -652274.0, -82862.0)
(123, 19.138901948928833, -652274.0, -82862.0)
(124, 19.335687160491943, -652274.0, -82862.0)
(125, 19.508857488632202, -652274.0, -82862.0)
(126, 19.679654359817505, -652274.0, -82862.0)
(127, 19.846519231796265, -652274.0, -82862.0)
(128, 20.01576018333435, -652274.0, -82862.0)
(129, 20.18798542022705, -652274.0, -82862.0)
(130, 20.357376098632812, -652274.0, -82862.0)
(131, 20.52915120124817, -652274.0, -82862.0)
(132, 20.69850778579712, -652274.0, -82862.0)
(133, 20.870389699935913, -652274.0, -82862.0)
(134, 21.039960384368896, -652274.0, -82862.0)
(135, 21.212719440460205, -652274.0, -82862.0)
(136, 21.383255004882812, -652274.0, -82862.0)
(137, 21.5566246509552, -652274.0, -82862.0)
(138, 21.728578805923462, -652274.0, -82862.0)
(139, 21.902341604232788, -652274.0, -82862.0)
(140, 22.076504945755005, -652274.0, -82862.0)
(141, 22.249325037002563, -652274.0, -82862.0)
(142, 22.428090810775757, -652274.0, -82862.0)
(143, 22.600024700164795, -652274.0, -82862.0)
(144, 22.774261951446533, -652274.0, -82862.0)
(145, 22.95050811767578, -652274.0, -82862.0)
(146, 23.12598156929016, -652274.0, -82862.0)
(147, 23.301830053329468, -652274.0, -82862.0)
(148, 23.47735857963562, -652274.0, -82862.0)
(149, 23.66017770767212, -652274.0, -82862.0)
(150, 23.845322132110596, -652274.0, -82862.0)
(151, 24.031606912612915, -652274.0, -82862.0)
(152, 24.232324838638306, -652274.0, -82862.0)
(153, 24.43278479576111, -652274.0, -82862.0)
(154, 24.63441228866577, -652274.0, -82862.0)
(155, 24.83614754676819, -652274.0, -82862.0)
(156, 25.043846130371094, -652274.0, -82862.0)
(157, 25.234848976135254, -652274.0, -82862.0)
(158, 25.421411514282227, -652274.0, -82862.0)
(159, 25.60745930671692, -652274.0, -82862.0)
(160, 25.794522762298584, -652274.0, -82862.0)
(161, 26.006994247436523, -652274.0, -82862.0)
(162, 26.22011423110962, -652274.0, -82862.0)
(163, 26.434261322021484, -652274.0, -82862.0)
(164, 26.622040510177612, -652274.0, -82862.0)
(165, 26.805041313171387, -652274.0, -82862.0)
(166, 26.994527578353882, -652274.0, -82862.0)
(167, 27.17637300491333, -652274.0, -82862.0)
(168, 27.367135286331177, -652274.0, -82862.0)
(169, 27.554108142852783, -652274.0, -82862.0)
(170, 27.740484476089478, -652274.0, -82862.0)
(171, 27.927181482315063, -652274.0, -82862.0)
(172, 28.116436004638672, -652274.0, -82862.0)
(173, 28.305896759033203, -652274.0, -82862.0)
(174, 28.498732089996338, -652274.0, -82862.0)
(175, 28.6847026348114, -652274.0, -82862.0)
(176, 28.873531103134155, -652274.0, -82862.0)
(177, 29.065580368041992, -652274.0, -82862.0)
(178, 29.258493900299072, -652274.0, -82862.0)
(179, 29.44173526763916, -652274.0, -82862.0)
(180, 29.6358380317688, -652274.0, -82862.0)
(181, 29.84972906112671, -652274.0, -82862.0)
(182, 30.047272443771362, -652274.0, -82862.0)
(183, 30.26118755340576, -652274.0, -82862.0)
(184, 30.48163890838623, -652274.0, -82862.0)
(185, 30.69656252861023, -652274.0, -82862.0)
(186, 30.911043405532837, -652274.0, -82862.0)
(187, 31.12719416618347, -652274.0, -82862.0)
(188, 31.35390281677246, -652274.0, -82862.0)
(189, 31.57420587539673, -652274.0, -82862.0)
(190, 31.796847820281982, -652274.0, -82862.0)
(191, 32.035502672195435, -652274.0, -82862.0)
(192, 32.237295150756836, -652274.0, -82862.0)
(193, 32.43447947502136, -652274.0, -82862.0)
(194, 32.628156661987305, -652274.0, -82862.0)
(195, 32.827728033065796, -652274.0, -82862.0)
(196, 33.02490997314453, -652274.0, -82862.0)
(197, 33.221020221710205, -652274.0, -82862.0)
(198, 33.41283321380615, -652274.0, -82862.0)
(199, 33.60948300361633, -652274.0, -82862.0)
(200, 33.80501985549927, -652274.0, -82862.0)
(201, 34.00148034095764, -652274.0, -82862.0)
(202, 34.20388603210449, -652274.0, -82862.0)
(203, 34.40621018409729, -652274.0, -82862.0)
(204, 34.62705731391907, -652274.0, -82862.0)
(205, 34.855873107910156, -652274.0, -82862.0)
(206, 35.08966255187988, -652274.0, -82862.0)
(207, 35.32151412963867, -652274.0, -82862.0)
(208, 35.55311036109924, -652274.0, -82862.0)
(209, 35.816614627838135, -652274.0, -82862.0)
(210, 36.02648663520813, -652274.0, -82862.0)
(211, 36.22636938095093, -652274.0, -82862.0)
(212, 36.41973257064819, -652274.0, -82862.0)
(213, 36.61115026473999, -652274.0, -82862.0)
(214, 36.805145502090454, -652274.0, -82862.0)
(215, 37.00214743614197, -652274.0, -82862.0)
(216, 37.19588041305542, -652274.0, -82862.0)
(217, 37.386303663253784, -652274.0, -82862.0)
(218, 37.579174280166626, -652274.0, -82862.0)
(219, 37.773743629455566, -652274.0, -82862.0)
(220, 37.97265934944153, -652274.0, -82862.0)
(221, 38.1681170463562, -652274.0, -82862.0)
(222, 38.35957646369934, -652274.0, -82862.0)
(223, 38.55427169799805, -652274.0, -82862.0)
(224, 38.749666929244995, -652274.0, -82862.0)
(225, 38.94548583030701, -652274.0, -82862.0)
(226, 39.147934436798096, -652274.0, -82862.0)
(227, 39.346598386764526, -652274.0, -82862.0)
(228, 39.54339933395386, -652274.0, -82862.0)
(229, 39.74212908744812, -652274.0, -82862.0)
(230, 39.93812108039856, -652274.0, -82862.0)
(231, 40.136696100234985, -652274.0, -82862.0)
(232, 40.33460545539856, -652274.0, -82862.0)
(233, 40.53763246536255, -652274.0, -82862.0)
(234, 40.73913788795471, -652274.0, -82862.0)
(235, 40.94290804862976, -652274.0, -82862.0)
(236, 41.146581172943115, -652274.0, -82862.0)
(237, 41.35460138320923, -652274.0, -82862.0)
(238, 41.55558753013611, -652274.0, -82862.0)
(239, 41.75538182258606, -652274.0, -82862.0)
(240, 41.96054124832153, -652274.0, -82862.0)
(241, 42.16774296760559, -652274.0, -82862.0)
(242, 42.375088691711426, -652274.0, -82862.0)
(243, 42.57705736160278, -652274.0, -82862.0)
(244, 42.78598237037659, -652274.0, -82862.0)
(245, 42.993632078170776, -652274.0, -82862.0)
(246, 43.201393127441406, -652274.0, -82862.0)
(247, 43.411046504974365, -652274.0, -82862.0)
(248, 43.62870645523071, -652274.0, -82862.0)
(249, 43.83573246002197, -652274.0, -82862.0)
(250, 44.05223250389099, -652274.0, -82862.0)
(251, 44.30401611328125, -652274.0, -82862.0)
(252, 44.553454637527466, -652274.0, -82862.0)
(253, 44.81460356712341, -652274.0, -82862.0)
(254, 45.035144567489624, -652274.0, -82862.0)
(255, 45.25129675865173, -652274.0, -82862.0)
(256, 45.45706057548523, -652274.0, -82862.0)
(257, 45.67153763771057, -652274.0, -82862.0)
(258, 45.88114666938782, -652274.0, -82862.0)
(259, 46.10196256637573, -652274.0, -82862.0)
(260, 46.320483684539795, -652274.0, -82862.0)
(261, 46.53720140457153, -652274.0, -82862.0)
(262, 46.797019720077515, -652274.0, -82862.0)
(263, 47.02263569831848, -652274.0, -82862.0)
(264, 47.254732608795166, -652274.0, -82862.0)
(265, 47.483235120773315, -652274.0, -82862.0)
(266, 47.74636197090149, -652274.0, -82862.0)
(267, 48.01024055480957, -652274.0, -82862.0)
(268, 48.27122139930725, -652274.0, -82862.0)
(269, 48.53692984580994, -652274.0, -82862.0)
(270, 48.76801872253418, -652274.0, -82862.0)
(271, 49.02977442741394, -652274.0, -82862.0)
(272, 49.283963203430176, -652274.0, -82862.0)
(273, 49.55744767189026, -652274.0, -82862.0)
(274, 49.79183077812195, -652274.0, -82862.0)
(275, 50.00838303565979, -652274.0, -82862.0)
(276, 50.21925210952759, -652274.0, -82862.0)
(277, 50.43469476699829, -652274.0, -82862.0)
(278, 50.645965814590454, -652274.0, -82862.0)
(279, 50.85740351676941, -652274.0, -82862.0)
(280, 51.07039761543274, -652274.0, -82862.0)
(281, 51.28898525238037, -652274.0, -82862.0)
(282, 51.501694440841675, -652274.0, -82862.0)
(283, 51.716928243637085, -652274.0, -82862.0)
(284, 51.92576813697815, -652274.0, -82862.0)
(285, 52.13930296897888, -652274.0, -82862.0)
(286, 52.36010503768921, -652274.0, -82862.0)
(287, 52.582534313201904, -652274.0, -82862.0)
(288, 52.8065288066864, -652274.0, -82862.0)
(289, 53.03237175941467, -652274.0, -82862.0)
(290, 53.25094819068909, -652274.0, -82862.0)
(291, 53.4712393283844, -652274.0, -82862.0)
(292, 53.693883657455444, -652274.0, -82862.0)
(293, 53.9200484752655, -652274.0, -82862.0)
(294, 54.14020299911499, -652274.0, -82862.0)
(295, 54.36431050300598, -652274.0, -82862.0)
(296, 54.588773012161255, -652274.0, -82862.0)
(297, 54.81534481048584, -652274.0, -82862.0)
(298, 55.0420503616333, -652274.0, -82862.0)
(299, 55.26762628555298, -652274.0, -82862.0)
(300, 55.49879789352417, -652274.0, -82862.0)
(301, 55.734898805618286, -652274.0, -82862.0)
(302, 56.00984454154968, -652274.0, -82862.0)
(303, 56.25929880142212, -652274.0, -82862.0)
(304, 56.54177236557007, -652274.0, -82862.0)
(305, 56.8322696685791, -652274.0, -82862.0)
(306, 57.05810761451721, -652274.0, -82862.0)
(307, 57.297852754592896, -652274.0, -82862.0)
(308, 57.54036259651184, -652274.0, -82862.0)
(309, 57.767497062683105, -652274.0, -82862.0)
(310, 58.003485441207886, -652274.0, -82862.0)
(311, 58.241437673568726, -652274.0, -82862.0)
(312, 58.5304958820343, -652274.0, -82862.0)
(313, 58.818209171295166, -652274.0, -82862.0)
(314, 59.116037368774414, -652274.0, -82862.0)
(315, 59.36751937866211, -652274.0, -82862.0)
(316, 59.60251331329346, -652274.0, -82862.0)
(317, 59.84967827796936, -652274.0, -82862.0)
(318, 60.14204716682434, -652274.0, -82862.0)
(319, 60.38204598426819, -652274.0, -82862.0)
(320, 60.613654136657715, -652274.0, -82862.0)
(321, 60.84546494483948, -652274.0, -82862.0)
(322, 61.0776903629303, -652274.0, -82862.0)
(323, 61.314154386520386, -652274.0, -82862.0)
(324, 61.54981970787048, -652274.0, -82862.0)
(325, 61.785902976989746, -652274.0, -82862.0)
(326, 62.035407066345215, -652274.0, -82862.0)
(327, 62.33835959434509, -652274.0, -82862.0)
(328, 62.659712076187134, -652274.0, -82862.0)
(329, 62.95449900627136, -652274.0, -82862.0)
(330, 63.209553718566895, -652274.0, -82862.0)
(331, 63.50147747993469, -652274.0, -82862.0)
(332, 63.75024700164795, -652274.0, -82862.0)
(333, 64.01013088226318, -652274.0, -82862.0)
(334, 64.31340503692627, -652274.0, -82862.0)
(335, 64.57406425476074, -652274.0, -82862.0)
(336, 64.87303018569946, -652274.0, -82862.0)
(337, 65.1787462234497, -652274.0, -82862.0)
(338, 65.47929549217224, -652274.0, -82862.0)
(339, 65.73380327224731, -652274.0, -82862.0)
(340, 65.9814019203186, -652274.0, -82862.0)
(341, 66.2750461101532, -652274.0, -82862.0)
(342, 66.61131548881531, -652274.0, -82862.0)
(343, 66.86878800392151, -652274.0, -82862.0)
(344, 67.1154534816742, -652274.0, -82862.0)
(345, 67.35976433753967, -652274.0, -82862.0)
(346, 67.58931088447571, -652274.0, -82862.0)
(347, 67.83884191513062, -652274.0, -82862.0)
(348, 68.07733869552612, -652274.0, -82862.0)
(349, 68.31261730194092, -652274.0, -82862.0)
(350, 68.56294345855713, -652274.0, -82862.0)
(351, 68.79879903793335, -652274.0, -82862.0)
(352, 69.02773952484131, -652274.0, -82862.0)
(353, 69.26947617530823, -652274.0, -82862.0)
(354, 69.50899243354797, -652274.0, -82862.0)
(355, 69.74178123474121, -652274.0, -82862.0)
(356, 69.98398804664612, -652274.0, -82862.0)
(357, 70.22416114807129, -652274.0, -82862.0)
(358, 70.45677375793457, -652274.0, -82862.0)
(359, 70.69021701812744, -652274.0, -82862.0)
(360, 70.9303708076477, -652274.0, -82862.0)
(361, 71.18506169319153, -652274.0, -82862.0)
(362, 71.42888927459717, -652274.0, -82862.0)
(363, 71.67178249359131, -652274.0, -82862.0)
(364, 71.92550802230835, -652274.0, -82862.0)
(365, 72.19002771377563, -652274.0, -82862.0)
(366, 72.44519472122192, -652274.0, -82862.0)
(367, 72.7734625339508, -652274.0, -82862.0)
(368, 73.08845019340515, -652274.0, -82862.0)
(369, 73.3339455127716, -652274.0, -82862.0)
(370, 73.57649946212769, -652274.0, -82862.0)
(371, 73.8213267326355, -652274.0, -82862.0)
(372, 74.05749106407166, -652274.0, -82862.0)
(373, 74.32091116905212, -652274.0, -82862.0)
(374, 74.56486558914185, -652274.0, -82862.0)
(375, 74.80911421775818, -652274.0, -82862.0)
(376, 75.05349373817444, -652274.0, -82862.0)
(377, 75.29896187782288, -652274.0, -82862.0)
(378, 75.55650186538696, -652274.0, -82862.0)
(379, 75.79555916786194, -652274.0, -82862.0)
(380, 76.04872393608093, -652274.0, -82862.0)
(381, 76.30669832229614, -652274.0, -82862.0)
(382, 76.56847381591797, -652274.0, -82862.0)
(383, 76.82190895080566, -652274.0, -82862.0)
(384, 77.08468437194824, -652274.0, -82862.0)
(385, 77.3328104019165, -652274.0, -82862.0)
(386, 77.59610533714294, -652274.0, -82862.0)
(387, 77.8801658153534, -652274.0, -82862.0)
(388, 78.13566493988037, -652274.0, -82862.0)
(389, 78.42330002784729, -652274.0, -82862.0)
(390, 78.70343446731567, -652274.0, -82862.0)
(391, 79.03777122497559, -652274.0, -82862.0)
(392, 79.36341333389282, -652274.0, -82862.0)
(393, 79.69206881523132, -652274.0, -82862.0)
(394, 80.02238917350769, -652274.0, -82862.0)
(395, 80.37116479873657, -652274.0, -82862.0)
(396, 80.66299438476562, -652274.0, -82862.0)
(397, 80.99150204658508, -652274.0, -82862.0)
(398, 81.27325177192688, -652274.0, -82862.0)
(399, 81.60629272460938, -652274.0, -82862.0)
(400, 81.93372964859009, -652274.0, -82862.0)
(401, 82.29206037521362, -652274.0, -82862.0)
(402, 82.6290442943573, -652274.0, -82862.0)
(403, 82.91022539138794, -652274.0, -82862.0)
(404, 83.19240498542786, -652274.0, -82862.0)
(405, 83.47110986709595, -652274.0, -82862.0)
(406, 83.73588752746582, -652274.0, -82862.0)
(407, 83.98695158958435, -652274.0, -82862.0)
(408, 84.24520826339722, -652274.0, -82862.0)
(409, 84.51137495040894, -652274.0, -82862.0)
(410, 84.78870701789856, -652274.0, -82862.0)
(411, 85.07249593734741, -652274.0, -82862.0)
(412, 85.34103536605835, -652274.0, -82862.0)
(413, 85.62015724182129, -652274.0, -82862.0)
(414, 85.89490556716919, -652274.0, -82862.0)
(415, 86.15608978271484, -652274.0, -82862.0)
(416, 86.44843411445618, -652274.0, -82862.0)
(417, 86.72346711158752, -652274.0, -82862.0)
(418, 87.07460498809814, -652274.0, -82862.0)
(419, 87.3701343536377, -652274.0, -82862.0)
(420, 87.71856880187988, -652274.0, -82862.0)
(421, 88.06104755401611, -652274.0, -82862.0)
(422, 88.35085916519165, -652274.0, -82862.0)
(423, 88.64018559455872, -652274.0, -82862.0)
(424, 88.98214101791382, -652274.0, -82862.0)
(425, 89.27617859840393, -652274.0, -82862.0)
(426, 89.56313824653625, -652274.0, -82862.0)
(427, 89.86614108085632, -652274.0, -82862.0)
(428, 90.16845726966858, -652274.0, -82862.0)
(429, 90.46257328987122, -652274.0, -82862.0)
(430, 90.80967593193054, -652274.0, -82862.0)
(431, 91.1727442741394, -652274.0, -82862.0)
(432, 91.5163106918335, -652274.0, -82862.0)
(433, 91.81660413742065, -652274.0, -82862.0)
(434, 92.18195343017578, -652274.0, -82862.0)
(435, 92.47537088394165, -652274.0, -82862.0)
(436, 92.7758538722992, -652274.0, -82862.0)
(437, 93.07694220542908, -652274.0, -82862.0)
(438, 93.37387871742249, -652274.0, -82862.0)
(439, 93.72516465187073, -652274.0, -82862.0)
(440, 94.11865544319153, -652274.0, -82862.0)
(441, 94.42065858840942, -652274.0, -82862.0)
(442, 94.73216390609741, -652274.0, -82862.0)
(443, 95.10017490386963, -652274.0, -82862.0)
(444, 95.46794843673706, -652274.0, -82862.0)
(445, 95.75026226043701, -652274.0, -82862.0)
(446, 96.04377293586731, -652274.0, -82862.0)
(447, 96.35546565055847, -652274.0, -82862.0)
(448, 96.66446423530579, -652274.0, -82862.0)
(449, 96.97600197792053, -652274.0, -82862.0)
(450, 97.27038788795471, -652274.0, -82862.0)
(451, 97.5767707824707, -652274.0, -82862.0)
(452, 97.98767352104187, -652274.0, -82862.0)
(453, 98.28754591941833, -652274.0, -82862.0)
(454, 98.56088662147522, -652274.0, -82862.0)
(455, 98.82617044448853, -652274.0, -82862.0)
(456, 99.11422896385193, -652274.0, -82862.0)
(457, 99.38469076156616, -652274.0, -82862.0)
(458, 99.65015649795532, -652274.0, -82862.0)
(459, 99.9130048751831, -652274.0, -82862.0)
(460, 100.17884302139282, -652274.0, -82862.0)
(461, 100.44448637962341, -652274.0, -82862.0)
(462, 100.7070152759552, -652274.0, -82862.0)
(463, 100.97496747970581, -652274.0, -82862.0)
(464, 101.2480218410492, -652274.0, -82862.0)
(465, 101.51307654380798, -652274.0, -82862.0)
(466, 101.79369139671326, -652274.0, -82862.0)
(467, 102.0764513015747, -652274.0, -82862.0)
(468, 102.35457372665405, -652274.0, -82862.0)
(469, 102.63981509208679, -652274.0, -82862.0)
(470, 102.91701793670654, -652274.0, -82862.0)
(471, 103.19709372520447, -652274.0, -82862.0)
(472, 103.48080968856812, -652274.0, -82862.0)
(473, 103.76963376998901, -652274.0, -82862.0)
(474, 104.06247591972351, -652274.0, -82862.0)
(475, 104.35149192810059, -652274.0, -82862.0)
(476, 104.62612104415894, -652274.0, -82862.0)
(477, 104.89747428894043, -652274.0, -82862.0)
(478, 105.1701180934906, -652274.0, -82862.0)
(479, 105.4508945941925, -652274.0, -82862.0)
(480, 105.71535205841064, -652274.0, -82862.0)
(481, 105.98938393592834, -652274.0, -82862.0)
(482, 106.29089593887329, -652274.0, -82862.0)
(483, 106.58838295936584, -652274.0, -82862.0)
(484, 106.87464261054993, -652274.0, -82862.0)
(485, 107.15186262130737, -652274.0, -82862.0)
(486, 107.45677590370178, -652274.0, -82862.0)
(487, 107.85267519950867, -652274.0, -82862.0)
(488, 108.25166273117065, -652274.0, -82862.0)
(489, 108.54950189590454, -652274.0, -82862.0)
(490, 108.85358357429504, -652274.0, -82862.0)
(491, 109.16366982460022, -652274.0, -82862.0)
(492, 109.45640730857849, -652274.0, -82862.0)
(493, 109.76120352745056, -652274.0, -82862.0)
(494, 110.05113744735718, -652274.0, -82862.0)
(495, 110.34403133392334, -652274.0, -82862.0)
(496, 110.62885093688965, -652274.0, -82862.0)
(497, 110.92891502380371, -652274.0, -82862.0)
(498, 111.24162817001343, -652274.0, -82862.0)
(499, 111.5801694393158, -652274.0, -82862.0)
(500, 111.92509746551514, -652274.0, -82862.0)
(501, 112.34716129302979, -652274.0, -82862.0)
(502, 112.68527221679688, -652274.0, -82862.0)
(503, 113.08940601348877, -652274.0, -82862.0)
(504, 113.49764084815979, -652274.0, -82862.0)
(505, 113.9073441028595, -652274.0, -82862.0)
(506, 114.22896814346313, -652274.0, -82862.0)
(507, 114.57545614242554, -652274.0, -82862.0)
(508, 115.01466774940491, -652274.0, -82862.0)
(509, 115.34934568405151, -652274.0, -82862.0)
(510, 115.68148040771484, -652274.0, -82862.0)
(511, 116.09911704063416, -652274.0, -82862.0)
(512, 116.449045419693, -652274.0, -82862.0)
(513, 116.77536368370056, -652274.0, -82862.0)
(514, 117.10792303085327, -652274.0, -82862.0)
(515, 117.4276614189148, -652274.0, -82862.0)
(516, 117.75403714179993, -652274.0, -82862.0)
(517, 118.095205783844, -652274.0, -82862.0)
(518, 118.51416563987732, -652274.0, -82862.0)
(519, 118.8671019077301, -652274.0, -82862.0)
(520, 119.32764029502869, -652274.0, -82862.0)
(521, 119.68159866333008, -652274.0, -82862.0)
(522, 120.02084350585938, -652274.0, -82862.0)
(523, 120.37149357795715, -652274.0, -82862.0)
(524, 120.69181728363037, -652274.0, -82862.0)
(525, 121.0207188129425, -652274.0, -82862.0)
(526, 121.38283181190491, -652274.0, -82862.0)
(527, 121.73447036743164, -652274.0, -82862.0)
(528, 122.0800929069519, -652274.0, -82862.0)
(529, 122.4262421131134, -652274.0, -82862.0)
(530, 122.76420140266418, -652274.0, -82862.0)
(531, 123.07842183113098, -652274.0, -82862.0)
(532, 123.4985876083374, -652274.0, -82862.0)
(533, 123.83320236206055, -652274.0, -82862.0)
(534, 124.15106296539307, -652274.0, -82862.0)
(535, 124.49579381942749, -652274.0, -82862.0)
(536, 124.8529143333435, -652274.0, -82862.0)
(537, 125.19403409957886, -652274.0, -82862.0)
(538, 125.56447768211365, -652274.0, -82862.0)
(539, 125.92295098304749, -652274.0, -82862.0)
(540, 126.28506684303284, -652274.0, -82862.0)
(541, 126.61587595939636, -652274.0, -82862.0)
(542, 126.94904661178589, -652274.0, -82862.0)
(543, 127.3774139881134, -652274.0, -82862.0)
(544, 127.7221908569336, -652274.0, -82862.0)
(545, 128.06665897369385, -652274.0, -82862.0)
(546, 128.42288875579834, -652274.0, -82862.0)
(547, 128.77314376831055, -652274.0, -82862.0)
(548, 129.12416625022888, -652274.0, -82862.0)
(549, 129.4809865951538, -652274.0, -82862.0)
(550, 129.81797885894775, -652274.0, -82862.0)
(551, 130.15333938598633, -652274.0, -82862.0)
(552, 130.51752257347107, -652274.0, -82862.0)
(553, 130.96466851234436, -652274.0, -82862.0)
(554, 131.3376533985138, -652274.0, -82862.0)
(555, 131.71760249137878, -652274.0, -82862.0)
(556, 132.08313369750977, -652274.0, -82862.0)
(557, 132.45441842079163, -652274.0, -82862.0)
(558, 132.83381295204163, -652274.0, -82862.0)
(559, 133.18022513389587, -652274.0, -82862.0)
(560, 133.64523720741272, -652274.0, -82862.0)
(561, 134.1074149608612, -652274.0, -82862.0)
(562, 134.46478915214539, -652274.0, -82862.0)
(563, 134.8199405670166, -652274.0, -82862.0)
(564, 135.15483283996582, -652274.0, -82862.0)
(565, 135.53007340431213, -652274.0, -82862.0)
(566, 135.88463020324707, -652274.0, -82862.0)
(567, 136.33454775810242, -652274.0, -82862.0)
(568, 136.79970502853394, -652274.0, -82862.0)
(569, 137.29296326637268, -652274.0, -82862.0)
(570, 137.62583780288696, -652274.0, -82862.0)
(571, 137.9402313232422, -652274.0, -82862.0)
(572, 138.24682474136353, -652274.0, -82862.0)
(573, 138.56733918190002, -652274.0, -82862.0)
(574, 138.86108660697937, -652274.0, -82862.0)
(575, 139.16027212142944, -652274.0, -82862.0)
(576, 139.47789359092712, -652274.0, -82862.0)
(577, 139.81483721733093, -652274.0, -82862.0)
(578, 140.12506461143494, -652274.0, -82862.0)
(579, 140.4293088912964, -652274.0, -82862.0)
(580, 140.74419784545898, -652274.0, -82862.0)
(581, 141.05486249923706, -652274.0, -82862.0)
(582, 141.36402988433838, -652274.0, -82862.0)
(583, 141.70120429992676, -652274.0, -82862.0)
(584, 142.0328712463379, -652274.0, -82862.0)
(585, 142.37516736984253, -652274.0, -82862.0)
(586, 142.67309474945068, -652274.0, -82862.0)
(587, 142.99087953567505, -652274.0, -82862.0)
(588, 143.30880904197693, -652274.0, -82862.0)
(589, 143.62999629974365, -652274.0, -82862.0)
(590, 143.93636178970337, -652274.0, -82862.0)
(591, 144.24641394615173, -652274.0, -82862.0)
(592, 144.5797564983368, -652274.0, -82862.0)
(593, 144.90399146080017, -652274.0, -82862.0)
(594, 145.24762320518494, -652274.0, -82862.0)
(595, 145.58717322349548, -652274.0, -82862.0)
(596, 145.95834732055664, -652274.0, -82862.0)
(597, 146.30670070648193, -652274.0, -82862.0)
(598, 146.62921524047852, -652274.0, -82862.0)
(599, 146.95615768432617, -652274.0, -82862.0)
(600, 147.28927564620972, -652274.0, -82862.0)
(601, 147.6132140159607, -652274.0, -82862.0)
(602, 147.9555139541626, -652274.0, -82862.0)
(603, 148.2933521270752, -652274.0, -82862.0)
(604, 148.6350872516632, -652274.0, -82862.0)
(605, 148.9813208580017, -652274.0, -82862.0)
(606, 149.32215881347656, -652274.0, -82862.0)
(607, 149.65040755271912, -652274.0, -82862.0)
(608, 149.99742555618286, -652274.0, -82862.0)
(609, 150.3269784450531, -652274.0, -82862.0)
(610, 150.68037962913513, -652274.0, -82862.0)
(611, 151.01629972457886, -652274.0, -82862.0)
(612, 151.35111284255981, -652274.0, -82862.0)
(613, 151.6904375553131, -652274.0, -82862.0)
(614, 152.03412342071533, -652274.0, -82862.0)
(615, 152.37473106384277, -652274.0, -82862.0)
(616, 152.72276186943054, -652274.0, -82862.0)
(617, 153.1007115840912, -652274.0, -82862.0)
(618, 153.4338641166687, -652274.0, -82862.0)
(619, 153.76189756393433, -652274.0, -82862.0)
(620, 154.10693502426147, -652274.0, -82862.0)
(621, 154.46823501586914, -652274.0, -82862.0)
(622, 154.81316781044006, -652274.0, -82862.0)
(623, 155.20518255233765, -652274.0, -82862.0)
(624, 155.57522797584534, -652274.0, -82862.0)
(625, 155.93276143074036, -652274.0, -82862.0)
(626, 156.35287022590637, -652274.0, -82862.0)
(627, 156.78037548065186, -652274.0, -82862.0)
(628, 157.16717267036438, -652274.0, -82862.0)
(629, 157.58025217056274, -652274.0, -82862.0)
(630, 157.98224306106567, -652274.0, -82862.0)
(631, 158.3862965106964, -652274.0, -82862.0)
(632, 158.80157256126404, -652274.0, -82862.0)
(633, 159.3333797454834, -652274.0, -82862.0)
(634, 159.7485511302948, -652274.0, -82862.0)
(635, 160.1519889831543, -652274.0, -82862.0)
(636, 160.55883026123047, -652274.0, -82862.0)
(637, 160.9365954399109, -652274.0, -82862.0)
(638, 161.33413743972778, -652274.0, -82862.0)
(639, 161.85217308998108, -652274.0, -82862.0)
(640, 162.41948676109314, -652274.0, -82862.0)
(641, 162.83659648895264, -652274.0, -82862.0)
(642, 163.21287727355957, -652274.0, -82862.0)
(643, 163.61939811706543, -652274.0, -82862.0)
(644, 164.03387665748596, -652274.0, -82862.0)
(645, 164.449227809906, -652274.0, -82862.0)
(646, 164.85494232177734, -652274.0, -82862.0)
(647, 165.25966835021973, -652274.0, -82862.0)
(648, 165.78293418884277, -652274.0, -82862.0)
(649, 166.17570781707764, -652274.0, -82862.0)
(650, 166.5586802959442, -652274.0, -82862.0)
(651, 166.97298574447632, -652274.0, -82862.0)
(652, 167.38303303718567, -652274.0, -82862.0)
(653, 167.94631552696228, -652274.0, -82862.0)
(654, 168.48957228660583, -652274.0, -82862.0)
(655, 169.06292986869812, -652274.0, -82862.0)
(656, 169.50034761428833, -652274.0, -82862.0)
(657, 169.92226648330688, -652274.0, -82862.0)
(658, 170.48066663742065, -652274.0, -82862.0)
(659, 170.89561128616333, -652274.0, -82862.0)
(660, 171.29474544525146, -652274.0, -82862.0)
(661, 171.66395139694214, -652274.0, -82862.0)
(662, 172.0767662525177, -652274.0, -82862.0)
(663, 172.51036071777344, -652274.0, -82862.0)
(664, 172.88957691192627, -652274.0, -82862.0)
(665, 173.2964608669281, -652274.0, -82862.0)
(666, 173.68982791900635, -652274.0, -82862.0)
(667, 174.10258626937866, -652274.0, -82862.0)
(668, 174.54154014587402, -652274.0, -82862.0)
(669, 174.99077033996582, -652274.0, -82862.0)
(670, 175.44873595237732, -652274.0, -82862.0)
(671, 176.0414547920227, -652274.0, -82862.0)
(672, 176.4891812801361, -652274.0, -82862.0)
(673, 176.9230194091797, -652274.0, -82862.0)
(674, 177.37058758735657, -652274.0, -82862.0)
(675, 177.92830324172974, -652274.0, -82862.0)
(676, 178.5015254020691, -652274.0, -82862.0)
(677, 179.05979418754578, -652274.0, -82862.0)
(678, 179.5254909992218, -652274.0, -82862.0)
(679, 180.0011134147644, -652274.0, -82862.0)
(680, 180.37980723381042, -652274.0, -82862.0)
(681, 180.74570417404175, -652274.0, -82862.0)
(682, 181.1169629096985, -652274.0, -82862.0)
(683, 181.48509669303894, -652274.0, -82862.0)
(684, 181.85130786895752, -652274.0, -82862.0)
(685, 182.20972728729248, -652274.0, -82862.0)
(686, 182.58827090263367, -652274.0, -82862.0)
(687, 182.9486484527588, -652274.0, -82862.0)
(688, 183.29722261428833, -652274.0, -82862.0)
(689, 183.65083694458008, -652274.0, -82862.0)
(690, 183.9797568321228, -652274.0, -82862.0)
(691, 184.32425022125244, -652274.0, -82862.0)
(692, 184.66609048843384, -652274.0, -82862.0)
(693, 185.00983381271362, -652274.0, -82862.0)
(694, 185.3955478668213, -652274.0, -82862.0)
(695, 185.75188517570496, -652274.0, -82862.0)
(696, 186.09265732765198, -652274.0, -82862.0)
(697, 186.45893239974976, -652274.0, -82862.0)
(698, 186.82288479804993, -652274.0, -82862.0)
(699, 187.16662740707397, -652274.0, -82862.0)
(700, 187.56446194648743, -652274.0, -82862.0)
(701, 187.93876791000366, -652274.0, -82862.0)
(702, 188.2832019329071, -652274.0, -82862.0)
(703, 188.65465211868286, -652274.0, -82862.0)
(704, 189.01622772216797, -652274.0, -82862.0)
(705, 189.37149333953857, -652274.0, -82862.0)
(706, 189.73338747024536, -652274.0, -82862.0)
(707, 190.12453937530518, -652274.0, -82862.0)
(708, 190.492573261261, -652274.0, -82862.0)
(709, 190.86933541297913, -652274.0, -82862.0)
(710, 191.22499418258667, -652274.0, -82862.0)
(711, 191.63598561286926, -652274.0, -82862.0)
(712, 192.00574588775635, -652274.0, -82862.0)
(713, 192.38199090957642, -652274.0, -82862.0)
(714, 192.7318353652954, -652274.0, -82862.0)
(715, 193.11603713035583, -652274.0, -82862.0)
(716, 193.50457501411438, -652274.0, -82862.0)
(717, 193.88381123542786, -652274.0, -82862.0)
(718, 194.2832226753235, -652274.0, -82862.0)
(719, 194.7143416404724, -652274.0, -82862.0)
(720, 195.08873105049133, -652274.0, -82862.0)
(721, 195.46389055252075, -652274.0, -82862.0)
(722, 195.84960985183716, -652274.0, -82862.0)
(723, 196.3006341457367, -652274.0, -82862.0)
(724, 196.74774551391602, -652274.0, -82862.0)
(725, 197.09582114219666, -652274.0, -82862.0)
(726, 197.4417269229889, -652274.0, -82862.0)
(727, 197.8005838394165, -652274.0, -82862.0)
(728, 198.17943215370178, -652274.0, -82862.0)
(729, 198.56367111206055, -652274.0, -82862.0)
(730, 198.95517230033875, -652274.0, -82862.0)
(731, 199.31522226333618, -652274.0, -82862.0)
(732, 199.70165824890137, -652274.0, -82862.0)
(733, 200.0799539089203, -652274.0, -82862.0)
(734, 200.48202991485596, -652274.0, -82862.0)
(735, 200.8898766040802, -652274.0, -82862.0)
(736, 201.26997256278992, -652274.0, -82862.0)
(737, 201.655695438385, -652274.0, -82862.0)
(738, 202.0411365032196, -652274.0, -82862.0)
(739, 202.43507194519043, -652274.0, -82862.0)
(740, 202.79967427253723, -652274.0, -82862.0)
(741, 203.16808557510376, -652274.0, -82862.0)
(742, 203.54472875595093, -652274.0, -82862.0)
(743, 203.94558811187744, -652274.0, -82862.0)
(744, 204.33044290542603, -652274.0, -82862.0)
(745, 204.72183752059937, -652274.0, -82862.0)
(746, 205.10147786140442, -652274.0, -82862.0)
(747, 205.45488619804382, -652274.0, -82862.0)
(748, 205.87250518798828, -652274.0, -82862.0)
(749, 206.28519201278687, -652274.0, -82862.0)
(750, 206.67714953422546, -652274.0, -82862.0)
(751, 207.10351133346558, -652274.0, -82862.0)
(752, 207.57084345817566, -652274.0, -82862.0)
(753, 207.99484515190125, -652274.0, -82862.0)
(754, 208.44007563591003, -652274.0, -82862.0)
(755, 208.8552062511444, -652274.0, -82862.0)
(756, 209.25864958763123, -652274.0, -82862.0)
(757, 209.66920590400696, -652274.0, -82862.0)
(758, 210.1064944267273, -652274.0, -82862.0)
(759, 210.50616788864136, -652274.0, -82862.0)
(760, 210.94458055496216, -652274.0, -82862.0)
(761, 211.38650822639465, -652274.0, -82862.0)
(762, 211.84016036987305, -652274.0, -82862.0)
(763, 212.29911398887634, -652274.0, -82862.0)
(764, 212.77058839797974, -652274.0, -82862.0)
(765, 213.2326099872589, -652274.0, -82862.0)
(766, 213.69863939285278, -652274.0, -82862.0)
(767, 214.1777846813202, -652274.0, -82862.0)
(768, 214.66227173805237, -652274.0, -82862.0)
(769, 215.13449096679688, -652274.0, -82862.0)
(770, 215.58856081962585, -652274.0, -82862.0)
(771, 216.0757532119751, -652274.0, -82862.0)
(772, 216.52690982818604, -652274.0, -82862.0)
(773, 217.0102744102478, -652274.0, -82862.0)
(774, 217.498610496521, -652274.0, -82862.0)
(775, 218.1316795349121, -652274.0, -82862.0)
(776, 218.61432337760925, -652274.0, -82862.0)
(777, 219.0780062675476, -652274.0, -82862.0)
(778, 219.57135343551636, -652274.0, -82862.0)
(779, 220.03250908851624, -652274.0, -82862.0)
(780, 220.52748203277588, -652274.0, -82862.0)
(781, 221.01589632034302, -652274.0, -82862.0)
(782, 221.46053171157837, -652274.0, -82862.0)
(783, 221.93959188461304, -652274.0, -82862.0)
(784, 222.45995783805847, -652274.0, -82862.0)
(785, 223.11773872375488, -652274.0, -82862.0)
(786, 223.5857334136963, -652274.0, -82862.0)
(787, 224.02598977088928, -652274.0, -82862.0)
(788, 224.45456337928772, -652274.0, -82862.0)
(789, 224.90581607818604, -652274.0, -82862.0)
(790, 225.35919523239136, -652274.0, -82862.0)
(791, 225.81729936599731, -652274.0, -82862.0)
(792, 226.24773001670837, -652274.0, -82862.0)
(793, 226.72585940361023, -652274.0, -82862.0)
(794, 227.17885303497314, -652274.0, -82862.0)
(795, 227.66024541854858, -652274.0, -82862.0)
(796, 228.1656994819641, -652274.0, -82862.0)
(797, 228.65781092643738, -652274.0, -82862.0)
(798, 229.1616940498352, -652274.0, -82862.0)
(799, 229.64018893241882, -652274.0, -82862.0)
(800, 230.09395098686218, -652274.0, -82862.0)
(801, 230.59123301506042, -652274.0, -82862.0)
(802, 231.09010815620422, -652274.0, -82862.0)
(803, 231.52739548683167, -652274.0, -82862.0)
(804, 232.00847339630127, -652274.0, -82862.0)
(805, 232.5545973777771, -652274.0, -82862.0)
(806, 233.08028650283813, -652274.0, -82862.0)
(807, 233.53469967842102, -652274.0, -82862.0)
(808, 234.0292763710022, -652274.0, -82862.0)
(809, 234.52631902694702, -652274.0, -82862.0)
(810, 235.008686542511, -652274.0, -82862.0)
(811, 235.50233030319214, -652274.0, -82862.0)
(812, 236.00779461860657, -652274.0, -82862.0)
(813, 236.5514838695526, -652274.0, -82862.0)
(814, 237.09811639785767, -652274.0, -82862.0)
(815, 237.77887868881226, -652274.0, -82862.0)
(816, 238.27803421020508, -652274.0, -82862.0)
(817, 238.70296621322632, -652274.0, -82862.0)
(818, 239.13226795196533, -652274.0, -82862.0)
(819, 239.53636288642883, -652274.0, -82862.0)
(820, 239.95377349853516, -652274.0, -82862.0)
(821, 240.3857479095459, -652274.0, -82862.0)
(822, 240.8141450881958, -652274.0, -82862.0)
(823, 241.24006366729736, -652274.0, -82862.0)
(824, 241.66057133674622, -652274.0, -82862.0)
(825, 242.09335112571716, -652274.0, -82862.0)
(826, 242.53201270103455, -652274.0, -82862.0)
(827, 242.91999745368958, -652274.0, -82862.0)
(828, 243.31894063949585, -652274.0, -82862.0)
(829, 243.73030138015747, -652274.0, -82862.0)
(830, 244.15034890174866, -652274.0, -82862.0)
(831, 244.58998560905457, -652274.0, -82862.0)
(832, 245.026757478714, -652274.0, -82862.0)
(833, 245.54754662513733, -652274.0, -82862.0)
(834, 245.99240684509277, -652274.0, -82862.0)
(835, 246.4779176712036, -652274.0, -82862.0)
(836, 247.02401423454285, -652274.0, -82862.0)
(837, 247.53560781478882, -652274.0, -82862.0)
(838, 248.0763611793518, -652274.0, -82862.0)
(839, 248.57959413528442, -652274.0, -82862.0)
(840, 249.06341433525085, -652274.0, -82862.0)
(841, 249.5935935974121, -652274.0, -82862.0)
(842, 250.10524439811707, -652274.0, -82862.0)
(843, 250.57456851005554, -652274.0, -82862.0)
(844, 251.086083650589, -652274.0, -82862.0)
(845, 251.6178321838379, -652274.0, -82862.0)
(846, 252.15069317817688, -652274.0, -82862.0)
(847, 252.63580870628357, -652274.0, -82862.0)
(848, 253.1591432094574, -652274.0, -82862.0)
(849, 253.63376998901367, -652274.0, -82862.0)
(850, 254.13807272911072, -652274.0, -82862.0)
(851, 254.65520000457764, -652274.0, -82862.0)
(852, 255.2085087299347, -652274.0, -82862.0)
(853, 255.88845682144165, -652274.0, -82862.0)
(854, 256.40345907211304, -652274.0, -82862.0)
(855, 256.93064880371094, -652274.0, -82862.0)
(856, 257.46894121170044, -652274.0, -82862.0)
(857, 257.9632999897003, -652274.0, -82862.0)
(858, 258.4795229434967, -652274.0, -82862.0)
(859, 259.00435757637024, -652274.0, -82862.0)
(860, 259.53915333747864, -652274.0, -82862.0)
(861, 260.05512976646423, -652274.0, -82862.0)
(862, 260.59812784194946, -652274.0, -82862.0)
(863, 261.1120915412903, -652274.0, -82862.0)
(864, 261.63933205604553, -652274.0, -82862.0)
(865, 262.3713366985321, -652274.0, -82862.0)
(866, 262.92659187316895, -652274.0, -82862.0)
(867, 263.45722937583923, -652274.0, -82862.0)
(868, 264.02219915390015, -652274.0, -82862.0)
(869, 264.56922602653503, -652274.0, -82862.0)
(870, 265.1248359680176, -652274.0, -82862.0)
(871, 265.6500561237335, -652274.0, -82862.0)
(872, 266.1627357006073, -652274.0, -82862.0)
(873, 266.8579590320587, -652274.0, -82862.0)
(874, 267.6311774253845, -652274.0, -82862.0)
(875, 268.16971373558044, -652274.0, -82862.0)
(876, 268.618488073349, -652274.0, -82862.0)
(877, 269.0606610774994, -652274.0, -82862.0)
(878, 269.49876403808594, -652274.0, -82862.0)
(879, 269.8975694179535, -652274.0, -82862.0)
(880, 270.3204393386841, -652274.0, -82862.0)
(881, 270.77083253860474, -652274.0, -82862.0)
(882, 271.17905926704407, -652274.0, -82862.0)
(883, 271.646799325943, -652274.0, -82862.0)
(884, 272.0613205432892, -652274.0, -82862.0)
(885, 272.50944685935974, -652274.0, -82862.0)
(886, 272.92315316200256, -652274.0, -82862.0)
(887, 273.3521480560303, -652274.0, -82862.0)
(888, 273.7995376586914, -652274.0, -82862.0)
(889, 274.2466516494751, -652274.0, -82862.0)
(890, 274.6924030780792, -652274.0, -82862.0)
(891, 275.1328911781311, -652274.0, -82862.0)
(892, 275.5606441497803, -652274.0, -82862.0)
(893, 275.9852693080902, -652274.0, -82862.0)
(894, 276.420446395874, -652274.0, -82862.0)
(895, 276.85335183143616, -652274.0, -82862.0)
(896, 277.3022222518921, -652274.0, -82862.0)
(897, 277.7326822280884, -652274.0, -82862.0)
(898, 278.22318983078003, -652274.0, -82862.0)
(899, 278.7168152332306, -652274.0, -82862.0)
(900, 279.18316078186035, -652274.0, -82862.0)
(901, 279.67926502227783, -652274.0, -82862.0)
(902, 280.13372564315796, -652274.0, -82862.0)
(903, 280.60397720336914, -652274.0, -82862.0)
(904, 281.10549879074097, -652274.0, -82862.0)
(905, 281.65679359436035, -652274.0, -82862.0)
(906, 282.17775774002075, -652274.0, -82862.0)
(907, 282.6688995361328, -652274.0, -82862.0)
(908, 283.1671578884125, -652274.0, -82862.0)
(909, 283.69530272483826, -652274.0, -82862.0)
(910, 284.17699670791626, -652274.0, -82862.0)
(911, 284.7120773792267, -652274.0, -82862.0)
(912, 285.23869609832764, -652274.0, -82862.0)
(913, 285.828640460968, -652274.0, -82862.0)
(914, 286.3814151287079, -652274.0, -82862.0)
(915, 286.95095467567444, -652274.0, -82862.0)
(916, 287.50196504592896, -652274.0, -82862.0)
(917, 288.02943563461304, -652274.0, -82862.0)
(918, 288.55919098854065, -652274.0, -82862.0)
(919, 289.063853263855, -652274.0, -82862.0)
(920, 289.5801215171814, -652274.0, -82862.0)
(921, 290.0898241996765, -652274.0, -82862.0)
(922, 290.56028723716736, -652274.0, -82862.0)
(923, 291.041939496994, -652274.0, -82862.0)
(924, 291.5017807483673, -652274.0, -82862.0)
(925, 291.98077178001404, -652274.0, -82862.0)
(926, 292.474401473999, -652274.0, -82862.0)
(927, 292.9762179851532, -652274.0, -82862.0)
(928, 293.4886837005615, -652274.0, -82862.0)
(929, 293.96299028396606, -652274.0, -82862.0)
(930, 294.44499945640564, -652274.0, -82862.0)
(931, 294.9175808429718, -652274.0, -82862.0)
(932, 295.4253032207489, -652274.0, -82862.0)
(933, 295.9373815059662, -652274.0, -82862.0)
(934, 296.47058296203613, -652274.0, -82862.0)
(935, 297.03546357154846, -652274.0, -82862.0)
(936, 297.6490225791931, -652274.0, -82862.0)
(937, 298.24591064453125, -652274.0, -82862.0)
(938, 299.03291392326355, -652274.0, -82862.0)
(939, 299.5881028175354, -652274.0, -82862.0)
(940, 300.0708692073822, -652274.0, -82862.0)
(941, 300.62267875671387, -652274.0, -82862.0)
(942, 301.1394507884979, -652274.0, -82862.0)
(943, 301.62646889686584, -652274.0, -82862.0)
(944, 302.1451802253723, -652274.0, -82862.0)
(945, 302.6859886646271, -652274.0, -82862.0)
(946, 303.1927213668823, -652274.0, -82862.0)
(947, 303.65474104881287, -652274.0, -82862.0)
(948, 304.1846573352814, -652274.0, -82862.0)
(949, 304.705358505249, -652274.0, -82862.0)
(950, 305.3071253299713, -652274.0, -82862.0)
(951, 305.88598012924194, -652274.0, -82862.0)
(952, 306.4748680591583, -652274.0, -82862.0)
(953, 307.09915804862976, -652274.0, -82862.0)
(954, 307.61444211006165, -652274.0, -82862.0)
(955, 308.1595151424408, -652274.0, -82862.0)
(956, 308.66923117637634, -652274.0, -82862.0)
(957, 309.19658160209656, -652274.0, -82862.0)
(958, 309.73908710479736, -652274.0, -82862.0)
(959, 310.333957195282, -652274.0, -82862.0)
(960, 310.92123198509216, -652274.0, -82862.0)
(961, 311.7285509109497, -652274.0, -82862.0)
(962, 312.32475113868713, -652274.0, -82862.0)
(963, 312.9039144515991, -652274.0, -82862.0)
(964, 313.49654245376587, -652274.0, -82862.0)
(965, 314.07240533828735, -652274.0, -82862.0)
(966, 314.6144142150879, -652274.0, -82862.0)
(967, 315.1824028491974, -652274.0, -82862.0)
(968, 315.7986228466034, -652274.0, -82862.0)
(969, 316.5907642841339, -652274.0, -82862.0)
(970, 317.36989068984985, -652274.0, -82862.0)
(971, 317.9917845726013, -652274.0, -82862.0)
(972, 318.8090558052063, -652274.0, -82862.0)
(973, 319.4245367050171, -652274.0, -82862.0)
(974, 320.0180468559265, -652274.0, -82862.0)
(975, 320.7942588329315, -652274.0, -82862.0)
(976, 321.39514112472534, -652274.0, -82862.0)
(977, 321.9948236942291, -652274.0, -82862.0)
(978, 322.54413294792175, -652274.0, -82862.0)
(979, 323.1149830818176, -652274.0, -82862.0)
(980, 323.73027777671814, -652274.0, -82862.0)
(981, 324.37422037124634, -652274.0, -82862.0)
(982, 325.0135955810547, -652274.0, -82862.0)
(983, 325.492568731308, -652274.0, -82862.0)
(984, 325.95264530181885, -652274.0, -82862.0)
(985, 326.733181476593, -652274.0, -82862.0)
(986, 327.3282823562622, -652274.0, -82862.0)
(987, 328.14340233802795, -652274.0, -82862.0)
(988, 328.716224193573, -652274.0, -82862.0)
(989, 329.3215250968933, -652274.0, -82862.0)
(990, 329.8889503479004, -652274.0, -82862.0)
(991, 330.4370141029358, -652274.0, -82862.0)
(992, 330.98256397247314, -652274.0, -82862.0)
(993, 331.4922306537628, -652274.0, -82862.0)
(994, 332.05051136016846, -652274.0, -82862.0)
(995, 332.6295189857483, -652274.0, -82862.0)
(996, 333.19968724250793, -652274.0, -82862.0)
(997, 333.816682100296, -652274.0, -82862.0)
(998, 334.42069029808044, -652274.0, -82862.0)
(999, 335.00853657722473, -652274.0, -82862.0)
(1000, 335.64345717430115, -652274.0, -82862.0)
