(1, 0.0838618278503418, -421660.0, -59362.0)
(2, 0.1713418960571289, -330945.42400292726, -59362.0)
(3, 0.27284789085388184, -307763.71732650767, -59362.0)
(4, 0.3877904415130615, -277973.3403851427, -59362.0)
(5, 0.508408784866333, -247272.5951734914, -59362.0)
(6, 0.6409687995910645, -193092.88535002014, -59362.0)
(7, 0.776646614074707, -148554.29198537394, -59362.0)
(8, 0.9358987808227539, -127181.01752501463, -59362.0)
(9, 1.0892219543457031, -127181.01752501463, -59362.0)
(10, 1.3116569519042969, -91670.87128015942, -68203.66316195032)
(11, 1.5518662929534912, -78279.87192465428, -68228.58064750461)
(12, 1.8536312580108643, -73288.920598957, -68243.43396566508)
(13, 2.208967924118042, -72687.10225037299, -68316.1151588547)
(14, 2.6157069206237793, -71265.48921190177, -68328.32002651725)
(15, 3.0679140090942383, -70269.54625097034, -68349.85901934005)
(16, 3.6000216007232666, -69987.68470354064, -68416.3720489612)
(17, 4.177399396896362, -69268.69759295249, -68433.40057861588)
(18, 4.862499952316284, -69144.10776729751, -68453.08970911893)
(19, 5.6471168994903564, -68747.85062303788, -68476.56102078441)
(20, 6.582183837890625, -68670.2501931114, -68483.82148396062)
(21, 7.471150159835815, -68546.83668075653, -68493.9451754385)
(22, 8.451175689697266, -68509.81262703927, -68493.94517543862)
(23, 9.42896556854248, -68498.70541093119, -68493.94517543865)
(24, 10.44319772720337, -68495.37324608646, -68493.94517543855)
(25, 11.489440441131592, -68494.37359663309, -68493.94517543861)
(26, 12.597361326217651, -68494.07370179483, -68493.94517543858)
(27, 13.659677982330322, -68493.98373334535, -68493.94517543865)
(28, 14.659373760223389, -68493.9567428104, -68493.94517543845)
