(1, 0.23508310317993164, -291680.0, -89709.0)
(2, 0.40158796310424805, -291680.0, -89709.0)
(3, 0.571664571762085, -291680.0, -89709.0)
(4, 0.7532846927642822, -291680.0, -89709.0)
(5, 0.9335472583770752, -291680.0, -89709.0)
(6, 1.1169891357421875, -291680.0, -89709.0)
(7, 1.2928533554077148, -291680.0, -89709.0)
(8, 1.4632606506347656, -291680.0, -89709.0)
(9, 1.6503145694732666, -291680.0, -89709.0)
(10, 1.8356781005859375, -291680.0, -89709.0)
(11, 2.0117270946502686, -291680.0, -89709.0)
(12, 2.193725347518921, -291680.0, -89709.0)
(13, 2.3760008811950684, -291680.0, -89709.0)
(14, 2.557448387145996, -291680.0, -89709.0)
(15, 2.73844313621521, -291680.0, -89709.0)
(16, 2.9240758419036865, -291680.0, -89709.0)
(17, 3.1119048595428467, -291680.0, -89709.0)
(18, 3.3090579509735107, -291680.0, -89709.0)
(19, 3.479142904281616, -291680.0, -89709.0)
(20, 3.66340970993042, -291680.0, -89709.0)
(21, 3.8491291999816895, -291680.0, -89709.0)
(22, 4.037751197814941, -291680.0, -89709.0)
(23, 4.23158073425293, -291680.0, -89709.0)
(24, 4.421576738357544, -291680.0, -89709.0)
(25, 4.610992193222046, -291680.0, -89709.0)
(26, 4.8101043701171875, -291680.0, -89709.0)
(27, 4.9956583976745605, -291680.0, -89709.0)
(28, 5.172998428344727, -291680.0, -89709.0)
(29, 5.358351469039917, -291680.0, -89709.0)
(30, 5.559559106826782, -291680.0, -89709.0)
(31, 5.749350070953369, -291680.0, -89709.0)
(32, 5.938454627990723, -291680.0, -89709.0)
(33, 6.143230676651001, -291680.0, -89709.0)
(34, 6.329917907714844, -291680.0, -89709.0)
(35, 6.513341426849365, -291680.0, -89709.0)
(36, 6.700559854507446, -291680.0, -89709.0)
(37, 6.8954102993011475, -291680.0, -89709.0)
(38, 7.087212324142456, -291680.0, -89709.0)
(39, 7.266571044921875, -291680.0, -89709.0)
(40, 7.450883150100708, -291680.0, -89709.0)
(41, 7.613638877868652, -291680.0, -89709.0)
(42, 7.799304008483887, -291680.0, -89709.0)
(43, 7.985194206237793, -291680.0, -89709.0)
(44, 8.169156789779663, -291680.0, -89709.0)
(45, 8.352604627609253, -291680.0, -89709.0)
(46, 8.531041860580444, -291680.0, -89709.0)
(47, 8.710564613342285, -291680.0, -89709.0)
(48, 8.898648738861084, -291680.0, -89709.0)
(49, 9.08369517326355, -291680.0, -89709.0)
(50, 9.265194416046143, -291680.0, -89709.0)
(51, 9.439489841461182, -291680.0, -89709.0)
(52, 9.617108583450317, -291680.0, -89709.0)
(53, 9.80398416519165, -291680.0, -89709.0)
(54, 9.99660062789917, -291680.0, -89709.0)
(55, 10.183780193328857, -291680.0, -89709.0)
(56, 10.375587224960327, -291680.0, -89709.0)
(57, 10.56520128250122, -291680.0, -89709.0)
(58, 10.756036758422852, -291680.0, -89709.0)
(59, 10.94655728340149, -291680.0, -89709.0)
(60, 11.137815952301025, -291680.0, -89709.0)
(61, 11.318597793579102, -291680.0, -89709.0)
(62, 11.511635541915894, -291680.0, -89709.0)
(63, 11.692647218704224, -291680.0, -89709.0)
(64, 11.876478433609009, -291680.0, -89709.0)
(65, 12.06571912765503, -291680.0, -89709.0)
(66, 12.250985145568848, -291680.0, -89709.0)
(67, 12.442804098129272, -291680.0, -89709.0)
(68, 12.629013538360596, -291680.0, -89709.0)
(69, 12.828439950942993, -291680.0, -89709.0)
(70, 13.026321649551392, -291680.0, -89709.0)
(71, 13.21373200416565, -291680.0, -89709.0)
(72, 13.39647364616394, -291680.0, -89709.0)
(73, 13.575092077255249, -291680.0, -89709.0)
(74, 13.762070894241333, -291680.0, -89709.0)
(75, 13.957866668701172, -291680.0, -89709.0)
(76, 14.14863920211792, -291680.0, -89709.0)
(77, 14.324130773544312, -291680.0, -89709.0)
(78, 14.562420129776001, -291680.0, -89709.0)
(79, 14.781389713287354, -291680.0, -89709.0)
(80, 15.009476900100708, -291680.0, -89709.0)
(81, 15.219200134277344, -291680.0, -89709.0)
(82, 15.412887334823608, -291680.0, -89709.0)
(83, 15.61359190940857, -291680.0, -89709.0)
(84, 15.818272113800049, -291680.0, -89709.0)
(85, 16.011580228805542, -291680.0, -89709.0)
(86, 16.215842962265015, -291680.0, -89709.0)
(87, 16.411306142807007, -291680.0, -89709.0)
(88, 16.605106353759766, -291680.0, -89709.0)
(89, 16.79629373550415, -291680.0, -89709.0)
(90, 16.98778986930847, -291680.0, -89709.0)
(91, 17.181052207946777, -291680.0, -89709.0)
(92, 17.36639428138733, -291680.0, -89709.0)
(93, 17.556255340576172, -291680.0, -89709.0)
(94, 17.75878095626831, -291680.0, -89709.0)
(95, 17.957855463027954, -291680.0, -89709.0)
(96, 18.169941425323486, -291680.0, -89709.0)
(97, 18.39473843574524, -291680.0, -89709.0)
(98, 18.610832929611206, -291680.0, -89709.0)
(99, 18.830148458480835, -291680.0, -89709.0)
(100, 19.02300000190735, -291680.0, -89709.0)
(101, 19.227086544036865, -291680.0, -89709.0)
(102, 19.426748275756836, -291680.0, -89709.0)
(103, 19.60852336883545, -291680.0, -89709.0)
(104, 19.791654348373413, -291680.0, -89709.0)
(105, 19.987853288650513, -291680.0, -89709.0)
(106, 20.18451499938965, -291680.0, -89709.0)
(107, 20.37031364440918, -291680.0, -89709.0)
(108, 20.566073179244995, -291680.0, -89709.0)
(109, 20.77260398864746, -291680.0, -89709.0)
(110, 20.962650537490845, -291680.0, -89709.0)
(111, 21.152815341949463, -291680.0, -89709.0)
(112, 21.343371629714966, -291680.0, -89709.0)
(113, 21.53377604484558, -291680.0, -89709.0)
(114, 21.71247911453247, -291680.0, -89709.0)
(115, 21.894871711730957, -291680.0, -89709.0)
(116, 22.09873914718628, -291680.0, -89709.0)
(117, 22.292843341827393, -291680.0, -89709.0)
(118, 22.488802433013916, -291680.0, -89709.0)
(119, 22.681227922439575, -291680.0, -89709.0)
(120, 22.88141894340515, -291680.0, -89709.0)
(121, 23.078571557998657, -291680.0, -89709.0)
(122, 23.262272357940674, -291680.0, -89709.0)
(123, 23.473878622055054, -291680.0, -89709.0)
(124, 23.666667938232422, -291680.0, -89709.0)
(125, 23.885756254196167, -291680.0, -89709.0)
(126, 24.092559814453125, -291680.0, -89709.0)
(127, 24.282719612121582, -291680.0, -89709.0)
(128, 24.48450541496277, -291680.0, -89709.0)
(129, 24.687959909439087, -291680.0, -89709.0)
(130, 24.889344453811646, -291680.0, -89709.0)
(131, 25.088233709335327, -291680.0, -89709.0)
(132, 25.281246423721313, -291680.0, -89709.0)
(133, 25.47340726852417, -291680.0, -89709.0)
(134, 25.680655479431152, -291680.0, -89709.0)
(135, 25.87424087524414, -291680.0, -89709.0)
(136, 26.0804123878479, -291680.0, -89709.0)
(137, 26.283270359039307, -291680.0, -89709.0)
(138, 26.487842559814453, -291680.0, -89709.0)
(139, 26.688963413238525, -291680.0, -89709.0)
(140, 26.875221729278564, -291680.0, -89709.0)
(141, 27.065661191940308, -291680.0, -89709.0)
(142, 27.25540852546692, -291680.0, -89709.0)
(143, 27.45009970664978, -291680.0, -89709.0)
(144, 27.65070605278015, -291680.0, -89709.0)
(145, 27.849601984024048, -291680.0, -89709.0)
(146, 28.049363374710083, -291680.0, -89709.0)
(147, 28.251254081726074, -291680.0, -89709.0)
(148, 28.427666902542114, -291680.0, -89709.0)
(149, 28.62268352508545, -291680.0, -89709.0)
(150, 28.813127279281616, -291680.0, -89709.0)
(151, 29.014602661132812, -291680.0, -89709.0)
(152, 29.21030902862549, -291680.0, -89709.0)
(153, 29.41204524040222, -291680.0, -89709.0)
(154, 29.609557390213013, -291680.0, -89709.0)
(155, 29.81211280822754, -291680.0, -89709.0)
(156, 30.024702072143555, -291680.0, -89709.0)
(157, 30.23128342628479, -291680.0, -89709.0)
(158, 30.454204559326172, -291680.0, -89709.0)
(159, 30.669438362121582, -291680.0, -89709.0)
(160, 30.877579927444458, -291680.0, -89709.0)
(161, 31.077226638793945, -291680.0, -89709.0)
(162, 31.27090358734131, -291680.0, -89709.0)
(163, 31.46659827232361, -291680.0, -89709.0)
(164, 31.655014038085938, -291680.0, -89709.0)
(165, 31.85141611099243, -291680.0, -89709.0)
(166, 32.05028414726257, -291680.0, -89709.0)
(167, 32.24374055862427, -291680.0, -89709.0)
(168, 32.43098306655884, -291680.0, -89709.0)
(169, 32.62225341796875, -291680.0, -89709.0)
(170, 32.826035022735596, -291680.0, -89709.0)
(171, 33.028974533081055, -291680.0, -89709.0)
(172, 33.2214469909668, -291680.0, -89709.0)
(173, 33.42649507522583, -291680.0, -89709.0)
(174, 33.631022691726685, -291680.0, -89709.0)
(175, 33.842437982559204, -291680.0, -89709.0)
(176, 34.04772400856018, -291680.0, -89709.0)
(177, 34.265089988708496, -291680.0, -89709.0)
(178, 34.48315167427063, -291680.0, -89709.0)
(179, 34.71547174453735, -291680.0, -89709.0)
(180, 34.937556982040405, -291680.0, -89709.0)
(181, 35.156585454940796, -291680.0, -89709.0)
(182, 35.34844160079956, -291680.0, -89709.0)
(183, 35.54630756378174, -291680.0, -89709.0)
(184, 35.764869689941406, -291680.0, -89709.0)
(185, 35.96037435531616, -291680.0, -89709.0)
(186, 36.181079149246216, -291680.0, -89709.0)
(187, 36.40250825881958, -291680.0, -89709.0)
(188, 36.60984230041504, -291680.0, -89709.0)
(189, 36.81065893173218, -291680.0, -89709.0)
(190, 37.01399111747742, -291680.0, -89709.0)
(191, 37.21352410316467, -291680.0, -89709.0)
(192, 37.42064595222473, -291680.0, -89709.0)
(193, 37.64529991149902, -291680.0, -89709.0)
(194, 37.865583658218384, -291680.0, -89709.0)
(195, 38.078012228012085, -291680.0, -89709.0)
(196, 38.309940576553345, -291680.0, -89709.0)
(197, 38.51439881324768, -291680.0, -89709.0)
(198, 38.735939502716064, -291680.0, -89709.0)
(199, 38.96275568008423, -291680.0, -89709.0)
(200, 39.166173219680786, -291680.0, -89709.0)
(201, 39.3904173374176, -291680.0, -89709.0)
(202, 39.596556186676025, -291680.0, -89709.0)
(203, 39.81091284751892, -291680.0, -89709.0)
(204, 40.01693868637085, -291680.0, -89709.0)
(205, 40.22832441329956, -291680.0, -89709.0)
(206, 40.43830394744873, -291680.0, -89709.0)
(207, 40.65164542198181, -291680.0, -89709.0)
(208, 40.84875798225403, -291680.0, -89709.0)
(209, 41.056087493896484, -291680.0, -89709.0)
(210, 41.25695562362671, -291680.0, -89709.0)
(211, 41.461905002593994, -291680.0, -89709.0)
(212, 41.659260511398315, -291680.0, -89709.0)
(213, 41.86162066459656, -291680.0, -89709.0)
(214, 42.06561875343323, -291680.0, -89709.0)
(215, 42.26730012893677, -291680.0, -89709.0)
(216, 42.46070694923401, -291680.0, -89709.0)
(217, 42.66787934303284, -291680.0, -89709.0)
(218, 42.867449045181274, -291680.0, -89709.0)
(219, 43.060473680496216, -291680.0, -89709.0)
(220, 43.26068568229675, -291680.0, -89709.0)
(221, 43.480915546417236, -291680.0, -89709.0)
(222, 43.68699049949646, -291680.0, -89709.0)
(223, 43.88750720024109, -291680.0, -89709.0)
(224, 44.106828927993774, -291680.0, -89709.0)
(225, 44.32510232925415, -291680.0, -89709.0)
(226, 44.52872443199158, -291680.0, -89709.0)
(227, 44.74722647666931, -291680.0, -89709.0)
(228, 44.963184118270874, -291680.0, -89709.0)
(229, 45.17107605934143, -291680.0, -89709.0)
(230, 45.38430857658386, -291680.0, -89709.0)
(231, 45.59868550300598, -291680.0, -89709.0)
(232, 45.81570029258728, -291680.0, -89709.0)
(233, 46.035096406936646, -291680.0, -89709.0)
(234, 46.23969888687134, -291680.0, -89709.0)
(235, 46.44339466094971, -291680.0, -89709.0)
(236, 46.670581102371216, -291680.0, -89709.0)
(237, 46.87193775177002, -291680.0, -89709.0)
(238, 47.079833030700684, -291680.0, -89709.0)
(239, 47.28589725494385, -291680.0, -89709.0)
(240, 47.49170804023743, -291680.0, -89709.0)
(241, 47.69138717651367, -291680.0, -89709.0)
(242, 47.90867280960083, -291680.0, -89709.0)
(243, 48.13926124572754, -291680.0, -89709.0)
(244, 48.35035681724548, -291680.0, -89709.0)
(245, 48.56768536567688, -291680.0, -89709.0)
(246, 48.78814911842346, -291680.0, -89709.0)
(247, 49.018293380737305, -291680.0, -89709.0)
(248, 49.256248235702515, -291680.0, -89709.0)
(249, 49.50306010246277, -291680.0, -89709.0)
(250, 49.760879039764404, -291680.0, -89709.0)
(251, 49.986825704574585, -291680.0, -89709.0)
(252, 50.21801209449768, -291680.0, -89709.0)
(253, 50.489837884902954, -291680.0, -89709.0)
(254, 50.72370886802673, -291680.0, -89709.0)
(255, 50.96269917488098, -291680.0, -89709.0)
(256, 51.20579719543457, -291680.0, -89709.0)
(257, 51.436901569366455, -291680.0, -89709.0)
(258, 51.67187857627869, -291680.0, -89709.0)
(259, 51.88213896751404, -291680.0, -89709.0)
(260, 52.10302758216858, -291680.0, -89709.0)
(261, 52.31246781349182, -291680.0, -89709.0)
(262, 52.541378021240234, -291680.0, -89709.0)
(263, 52.77195620536804, -291680.0, -89709.0)
(264, 53.013816356658936, -291680.0, -89709.0)
(265, 53.24876046180725, -291680.0, -89709.0)
(266, 53.484803438186646, -291680.0, -89709.0)
(267, 53.74876618385315, -291680.0, -89709.0)
(268, 54.030102491378784, -291680.0, -89709.0)
(269, 54.3111093044281, -291680.0, -89709.0)
(270, 54.55615496635437, -291680.0, -89709.0)
(271, 54.82391667366028, -291680.0, -89709.0)
(272, 55.04566693305969, -291680.0, -89709.0)
(273, 55.329856872558594, -291680.0, -89709.0)
(274, 55.58085775375366, -291680.0, -89709.0)
(275, 55.81918549537659, -291680.0, -89709.0)
(276, 56.06734800338745, -291680.0, -89709.0)
(277, 56.29245042800903, -291680.0, -89709.0)
(278, 56.51231360435486, -291680.0, -89709.0)
(279, 56.738131046295166, -291680.0, -89709.0)
(280, 56.96296572685242, -291680.0, -89709.0)
(281, 57.17199206352234, -291680.0, -89709.0)
(282, 57.38492131233215, -291680.0, -89709.0)
(283, 57.57637977600098, -291680.0, -89709.0)
(284, 57.822006702423096, -291680.0, -89709.0)
(285, 58.06012463569641, -291680.0, -89709.0)
(286, 58.2995502948761, -291680.0, -89709.0)
(287, 58.52306032180786, -291680.0, -89709.0)
(288, 58.769991636276245, -291680.0, -89709.0)
(289, 58.98268175125122, -288693.4150488069, -89709.0)
(290, 59.197221517562866, -288693.4150488069, -89709.0)
(291, 59.44384813308716, -288693.4150488069, -89709.0)
(292, 59.683345317840576, -288693.4150488069, -89709.0)
(293, 59.904547691345215, -288693.4150488069, -89709.0)
(294, 60.118645668029785, -288693.4150488069, -89709.0)
(295, 60.33239412307739, -288693.4150488069, -89709.0)
(296, 60.548996448516846, -288693.4150488069, -89709.0)
(297, 60.753724336624146, -288693.4150488069, -89709.0)
(298, 60.95755457878113, -288693.4150488069, -89709.0)
(299, 61.16870594024658, -288693.4150488069, -89709.0)
(300, 61.37139916419983, -288693.4150488069, -89709.0)
(301, 61.58580470085144, -288693.4150488069, -89709.0)
(302, 61.80458426475525, -288693.4150488069, -89709.0)
(303, 62.03263831138611, -288693.4150488069, -89709.0)
(304, 62.23799753189087, -288693.4150488069, -89709.0)
(305, 62.45410370826721, -288693.4150488069, -89709.0)
(306, 62.661996364593506, -288693.4150488069, -89709.0)
(307, 62.86505913734436, -288693.4150488069, -89709.0)
(308, 63.077324628829956, -288693.4150488069, -89709.0)
(309, 63.31041479110718, -288693.4150488069, -89709.0)
(310, 63.52577519416809, -288693.4150488069, -89709.0)
(311, 63.73382520675659, -288693.4150488069, -89709.0)
(312, 63.94504261016846, -288693.4150488069, -89709.0)
(313, 64.14420199394226, -288693.4150488069, -89709.0)
(314, 64.35374045372009, -288693.4150488069, -89709.0)
(315, 64.56491351127625, -288693.4150488069, -89709.0)
(316, 64.76813960075378, -288693.4150488069, -89709.0)
(317, 64.97291922569275, -288693.4150488069, -89709.0)
(318, 65.20187711715698, -288693.4150488069, -89709.0)
(319, 65.41010069847107, -288693.4150488069, -89709.0)
(320, 65.62531971931458, -288693.4150488069, -89709.0)
(321, 65.83579182624817, -288693.4150488069, -89709.0)
(322, 66.04942345619202, -288693.4150488069, -89709.0)
(323, 66.2380633354187, -288693.4150488069, -89709.0)
(324, 66.45872378349304, -288693.4150488069, -89709.0)
(325, 66.68506717681885, -288693.4150488069, -89709.0)
(326, 66.90175175666809, -288693.4150488069, -89709.0)
(327, 67.1321587562561, -288693.4150488069, -89709.0)
(328, 67.36325001716614, -288693.4150488069, -89709.0)
(329, 67.60470604896545, -288693.4150488069, -89709.0)
(330, 67.84513306617737, -288693.4150488069, -89709.0)
(331, 68.10191059112549, -288693.4150488069, -89709.0)
(332, 68.33491086959839, -288693.4150488069, -89709.0)
(333, 68.55959796905518, -288693.4150488069, -89709.0)
(334, 68.76814866065979, -288693.4150488069, -89709.0)
(335, 69.00352239608765, -288693.4150488069, -89709.0)
(336, 69.20905685424805, -288693.4150488069, -89709.0)
(337, 69.4250876903534, -288693.4150488069, -89709.0)
(338, 69.64283800125122, -288693.4150488069, -89709.0)
(339, 69.84826683998108, -288693.4150488069, -89709.0)
(340, 70.0603621006012, -288693.4150488069, -89709.0)
(341, 70.29007053375244, -288693.4150488069, -89709.0)
(342, 70.51548719406128, -288693.4150488069, -89709.0)
(343, 70.73215961456299, -288693.4150488069, -89709.0)
(344, 70.95404028892517, -288693.4150488069, -89709.0)
(345, 71.16640114784241, -288693.4150488069, -89709.0)
(346, 71.38393187522888, -288693.4150488069, -89709.0)
(347, 71.58840942382812, -288693.4150488069, -89709.0)
(348, 71.81567525863647, -288693.4150488069, -89709.0)
(349, 72.03369188308716, -288693.4150488069, -89709.0)
(350, 72.26472115516663, -288693.4150488069, -89709.0)
(351, 72.48032021522522, -288693.4150488069, -89709.0)
(352, 72.71098971366882, -288693.4150488069, -89709.0)
(353, 72.93707537651062, -288693.4150488069, -89709.0)
(354, 73.16317367553711, -288693.4150488069, -89709.0)
(355, 73.3865978717804, -288693.4150488069, -89709.0)
(356, 73.6293113231659, -288693.4150488069, -89709.0)
(357, 73.86331963539124, -288693.4150488069, -89709.0)
(358, 74.08622336387634, -288693.4150488069, -89709.0)
(359, 74.32687282562256, -288693.4150488069, -89709.0)
(360, 74.57030177116394, -288693.4150488069, -89709.0)
(361, 74.80432915687561, -288693.4150488069, -89709.0)
(362, 75.09063792228699, -288693.4150488069, -89709.0)
(363, 75.35367512702942, -288693.4150488069, -89709.0)
(364, 75.66412138938904, -288693.4150488069, -89709.0)
(365, 75.91176390647888, -288693.4150488069, -89709.0)
(366, 76.19389653205872, -288693.4150488069, -89709.0)
(367, 76.42183899879456, -288693.4150488069, -89709.0)
(368, 76.65848994255066, -288693.4150488069, -89709.0)
(369, 76.88507580757141, -288693.4150488069, -89709.0)
(370, 77.11267805099487, -288693.4150488069, -89709.0)
(371, 77.33256721496582, -288693.4150488069, -89709.0)
(372, 77.55052208900452, -288693.4150488069, -89709.0)
(373, 77.78020143508911, -288693.4150488069, -89709.0)
(374, 78.00540041923523, -288693.4150488069, -89709.0)
(375, 78.2447407245636, -288693.4150488069, -89709.0)
(376, 78.4820146560669, -288693.4150488069, -89709.0)
(377, 78.71622109413147, -288693.4150488069, -89709.0)
(378, 78.95188689231873, -288693.4150488069, -89709.0)
(379, 79.18966603279114, -288693.4150488069, -89709.0)
(380, 79.43257522583008, -288693.4150488069, -89709.0)
(381, 79.6581826210022, -288693.4150488069, -89709.0)
(382, 79.89002466201782, -288693.4150488069, -89709.0)
(383, 80.14139246940613, -288693.4150488069, -89709.0)
(384, 80.3790922164917, -288693.4150488069, -89709.0)
(385, 80.61046743392944, -288693.4150488069, -89709.0)
(386, 80.8450939655304, -288693.4150488069, -89709.0)
(387, 81.09856939315796, -288693.4150488069, -89709.0)
(388, 81.31045985221863, -288693.4150488069, -89709.0)
(389, 81.55132412910461, -288693.4150488069, -89709.0)
(390, 81.77250123023987, -288693.4150488069, -89709.0)
(391, 82.0059335231781, -288693.4150488069, -89709.0)
(392, 82.2302577495575, -288693.4150488069, -89709.0)
(393, 82.44855618476868, -288693.4150488069, -89709.0)
(394, 82.69768571853638, -288693.4150488069, -89709.0)
(395, 82.94899463653564, -288693.4150488069, -89709.0)
(396, 83.21288466453552, -288693.4150488069, -89709.0)
(397, 83.46110653877258, -288693.4150488069, -89709.0)
(398, 83.70872950553894, -288693.4150488069, -89709.0)
(399, 83.99667644500732, -288693.4150488069, -89709.0)
(400, 84.27276372909546, -288693.4150488069, -89709.0)
(401, 84.55494499206543, -288693.4150488069, -89709.0)
(402, 84.82450222969055, -288693.4150488069, -89709.0)
(403, 85.10432457923889, -288693.4150488069, -89709.0)
(404, 85.35955142974854, -288693.4150488069, -89709.0)
(405, 85.61543679237366, -288693.4150488069, -89709.0)
(406, 85.86934638023376, -288693.4150488069, -89709.0)
(407, 86.11300015449524, -288693.4150488069, -89709.0)
(408, 86.36633086204529, -288693.4150488069, -89709.0)
(409, 86.61434650421143, -288693.4150488069, -89709.0)
(410, 86.87855911254883, -288693.4150488069, -89709.0)
(411, 87.13694453239441, -288693.4150488069, -89709.0)
(412, 87.4085419178009, -288693.4150488069, -89709.0)
(413, 87.68835735321045, -288693.4150488069, -89709.0)
(414, 87.96588659286499, -288693.4150488069, -89709.0)
(415, 88.2546615600586, -288693.4150488069, -89709.0)
(416, 88.51425862312317, -288693.4150488069, -89709.0)
(417, 88.79284715652466, -288693.4150488069, -89709.0)
(418, 89.07008910179138, -288693.4150488069, -89709.0)
(419, 89.31101107597351, -288693.4150488069, -89709.0)
(420, 89.55534958839417, -288693.4150488069, -89709.0)
(421, 89.79268431663513, -288693.4150488069, -89709.0)
(422, 90.05873608589172, -288693.4150488069, -89709.0)
(423, 90.29350781440735, -288693.4150488069, -89709.0)
(424, 90.60032558441162, -288693.4150488069, -89709.0)
(425, 90.85454392433167, -288693.4150488069, -89709.0)
(426, 91.10356307029724, -288693.4150488069, -89709.0)
(427, 91.37937951087952, -288693.4150488069, -89709.0)
(428, 91.64970397949219, -288693.4150488069, -89709.0)
(429, 91.91299319267273, -288693.4150488069, -89709.0)
(430, 92.18242883682251, -288693.4150488069, -89709.0)
(431, 92.45289731025696, -288693.4150488069, -89709.0)
(432, 92.72036147117615, -288693.4150488069, -89709.0)
(433, 92.98791480064392, -288693.4150488069, -89709.0)
(434, 93.26178002357483, -288693.4150488069, -89709.0)
(435, 93.55609488487244, -288693.4150488069, -89709.0)
(436, 93.85245847702026, -288693.4150488069, -89709.0)
(437, 94.15527319908142, -288693.4150488069, -89709.0)
(438, 94.40992164611816, -288693.4150488069, -89709.0)
(439, 94.65915107727051, -288693.4150488069, -89709.0)
(440, 94.9378604888916, -288693.4150488069, -89709.0)
(441, 95.18948197364807, -288693.4150488069, -89709.0)
(442, 95.49091339111328, -288693.4150488069, -89709.0)
(443, 95.7610731124878, -288693.4150488069, -89709.0)
(444, 96.09850573539734, -288693.4150488069, -89709.0)
(445, 96.38163590431213, -288693.4150488069, -89709.0)
(446, 96.68691825866699, -288693.4150488069, -89709.0)
(447, 96.92442727088928, -288693.4150488069, -89709.0)
(448, 97.19560360908508, -288693.4150488069, -89709.0)
(449, 97.43899130821228, -288693.4150488069, -89709.0)
(450, 97.67381238937378, -288693.4150488069, -89709.0)
(451, 97.93149209022522, -288693.4150488069, -89709.0)
(452, 98.20711469650269, -288693.4150488069, -89709.0)
(453, 98.44592952728271, -288693.4150488069, -89709.0)
(454, 98.70723628997803, -288693.4150488069, -89709.0)
(455, 98.9609603881836, -288693.4150488069, -89709.0)
(456, 99.21839785575867, -288693.4150488069, -89709.0)
(457, 99.46859669685364, -288693.4150488069, -89709.0)
(458, 99.75663304328918, -288693.4150488069, -89709.0)
(459, 100.01599192619324, -288693.4150488069, -89709.0)
(460, 100.30451273918152, -288693.4150488069, -89709.0)
(461, 100.59517645835876, -288693.4150488069, -89709.0)
(462, 100.87403082847595, -288693.4150488069, -89709.0)
(463, 101.15645551681519, -288693.4150488069, -89709.0)
(464, 101.44306063652039, -288693.4150488069, -89709.0)
(465, 101.72161841392517, -288693.4150488069, -89709.0)
(466, 101.96767497062683, -288693.4150488069, -89709.0)
(467, 102.24670934677124, -288693.4150488069, -89709.0)
(468, 102.52911901473999, -288693.4150488069, -89709.0)
(469, 102.77122211456299, -288693.4150488069, -89709.0)
(470, 103.04470205307007, -288693.4150488069, -89709.0)
(471, 103.34000301361084, -288693.4150488069, -89709.0)
(472, 103.62033176422119, -288693.4150488069, -89709.0)
(473, 103.91554141044617, -288693.4150488069, -89709.0)
(474, 104.18970489501953, -288693.4150488069, -89709.0)
(475, 104.44356727600098, -288693.4150488069, -89709.0)
(476, 104.70285224914551, -288693.4150488069, -89709.0)
(477, 104.96040558815002, -288693.4150488069, -89709.0)
(478, 105.22420334815979, -288693.4150488069, -89709.0)
(479, 105.48873138427734, -288693.4150488069, -89709.0)
(480, 105.76290345191956, -288693.4150488069, -89709.0)
(481, 106.05371928215027, -288693.4150488069, -89709.0)
(482, 106.33013725280762, -288693.4150488069, -89709.0)
(483, 106.60695338249207, -288693.4150488069, -89709.0)
(484, 106.8962140083313, -288693.4150488069, -89709.0)
(485, 107.17210412025452, -288693.4150488069, -89709.0)
(486, 107.47744107246399, -288693.4150488069, -89709.0)
(487, 107.77601790428162, -288693.4150488069, -89709.0)
(488, 108.04079294204712, -288693.4150488069, -89709.0)
(489, 108.27373266220093, -288693.4150488069, -89709.0)
(490, 108.52569198608398, -288693.4150488069, -89709.0)
(491, 108.77695965766907, -288693.4150488069, -89709.0)
(492, 109.03041791915894, -288693.4150488069, -89709.0)
(493, 109.26894307136536, -288693.4150488069, -89709.0)
(494, 109.53662943840027, -288693.4150488069, -89709.0)
(495, 109.8046190738678, -288693.4150488069, -89709.0)
(496, 110.09075379371643, -288693.4150488069, -89709.0)
(497, 110.36402606964111, -288693.4150488069, -89709.0)
(498, 110.63629031181335, -288693.4150488069, -89709.0)
(499, 110.91030955314636, -288693.4150488069, -89709.0)
(500, 111.19635677337646, -288693.4150488069, -89709.0)
(501, 111.46133160591125, -288693.4150488069, -89709.0)
(502, 111.74126100540161, -288693.4150488069, -89709.0)
(503, 112.0102059841156, -288693.4150488069, -89709.0)
(504, 112.25998449325562, -288693.4150488069, -89709.0)
(505, 112.54216766357422, -288693.4150488069, -89709.0)
(506, 112.80345726013184, -288693.4150488069, -89709.0)
(507, 113.09546256065369, -288693.4150488069, -89709.0)
(508, 113.44949626922607, -288693.4150488069, -89709.0)
(509, 113.76453948020935, -288693.4150488069, -89709.0)
(510, 114.06134629249573, -288693.4150488069, -89709.0)
(511, 114.39962673187256, -288693.4150488069, -89709.0)
(512, 114.7130537033081, -288693.4150488069, -89709.0)
(513, 115.02503943443298, -288693.4150488069, -89709.0)
(514, 115.41596794128418, -286526.16063091904, -89709.0)
(515, 115.75808930397034, -286526.16063091904, -89709.0)
(516, 116.05506134033203, -286526.16063091904, -89709.0)
(517, 116.39302587509155, -286526.16063091904, -89709.0)
(518, 116.67265796661377, -286526.16063091904, -89709.0)
(519, 116.92791414260864, -286526.16063091904, -89709.0)
(520, 117.18497848510742, -286526.16063091904, -89709.0)
(521, 117.42409610748291, -286526.16063091904, -89709.0)
(522, 117.66605925559998, -286526.16063091904, -89709.0)
(523, 117.9368097782135, -286526.16063091904, -89709.0)
(524, 118.18872499465942, -286526.16063091904, -89709.0)
(525, 118.41501045227051, -286526.16063091904, -89709.0)
(526, 118.64133381843567, -286526.16063091904, -89709.0)
(527, 118.88369846343994, -286526.16063091904, -89709.0)
(528, 119.10890007019043, -286526.16063091904, -89709.0)
(529, 119.35021615028381, -286526.16063091904, -89709.0)
(530, 119.59398746490479, -286526.16063091904, -89709.0)
(531, 119.8412926197052, -286526.16063091904, -89709.0)
(532, 120.09043431282043, -286526.16063091904, -89709.0)
(533, 120.32264018058777, -286526.16063091904, -89709.0)
(534, 120.56788086891174, -286526.16063091904, -89709.0)
(535, 120.81827640533447, -286526.16063091904, -89709.0)
(536, 121.05738997459412, -286526.16063091904, -89709.0)
(537, 121.30633091926575, -286526.16063091904, -89709.0)
(538, 121.5413863658905, -286526.16063091904, -89709.0)
(539, 121.77621078491211, -286526.16063091904, -89709.0)
(540, 122.03456735610962, -286526.16063091904, -89709.0)
(541, 122.27112197875977, -286526.16063091904, -89709.0)
(542, 122.52307486534119, -286526.16063091904, -89709.0)
(543, 122.78033423423767, -286526.16063091904, -89709.0)
(544, 123.01444816589355, -286526.16063091904, -89709.0)
(545, 123.271897315979, -286526.16063091904, -89709.0)
(546, 123.5022964477539, -286526.16063091904, -89709.0)
(547, 123.76614212989807, -286526.16063091904, -89709.0)
(548, 123.99896717071533, -286526.16063091904, -89709.0)
(549, 124.23616456985474, -286526.16063091904, -89709.0)
(550, 124.46992826461792, -286526.16063091904, -89709.0)
(551, 124.7107880115509, -286526.16063091904, -89709.0)
(552, 124.94974327087402, -286526.16063091904, -89709.0)
(553, 125.20478820800781, -286526.16063091904, -89709.0)
(554, 125.45526075363159, -286526.16063091904, -89709.0)
(555, 125.69894075393677, -286526.16063091904, -89709.0)
(556, 125.95375084877014, -286526.16063091904, -89709.0)
(557, 126.19789290428162, -286526.16063091904, -89709.0)
(558, 126.43779301643372, -286526.16063091904, -89709.0)
(559, 126.68380284309387, -286526.16063091904, -89709.0)
(560, 126.94297242164612, -286526.16063091904, -89709.0)
(561, 127.18070220947266, -286526.16063091904, -89709.0)
(562, 127.43217468261719, -286526.16063091904, -89709.0)
(563, 127.67425012588501, -286526.16063091904, -89709.0)
(564, 127.92867016792297, -286526.16063091904, -89709.0)
(565, 128.1772861480713, -286526.16063091904, -89709.0)
(566, 128.41225504875183, -286526.16063091904, -89709.0)
(567, 128.6554570198059, -286526.16063091904, -89709.0)
(568, 128.89286637306213, -286526.16063091904, -89709.0)
(569, 129.11642837524414, -286526.16063091904, -89709.0)
(570, 129.35730624198914, -286526.16063091904, -89709.0)
(571, 129.6040222644806, -286526.16063091904, -89709.0)
(572, 129.86216259002686, -286526.16063091904, -89709.0)
(573, 130.0937101840973, -286526.16063091904, -89709.0)
(574, 130.3407645225525, -286526.16063091904, -89709.0)
(575, 130.58630418777466, -286526.16063091904, -89709.0)
(576, 130.84052801132202, -286526.16063091904, -89709.0)
(577, 131.11808943748474, -286526.16063091904, -89709.0)
(578, 131.3755624294281, -286526.16063091904, -89709.0)
(579, 131.66481828689575, -286526.16063091904, -89709.0)
(580, 131.9948170185089, -286526.16063091904, -89709.0)
(581, 132.32011079788208, -286526.16063091904, -89709.0)
(582, 132.5977337360382, -286526.16063091904, -89709.0)
(583, 132.8532838821411, -286526.16063091904, -89709.0)
(584, 133.26068782806396, -285027.216374269, -89709.0)
(585, 133.56271815299988, -285027.216374269, -89709.0)
(586, 133.9037709236145, -285027.216374269, -89709.0)
(587, 134.2196238040924, -285027.216374269, -89709.0)
(588, 134.5501434803009, -285027.216374269, -89709.0)
(589, 134.84133553504944, -285027.216374269, -89709.0)
(590, 135.1298656463623, -285027.216374269, -89709.0)
(591, 135.39243149757385, -285027.216374269, -89709.0)
(592, 135.70671701431274, -285027.216374269, -89709.0)
(593, 135.98537039756775, -285027.216374269, -89709.0)
(594, 136.24246907234192, -285027.216374269, -89709.0)
(595, 136.52564883232117, -285027.216374269, -89709.0)
(596, 136.7733871936798, -285027.216374269, -89709.0)
(597, 137.0450301170349, -285027.216374269, -89709.0)
(598, 137.30308079719543, -285027.216374269, -89709.0)
(599, 137.58122992515564, -285027.216374269, -89709.0)
(600, 137.84291315078735, -285027.216374269, -89709.0)
(601, 138.10044741630554, -285027.216374269, -89709.0)
(602, 138.368994474411, -285027.216374269, -89709.0)
(603, 138.61569666862488, -285027.216374269, -89709.0)
(604, 138.86991548538208, -285027.216374269, -89709.0)
(605, 139.11597156524658, -285027.216374269, -89709.0)
(606, 139.3861207962036, -285027.216374269, -89709.0)
(607, 139.64841604232788, -285027.216374269, -89709.0)
(608, 139.90275955200195, -285027.216374269, -89709.0)
(609, 140.14858078956604, -285027.216374269, -89709.0)
(610, 140.39396572113037, -285027.216374269, -89709.0)
(611, 140.6492841243744, -285027.216374269, -89709.0)
(612, 140.90136671066284, -285027.216374269, -89709.0)
(613, 141.16638684272766, -285027.216374269, -89709.0)
(614, 141.42525911331177, -285027.216374269, -89709.0)
(615, 141.69329452514648, -285027.216374269, -89709.0)
(616, 141.95250344276428, -285027.216374269, -89709.0)
(617, 142.23225808143616, -285027.216374269, -89709.0)
(618, 142.50430345535278, -285027.216374269, -89709.0)
(619, 142.78077054023743, -285027.216374269, -89709.0)
(620, 143.0423080921173, -285027.216374269, -89709.0)
(621, 143.30229353904724, -285027.216374269, -89709.0)
(622, 143.57433128356934, -285027.216374269, -89709.0)
(623, 143.82464480400085, -285027.216374269, -89709.0)
(624, 144.12176942825317, -285027.216374269, -89709.0)
(625, 144.4191074371338, -285027.216374269, -89709.0)
(626, 144.72571516036987, -285027.216374269, -89709.0)
(627, 145.0300588607788, -285027.216374269, -89709.0)
(628, 145.33326148986816, -285027.216374269, -89709.0)
(629, 145.68751287460327, -285027.216374269, -89709.0)
(630, 146.0055868625641, -285027.216374269, -89709.0)
(631, 146.34046459197998, -285027.216374269, -89709.0)
(632, 146.7139503955841, -285027.216374269, -89709.0)
(633, 147.05289435386658, -285027.216374269, -89709.0)
(634, 147.3757767677307, -285027.216374269, -89709.0)
(635, 147.7254340648651, -285027.216374269, -89709.0)
(636, 148.09380388259888, -285027.216374269, -89709.0)
(637, 148.43514204025269, -285027.216374269, -89709.0)
(638, 148.72914958000183, -285027.216374269, -89709.0)
(639, 148.99927592277527, -285027.216374269, -89709.0)
(640, 149.27265763282776, -285027.216374269, -89709.0)
(641, 149.53757882118225, -285027.216374269, -89709.0)
(642, 149.82717204093933, -285027.216374269, -89709.0)
(643, 150.09316611289978, -285027.216374269, -89709.0)
(644, 150.3527317047119, -285027.216374269, -89709.0)
(645, 150.60691118240356, -285027.216374269, -89709.0)
(646, 150.8707709312439, -285027.216374269, -89709.0)
(647, 151.1409511566162, -285027.216374269, -89709.0)
(648, 151.42409253120422, -285027.216374269, -89709.0)
(649, 151.68329501152039, -285027.216374269, -89709.0)
(650, 151.9465663433075, -285027.216374269, -89709.0)
(651, 152.21807646751404, -285027.216374269, -89709.0)
(652, 152.4880940914154, -285027.216374269, -89709.0)
(653, 152.73670935630798, -285027.216374269, -89709.0)
(654, 152.99699139595032, -285027.216374269, -89709.0)
(655, 153.27126741409302, -285027.216374269, -89709.0)
(656, 153.51227235794067, -285027.216374269, -89709.0)
(657, 153.78971767425537, -285027.216374269, -89709.0)
(658, 154.06152749061584, -285027.216374269, -89709.0)
(659, 154.33194279670715, -285027.216374269, -89709.0)
(660, 154.59428191184998, -285027.216374269, -89709.0)
(661, 154.8562068939209, -285027.216374269, -89709.0)
(662, 155.1581654548645, -285027.216374269, -89709.0)
(663, 155.44739174842834, -285027.216374269, -89709.0)
(664, 155.73969149589539, -285027.216374269, -89709.0)
(665, 156.02200531959534, -285027.216374269, -89709.0)
(666, 156.3071255683899, -285027.216374269, -89709.0)
(667, 156.59505987167358, -285027.216374269, -89709.0)
(668, 156.8736138343811, -285027.216374269, -89709.0)
(669, 157.1571433544159, -285027.216374269, -89709.0)
(670, 157.4607105255127, -285027.216374269, -89709.0)
(671, 157.78273057937622, -285027.216374269, -89709.0)
(672, 158.0803382396698, -285027.216374269, -89709.0)
(673, 158.3975841999054, -285027.216374269, -89709.0)
(674, 158.72174525260925, -285027.216374269, -89709.0)
(675, 159.04786944389343, -285027.216374269, -89709.0)
(676, 159.36015486717224, -285027.216374269, -89709.0)
(677, 159.69254398345947, -285027.216374269, -89709.0)
(678, 160.0324170589447, -285027.216374269, -89709.0)
(679, 160.39689373970032, -285027.216374269, -89709.0)
(680, 160.73327112197876, -285027.216374269, -89709.0)
(681, 161.01181864738464, -285027.216374269, -89709.0)
(682, 161.26861691474915, -285027.216374269, -89709.0)
(683, 161.5627293586731, -285027.216374269, -89709.0)
(684, 161.82486152648926, -285027.216374269, -89709.0)
(685, 162.11491632461548, -285027.216374269, -89709.0)
(686, 162.3946921825409, -285027.216374269, -89709.0)
(687, 162.67824268341064, -285027.216374269, -89709.0)
(688, 162.9447329044342, -285027.216374269, -89709.0)
(689, 163.2036533355713, -285027.216374269, -89709.0)
(690, 163.4628791809082, -285027.216374269, -89709.0)
(691, 163.7325839996338, -285027.216374269, -89709.0)
(692, 164.00283193588257, -285027.216374269, -89709.0)
(693, 164.28011178970337, -285027.216374269, -89709.0)
(694, 164.5530390739441, -285027.216374269, -89709.0)
(695, 164.81178069114685, -285027.216374269, -89709.0)
(696, 165.06250739097595, -285027.216374269, -89709.0)
(697, 165.3335075378418, -285027.216374269, -89709.0)
(698, 165.61196517944336, -285027.216374269, -89709.0)
(699, 165.90077900886536, -285027.216374269, -89709.0)
(700, 166.1842782497406, -285027.216374269, -89709.0)
(701, 166.51491951942444, -285027.216374269, -89709.0)
(702, 166.79385137557983, -285027.216374269, -89709.0)
(703, 167.07769393920898, -285027.216374269, -89709.0)
(704, 167.34894943237305, -285027.216374269, -89709.0)
(705, 167.65015292167664, -285027.216374269, -89709.0)
(706, 167.9301278591156, -285027.216374269, -89709.0)
(707, 168.2210409641266, -285027.216374269, -89709.0)
(708, 168.50347661972046, -285027.216374269, -89709.0)
(709, 168.82194566726685, -285027.216374269, -89709.0)
(710, 169.13898181915283, -285027.216374269, -89709.0)
(711, 169.45688343048096, -285027.216374269, -89709.0)
(712, 169.75987672805786, -285027.216374269, -89709.0)
(713, 170.05116271972656, -285027.216374269, -89709.0)
(714, 170.3624427318573, -285027.216374269, -89709.0)
(715, 170.68487572669983, -285027.216374269, -89709.0)
(716, 171.0096435546875, -285027.216374269, -89709.0)
(717, 171.4013328552246, -285027.216374269, -89709.0)
(718, 171.82259321212769, -285027.216374269, -89709.0)
(719, 172.21852850914001, -285027.216374269, -89709.0)
(720, 172.6388120651245, -285027.216374269, -89709.0)
(721, 172.97377920150757, -285027.216374269, -89709.0)
(722, 173.4665892124176, -278996.0287434869, -89709.0)
(723, 173.84588170051575, -278996.0287434869, -89709.0)
(724, 174.20636415481567, -278996.0287434869, -89709.0)
(725, 174.48996663093567, -278996.0287434869, -89709.0)
(726, 174.74199223518372, -278996.0287434869, -89709.0)
(727, 175.0388765335083, -278996.0287434869, -89709.0)
(728, 175.30346870422363, -278996.0287434869, -89709.0)
(729, 175.58849382400513, -278996.0287434869, -89709.0)
(730, 175.86577033996582, -278996.0287434869, -89709.0)
(731, 176.128253698349, -278996.0287434869, -89709.0)
(732, 176.4157316684723, -278996.0287434869, -89709.0)
(733, 176.69800877571106, -278996.0287434869, -89709.0)
(734, 176.98351097106934, -278996.0287434869, -89709.0)
(735, 177.26152515411377, -278996.0287434869, -89709.0)
(736, 177.5202145576477, -278996.0287434869, -89709.0)
(737, 177.80541157722473, -278996.0287434869, -89709.0)
(738, 178.0804467201233, -278996.0287434869, -89709.0)
(739, 178.3660933971405, -278996.0287434869, -89709.0)
(740, 178.6612904071808, -278996.0287434869, -89709.0)
(741, 178.95894527435303, -278996.0287434869, -89709.0)
(742, 179.22530794143677, -278996.0287434869, -89709.0)
(743, 179.49202132225037, -278996.0287434869, -89709.0)
(744, 179.73553156852722, -278996.0287434869, -89709.0)
(745, 180.00634217262268, -278996.0287434869, -89709.0)
(746, 180.29898309707642, -278996.0287434869, -89709.0)
(747, 180.59576225280762, -278996.0287434869, -89709.0)
(748, 180.89486861228943, -278996.0287434869, -89709.0)
(749, 181.1655511856079, -278996.0287434869, -89709.0)
(750, 181.45438623428345, -278996.0287434869, -89709.0)
(751, 181.72467803955078, -278996.0287434869, -89709.0)
(752, 181.99379563331604, -278996.0287434869, -89709.0)
(753, 182.26286435127258, -278996.0287434869, -89709.0)
(754, 182.515704870224, -278996.0287434869, -89709.0)
(755, 182.79029989242554, -278996.0287434869, -89709.0)
(756, 183.07028770446777, -278996.0287434869, -89709.0)
(757, 183.3746840953827, -278996.0287434869, -89709.0)
(758, 183.6750683784485, -278996.0287434869, -89709.0)
(759, 183.96147847175598, -278996.0287434869, -89709.0)
(760, 184.22922325134277, -278996.0287434869, -89709.0)
(761, 184.51947283744812, -278996.0287434869, -89709.0)
(762, 184.80059599876404, -278996.0287434869, -89709.0)
(763, 185.07315111160278, -278996.0287434869, -89709.0)
(764, 185.36738657951355, -278996.0287434869, -89709.0)
(765, 185.67203068733215, -278996.0287434869, -89709.0)
(766, 186.00745916366577, -278996.0287434869, -89709.0)
(767, 186.2886426448822, -278996.0287434869, -89709.0)
(768, 186.58419799804688, -278996.0287434869, -89709.0)
(769, 186.89466166496277, -278996.0287434869, -89709.0)
(770, 187.24552297592163, -278996.0287434869, -89709.0)
(771, 187.599107503891, -278996.0287434869, -89709.0)
(772, 187.94516801834106, -278996.0287434869, -89709.0)
(773, 188.30902695655823, -278996.0287434869, -89709.0)
(774, 188.70203495025635, -278996.0287434869, -89709.0)
(775, 189.0610978603363, -278996.0287434869, -89709.0)
(776, 189.40612077713013, -278996.0287434869, -89709.0)
(777, 189.72599816322327, -278996.0287434869, -89709.0)
(778, 190.06846451759338, -278996.0287434869, -89709.0)
(779, 190.3167850971222, -278996.0287434869, -89709.0)
(780, 190.61218738555908, -278996.0287434869, -89709.0)
(781, 190.91548895835876, -278996.0287434869, -89709.0)
(782, 191.1652820110321, -278996.0287434869, -89709.0)
(783, 191.45818662643433, -278996.0287434869, -89709.0)
(784, 191.75365662574768, -278996.0287434869, -89709.0)
(785, 192.04203534126282, -278996.0287434869, -89709.0)
(786, 192.3357379436493, -278996.0287434869, -89709.0)
(787, 192.62104439735413, -278996.0287434869, -89709.0)
(788, 192.9207239151001, -278996.0287434869, -89709.0)
(789, 193.2202808856964, -278996.0287434869, -89709.0)
(790, 193.5191159248352, -278996.0287434869, -89709.0)
(791, 193.82143020629883, -278996.0287434869, -89709.0)
(792, 194.16456007957458, -278996.0287434869, -89709.0)
(793, 194.54479885101318, -278996.0287434869, -89709.0)
(794, 194.95702695846558, -278996.0287434869, -89709.0)
(795, 195.3281967639923, -278996.0287434869, -89709.0)
(796, 195.6957654953003, -278996.0287434869, -89709.0)
(797, 196.05912375450134, -278996.0287434869, -89709.0)
(798, 196.47671389579773, -278996.0287434869, -89709.0)
(799, 196.86767959594727, -278996.0287434869, -89709.0)
(800, 197.178053855896, -278996.0287434869, -89709.0)
(801, 197.47957634925842, -278996.0287434869, -89709.0)
(802, 197.85730409622192, -278996.0287434869, -89709.0)
(803, 198.23854899406433, -278996.0287434869, -89709.0)
(804, 198.55171012878418, -278996.0287434869, -89709.0)
(805, 198.8925597667694, -278996.0287434869, -89709.0)
(806, 199.26014471054077, -278996.0287434869, -89709.0)
(807, 199.63408398628235, -278996.0287434869, -89709.0)
(808, 199.987370967865, -278996.0287434869, -89709.0)
(809, 200.35889673233032, -278996.0287434869, -89709.0)
(810, 200.69972586631775, -278996.0287434869, -89709.0)
(811, 201.0672664642334, -278996.0287434869, -89709.0)
(812, 201.43791723251343, -278996.0287434869, -89709.0)
(813, 201.79236102104187, -278996.0287434869, -89709.0)
(814, 202.12231373786926, -278996.0287434869, -89709.0)
(815, 202.50154638290405, -278996.0287434869, -89709.0)
(816, 202.94793391227722, -278996.0287434869, -89709.0)
(817, 203.33134818077087, -278996.0287434869, -89709.0)
(818, 203.69454789161682, -278996.0287434869, -89709.0)
(819, 204.00845551490784, -278996.0287434869, -89709.0)
(820, 204.37981414794922, -278996.0287434869, -89709.0)
(821, 204.69529008865356, -278996.0287434869, -89709.0)
(822, 205.0584306716919, -278996.0287434869, -89709.0)
(823, 205.49923133850098, -278996.0287434869, -89709.0)
(824, 205.81869435310364, -278996.0287434869, -89709.0)
(825, 206.18564748764038, -278996.0287434869, -89709.0)
(826, 206.49872708320618, -278996.0287434869, -89709.0)
(827, 206.8557050228119, -278996.0287434869, -89709.0)
(828, 207.1953740119934, -278996.0287434869, -89709.0)
(829, 207.4990575313568, -278996.0287434869, -89709.0)
(830, 207.86452794075012, -278996.0287434869, -89709.0)
(831, 208.1713411808014, -278996.0287434869, -89709.0)
(832, 208.56535983085632, -278996.0287434869, -89709.0)
(833, 208.9413342475891, -278996.0287434869, -89709.0)
(834, 209.39220190048218, -278996.0287434869, -89709.0)
(835, 209.894211769104, -278996.0287434869, -89709.0)
(836, 210.27516078948975, -278996.0287434869, -89709.0)
(837, 210.64720559120178, -278996.0287434869, -89709.0)
(838, 211.0245270729065, -278996.0287434869, -89709.0)
(839, 211.39669585227966, -278996.0287434869, -89709.0)
(840, 211.70993638038635, -278996.0287434869, -89709.0)
(841, 212.02883315086365, -278996.0287434869, -89709.0)
(842, 212.31012344360352, -278996.0287434869, -89709.0)
(843, 212.67786955833435, -278996.0287434869, -89709.0)
(844, 213.04698491096497, -278996.0287434869, -89709.0)
(845, 213.38898754119873, -278996.0287434869, -89709.0)
(846, 213.70505738258362, -278996.0287434869, -89709.0)
(847, 214.06394028663635, -278996.0287434869, -89709.0)
(848, 214.44638109207153, -278996.0287434869, -89709.0)
(849, 214.8088343143463, -278996.0287434869, -89709.0)
(850, 215.1822018623352, -278996.0287434869, -89709.0)
(851, 215.58364868164062, -278996.0287434869, -89709.0)
(852, 216.00772905349731, -278996.0287434869, -89709.0)
(853, 216.40640807151794, -278996.0287434869, -89709.0)
(854, 216.7846863269806, -278996.0287434869, -89709.0)
(855, 217.15943908691406, -278996.0287434869, -89709.0)
(856, 217.52613949775696, -278996.0287434869, -89709.0)
(857, 217.88987684249878, -278996.0287434869, -89709.0)
(858, 218.265873670578, -278996.0287434869, -89709.0)
(859, 218.65865206718445, -278996.0287434869, -89709.0)
(860, 219.18573141098022, -278996.0287434869, -89709.0)
(861, 219.5974428653717, -278996.0287434869, -89709.0)
(862, 219.97494983673096, -278996.0287434869, -89709.0)
(863, 220.34499955177307, -278996.0287434869, -89709.0)
(864, 220.6413962841034, -278996.0287434869, -89709.0)
(865, 220.96002221107483, -278996.0287434869, -89709.0)
(866, 221.24762630462646, -278996.0287434869, -89709.0)
(867, 221.54870772361755, -278996.0287434869, -89709.0)
(868, 221.83756470680237, -278996.0287434869, -89709.0)
(869, 222.2110846042633, -278996.0287434869, -89709.0)
(870, 222.49673771858215, -278996.0287434869, -89709.0)
(871, 222.77734684944153, -278996.0287434869, -89709.0)
(872, 223.14074683189392, -278996.0287434869, -89709.0)
(873, 223.4537057876587, -278996.0287434869, -89709.0)
(874, 223.77301383018494, -278996.0287434869, -89709.0)
(875, 224.090234041214, -278996.0287434869, -89709.0)
(876, 224.4715178012848, -278996.0287434869, -89709.0)
(877, 224.74296259880066, -278996.0287434869, -89709.0)
(878, 225.02695608139038, -278996.0287434869, -89709.0)
(879, 225.37634325027466, -278996.0287434869, -89709.0)
(880, 225.6501748561859, -278996.0287434869, -89709.0)
(881, 225.96151494979858, -278996.0287434869, -89709.0)
(882, 226.33681917190552, -278996.0287434869, -89709.0)
(883, 226.6901261806488, -278996.0287434869, -89709.0)
(884, 226.97835659980774, -278996.0287434869, -89709.0)
(885, 227.35670733451843, -278996.0287434869, -89709.0)
(886, 227.65085768699646, -278996.0287434869, -89709.0)
(887, 227.93395352363586, -278996.0287434869, -89709.0)
(888, 228.22364211082458, -278996.0287434869, -89709.0)
(889, 228.57856464385986, -278996.0287434869, -89709.0)
(890, 228.85844016075134, -278996.0287434869, -89709.0)
(891, 229.2210772037506, -278996.0287434869, -89709.0)
(892, 229.5109236240387, -278996.0287434869, -89709.0)
(893, 229.82311248779297, -278996.0287434869, -89709.0)
(894, 230.0835771560669, -278996.0287434869, -89709.0)
(895, 230.44520568847656, -278996.0287434869, -89709.0)
(896, 230.72585225105286, -278996.0287434869, -89709.0)
(897, 231.04051280021667, -278996.0287434869, -89709.0)
(898, 231.3502173423767, -278996.0287434869, -89709.0)
(899, 231.6557219028473, -278996.0287434869, -89709.0)
(900, 232.03396439552307, -278996.0287434869, -89709.0)
(901, 232.33464860916138, -278996.0287434869, -89709.0)
(902, 232.73464584350586, -278996.0287434869, -89709.0)
(903, 233.1345043182373, -278996.0287434869, -89709.0)
(904, 233.4969823360443, -278996.0287434869, -89709.0)
(905, 233.87694907188416, -278996.0287434869, -89709.0)
(906, 234.28962063789368, -278996.0287434869, -89709.0)
(907, 234.68915057182312, -278996.0287434869, -89709.0)
(908, 235.0152223110199, -278996.0287434869, -89709.0)
(909, 235.39817118644714, -278996.0287434869, -89709.0)
(910, 235.8219232559204, -278996.0287434869, -89709.0)
(911, 236.2093846797943, -278996.0287434869, -89709.0)
(912, 236.59398293495178, -278996.0287434869, -89709.0)
(913, 237.02659106254578, -278996.0287434869, -89709.0)
(914, 237.44201254844666, -278996.0287434869, -89709.0)
(915, 237.97967791557312, -278996.0287434869, -89709.0)
(916, 238.48655104637146, -278996.0287434869, -89709.0)
(917, 238.92131114006042, -278996.0287434869, -89709.0)
(918, 239.2413830757141, -278996.0287434869, -89709.0)
(919, 239.55306720733643, -278996.0287434869, -89709.0)
(920, 239.85553288459778, -278996.0287434869, -89709.0)
(921, 240.14595651626587, -278996.0287434869, -89709.0)
(922, 240.47557616233826, -278996.0287434869, -89709.0)
(923, 240.77944254875183, -278996.0287434869, -89709.0)
(924, 241.11309051513672, -278996.0287434869, -89709.0)
(925, 241.42605996131897, -278996.0287434869, -89709.0)
(926, 241.75140690803528, -278996.0287434869, -89709.0)
(927, 242.05498456954956, -278996.0287434869, -89709.0)
(928, 242.3515145778656, -278996.0287434869, -89709.0)
(929, 242.66489171981812, -278996.0287434869, -89709.0)
(930, 243.00986170768738, -278996.0287434869, -89709.0)
(931, 243.34528279304504, -278996.0287434869, -89709.0)
(932, 243.63091135025024, -278996.0287434869, -89709.0)
(933, 243.92537689208984, -278996.0287434869, -89709.0)
(934, 244.22848653793335, -278996.0287434869, -89709.0)
(935, 244.544677734375, -278996.0287434869, -89709.0)
(936, 244.85927391052246, -278996.0287434869, -89709.0)
(937, 245.24173593521118, -278996.0287434869, -89709.0)
(938, 245.53321933746338, -278996.0287434869, -89709.0)
(939, 245.86542582511902, -278996.0287434869, -89709.0)
(940, 246.27098321914673, -278996.0287434869, -89709.0)
(941, 246.59584164619446, -278996.0287434869, -89709.0)
(942, 246.9781174659729, -278996.0287434869, -89709.0)
(943, 247.37095069885254, -278996.0287434869, -89709.0)
(944, 247.7540488243103, -278996.0287434869, -89709.0)
(945, 248.14241933822632, -278996.0287434869, -89709.0)
(946, 248.5534815788269, -278996.0287434869, -89709.0)
(947, 248.95993614196777, -278996.0287434869, -89709.0)
(948, 249.37443709373474, -278996.0287434869, -89709.0)
(949, 249.7939281463623, -278996.0287434869, -89709.0)
(950, 250.11937427520752, -278996.0287434869, -89709.0)
(951, 250.49143147468567, -278996.0287434869, -89709.0)
(952, 250.90644574165344, -278996.0287434869, -89709.0)
(953, 251.31286597251892, -278996.0287434869, -89709.0)
(954, 251.82556867599487, -278996.0287434869, -89709.0)
(955, 252.41977548599243, -278996.0287434869, -89709.0)
(956, 252.84974098205566, -278996.0287434869, -89709.0)
(957, 253.27405834197998, -278996.0287434869, -89709.0)
(958, 253.67345571517944, -278996.0287434869, -89709.0)
(959, 254.02690482139587, -278996.0287434869, -89709.0)
(960, 254.37408900260925, -278996.0287434869, -89709.0)
(961, 254.7381637096405, -278996.0287434869, -89709.0)
(962, 255.07451176643372, -278996.0287434869, -89709.0)
(963, 255.42323803901672, -278996.0287434869, -89709.0)
(964, 255.7612340450287, -278996.0287434869, -89709.0)
(965, 256.2080240249634, -278996.0287434869, -89709.0)
(966, 256.52993750572205, -278996.0287434869, -89709.0)
(967, 256.94641041755676, -278996.0287434869, -89709.0)
(968, 257.3733868598938, -278996.0287434869, -89709.0)
(969, 257.72847962379456, -278996.0287434869, -89709.0)
(970, 258.1351945400238, -278996.0287434869, -89709.0)
(971, 258.4895009994507, -278996.0287434869, -89709.0)
(972, 258.91992473602295, -278996.0287434869, -89709.0)
(973, 259.3005368709564, -278996.0287434869, -89709.0)
(974, 259.64039397239685, -278996.0287434869, -89709.0)
(975, 260.0609242916107, -278996.0287434869, -89709.0)
(976, 260.3601026535034, -278996.0287434869, -89709.0)
(977, 260.7940170764923, -278996.0287434869, -89709.0)
(978, 261.2435853481293, -278996.0287434869, -89709.0)
(979, 261.6721968650818, -278996.0287434869, -89709.0)
(980, 262.0938401222229, -278996.0287434869, -89709.0)
(981, 262.52821373939514, -278996.0287434869, -89709.0)
(982, 262.9231445789337, -278996.0287434869, -89709.0)
(983, 263.3712544441223, -278996.0287434869, -89709.0)
(984, 263.8071792125702, -278996.0287434869, -89709.0)
(985, 264.22365379333496, -278996.0287434869, -89709.0)
(986, 264.6736550331116, -278996.0287434869, -89709.0)
(987, 265.07510566711426, -278996.0287434869, -89709.0)
(988, 265.57365584373474, -278996.0287434869, -89709.0)
(989, 265.99813628196716, -278996.0287434869, -89709.0)
(990, 266.4673330783844, -278996.0287434869, -89709.0)
(991, 266.98046135902405, -278996.0287434869, -89709.0)
(992, 267.39384293556213, -278996.0287434869, -89709.0)
(993, 267.8210196495056, -278996.0287434869, -89709.0)
(994, 268.1452853679657, -278996.0287434869, -89709.0)
(995, 268.4531388282776, -278996.0287434869, -89709.0)
(996, 268.7434687614441, -278996.0287434869, -89709.0)
(997, 269.07787919044495, -278996.0287434869, -89709.0)
(998, 269.40217304229736, -278996.0287434869, -89709.0)
(999, 269.7098960876465, -278996.0287434869, -89709.0)
(1000, 270.01122999191284, -278996.0287434869, -89709.0)
