(1, 0.31204652786254883, -358870.0, -88087.0)
(2, 0.644801139831543, -234186.9200763292, -88087.0)
(3, 0.9894905090332031, -214447.27647875, -88087.0)
(4, 1.3156349658966064, -209182.7930340755, -88087.0)
(5, 1.6672508716583252, -205703.4275232764, -88087.0)
(6, 2.0213561058044434, -205703.4275232764, -88087.0)
(7, 2.3480024337768555, -205703.4275232764, -88087.0)
(8, 2.6680588722229004, -205703.4275232764, -88087.0)
(9, 2.9939262866973877, -205703.4275232764, -88087.0)
(10, 3.3420238494873047, -205703.4275232764, -88087.0)
(11, 3.699937343597412, -205703.4275232764, -88087.0)
(12, 4.031796216964722, -205703.4275232764, -88087.0)
(13, 4.453897953033447, -205703.4275232764, -88087.0)
(14, 4.915158033370972, -205703.4275232764, -88087.0)
(15, 5.332598447799683, -205703.4275232764, -88087.0)
(16, 5.760602712631226, -205703.4275232764, -88087.0)
(17, 6.227086782455444, -205703.4275232764, -88087.0)
(18, 6.576969385147095, -205703.4275232764, -88087.0)
(19, 6.956494331359863, -205703.4275232764, -88087.0)
(20, 7.350789785385132, -205703.4275232764, -88087.0)
(21, 7.860961437225342, -205703.4275232764, -88087.0)
(22, 8.308759212493896, -205703.4275232764, -88087.0)
(23, 8.785471677780151, -198693.5347978261, -88087.0)
(24, 9.273629903793335, -198609.8824773367, -88087.0)
(25, 9.788785219192505, -188028.01361980732, -88087.0)
(26, 10.349710941314697, -179430.13062941845, -88087.0)
(27, 10.98917269706726, -164475.85472198416, -88087.0)
(28, 11.746630907058716, -147190.0319834729, -88087.0)
(29, 12.610036849975586, -130776.24910482622, -88087.0)
(30, 13.624892234802246, -116574.52308271229, -88087.0)
(31, 14.748291492462158, -106592.08353603845, -88087.0)
(32, 15.910136699676514, -103787.7163202102, -98712.26574018375)
(33, 17.20405340194702, -102685.5454435544, -98727.28910645522)
(34, 18.553513288497925, -101408.84418150554, -98771.54051652984)
(35, 20.029078722000122, -100940.03381453067, -98798.09155881773)
(36, 21.468251705169678, -100373.29055810595, -98814.58661550711)
(37, 23.011426210403442, -100066.01216169186, -98834.55335337287)
(38, 24.680678367614746, -99824.13035064824, -98844.74976561074)
(39, 26.468546867370605, -99472.32146484261, -98851.33578919747)
(40, 28.29632258415222, -99320.41515804459, -98855.56793899149)
(41, 30.24475121498108, -99241.57566388305, -98859.33505458309)
(42, 32.36620855331421, -99122.2637539511, -98862.96478642078)
(43, 34.6938750743866, -99050.66912813208, -98865.03494253616)
(44, 37.07635188102722, -98999.89053202039, -98867.05667938857)
(45, 39.2230122089386, -98912.93614538881, -98868.07118412659)
(46, 41.42615222930908, -98881.63192686293, -98868.21583461422)
(47, 43.491509437561035, -98872.26538516427, -98868.2511525586)
(48, 45.986966609954834, -98870.82520453184, -98868.40144670517)
(49, 48.118003845214844, -98869.2094006648, -98868.51691331921)
(50, 50.53906440734863, -98868.72465952068, -98868.51691331973)
(51, 52.97211933135986, -98868.72465952068, -98868.51691331938)
(52, 55.52532243728638, -98868.58805547583, -98868.51691331918)
(53, 57.79857397079468, -98868.53825594184, -98868.51691331914)
