(1, 0.013341903686523438, -88743.0, -13643.0)
(2, 0.027055978775024414, -68906.73351726263, -13643.0)
(3, 0.042533159255981445, -45498.54587602246, -13643.0)
(4, 0.05878257751464844, -32595.792961229894, -13643.0)
(5, 0.07609391212463379, -29048.880675165612, -13643.0)
(6, 0.09456467628479004, -22243.765900371825, -17473.25)
(7, 0.11742830276489258, -19493.904937556985, -17509.64285714286)
(8, 0.14236903190612793, -18558.952121574937, -17513.0)
(9, 0.1715550422668457, -17897.69150865943, -17544.24074074074)
(10, 0.19956707954406738, -17697.028478326276, -17561.88888888889)
(11, 0.228867769241333, -17603.96941306305, -17564.08695652174)
(12, 0.26027917861938477, -17576.93601328922, -17564.086956521744)
(13, 0.29185914993286133, -17568.555803986732, -17564.964285714286)
(14, 0.3247811794281006, -17568.555803986732, -17564.964285714283)
(15, 0.35822153091430664, -17566.650074528716, -17565.833333333332)
(16, 0.3882937431335449, -17566.07835569083, -17565.833333333332)
(17, 0.41954493522644043, -17565.906840040512, -17565.833333333332)
(18, 0.45061254501342773, -17565.855385345323, -17565.833333333332)
(19, 0.4825148582458496, -17565.839948936948, -17565.833333333332)
(20, 0.5139923095703125, -17565.835318006408, -17565.833333333332)
