(1, 0.24336624145507812, -355586.0, -88196.0)
(2, 0.4482259750366211, -355586.0, -88196.0)
(3, 0.6588068008422852, -355586.0, -88196.0)
(4, 0.8682355880737305, -355586.0, -88196.0)
(5, 1.069828987121582, -355586.0, -88196.0)
(6, 1.2780861854553223, -355586.0, -88196.0)
(7, 1.4854099750518799, -355586.0, -88196.0)
(8, 1.693882942199707, -355586.0, -88196.0)
(9, 1.906118392944336, -355586.0, -88196.0)
(10, 2.1154983043670654, -355586.0, -88196.0)
(11, 2.3117799758911133, -355586.0, -88196.0)
(12, 2.513522148132324, -355586.0, -88196.0)
(13, 2.7268636226654053, -355586.0, -88196.0)
(14, 2.934292793273926, -355586.0, -88196.0)
(15, 3.133075475692749, -355586.0, -88196.0)
(16, 3.329707384109497, -355586.0, -88196.0)
(17, 3.558854579925537, -355586.0, -88196.0)
(18, 3.772704839706421, -354890.5789473684, -88196.0)
(19, 3.9942562580108643, -354890.5789473684, -88196.0)
(20, 4.225141763687134, -354890.5789473684, -88196.0)
(21, 4.444330453872681, -354890.5789473684, -88196.0)
(22, 4.669113397598267, -354890.5789473684, -88196.0)
(23, 4.872509002685547, -354890.5789473684, -88196.0)
(24, 5.069401741027832, -354890.5789473684, -88196.0)
(25, 5.299799680709839, -354890.5789473684, -88196.0)
(26, 5.505985736846924, -354890.5789473684, -88196.0)
(27, 5.734677791595459, -354890.5789473684, -88196.0)
(28, 5.943226099014282, -354890.5789473684, -88196.0)
(29, 6.163128614425659, -354890.5789473684, -88196.0)
(30, 6.3827831745147705, -354890.5789473684, -88196.0)
(31, 6.594001293182373, -354890.5789473684, -88196.0)
(32, 6.819350957870483, -354890.5789473684, -88196.0)
(33, 7.039829730987549, -354890.5789473684, -88196.0)
(34, 7.25829291343689, -354890.5789473684, -88196.0)
(35, 7.485986232757568, -354890.5789473684, -88196.0)
(36, 7.709688186645508, -354890.5789473684, -88196.0)
(37, 7.933299541473389, -354890.5789473684, -88196.0)
(38, 8.168956756591797, -354890.5789473684, -88196.0)
(39, 8.38562822341919, -354890.5789473684, -88196.0)
(40, 8.61511492729187, -354890.5789473684, -88196.0)
(41, 8.840060234069824, -354890.5789473684, -88196.0)
(42, 9.061264991760254, -354890.5789473684, -88196.0)
(43, 9.286890268325806, -354890.5789473684, -88196.0)
(44, 9.507992029190063, -354890.5789473684, -88196.0)
(45, 9.721988916397095, -354890.5789473684, -88196.0)
(46, 9.931934118270874, -354890.5789473684, -88196.0)
(47, 10.13997483253479, -354890.5789473684, -88196.0)
(48, 10.355487585067749, -354890.5789473684, -88196.0)
(49, 10.607354164123535, -349559.19093642617, -88196.0)
(50, 10.848305702209473, -349559.19093642617, -88196.0)
(51, 11.06898307800293, -349559.19093642617, -88196.0)
(52, 11.29418659210205, -349559.19093642617, -88196.0)
(53, 11.51576280593872, -349559.19093642617, -88196.0)
(54, 11.74613618850708, -349559.19093642617, -88196.0)
(55, 11.974145650863647, -349559.19093642617, -88196.0)
(56, 12.203444004058838, -349559.19093642617, -88196.0)
(57, 12.435503482818604, -349559.19093642617, -88196.0)
(58, 12.663887023925781, -349559.19093642617, -88196.0)
(59, 12.880358219146729, -349559.19093642617, -88196.0)
(60, 13.106047630310059, -349559.19093642617, -88196.0)
(61, 13.32626724243164, -349559.19093642617, -88196.0)
(62, 13.54153847694397, -349559.19093642617, -88196.0)
(63, 13.75534963607788, -349559.19093642617, -88196.0)
(64, 13.980510950088501, -349559.19093642617, -88196.0)
(65, 14.198444843292236, -349559.19093642617, -88196.0)
(66, 14.433525800704956, -349559.19093642617, -88196.0)
(67, 14.681143999099731, -349559.19093642617, -88196.0)
(68, 14.91925573348999, -349559.19093642617, -88196.0)
(69, 15.147640705108643, -349559.19093642617, -88196.0)
(70, 15.37187910079956, -349559.19093642617, -88196.0)
(71, 15.594561338424683, -349559.19093642617, -88196.0)
(72, 15.834992170333862, -349559.19093642617, -88196.0)
(73, 16.062479972839355, -349559.19093642617, -88196.0)
(74, 16.281644582748413, -349559.19093642617, -88196.0)
(75, 16.50296115875244, -349559.19093642617, -88196.0)
(76, 16.72434711456299, -349559.19093642617, -88196.0)
(77, 16.95041513442993, -349559.19093642617, -88196.0)
(78, 17.18193030357361, -349559.19093642617, -88196.0)
(79, 17.396623611450195, -349559.19093642617, -88196.0)
(80, 17.61420178413391, -349559.19093642617, -88196.0)
(81, 17.836982250213623, -349559.19093642617, -88196.0)
(82, 18.051384925842285, -349559.19093642617, -88196.0)
(83, 18.27389621734619, -349559.19093642617, -88196.0)
(84, 18.480759620666504, -349559.19093642617, -88196.0)
(85, 18.700485467910767, -349559.19093642617, -88196.0)
(86, 18.919161319732666, -349559.19093642617, -88196.0)
(87, 19.13431215286255, -349559.19093642617, -88196.0)
(88, 19.411201238632202, -346812.39222188253, -88196.0)
(89, 19.660250425338745, -346812.39222188253, -88196.0)
(90, 19.88947558403015, -346812.39222188253, -88196.0)
(91, 20.124914169311523, -346812.39222188253, -88196.0)
(92, 20.36322283744812, -346812.39222188253, -88196.0)
(93, 20.58950638771057, -346812.39222188253, -88196.0)
(94, 20.807267665863037, -346812.39222188253, -88196.0)
(95, 21.03875708580017, -346812.39222188253, -88196.0)
(96, 21.260854482650757, -346812.39222188253, -88196.0)
(97, 21.483717918395996, -346812.39222188253, -88196.0)
(98, 21.715059518814087, -346812.39222188253, -88196.0)
(99, 21.936819314956665, -346812.39222188253, -88196.0)
(100, 22.165561199188232, -346812.39222188253, -88196.0)
(101, 22.388763904571533, -346812.39222188253, -88196.0)
(102, 22.61451029777527, -346812.39222188253, -88196.0)
(103, 22.83823275566101, -346812.39222188253, -88196.0)
(104, 23.067031145095825, -346812.39222188253, -88196.0)
(105, 23.297377109527588, -346812.39222188253, -88196.0)
(106, 23.523610591888428, -346812.39222188253, -88196.0)
(107, 23.753751516342163, -346812.39222188253, -88196.0)
(108, 23.984397888183594, -346812.39222188253, -88196.0)
(109, 24.2183096408844, -346812.39222188253, -88196.0)
(110, 24.443601369857788, -346812.39222188253, -88196.0)
(111, 24.664602279663086, -346812.39222188253, -88196.0)
(112, 24.894238233566284, -346812.39222188253, -88196.0)
(113, 25.125288248062134, -346812.39222188253, -88196.0)
(114, 25.35772705078125, -346812.39222188253, -88196.0)
(115, 25.578503847122192, -346812.39222188253, -88196.0)
(116, 25.81089997291565, -346812.39222188253, -88196.0)
(117, 26.037878274917603, -346812.39222188253, -88196.0)
(118, 26.269686698913574, -346812.39222188253, -88196.0)
(119, 26.49336004257202, -346812.39222188253, -88196.0)
(120, 26.717257022857666, -346812.39222188253, -88196.0)
(121, 26.938305854797363, -346812.39222188253, -88196.0)
(122, 27.17362356185913, -346812.39222188253, -88196.0)
(123, 27.411864519119263, -346812.39222188253, -88196.0)
(124, 27.63796329498291, -346812.39222188253, -88196.0)
(125, 27.871097803115845, -346812.39222188253, -88196.0)
(126, 28.094998598098755, -346812.39222188253, -88196.0)
(127, 28.325281858444214, -346812.39222188253, -88196.0)
(128, 28.622278690338135, -346478.72072896146, -88196.0)
(129, 28.924683332443237, -335975.18716045265, -88196.0)
(130, 29.189637660980225, -335975.18716045265, -88196.0)
(131, 29.486863613128662, -335975.18716045265, -88196.0)
(132, 29.763437271118164, -335975.18716045265, -88196.0)
(133, 30.028364419937134, -335975.18716045265, -88196.0)
(134, 30.293572187423706, -335975.18716045265, -88196.0)
(135, 30.599717617034912, -335975.18716045265, -88196.0)
(136, 30.840818881988525, -335975.18716045265, -88196.0)
(137, 31.081702947616577, -335975.18716045265, -88196.0)
(138, 31.324203968048096, -335975.18716045265, -88196.0)
(139, 31.56080961227417, -335975.18716045265, -88196.0)
(140, 31.793589115142822, -335975.18716045265, -88196.0)
(141, 32.022483825683594, -335975.18716045265, -88196.0)
(142, 32.26077175140381, -335975.18716045265, -88196.0)
(143, 32.49555230140686, -335975.18716045265, -88196.0)
(144, 32.73776030540466, -335975.18716045265, -88196.0)
(145, 32.99117136001587, -335975.18716045265, -88196.0)
(146, 33.23743653297424, -335975.18716045265, -88196.0)
(147, 33.48245286941528, -335975.18716045265, -88196.0)
(148, 33.74335527420044, -335975.18716045265, -88196.0)
(149, 34.00899529457092, -335975.18716045265, -88196.0)
(150, 34.270403146743774, -335975.18716045265, -88196.0)
(151, 34.5121955871582, -335975.18716045265, -88196.0)
(152, 34.75666880607605, -335975.18716045265, -88196.0)
(153, 35.018754959106445, -335975.18716045265, -88196.0)
(154, 35.28429818153381, -335975.18716045265, -88196.0)
(155, 35.529911041259766, -335975.18716045265, -88196.0)
(156, 35.80629014968872, -335975.18716045265, -88196.0)
(157, 36.06612014770508, -335975.18716045265, -88196.0)
(158, 36.33002734184265, -335975.18716045265, -88196.0)
(159, 36.585976123809814, -335975.18716045265, -88196.0)
(160, 36.88081932067871, -335975.18716045265, -88196.0)
(161, 37.14927911758423, -335975.18716045265, -88196.0)
(162, 37.41647791862488, -335975.18716045265, -88196.0)
(163, 37.69959759712219, -335975.18716045265, -88196.0)
(164, 37.96938371658325, -335975.18716045265, -88196.0)
(165, 38.23995494842529, -335975.18716045265, -88196.0)
(166, 38.50939464569092, -335975.18716045265, -88196.0)
(167, 38.76220345497131, -335975.18716045265, -88196.0)
(168, 39.01564311981201, -335975.18716045265, -88196.0)
(169, 39.28052377700806, -335975.18716045265, -88196.0)
(170, 39.5451922416687, -335975.18716045265, -88196.0)
(171, 39.7927041053772, -335975.18716045265, -88196.0)
(172, 40.0490984916687, -335975.18716045265, -88196.0)
(173, 40.30845236778259, -335975.18716045265, -88196.0)
(174, 40.570998668670654, -335975.18716045265, -88196.0)
(175, 40.83640432357788, -335975.18716045265, -88196.0)
(176, 41.10497736930847, -335975.18716045265, -88196.0)
(177, 41.35871410369873, -335975.18716045265, -88196.0)
(178, 41.611138582229614, -335975.18716045265, -88196.0)
(179, 41.86699414253235, -335975.18716045265, -88196.0)
(180, 42.13904047012329, -335975.18716045265, -88196.0)
(181, 42.375152587890625, -335975.18716045265, -88196.0)
(182, 42.622854709625244, -335975.18716045265, -88196.0)
(183, 42.86800241470337, -335975.18716045265, -88196.0)
(184, 43.118359327316284, -335975.18716045265, -88196.0)
(185, 43.377479553222656, -335975.18716045265, -88196.0)
(186, 43.67114305496216, -335975.18716045265, -88196.0)
(187, 43.94945049285889, -335975.18716045265, -88196.0)
(188, 44.22274136543274, -335975.18716045265, -88196.0)
(189, 44.49232602119446, -335975.18716045265, -88196.0)
(190, 44.76115965843201, -335975.18716045265, -88196.0)
(191, 45.033910036087036, -335975.18716045265, -88196.0)
(192, 45.318695306777954, -335975.18716045265, -88196.0)
(193, 45.61230111122131, -335975.18716045265, -88196.0)
(194, 45.88468933105469, -335975.18716045265, -88196.0)
(195, 46.179030895233154, -335975.18716045265, -88196.0)
(196, 46.4778470993042, -335975.18716045265, -88196.0)
(197, 46.76607966423035, -335975.18716045265, -88196.0)
(198, 47.03618359565735, -335975.18716045265, -88196.0)
(199, 47.38821220397949, -330951.9058422158, -88196.0)
(200, 47.74233531951904, -330951.9058422158, -88196.0)
(201, 48.06908202171326, -330951.9058422158, -88196.0)
(202, 48.399354696273804, -330951.9058422158, -88196.0)
(203, 48.716591596603394, -330951.9058422158, -88196.0)
(204, 49.03698420524597, -330951.9058422158, -88196.0)
(205, 49.32918667793274, -330951.9058422158, -88196.0)
(206, 49.63342475891113, -330951.9058422158, -88196.0)
(207, 49.946479082107544, -330951.9058422158, -88196.0)
(208, 50.24592471122742, -330951.9058422158, -88196.0)
(209, 50.52270007133484, -330951.9058422158, -88196.0)
(210, 50.76967930793762, -330951.9058422158, -88196.0)
(211, 51.067365407943726, -330951.9058422158, -88196.0)
(212, 51.36494493484497, -330951.9058422158, -88196.0)
(213, 51.64424657821655, -330951.9058422158, -88196.0)
(214, 51.91031622886658, -330951.9058422158, -88196.0)
(215, 52.16079664230347, -330951.9058422158, -88196.0)
(216, 52.42873406410217, -330951.9058422158, -88196.0)
(217, 52.679222106933594, -330951.9058422158, -88196.0)
(218, 52.91133666038513, -330951.9058422158, -88196.0)
(219, 53.172358989715576, -330951.9058422158, -88196.0)
(220, 53.44171214103699, -330951.9058422158, -88196.0)
(221, 53.68193030357361, -330951.9058422158, -88196.0)
(222, 53.932657957077026, -330951.9058422158, -88196.0)
(223, 54.1766631603241, -330951.9058422158, -88196.0)
(224, 54.4180121421814, -330951.9058422158, -88196.0)
(225, 54.668713331222534, -330951.9058422158, -88196.0)
(226, 54.926257371902466, -330951.9058422158, -88196.0)
(227, 55.18621587753296, -330951.9058422158, -88196.0)
(228, 55.45807600021362, -330951.9058422158, -88196.0)
(229, 55.72094202041626, -330951.9058422158, -88196.0)
(230, 55.969314098358154, -330951.9058422158, -88196.0)
(231, 56.21968698501587, -330951.9058422158, -88196.0)
(232, 56.47131562232971, -330951.9058422158, -88196.0)
(233, 56.73008584976196, -330951.9058422158, -88196.0)
(234, 56.98054075241089, -330951.9058422158, -88196.0)
(235, 57.22702765464783, -330951.9058422158, -88196.0)
(236, 57.48077058792114, -330951.9058422158, -88196.0)
(237, 57.73396944999695, -330951.9058422158, -88196.0)
(238, 57.98715257644653, -330951.9058422158, -88196.0)
(239, 58.24684476852417, -330951.9058422158, -88196.0)
(240, 58.49916887283325, -330951.9058422158, -88196.0)
(241, 58.75697731971741, -330951.9058422158, -88196.0)
(242, 59.020020723342896, -330951.9058422158, -88196.0)
(243, 59.309553146362305, -330951.9058422158, -88196.0)
(244, 59.64520049095154, -330951.9058422158, -88196.0)
(245, 59.95984411239624, -330951.9058422158, -88196.0)
(246, 60.26021885871887, -330951.9058422158, -88196.0)
(247, 60.572084188461304, -330951.9058422158, -88196.0)
(248, 60.87749886512756, -330951.9058422158, -88196.0)
(249, 61.15146517753601, -330951.9058422158, -88196.0)
(250, 61.441511154174805, -330951.9058422158, -88196.0)
(251, 61.71517610549927, -330951.9058422158, -88196.0)
(252, 61.99048686027527, -330951.9058422158, -88196.0)
(253, 62.232354164123535, -330951.9058422158, -88196.0)
(254, 62.495567083358765, -330951.9058422158, -88196.0)
(255, 62.75342392921448, -330951.9058422158, -88196.0)
(256, 63.10486817359924, -330951.9058422158, -88196.0)
(257, 63.46528506278992, -321413.4514995744, -88196.0)
(258, 63.79891300201416, -321413.4514995744, -88196.0)
(259, 64.1026451587677, -321413.4514995744, -88196.0)
(260, 64.45572209358215, -321413.4514995744, -88196.0)
(261, 64.73589730262756, -321413.4514995744, -88196.0)
(262, 65.02551293373108, -321413.4514995744, -88196.0)
(263, 65.31414771080017, -321413.4514995744, -88196.0)
(264, 65.58329916000366, -321413.4514995744, -88196.0)
(265, 65.83677673339844, -321413.4514995744, -88196.0)
(266, 66.09255361557007, -321413.4514995744, -88196.0)
(267, 66.35340666770935, -321413.4514995744, -88196.0)
(268, 66.61297941207886, -321413.4514995744, -88196.0)
(269, 66.90291810035706, -321413.4514995744, -88196.0)
(270, 67.19199872016907, -321413.4514995744, -88196.0)
(271, 67.44166970252991, -321413.4514995744, -88196.0)
(272, 67.71968460083008, -321413.4514995744, -88196.0)
(273, 67.99109959602356, -321413.4514995744, -88196.0)
(274, 68.24557948112488, -321413.4514995744, -88196.0)
(275, 68.50299763679504, -321413.4514995744, -88196.0)
(276, 68.74079370498657, -321413.4514995744, -88196.0)
(277, 68.97851824760437, -321413.4514995744, -88196.0)
(278, 69.21878623962402, -321413.4514995744, -88196.0)
(279, 69.4627914428711, -321413.4514995744, -88196.0)
(280, 69.72126913070679, -321413.4514995744, -88196.0)
(281, 69.98160290718079, -321413.4514995744, -88196.0)
(282, 70.22496151924133, -321413.4514995744, -88196.0)
(283, 70.48836374282837, -321413.4514995744, -88196.0)
(284, 70.72582030296326, -321413.4514995744, -88196.0)
(285, 70.98021101951599, -321413.4514995744, -88196.0)
(286, 71.24455285072327, -321413.4514995744, -88196.0)
(287, 71.50766634941101, -321413.4514995744, -88196.0)
(288, 71.75884342193604, -321413.4514995744, -88196.0)
(289, 72.01655530929565, -321413.4514995744, -88196.0)
(290, 72.29451060295105, -321413.4514995744, -88196.0)
(291, 72.55670237541199, -321413.4514995744, -88196.0)
(292, 72.82357287406921, -321413.4514995744, -88196.0)
(293, 73.08121466636658, -321413.4514995744, -88196.0)
(294, 73.35360050201416, -321413.4514995744, -88196.0)
(295, 73.59446907043457, -321413.4514995744, -88196.0)
(296, 73.83424401283264, -321413.4514995744, -88196.0)
(297, 74.09229755401611, -321413.4514995744, -88196.0)
(298, 74.3449649810791, -321413.4514995744, -88196.0)
(299, 74.61964845657349, -321413.4514995744, -88196.0)
(300, 74.88232851028442, -321413.4514995744, -88196.0)
(301, 75.15034008026123, -321413.4514995744, -88196.0)
(302, 75.39911723136902, -321413.4514995744, -88196.0)
(303, 75.67065787315369, -321413.4514995744, -88196.0)
(304, 75.95000648498535, -321413.4514995744, -88196.0)
(305, 76.2219717502594, -321413.4514995744, -88196.0)
(306, 76.48296451568604, -321413.4514995744, -88196.0)
(307, 76.7653501033783, -321413.4514995744, -88196.0)
(308, 77.0556857585907, -321413.4514995744, -88196.0)
(309, 77.29883646965027, -321413.4514995744, -88196.0)
(310, 77.574138879776, -321413.4514995744, -88196.0)
(311, 77.8475866317749, -321413.4514995744, -88196.0)
(312, 78.10324048995972, -321413.4514995744, -88196.0)
(313, 78.38075351715088, -321413.4514995744, -88196.0)
(314, 78.64414310455322, -321413.4514995744, -88196.0)
(315, 78.90722036361694, -321413.4514995744, -88196.0)
(316, 79.17645812034607, -321413.4514995744, -88196.0)
(317, 79.49162721633911, -321413.4514995744, -88196.0)
(318, 79.77732706069946, -321413.4514995744, -88196.0)
(319, 80.04535174369812, -321413.4514995744, -88196.0)
(320, 80.30266785621643, -321413.4514995744, -88196.0)
(321, 80.57482552528381, -321413.4514995744, -88196.0)
(322, 80.82571625709534, -321413.4514995744, -88196.0)
(323, 81.12420845031738, -321413.4514995744, -88196.0)
(324, 81.38809251785278, -321413.4514995744, -88196.0)
(325, 81.6548285484314, -321413.4514995744, -88196.0)
(326, 81.91347622871399, -321413.4514995744, -88196.0)
(327, 82.19078421592712, -321413.4514995744, -88196.0)
(328, 82.45613026618958, -321413.4514995744, -88196.0)
(329, 82.73643708229065, -321413.4514995744, -88196.0)
(330, 83.00012612342834, -321413.4514995744, -88196.0)
(331, 83.2856285572052, -321413.4514995744, -88196.0)
(332, 83.56120944023132, -321413.4514995744, -88196.0)
(333, 83.81430435180664, -321413.4514995744, -88196.0)
(334, 84.10117411613464, -321413.4514995744, -88196.0)
(335, 84.37808585166931, -321413.4514995744, -88196.0)
(336, 84.63668155670166, -321413.4514995744, -88196.0)
(337, 84.90956950187683, -321413.4514995744, -88196.0)
(338, 85.19032287597656, -321413.4514995744, -88196.0)
(339, 85.49212694168091, -321413.4514995744, -88196.0)
(340, 85.75003361701965, -321413.4514995744, -88196.0)
(341, 86.02370429039001, -321413.4514995744, -88196.0)
(342, 86.29173398017883, -321413.4514995744, -88196.0)
(343, 86.55311822891235, -321413.4514995744, -88196.0)
(344, 86.83403277397156, -321413.4514995744, -88196.0)
(345, 87.09470248222351, -321413.4514995744, -88196.0)
(346, 87.37636637687683, -321413.4514995744, -88196.0)
(347, 87.64719843864441, -321413.4514995744, -88196.0)
(348, 87.90367197990417, -321413.4514995744, -88196.0)
(349, 88.17327880859375, -321413.4514995744, -88196.0)
(350, 88.4365508556366, -321413.4514995744, -88196.0)
(351, 88.72729325294495, -321413.4514995744, -88196.0)
(352, 88.99981093406677, -321413.4514995744, -88196.0)
(353, 89.25091695785522, -321413.4514995744, -88196.0)
(354, 89.5103907585144, -321413.4514995744, -88196.0)
(355, 89.78750801086426, -321413.4514995744, -88196.0)
(356, 90.05642247200012, -321413.4514995744, -88196.0)
(357, 90.32854580879211, -321413.4514995744, -88196.0)
(358, 90.61485981941223, -321413.4514995744, -88196.0)
(359, 90.8964216709137, -321413.4514995744, -88196.0)
(360, 91.16992855072021, -321413.4514995744, -88196.0)
(361, 91.4829089641571, -321413.4514995744, -88196.0)
(362, 91.87629222869873, -321413.4514995744, -88196.0)
(363, 92.36069512367249, -321413.4514995744, -88196.0)
(364, 92.70837688446045, -321413.4514995744, -88196.0)
(365, 93.10138463973999, -321413.4514995744, -88196.0)
(366, 93.45023798942566, -321413.4514995744, -88196.0)
(367, 93.82029438018799, -321413.4514995744, -88196.0)
(368, 94.24990606307983, -321413.4514995744, -88196.0)
(369, 94.62011742591858, -321413.4514995744, -88196.0)
(370, 94.9278347492218, -321413.4514995744, -88196.0)
(371, 95.27953481674194, -321413.4514995744, -88196.0)
(372, 95.63216829299927, -321413.4514995744, -88196.0)
(373, 95.96150207519531, -321413.4514995744, -88196.0)
(374, 96.27258682250977, -321413.4514995744, -88196.0)
(375, 96.58101511001587, -321413.4514995744, -88196.0)
(376, 96.88569593429565, -321413.4514995744, -88196.0)
(377, 97.19191718101501, -321413.4514995744, -88196.0)
(378, 97.48133444786072, -321413.4514995744, -88196.0)
(379, 97.78374028205872, -321413.4514995744, -88196.0)
(380, 98.10606026649475, -321413.4514995744, -88196.0)
(381, 98.40223741531372, -321413.4514995744, -88196.0)
(382, 98.70330214500427, -321413.4514995744, -88196.0)
(383, 99.00048542022705, -321413.4514995744, -88196.0)
(384, 99.28603553771973, -321413.4514995744, -88196.0)
(385, 99.61487340927124, -321413.4514995744, -88196.0)
(386, 99.92313742637634, -321413.4514995744, -88196.0)
(387, 100.22280311584473, -321413.4514995744, -88196.0)
(388, 100.53810334205627, -321413.4514995744, -88196.0)
(389, 100.87454843521118, -321413.4514995744, -88196.0)
(390, 101.20972299575806, -321413.4514995744, -88196.0)
(391, 101.54648017883301, -321413.4514995744, -88196.0)
(392, 101.91199207305908, -321413.4514995744, -88196.0)
(393, 102.27745747566223, -321413.4514995744, -88196.0)
(394, 102.64694499969482, -321413.4514995744, -88196.0)
(395, 102.96686100959778, -321413.4514995744, -88196.0)
(396, 103.32970476150513, -321413.4514995744, -88196.0)
(397, 103.71482610702515, -321413.4514995744, -88196.0)
(398, 104.10169649124146, -321413.4514995744, -88196.0)
(399, 104.44562888145447, -321413.4514995744, -88196.0)
(400, 104.82597780227661, -321413.4514995744, -88196.0)
(401, 105.17481851577759, -321413.4514995744, -88196.0)
(402, 105.5221300125122, -321413.4514995744, -88196.0)
(403, 105.8664824962616, -321413.4514995744, -88196.0)
(404, 106.2190945148468, -321413.4514995744, -88196.0)
(405, 106.5265543460846, -321413.4514995744, -88196.0)
(406, 106.8264479637146, -321413.4514995744, -88196.0)
(407, 107.11516976356506, -321413.4514995744, -88196.0)
(408, 107.39559769630432, -321413.4514995744, -88196.0)
(409, 107.67217111587524, -321413.4514995744, -88196.0)
(410, 107.96080231666565, -321413.4514995744, -88196.0)
(411, 108.35943841934204, -321413.4514995744, -88196.0)
(412, 108.7348563671112, -321413.4514995744, -88196.0)
(413, 109.09878897666931, -321413.4514995744, -88196.0)
(414, 109.46022486686707, -321413.4514995744, -88196.0)
(415, 109.7833685874939, -321413.4514995744, -88196.0)
(416, 110.09612679481506, -321413.4514995744, -88196.0)
(417, 110.43731951713562, -321413.4514995744, -88196.0)
(418, 110.79172158241272, -321413.4514995744, -88196.0)
(419, 111.09979844093323, -321413.4514995744, -88196.0)
(420, 111.40970277786255, -321413.4514995744, -88196.0)
(421, 111.690988779068, -321413.4514995744, -88196.0)
(422, 111.99801969528198, -321413.4514995744, -88196.0)
(423, 112.33099031448364, -321413.4514995744, -88196.0)
(424, 112.67460918426514, -321413.4514995744, -88196.0)
(425, 113.02360391616821, -321413.4514995744, -88196.0)
(426, 113.35404920578003, -321413.4514995744, -88196.0)
(427, 113.72730278968811, -321413.4514995744, -88196.0)
(428, 114.09749150276184, -321413.4514995744, -88196.0)
(429, 114.46400332450867, -321413.4514995744, -88196.0)
(430, 114.81585216522217, -321413.4514995744, -88196.0)
(431, 115.15581440925598, -321413.4514995744, -88196.0)
(432, 115.51427888870239, -321413.4514995744, -88196.0)
(433, 115.90089821815491, -321413.4514995744, -88196.0)
(434, 116.28544640541077, -321413.4514995744, -88196.0)
(435, 116.66155362129211, -321413.4514995744, -88196.0)
(436, 117.02263140678406, -321413.4514995744, -88196.0)
(437, 117.40813946723938, -321413.4514995744, -88196.0)
(438, 117.83475160598755, -321413.4514995744, -88196.0)
(439, 118.16017055511475, -321413.4514995744, -88196.0)
(440, 118.49961304664612, -321413.4514995744, -88196.0)
(441, 118.84824752807617, -321413.4514995744, -88196.0)
(442, 119.16479110717773, -321413.4514995744, -88196.0)
(443, 119.49795508384705, -321413.4514995744, -88196.0)
(444, 119.86328077316284, -321413.4514995744, -88196.0)
(445, 120.1833188533783, -321413.4514995744, -88196.0)
(446, 120.4912121295929, -321413.4514995744, -88196.0)
(447, 120.812331199646, -321413.4514995744, -88196.0)
(448, 121.09519410133362, -321413.4514995744, -88196.0)
(449, 121.3853223323822, -321413.4514995744, -88196.0)
(450, 121.71572947502136, -321413.4514995744, -88196.0)
(451, 122.04562497138977, -321413.4514995744, -88196.0)
(452, 122.40933060646057, -321413.4514995744, -88196.0)
(453, 122.70284342765808, -321413.4514995744, -88196.0)
(454, 123.09701323509216, -321413.4514995744, -88196.0)
(455, 123.44449043273926, -321413.4514995744, -88196.0)
(456, 123.78455114364624, -321413.4514995744, -88196.0)
(457, 124.15836453437805, -321413.4514995744, -88196.0)
(458, 124.52594208717346, -321413.4514995744, -88196.0)
(459, 124.9453227519989, -321413.4514995744, -88196.0)
(460, 125.34525537490845, -321413.4514995744, -88196.0)
(461, 125.73901653289795, -321413.4514995744, -88196.0)
(462, 126.14628744125366, -321413.4514995744, -88196.0)
(463, 126.49740314483643, -321413.4514995744, -88196.0)
(464, 126.82070922851562, -321413.4514995744, -88196.0)
(465, 127.2945487499237, -321413.4514995744, -88196.0)
(466, 127.74290561676025, -321413.4514995744, -88196.0)
(467, 128.15240621566772, -321413.4514995744, -88196.0)
(468, 128.49298787117004, -321413.4514995744, -88196.0)
(469, 128.8223581314087, -321413.4514995744, -88196.0)
(470, 129.19285655021667, -321413.4514995744, -88196.0)
(471, 129.55247688293457, -321413.4514995744, -88196.0)
(472, 129.8833281993866, -321413.4514995744, -88196.0)
(473, 130.20588326454163, -321413.4514995744, -88196.0)
(474, 130.5162477493286, -321413.4514995744, -88196.0)
(475, 130.84895086288452, -321413.4514995744, -88196.0)
(476, 131.2208173274994, -321413.4514995744, -88196.0)
(477, 131.5916690826416, -321413.4514995744, -88196.0)
(478, 131.90329360961914, -321413.4514995744, -88196.0)
(479, 132.2252278327942, -321413.4514995744, -88196.0)
(480, 132.62686562538147, -321413.4514995744, -88196.0)
(481, 132.9947030544281, -321413.4514995744, -88196.0)
(482, 133.3669092655182, -321413.4514995744, -88196.0)
(483, 133.73760652542114, -321413.4514995744, -88196.0)
(484, 134.03890323638916, -321413.4514995744, -88196.0)
(485, 134.4330017566681, -321413.4514995744, -88196.0)
(486, 134.80475521087646, -321413.4514995744, -88196.0)
(487, 135.1882061958313, -321413.4514995744, -88196.0)
(488, 135.58129119873047, -321413.4514995744, -88196.0)
(489, 135.96322894096375, -321413.4514995744, -88196.0)
(490, 136.3568377494812, -321413.4514995744, -88196.0)
(491, 136.7753336429596, -321413.4514995744, -88196.0)
(492, 137.1973533630371, -321413.4514995744, -88196.0)
(493, 137.5283010005951, -321413.4514995744, -88196.0)
(494, 137.93160486221313, -321413.4514995744, -88196.0)
(495, 138.35300135612488, -321413.4514995744, -88196.0)
(496, 138.7992856502533, -321413.4514995744, -88196.0)
(497, 139.23591232299805, -321413.4514995744, -88196.0)
(498, 139.62639021873474, -321413.4514995744, -88196.0)
(499, 140.03001832962036, -321413.4514995744, -88196.0)
(500, 140.42599511146545, -321413.4514995744, -88196.0)
(501, 140.7353160381317, -321413.4514995744, -88196.0)
(502, 141.05160188674927, -321413.4514995744, -88196.0)
(503, 141.44611835479736, -321413.4514995744, -88196.0)
(504, 141.86198353767395, -321413.4514995744, -88196.0)
(505, 142.28699445724487, -321413.4514995744, -88196.0)
(506, 142.7030909061432, -321413.4514995744, -88196.0)
(507, 143.11711406707764, -321413.4514995744, -88196.0)
(508, 143.4341742992401, -321413.4514995744, -88196.0)
(509, 143.84119153022766, -321413.4514995744, -88196.0)
(510, 144.24713826179504, -321413.4514995744, -88196.0)
(511, 144.68446850776672, -321413.4514995744, -88196.0)
(512, 145.0781319141388, -321413.4514995744, -88196.0)
(513, 145.41888236999512, -321413.4514995744, -88196.0)
(514, 145.8067455291748, -321413.4514995744, -88196.0)
(515, 146.19625449180603, -321413.4514995744, -88196.0)
(516, 146.5870292186737, -321413.4514995744, -88196.0)
(517, 146.9771294593811, -321413.4514995744, -88196.0)
(518, 147.33443188667297, -321413.4514995744, -88196.0)
(519, 147.71569848060608, -321413.4514995744, -88196.0)
(520, 148.0447154045105, -321413.4514995744, -88196.0)
(521, 148.54292559623718, -321413.4514995744, -88196.0)
(522, 148.94072127342224, -321413.4514995744, -88196.0)
(523, 149.35831093788147, -321413.4514995744, -88196.0)
(524, 149.85315918922424, -321413.4514995744, -88196.0)
(525, 150.36366057395935, -321413.4514995744, -88196.0)
(526, 150.86499571800232, -321413.4514995744, -88196.0)
(527, 151.3384313583374, -321413.4514995744, -88196.0)
(528, 151.72473096847534, -321413.4514995744, -88196.0)
(529, 152.15671300888062, -321413.4514995744, -88196.0)
(530, 152.58914422988892, -321413.4514995744, -88196.0)
(531, 153.011953830719, -321413.4514995744, -88196.0)
(532, 153.45053911209106, -321413.4514995744, -88196.0)
(533, 153.80809211730957, -321413.4514995744, -88196.0)
(534, 154.19515109062195, -321413.4514995744, -88196.0)
(535, 154.59764695167542, -321413.4514995744, -88196.0)
(536, 155.0436828136444, -321413.4514995744, -88196.0)
(537, 155.60570526123047, -321413.4514995744, -88196.0)
(538, 156.12669897079468, -321413.4514995744, -88196.0)
(539, 156.60774207115173, -321413.4514995744, -88196.0)
(540, 157.00669860839844, -321413.4514995744, -88196.0)
(541, 157.44353818893433, -321413.4514995744, -88196.0)
(542, 157.85062885284424, -321413.4514995744, -88196.0)
(543, 158.23711776733398, -321413.4514995744, -88196.0)
(544, 158.61684274673462, -321413.4514995744, -88196.0)
(545, 159.11568903923035, -321413.4514995744, -88196.0)
(546, 159.56421732902527, -321413.4514995744, -88196.0)
(547, 160.07730913162231, -321413.4514995744, -88196.0)
(548, 160.49132776260376, -321413.4514995744, -88196.0)
(549, 161.06554889678955, -321413.4514995744, -88196.0)
(550, 161.49903535842896, -321413.4514995744, -88196.0)
(551, 161.9035804271698, -321413.4514995744, -88196.0)
(552, 162.31420230865479, -321413.4514995744, -88196.0)
(553, 162.84356498718262, -321413.4514995744, -88196.0)
(554, 163.31075501441956, -321413.4514995744, -88196.0)
(555, 163.77705883979797, -321413.4514995744, -88196.0)
(556, 164.36081314086914, -321413.4514995744, -88196.0)
(557, 164.89200496673584, -321413.4514995744, -88196.0)
(558, 165.48045182228088, -321413.4514995744, -88196.0)
(559, 166.01812505722046, -321413.4514995744, -88196.0)
(560, 166.52189874649048, -321413.4514995744, -88196.0)
(561, 167.03974413871765, -321413.4514995744, -88196.0)
(562, 167.58019828796387, -321413.4514995744, -88196.0)
(563, 168.09919381141663, -321413.4514995744, -88196.0)
(564, 168.72455620765686, -321413.4514995744, -88196.0)
(565, 169.3259572982788, -321413.4514995744, -88196.0)
(566, 169.96119737625122, -321413.4514995744, -88196.0)
(567, 170.46054601669312, -321413.4514995744, -88196.0)
(568, 170.90997791290283, -321413.4514995744, -88196.0)
(569, 171.2883279323578, -321413.4514995744, -88196.0)
(570, 171.70919108390808, -321413.4514995744, -88196.0)
(571, 172.07474184036255, -321413.4514995744, -88196.0)
(572, 172.40127515792847, -321413.4514995744, -88196.0)
(573, 172.7756724357605, -321413.4514995744, -88196.0)
(574, 173.1226396560669, -321413.4514995744, -88196.0)
(575, 173.4602313041687, -321413.4514995744, -88196.0)
(576, 173.8160662651062, -321413.4514995744, -88196.0)
(577, 174.1615607738495, -321413.4514995744, -88196.0)
(578, 174.49821710586548, -321413.4514995744, -88196.0)
(579, 174.80941438674927, -321413.4514995744, -88196.0)
(580, 175.14122343063354, -321413.4514995744, -88196.0)
(581, 175.44206309318542, -321413.4514995744, -88196.0)
(582, 175.73385500907898, -321413.4514995744, -88196.0)
(583, 176.04882717132568, -321413.4514995744, -88196.0)
(584, 176.38354897499084, -321413.4514995744, -88196.0)
(585, 176.6786699295044, -321413.4514995744, -88196.0)
(586, 176.9848153591156, -321413.4514995744, -88196.0)
(587, 177.2685902118683, -321413.4514995744, -88196.0)
(588, 177.5707929134369, -321413.4514995744, -88196.0)
(589, 177.88826441764832, -321413.4514995744, -88196.0)
(590, 178.17257976531982, -321413.4514995744, -88196.0)
(591, 178.4857156276703, -321413.4514995744, -88196.0)
(592, 178.80546045303345, -321413.4514995744, -88196.0)
(593, 179.1178092956543, -321413.4514995744, -88196.0)
(594, 179.45244979858398, -321413.4514995744, -88196.0)
(595, 179.76423597335815, -321413.4514995744, -88196.0)
(596, 180.1713206768036, -321413.4514995744, -88196.0)
(597, 180.57856678962708, -321413.4514995744, -88196.0)
(598, 180.9217939376831, -321413.4514995744, -88196.0)
(599, 181.2542769908905, -321413.4514995744, -88196.0)
(600, 181.67950081825256, -321413.4514995744, -88196.0)
(601, 182.03860330581665, -321413.4514995744, -88196.0)
(602, 182.4009120464325, -321413.4514995744, -88196.0)
(603, 182.74615597724915, -321413.4514995744, -88196.0)
(604, 183.08582091331482, -321413.4514995744, -88196.0)
(605, 183.42276048660278, -321413.4514995744, -88196.0)
(606, 183.80838227272034, -321413.4514995744, -88196.0)
(607, 184.15267133712769, -321413.4514995744, -88196.0)
(608, 184.4779007434845, -321413.4514995744, -88196.0)
(609, 184.8140504360199, -321413.4514995744, -88196.0)
(610, 185.2011682987213, -321413.4514995744, -88196.0)
(611, 185.55290937423706, -321413.4514995744, -88196.0)
(612, 185.98263216018677, -321413.4514995744, -88196.0)
(613, 186.32183456420898, -321413.4514995744, -88196.0)
(614, 186.63442730903625, -321413.4514995744, -88196.0)
(615, 186.94416165351868, -321413.4514995744, -88196.0)
(616, 187.27157735824585, -321413.4514995744, -88196.0)
(617, 187.60326981544495, -321413.4514995744, -88196.0)
(618, 187.93964385986328, -321413.4514995744, -88196.0)
(619, 188.24423718452454, -321413.4514995744, -88196.0)
(620, 188.56735587120056, -321413.4514995744, -88196.0)
(621, 188.85840249061584, -321413.4514995744, -88196.0)
(622, 189.19390964508057, -321413.4514995744, -88196.0)
(623, 189.5222556591034, -321413.4514995744, -88196.0)
(624, 189.8596932888031, -321413.4514995744, -88196.0)
(625, 190.18930315971375, -321413.4514995744, -88196.0)
(626, 190.51201701164246, -321413.4514995744, -88196.0)
(627, 190.8381118774414, -321413.4514995744, -88196.0)
(628, 191.15978479385376, -321413.4514995744, -88196.0)
(629, 191.50992059707642, -321413.4514995744, -88196.0)
(630, 191.8320450782776, -321413.4514995744, -88196.0)
(631, 192.1650333404541, -321413.4514995744, -88196.0)
(632, 192.51486110687256, -321413.4514995744, -88196.0)
(633, 192.84040784835815, -321413.4514995744, -88196.0)
(634, 193.19797444343567, -321413.4514995744, -88196.0)
(635, 193.5445544719696, -321413.4514995744, -88196.0)
(636, 193.86285948753357, -321413.4514995744, -88196.0)
(637, 194.2046890258789, -321413.4514995744, -88196.0)
(638, 194.60506463050842, -321413.4514995744, -88196.0)
(639, 195.03695011138916, -321413.4514995744, -88196.0)
(640, 195.30963683128357, -321413.4514995744, -88196.0)
(641, 195.70889258384705, -321413.4514995744, -88196.0)
(642, 196.07200503349304, -321413.4514995744, -88196.0)
(643, 196.4201261997223, -321413.4514995744, -88196.0)
(644, 196.8229832649231, -321413.4514995744, -88196.0)
(645, 197.35063242912292, -321413.4514995744, -88196.0)
(646, 197.7269904613495, -321413.4514995744, -88196.0)
(647, 198.11320066452026, -321413.4514995744, -88196.0)
(648, 198.48475885391235, -321413.4514995744, -88196.0)
(649, 198.83764481544495, -321413.4514995744, -88196.0)
(650, 199.1746871471405, -321413.4514995744, -88196.0)
(651, 199.51567101478577, -321413.4514995744, -88196.0)
(652, 199.8389458656311, -321413.4514995744, -88196.0)
(653, 200.17208337783813, -321413.4514995744, -88196.0)
(654, 200.52168011665344, -321413.4514995744, -88196.0)
(655, 200.84743475914001, -321413.4514995744, -88196.0)
(656, 201.18293023109436, -321413.4514995744, -88196.0)
(657, 201.5163083076477, -321413.4514995744, -88196.0)
(658, 201.87551593780518, -321413.4514995744, -88196.0)
(659, 202.19750142097473, -321413.4514995744, -88196.0)
(660, 202.53370809555054, -321413.4514995744, -88196.0)
(661, 202.8678674697876, -321413.4514995744, -88196.0)
(662, 203.1736991405487, -321413.4514995744, -88196.0)
(663, 203.519291639328, -321413.4514995744, -88196.0)
(664, 203.84734082221985, -321413.4514995744, -88196.0)
(665, 204.17916250228882, -321413.4514995744, -88196.0)
(666, 204.5171868801117, -321413.4514995744, -88196.0)
(667, 204.8738031387329, -321413.4514995744, -88196.0)
(668, 205.2165448665619, -321413.4514995744, -88196.0)
(669, 205.64427542686462, -321413.4514995744, -88196.0)
(670, 205.95520734786987, -321413.4514995744, -88196.0)
(671, 206.29906630516052, -321413.4514995744, -88196.0)
(672, 206.6626741886139, -321413.4514995744, -88196.0)
(673, 207.06683993339539, -321413.4514995744, -88196.0)
(674, 207.4797523021698, -321413.4514995744, -88196.0)
(675, 207.87131786346436, -321413.4514995744, -88196.0)
(676, 208.28024339675903, -321413.4514995744, -88196.0)
(677, 208.72485637664795, -321413.4514995744, -88196.0)
(678, 209.06354117393494, -321413.4514995744, -88196.0)
(679, 209.4837131500244, -321413.4514995744, -88196.0)
(680, 209.92838144302368, -321413.4514995744, -88196.0)
(681, 210.37894296646118, -321413.4514995744, -88196.0)
(682, 210.80773067474365, -321413.4514995744, -88196.0)
(683, 211.17820858955383, -321413.4514995744, -88196.0)
(684, 211.53796100616455, -321413.4514995744, -88196.0)
(685, 211.88171577453613, -321413.4514995744, -88196.0)
(686, 212.23813271522522, -321413.4514995744, -88196.0)
(687, 212.64451479911804, -321413.4514995744, -88196.0)
(688, 213.09859085083008, -321413.4514995744, -88196.0)
(689, 213.5466594696045, -321413.4514995744, -88196.0)
(690, 213.97150802612305, -321413.4514995744, -88196.0)
(691, 214.3586401939392, -321413.4514995744, -88196.0)
(692, 214.79288291931152, -321413.4514995744, -88196.0)
(693, 215.22011876106262, -321413.4514995744, -88196.0)
(694, 215.6357021331787, -321413.4514995744, -88196.0)
(695, 216.1039581298828, -321413.4514995744, -88196.0)
(696, 216.65637516975403, -321413.4514995744, -88196.0)
(697, 217.2375030517578, -321413.4514995744, -88196.0)
(698, 217.82373785972595, -321413.4514995744, -88196.0)
(699, 218.35906457901, -321413.4514995744, -88196.0)
(700, 218.83670949935913, -321413.4514995744, -88196.0)
(701, 219.368173122406, -321413.4514995744, -88196.0)
(702, 219.911523103714, -321413.4514995744, -88196.0)
(703, 220.42499709129333, -321413.4514995744, -88196.0)
(704, 220.77470421791077, -321413.4514995744, -88196.0)
(705, 221.1462368965149, -321413.4514995744, -88196.0)
(706, 221.5040843486786, -321413.4514995744, -88196.0)
(707, 221.8193211555481, -321413.4514995744, -88196.0)
(708, 222.1399211883545, -321413.4514995744, -88196.0)
(709, 222.49216151237488, -321413.4514995744, -88196.0)
(710, 222.8055021762848, -321413.4514995744, -88196.0)
(711, 223.1106822490692, -321413.4514995744, -88196.0)
(712, 223.45047807693481, -321413.4514995744, -88196.0)
(713, 223.77674055099487, -321413.4514995744, -88196.0)
(714, 224.10511136054993, -321413.4514995744, -88196.0)
(715, 224.45148515701294, -321413.4514995744, -88196.0)
(716, 224.7712640762329, -321413.4514995744, -88196.0)
(717, 225.100266456604, -321413.4514995744, -88196.0)
(718, 225.41940212249756, -321413.4514995744, -88196.0)
(719, 225.76645684242249, -321413.4514995744, -88196.0)
(720, 226.09131026268005, -321413.4514995744, -88196.0)
(721, 226.42337775230408, -321413.4514995744, -88196.0)
(722, 226.77449369430542, -321413.4514995744, -88196.0)
(723, 227.10915780067444, -321413.4514995744, -88196.0)
(724, 227.46476769447327, -321413.4514995744, -88196.0)
(725, 227.79279780387878, -321413.4514995744, -88196.0)
(726, 228.1621491909027, -321413.4514995744, -88196.0)
(727, 228.62839198112488, -321413.4514995744, -88196.0)
(728, 229.0746476650238, -321413.4514995744, -88196.0)
(729, 229.60232734680176, -321413.4514995744, -88196.0)
(730, 230.07192635536194, -321413.4514995744, -88196.0)
(731, 230.52434587478638, -321413.4514995744, -88196.0)
(732, 230.8911416530609, -321413.4514995744, -88196.0)
(733, 231.26183533668518, -321413.4514995744, -88196.0)
(734, 231.84248208999634, -321413.4514995744, -88196.0)
(735, 232.415536403656, -321413.4514995744, -88196.0)
(736, 232.97341203689575, -321413.4514995744, -88196.0)
(737, 233.51218938827515, -321413.4514995744, -88196.0)
(738, 233.9981677532196, -321413.4514995744, -88196.0)
(739, 234.57982563972473, -321413.4514995744, -88196.0)
(740, 235.09021139144897, -321413.4514995744, -88196.0)
(741, 235.4997205734253, -321413.4514995744, -88196.0)
(742, 235.9668390750885, -321413.4514995744, -88196.0)
(743, 236.4274513721466, -321413.4514995744, -88196.0)
(744, 236.87651920318604, -321413.4514995744, -88196.0)
(745, 237.33138227462769, -321413.4514995744, -88196.0)
(746, 237.7356252670288, -321413.4514995744, -88196.0)
(747, 238.17910861968994, -321413.4514995744, -88196.0)
(748, 238.61480045318604, -321413.4514995744, -88196.0)
(749, 239.00135016441345, -321413.4514995744, -88196.0)
(750, 239.51679396629333, -321413.4514995744, -88196.0)
(751, 239.91025400161743, -321413.4514995744, -88196.0)
(752, 240.39929056167603, -321413.4514995744, -88196.0)
(753, 240.8531789779663, -321413.4514995744, -88196.0)
(754, 241.33146977424622, -321413.4514995744, -88196.0)
(755, 241.90900683403015, -321413.4514995744, -88196.0)
(756, 242.38710713386536, -321413.4514995744, -88196.0)
(757, 242.97929310798645, -321413.4514995744, -88196.0)
(758, 243.44312262535095, -321413.4514995744, -88196.0)
(759, 243.9804527759552, -321413.4514995744, -88196.0)
(760, 244.48766541481018, -321413.4514995744, -88196.0)
(761, 245.06899785995483, -321413.4514995744, -88196.0)
(762, 245.60097765922546, -321413.4514995744, -88196.0)
(763, 246.21657800674438, -321413.4514995744, -88196.0)
(764, 246.77224349975586, -321413.4514995744, -88196.0)
(765, 247.3540120124817, -321413.4514995744, -88196.0)
(766, 247.98689603805542, -321413.4514995744, -88196.0)
(767, 248.59112787246704, -321413.4514995744, -88196.0)
(768, 249.35866522789001, -311841.6668524713, -88196.0)
(769, 250.0055181980133, -311841.6668524713, -88196.0)
(770, 250.7376365661621, -311841.6668524713, -88196.0)
(771, 251.31650733947754, -311841.6668524713, -88196.0)
(772, 251.87388014793396, -311841.6668524713, -88196.0)
(773, 252.35919570922852, -311841.6668524713, -88196.0)
(774, 252.74538850784302, -311841.6668524713, -88196.0)
(775, 253.21650099754333, -311841.6668524713, -88196.0)
(776, 253.6249499320984, -311841.6668524713, -88196.0)
(777, 254.02629828453064, -311841.6668524713, -88196.0)
(778, 254.3734302520752, -311841.6668524713, -88196.0)
(779, 254.75665736198425, -311841.6668524713, -88196.0)
(780, 255.16465258598328, -311841.6668524713, -88196.0)
(781, 255.6387803554535, -311841.6668524713, -88196.0)
(782, 255.99939823150635, -311841.6668524713, -88196.0)
(783, 256.3723666667938, -311841.6668524713, -88196.0)
(784, 256.86679673194885, -311841.6668524713, -88196.0)
(785, 257.33697867393494, -311841.6668524713, -88196.0)
(786, 257.746102809906, -311841.6668524713, -88196.0)
(787, 258.20920610427856, -311841.6668524713, -88196.0)
(788, 258.61184763908386, -311841.6668524713, -88196.0)
(789, 258.9594564437866, -311841.6668524713, -88196.0)
(790, 259.30696201324463, -311841.6668524713, -88196.0)
(791, 259.661817073822, -311841.6668524713, -88196.0)
(792, 260.01516604423523, -311841.6668524713, -88196.0)
(793, 260.35770750045776, -311841.6668524713, -88196.0)
(794, 260.6859920024872, -311841.6668524713, -88196.0)
(795, 261.0186867713928, -311841.6668524713, -88196.0)
(796, 261.3472681045532, -311841.6668524713, -88196.0)
(797, 261.7158136367798, -311841.6668524713, -88196.0)
(798, 262.07209944725037, -311841.6668524713, -88196.0)
(799, 262.4086582660675, -311841.6668524713, -88196.0)
(800, 262.74973940849304, -311841.6668524713, -88196.0)
(801, 263.0657579898834, -311841.6668524713, -88196.0)
(802, 263.39530301094055, -311841.6668524713, -88196.0)
(803, 263.7371771335602, -311841.6668524713, -88196.0)
(804, 264.05790972709656, -311841.6668524713, -88196.0)
(805, 264.38854360580444, -311841.6668524713, -88196.0)
(806, 264.72173953056335, -311841.6668524713, -88196.0)
(807, 265.0628480911255, -311841.6668524713, -88196.0)
(808, 265.3822498321533, -311841.6668524713, -88196.0)
(809, 265.70413279533386, -311841.6668524713, -88196.0)
(810, 266.0487377643585, -311841.6668524713, -88196.0)
(811, 266.3785824775696, -311841.6668524713, -88196.0)
(812, 266.73151779174805, -311841.6668524713, -88196.0)
(813, 267.11312532424927, -311841.6668524713, -88196.0)
(814, 267.4539885520935, -311841.6668524713, -88196.0)
(815, 267.82377910614014, -311841.6668524713, -88196.0)
(816, 268.1667320728302, -311841.6668524713, -88196.0)
(817, 268.52046251296997, -311841.6668524713, -88196.0)
(818, 268.8547866344452, -311841.6668524713, -88196.0)
(819, 269.19140005111694, -311841.6668524713, -88196.0)
(820, 269.52929282188416, -311841.6668524713, -88196.0)
(821, 269.8636701107025, -311841.6668524713, -88196.0)
(822, 270.2498459815979, -311841.6668524713, -88196.0)
(823, 270.58921575546265, -311841.6668524713, -88196.0)
(824, 271.1159770488739, -311841.6668524713, -88196.0)
(825, 271.5104806423187, -311841.6668524713, -88196.0)
(826, 272.05084013938904, -311841.6668524713, -88196.0)
(827, 272.5759060382843, -311841.6668524713, -88196.0)
(828, 273.0914189815521, -311841.6668524713, -88196.0)
(829, 273.6083652973175, -311841.6668524713, -88196.0)
(830, 274.1777150630951, -311841.6668524713, -88196.0)
(831, 274.8214180469513, -311841.6668524713, -88196.0)
(832, 275.4031171798706, -311841.6668524713, -88196.0)
(833, 275.9613344669342, -311841.6668524713, -88196.0)
(834, 276.5696134567261, -311841.6668524713, -88196.0)
(835, 277.12691712379456, -311841.6668524713, -88196.0)
(836, 277.6705822944641, -311841.6668524713, -88196.0)
(837, 278.2728214263916, -311841.6668524713, -88196.0)
(838, 278.8297212123871, -311841.6668524713, -88196.0)
(839, 279.3867418766022, -311841.6668524713, -88196.0)
(840, 279.9593298435211, -311841.6668524713, -88196.0)
(841, 280.4724283218384, -311841.6668524713, -88196.0)
(842, 281.0604016780853, -311841.6668524713, -88196.0)
(843, 281.6945288181305, -311841.6668524713, -88196.0)
(844, 282.18005871772766, -311841.6668524713, -88196.0)
(845, 282.728257894516, -311841.6668524713, -88196.0)
(846, 283.2764484882355, -311841.6668524713, -88196.0)
(847, 283.8894844055176, -311841.6668524713, -88196.0)
(848, 284.4187169075012, -311841.6668524713, -88196.0)
(849, 285.0182092189789, -311841.6668524713, -88196.0)
(850, 285.6065948009491, -311841.6668524713, -88196.0)
(851, 286.3549861907959, -311841.6668524713, -88196.0)
(852, 287.06235122680664, -311841.6668524713, -88196.0)
(853, 287.59603333473206, -311841.6668524713, -88196.0)
(854, 288.08752632141113, -311841.6668524713, -88196.0)
(855, 288.52280735969543, -311841.6668524713, -88196.0)
(856, 288.93377709388733, -311841.6668524713, -88196.0)
(857, 289.344717502594, -311841.6668524713, -88196.0)
(858, 289.85433650016785, -311841.6668524713, -88196.0)
(859, 290.27446818351746, -311841.6668524713, -88196.0)
(860, 290.7062602043152, -311841.6668524713, -88196.0)
(861, 291.11677646636963, -311841.6668524713, -88196.0)
(862, 291.5251142978668, -311841.6668524713, -88196.0)
(863, 292.0715730190277, -311841.6668524713, -88196.0)
(864, 292.61173605918884, -311841.6668524713, -88196.0)
(865, 293.143394947052, -311841.6668524713, -88196.0)
(866, 293.62564969062805, -311841.6668524713, -88196.0)
(867, 294.29456543922424, -311841.6668524713, -88196.0)
(868, 294.8889043331146, -311841.6668524713, -88196.0)
(869, 295.4490575790405, -311841.6668524713, -88196.0)
(870, 295.96607971191406, -311841.6668524713, -88196.0)
(871, 296.5135929584503, -311841.6668524713, -88196.0)
(872, 297.1072585582733, -311841.6668524713, -88196.0)
(873, 297.6859574317932, -311841.6668524713, -88196.0)
(874, 298.2392497062683, -311841.6668524713, -88196.0)
(875, 298.7618191242218, -311841.6668524713, -88196.0)
(876, 299.3697626590729, -311841.6668524713, -88196.0)
(877, 299.8734390735626, -311841.6668524713, -88196.0)
(878, 300.42616271972656, -311841.6668524713, -88196.0)
(879, 301.00793981552124, -311841.6668524713, -88196.0)
(880, 301.4409098625183, -311841.6668524713, -88196.0)
(881, 301.8236527442932, -311841.6668524713, -88196.0)
(882, 302.42320799827576, -311841.6668524713, -88196.0)
(883, 302.981276512146, -311841.6668524713, -88196.0)
(884, 303.5501787662506, -311841.6668524713, -88196.0)
(885, 304.1698877811432, -311841.6668524713, -88196.0)
(886, 304.65788650512695, -311841.6668524713, -88196.0)
(887, 305.253760099411, -311841.6668524713, -88196.0)
(888, 305.8107624053955, -311841.6668524713, -88196.0)
(889, 306.3536796569824, -311841.6668524713, -88196.0)
(890, 307.03452801704407, -311841.6668524713, -88196.0)
(891, 307.5874717235565, -311841.6668524713, -88196.0)
(892, 308.25475311279297, -311841.6668524713, -88196.0)
(893, 308.9451048374176, -311841.6668524713, -88196.0)
(894, 309.60731267929077, -311841.6668524713, -88196.0)
(895, 310.2902042865753, -311841.6668524713, -88196.0)
(896, 310.86150789260864, -311841.6668524713, -88196.0)
(897, 311.6581218242645, -311841.6668524713, -88196.0)
(898, 312.275753736496, -311841.6668524713, -88196.0)
(899, 312.82937240600586, -311841.6668524713, -88196.0)
(900, 313.3848168849945, -311841.6668524713, -88196.0)
(901, 313.97676730155945, -311841.6668524713, -88196.0)
(902, 314.5434048175812, -311841.6668524713, -88196.0)
(903, 315.14132714271545, -311841.6668524713, -88196.0)
(904, 315.7257730960846, -311841.6668524713, -88196.0)
(905, 316.28984570503235, -311841.6668524713, -88196.0)
(906, 316.9372842311859, -311841.6668524713, -88196.0)
(907, 317.51033759117126, -311841.6668524713, -88196.0)
(908, 318.10193943977356, -311841.6668524713, -88196.0)
(909, 318.82424569129944, -311841.6668524713, -88196.0)
(910, 319.4259867668152, -311841.6668524713, -88196.0)
(911, 319.9988970756531, -311841.6668524713, -88196.0)
(912, 320.6201033592224, -311841.6668524713, -88196.0)
(913, 321.2193217277527, -311841.6668524713, -88196.0)
(914, 321.88947892189026, -311841.6668524713, -88196.0)
(915, 322.49934911727905, -311841.6668524713, -88196.0)
(916, 323.0991027355194, -311841.6668524713, -88196.0)
(917, 323.8653573989868, -311841.6668524713, -88196.0)
(918, 324.6015057563782, -311841.6668524713, -88196.0)
(919, 325.3965585231781, -311841.6668524713, -88196.0)
(920, 326.07678604125977, -311841.6668524713, -88196.0)
(921, 326.7782301902771, -311841.6668524713, -88196.0)
(922, 327.41121673583984, -311841.6668524713, -88196.0)
(923, 327.86632466316223, -311841.6668524713, -88196.0)
(924, 328.3861620426178, -311841.6668524713, -88196.0)
(925, 328.83164501190186, -311841.6668524713, -88196.0)
(926, 329.30094051361084, -311841.6668524713, -88196.0)
(927, 329.72194957733154, -311841.6668524713, -88196.0)
(928, 330.1759650707245, -311841.6668524713, -88196.0)
(929, 330.59419107437134, -311841.6668524713, -88196.0)
(930, 331.0156342983246, -311841.6668524713, -88196.0)
(931, 331.4535291194916, -311841.6668524713, -88196.0)
(932, 332.0474781990051, -311841.6668524713, -88196.0)
(933, 332.50673604011536, -311841.6668524713, -88196.0)
(934, 333.05368065834045, -311841.6668524713, -88196.0)
(935, 333.5034074783325, -311841.6668524713, -88196.0)
(936, 333.92044830322266, -311841.6668524713, -88196.0)
(937, 334.4988543987274, -311841.6668524713, -88196.0)
(938, 334.9709401130676, -311841.6668524713, -88196.0)
(939, 335.50329995155334, -311841.6668524713, -88196.0)
(940, 335.94970440864563, -311841.6668524713, -88196.0)
(941, 336.4768645763397, -311841.6668524713, -88196.0)
(942, 337.0096368789673, -311841.6668524713, -88196.0)
(943, 337.46619749069214, -311841.6668524713, -88196.0)
(944, 337.90476989746094, -311841.6668524713, -88196.0)
(945, 338.32180285453796, -311841.6668524713, -88196.0)
(946, 339.14012837409973, -311841.6668524713, -88196.0)
(947, 339.7855849266052, -311841.6668524713, -88196.0)
(948, 340.36601424217224, -311841.6668524713, -88196.0)
(949, 340.9888834953308, -311841.6668524713, -88196.0)
(950, 341.6302728652954, -311841.6668524713, -88196.0)
(951, 342.2401661872864, -311841.6668524713, -88196.0)
(952, 342.91825461387634, -311841.6668524713, -88196.0)
(953, 343.4847218990326, -311841.6668524713, -88196.0)
(954, 344.023286819458, -311841.6668524713, -88196.0)
(955, 344.4913902282715, -311841.6668524713, -88196.0)
(956, 344.9640483856201, -311841.6668524713, -88196.0)
(957, 345.4945640563965, -311841.6668524713, -88196.0)
(958, 346.0220556259155, -311841.6668524713, -88196.0)
(959, 346.583149433136, -311841.6668524713, -88196.0)
(960, 347.0046820640564, -311841.6668524713, -88196.0)
(961, 347.46026396751404, -311841.6668524713, -88196.0)
(962, 347.83932089805603, -311841.6668524713, -88196.0)
(963, 348.2024085521698, -311841.6668524713, -88196.0)
(964, 348.5789759159088, -311841.6668524713, -88196.0)
(965, 349.00164818763733, -311841.6668524713, -88196.0)
(966, 349.3903658390045, -311841.6668524713, -88196.0)
(967, 349.80800437927246, -311841.6668524713, -88196.0)
(968, 350.18063616752625, -311841.6668524713, -88196.0)
(969, 350.67667722702026, -311841.6668524713, -88196.0)
(970, 351.0400114059448, -311841.6668524713, -88196.0)
(971, 351.4790050983429, -311841.6668524713, -88196.0)
(972, 351.94846177101135, -311841.6668524713, -88196.0)
(973, 352.30768752098083, -311841.6668524713, -88196.0)
(974, 352.8806240558624, -311841.6668524713, -88196.0)
(975, 353.3405387401581, -311841.6668524713, -88196.0)
(976, 353.89849829673767, -311841.6668524713, -88196.0)
(977, 354.4414608478546, -311841.6668524713, -88196.0)
(978, 355.0640001296997, -311841.6668524713, -88196.0)
(979, 355.7088816165924, -311841.6668524713, -88196.0)
(980, 356.28680419921875, -311841.6668524713, -88196.0)
(981, 356.94407987594604, -311841.6668524713, -88196.0)
(982, 357.5646061897278, -311841.6668524713, -88196.0)
(983, 358.1434700489044, -311841.6668524713, -88196.0)
(984, 358.67030453681946, -311841.6668524713, -88196.0)
(985, 359.30757331848145, -311841.6668524713, -88196.0)
(986, 359.9379553794861, -311841.6668524713, -88196.0)
(987, 360.58682203292847, -311841.6668524713, -88196.0)
(988, 361.01771569252014, -311841.6668524713, -88196.0)
(989, 361.4287269115448, -311841.6668524713, -88196.0)
(990, 362.02042388916016, -311841.6668524713, -88196.0)
(991, 362.6635527610779, -311841.6668524713, -88196.0)
(992, 363.3768558502197, -311841.6668524713, -88196.0)
(993, 363.81196117401123, -311841.6668524713, -88196.0)
(994, 364.54662561416626, -311841.6668524713, -88196.0)
(995, 365.1090130805969, -311841.6668524713, -88196.0)
(996, 365.7555377483368, -311841.6668524713, -88196.0)
(997, 366.4453818798065, -311841.6668524713, -88196.0)
(998, 367.19221806526184, -311841.6668524713, -88196.0)
(999, 367.81922030448914, -311841.6668524713, -88196.0)
(1000, 368.52909874916077, -311841.6668524713, -88196.0)
