(1, 0.026359081268310547, -186718.0, -8450.0)
(2, 0.05034613609313965, -183062.83333333334, -8450.0)
(3, 0.07606315612792969, -156394.75, -8450.0)
(4, 0.10360050201416016, -130386.41666666667, -8450.0)
(5, 0.1327834129333496, -105268.08333333333, -8450.0)
(6, 0.16344785690307617, -80053.75, -8450.0)
(7, 0.19464945793151855, -67379.33333333333, -8450.0)
(8, 0.22651910781860352, -50380.20833333333, -8450.0)
(9, 0.25941038131713867, -39491.75, -8450.0)
(10, 0.29210448265075684, -37867.625, -8450.0)
(11, 0.32650279998779297, -13160.333333333332, -8450.0)
(12, 0.36095190048217773, -12585.0, -8450.0)
(13, 0.3954617977142334, -11401.0, -11401.0)
(14, 0.4296269416809082, -11401.0, -11401.0)
