(1, 0.22214460372924805, -292801.0, -87063.0)
(2, 0.38912248611450195, -292801.0, -87063.0)
(3, 0.5506167411804199, -292801.0, -87063.0)
(4, 0.7058408260345459, -292801.0, -87063.0)
(5, 0.8590385913848877, -292801.0, -87063.0)
(6, 1.0149445533752441, -292801.0, -87063.0)
(7, 1.1661391258239746, -292801.0, -87063.0)
(8, 1.3197557926177979, -292801.0, -87063.0)
(9, 1.4701392650604248, -292801.0, -87063.0)
(10, 1.621492862701416, -292801.0, -87063.0)
(11, 1.7671167850494385, -292801.0, -87063.0)
(12, 1.9150450229644775, -292801.0, -87063.0)
(13, 2.0645806789398193, -292801.0, -87063.0)
(14, 2.233886480331421, -292801.0, -87063.0)
(15, 2.399169445037842, -292801.0, -87063.0)
(16, 2.5586864948272705, -292801.0, -87063.0)
(17, 2.7148635387420654, -292801.0, -87063.0)
(18, 2.8740265369415283, -292801.0, -87063.0)
(19, 3.0281646251678467, -292801.0, -87063.0)
(20, 3.18416428565979, -292801.0, -87063.0)
(21, 3.343064308166504, -292801.0, -87063.0)
(22, 3.5287227630615234, -292801.0, -87063.0)
(23, 3.6917688846588135, -292801.0, -87063.0)
(24, 3.8693430423736572, -292801.0, -87063.0)
(25, 4.056272029876709, -292801.0, -87063.0)
(26, 4.238765239715576, -292801.0, -87063.0)
(27, 4.425406455993652, -292801.0, -87063.0)
(28, 4.598394155502319, -292801.0, -87063.0)
(29, 4.771649122238159, -292801.0, -87063.0)
(30, 4.941952705383301, -292801.0, -87063.0)
(31, 5.103086948394775, -292801.0, -87063.0)
(32, 5.268077611923218, -292801.0, -87063.0)
(33, 5.435938596725464, -292801.0, -87063.0)
(34, 5.60812520980835, -292801.0, -87063.0)
(35, 5.766662120819092, -292801.0, -87063.0)
(36, 5.924370050430298, -292801.0, -87063.0)
(37, 6.07842230796814, -292801.0, -87063.0)
(38, 6.2375328540802, -292801.0, -87063.0)
(39, 6.3896260261535645, -292801.0, -87063.0)
(40, 6.554350137710571, -292801.0, -87063.0)
(41, 6.71284294128418, -292801.0, -87063.0)
(42, 6.887022256851196, -292801.0, -87063.0)
(43, 7.082058668136597, -291633.1220945766, -87063.0)
(44, 7.286699533462524, -291633.1220945766, -87063.0)
(45, 7.472148656845093, -291633.1220945766, -87063.0)
(46, 7.665112257003784, -291633.1220945766, -87063.0)
(47, 7.841365575790405, -291633.1220945766, -87063.0)
(48, 8.040578842163086, -291633.1220945766, -87063.0)
(49, 8.226227045059204, -291633.1220945766, -87063.0)
(50, 8.414287090301514, -291633.1220945766, -87063.0)
(51, 8.617899656295776, -291633.1220945766, -87063.0)
(52, 8.81306505203247, -291633.1220945766, -87063.0)
(53, 9.004523038864136, -291633.1220945766, -87063.0)
(54, 9.211995363235474, -291633.1220945766, -87063.0)
(55, 9.397999286651611, -291633.1220945766, -87063.0)
(56, 9.574926853179932, -291633.1220945766, -87063.0)
(57, 9.759300231933594, -291633.1220945766, -87063.0)
(58, 9.92721438407898, -291633.1220945766, -87063.0)
(59, 10.105200290679932, -291633.1220945766, -87063.0)
(60, 10.274878740310669, -291633.1220945766, -87063.0)
(61, 10.463687658309937, -291633.1220945766, -87063.0)
(62, 10.63010549545288, -291633.1220945766, -87063.0)
(63, 10.80591607093811, -291633.1220945766, -87063.0)
(64, 10.97026801109314, -291633.1220945766, -87063.0)
(65, 11.133610725402832, -291633.1220945766, -87063.0)
(66, 11.320804357528687, -291633.1220945766, -87063.0)
(67, 11.499452829360962, -291633.1220945766, -87063.0)
(68, 11.671319723129272, -291633.1220945766, -87063.0)
(69, 11.844969034194946, -291633.1220945766, -87063.0)
(70, 12.009185314178467, -291633.1220945766, -87063.0)
(71, 12.190261602401733, -291633.1220945766, -87063.0)
(72, 12.369924068450928, -291633.1220945766, -87063.0)
(73, 12.532639980316162, -291633.1220945766, -87063.0)
(74, 12.715559244155884, -291633.1220945766, -87063.0)
(75, 12.884708166122437, -291633.1220945766, -87063.0)
(76, 13.060957193374634, -291633.1220945766, -87063.0)
(77, 13.227545261383057, -291633.1220945766, -87063.0)
(78, 13.387353897094727, -291633.1220945766, -87063.0)
(79, 13.556971549987793, -291633.1220945766, -87063.0)
(80, 13.751810789108276, -291633.1220945766, -87063.0)
(81, 13.951141119003296, -291633.1220945766, -87063.0)
(82, 14.15004014968872, -291633.1220945766, -87063.0)
(83, 14.315439701080322, -291633.1220945766, -87063.0)
(84, 14.487877368927002, -291633.1220945766, -87063.0)
(85, 14.673764944076538, -291633.1220945766, -87063.0)
(86, 14.852095127105713, -291633.1220945766, -87063.0)
(87, 15.02158498764038, -291633.1220945766, -87063.0)
(88, 15.186540842056274, -291633.1220945766, -87063.0)
(89, 15.362918138504028, -291633.1220945766, -87063.0)
(90, 15.52562952041626, -291633.1220945766, -87063.0)
(91, 15.694518566131592, -291633.1220945766, -87063.0)
(92, 15.8609938621521, -291633.1220945766, -87063.0)
(93, 16.02461004257202, -291633.1220945766, -87063.0)
(94, 16.20404076576233, -291633.1220945766, -87063.0)
(95, 16.37947940826416, -291633.1220945766, -87063.0)
(96, 16.550674200057983, -291633.1220945766, -87063.0)
(97, 16.749789237976074, -291633.1220945766, -87063.0)
(98, 16.92160964012146, -291633.1220945766, -87063.0)
(99, 17.10170888900757, -291633.1220945766, -87063.0)
(100, 17.292640686035156, -291633.1220945766, -87063.0)
(101, 17.481870651245117, -291633.1220945766, -87063.0)
(102, 17.65962815284729, -291633.1220945766, -87063.0)
(103, 17.857378482818604, -291633.1220945766, -87063.0)
(104, 18.060980319976807, -291633.1220945766, -87063.0)
(105, 18.258509635925293, -291633.1220945766, -87063.0)
(106, 18.45688819885254, -291633.1220945766, -87063.0)
(107, 18.654711723327637, -291633.1220945766, -87063.0)
(108, 18.836215496063232, -291633.1220945766, -87063.0)
(109, 19.016992807388306, -291633.1220945766, -87063.0)
(110, 19.208219051361084, -291633.1220945766, -87063.0)
(111, 19.403806686401367, -291633.1220945766, -87063.0)
(112, 19.580911874771118, -291633.1220945766, -87063.0)
(113, 19.777941703796387, -291633.1220945766, -87063.0)
(114, 19.957043886184692, -291633.1220945766, -87063.0)
(115, 20.154076099395752, -291633.1220945766, -87063.0)
(116, 20.348241567611694, -291633.1220945766, -87063.0)
(117, 20.54635214805603, -291633.1220945766, -87063.0)
(118, 20.743051767349243, -291633.1220945766, -87063.0)
(119, 20.946749925613403, -291633.1220945766, -87063.0)
(120, 21.15888476371765, -291633.1220945766, -87063.0)
(121, 21.355576753616333, -291633.1220945766, -87063.0)
(122, 21.5559561252594, -291633.1220945766, -87063.0)
(123, 21.76258373260498, -291633.1220945766, -87063.0)
(124, 21.97084355354309, -291633.1220945766, -87063.0)
(125, 22.16653609275818, -291633.1220945766, -87063.0)
(126, 22.368892908096313, -291633.1220945766, -87063.0)
(127, 22.570343255996704, -285367.95496040984, -87063.0)
(128, 22.770636796951294, -285367.95496040984, -87063.0)
(129, 22.962090253829956, -285367.95496040984, -87063.0)
(130, 23.1504065990448, -285367.95496040984, -87063.0)
(131, 23.35249090194702, -285367.95496040984, -87063.0)
(132, 23.55562949180603, -285367.95496040984, -87063.0)
(133, 23.752256631851196, -285367.95496040984, -87063.0)
(134, 23.930830478668213, -285367.95496040984, -87063.0)
(135, 24.12514638900757, -285367.95496040984, -87063.0)
(136, 24.297874212265015, -285367.95496040984, -87063.0)
(137, 24.473119735717773, -285367.95496040984, -87063.0)
(138, 24.678053855895996, -285367.95496040984, -87063.0)
(139, 24.856945753097534, -285367.95496040984, -87063.0)
(140, 25.035533666610718, -285367.95496040984, -87063.0)
(141, 25.236274480819702, -285367.95496040984, -87063.0)
(142, 25.436344385147095, -285367.95496040984, -87063.0)
(143, 25.639749765396118, -285367.95496040984, -87063.0)
(144, 25.83805799484253, -285367.95496040984, -87063.0)
(145, 26.02927827835083, -285367.95496040984, -87063.0)
(146, 26.224472045898438, -285367.95496040984, -87063.0)
(147, 26.416494131088257, -285367.95496040984, -87063.0)
(148, 26.60648012161255, -285367.95496040984, -87063.0)
(149, 26.798986434936523, -285367.95496040984, -87063.0)
(150, 26.996979475021362, -285367.95496040984, -87063.0)
(151, 27.201054334640503, -285367.95496040984, -87063.0)
(152, 27.39608907699585, -285367.95496040984, -87063.0)
(153, 27.596824884414673, -285367.95496040984, -87063.0)
(154, 27.802767276763916, -285367.95496040984, -87063.0)
(155, 28.04997992515564, -283373.36818895943, -87063.0)
(156, 28.268696069717407, -283373.36818895943, -87063.0)
(157, 28.474530696868896, -283373.36818895943, -87063.0)
(158, 28.666950464248657, -283373.36818895943, -87063.0)
(159, 28.887361526489258, -283373.36818895943, -87063.0)
(160, 29.105164766311646, -283373.36818895943, -87063.0)
(161, 29.316335678100586, -283373.36818895943, -87063.0)
(162, 29.520925998687744, -283373.36818895943, -87063.0)
(163, 29.72739052772522, -283373.36818895943, -87063.0)
(164, 29.947142124176025, -283373.36818895943, -87063.0)
(165, 30.14078974723816, -283373.36818895943, -87063.0)
(166, 30.313182592391968, -283373.36818895943, -87063.0)
(167, 30.51247239112854, -283373.36818895943, -87063.0)
(168, 30.70481848716736, -283373.36818895943, -87063.0)
(169, 30.89162564277649, -283373.36818895943, -87063.0)
(170, 31.082282304763794, -283373.36818895943, -87063.0)
(171, 31.276864528656006, -283373.36818895943, -87063.0)
(172, 31.49458122253418, -283373.36818895943, -87063.0)
(173, 31.71073055267334, -283373.36818895943, -87063.0)
(174, 31.914406299591064, -283373.36818895943, -87063.0)
(175, 32.11328315734863, -283373.36818895943, -87063.0)
(176, 32.3035786151886, -283373.36818895943, -87063.0)
(177, 32.51322340965271, -283373.36818895943, -87063.0)
(178, 32.72172260284424, -283373.36818895943, -87063.0)
(179, 32.92383909225464, -283373.36818895943, -87063.0)
(180, 33.13474941253662, -283373.36818895943, -87063.0)
(181, 33.3348286151886, -283373.36818895943, -87063.0)
(182, 33.545520544052124, -283373.36818895943, -87063.0)
(183, 33.746365785598755, -283373.36818895943, -87063.0)
(184, 33.98076677322388, -283373.36818895943, -87063.0)
(185, 34.20754361152649, -283373.36818895943, -87063.0)
(186, 34.407485485076904, -283373.36818895943, -87063.0)
(187, 34.61247420310974, -283373.36818895943, -87063.0)
(188, 34.8346049785614, -283373.36818895943, -87063.0)
(189, 35.04870915412903, -283373.36818895943, -87063.0)
(190, 35.26960062980652, -283373.36818895943, -87063.0)
(191, 35.48217487335205, -283373.36818895943, -87063.0)
(192, 35.68738627433777, -283373.36818895943, -87063.0)
(193, 35.88787627220154, -283373.36818895943, -87063.0)
(194, 36.09026741981506, -283373.36818895943, -87063.0)
(195, 36.28830528259277, -283373.36818895943, -87063.0)
(196, 36.47154235839844, -283373.36818895943, -87063.0)
(197, 36.67255449295044, -283373.36818895943, -87063.0)
(198, 36.87845063209534, -283373.36818895943, -87063.0)
(199, 37.069857120513916, -283373.36818895943, -87063.0)
(200, 37.298593521118164, -283373.36818895943, -87063.0)
(201, 37.524672746658325, -283373.36818895943, -87063.0)
(202, 37.75556135177612, -283373.36818895943, -87063.0)
(203, 37.98244309425354, -283373.36818895943, -87063.0)
(204, 38.19601559638977, -283373.36818895943, -87063.0)
(205, 38.415788650512695, -283373.36818895943, -87063.0)
(206, 38.60422205924988, -283373.36818895943, -87063.0)
(207, 38.80223870277405, -283373.36818895943, -87063.0)
(208, 39.0159227848053, -283373.36818895943, -87063.0)
(209, 39.21286058425903, -283373.36818895943, -87063.0)
(210, 39.42011904716492, -283373.36818895943, -87063.0)
(211, 39.62894320487976, -283373.36818895943, -87063.0)
(212, 39.84272050857544, -283373.36818895943, -87063.0)
(213, 40.075751304626465, -283373.36818895943, -87063.0)
(214, 40.29547071456909, -283373.36818895943, -87063.0)
(215, 40.498772382736206, -283373.36818895943, -87063.0)
(216, 40.735010623931885, -283373.36818895943, -87063.0)
(217, 40.95936417579651, -283373.36818895943, -87063.0)
(218, 41.162529945373535, -283373.36818895943, -87063.0)
(219, 41.379796743392944, -283373.36818895943, -87063.0)
(220, 41.58828854560852, -283373.36818895943, -87063.0)
(221, 41.80531358718872, -283373.36818895943, -87063.0)
(222, 42.02106976509094, -283373.36818895943, -87063.0)
(223, 42.22400093078613, -283373.36818895943, -87063.0)
(224, 42.450658559799194, -283373.36818895943, -87063.0)
(225, 42.683990240097046, -283373.36818895943, -87063.0)
(226, 42.92677617073059, -283373.36818895943, -87063.0)
(227, 43.14192271232605, -283373.36818895943, -87063.0)
(228, 43.3700647354126, -283373.36818895943, -87063.0)
(229, 43.612387895584106, -283373.36818895943, -87063.0)
(230, 43.8414204120636, -283373.36818895943, -87063.0)
(231, 44.05346608161926, -283373.36818895943, -87063.0)
(232, 44.26672983169556, -283373.36818895943, -87063.0)
(233, 44.48168635368347, -283373.36818895943, -87063.0)
(234, 44.68939423561096, -283373.36818895943, -87063.0)
(235, 44.927610635757446, -283373.36818895943, -87063.0)
(236, 45.14896011352539, -283373.36818895943, -87063.0)
(237, 45.371100664138794, -283373.36818895943, -87063.0)
(238, 45.58846044540405, -283373.36818895943, -87063.0)
(239, 45.811405658721924, -283373.36818895943, -87063.0)
(240, 46.05486750602722, -283373.36818895943, -87063.0)
(241, 46.29571509361267, -283373.36818895943, -87063.0)
(242, 46.545005798339844, -283373.36818895943, -87063.0)
(243, 46.78070950508118, -283373.36818895943, -87063.0)
(244, 46.99768018722534, -283373.36818895943, -87063.0)
(245, 47.24352717399597, -283373.36818895943, -87063.0)
(246, 47.47549533843994, -283373.36818895943, -87063.0)
(247, 47.712007999420166, -283373.36818895943, -87063.0)
(248, 47.949910163879395, -283373.36818895943, -87063.0)
(249, 48.14929723739624, -283373.36818895943, -87063.0)
(250, 48.35496473312378, -283373.36818895943, -87063.0)
(251, 48.582468032836914, -283373.36818895943, -87063.0)
(252, 48.79492974281311, -283373.36818895943, -87063.0)
(253, 49.00578284263611, -283373.36818895943, -87063.0)
(254, 49.22139120101929, -283373.36818895943, -87063.0)
(255, 49.45668029785156, -283373.36818895943, -87063.0)
(256, 49.654810428619385, -283373.36818895943, -87063.0)
(257, 49.87498688697815, -283373.36818895943, -87063.0)
(258, 50.096654415130615, -283373.36818895943, -87063.0)
(259, 50.344849586486816, -281116.15789473685, -87063.0)
(260, 50.56195592880249, -281116.15789473685, -87063.0)
(261, 50.77047395706177, -281116.15789473685, -87063.0)
(262, 50.978336334228516, -281116.15789473685, -87063.0)
(263, 51.188618421554565, -281116.15789473685, -87063.0)
(264, 51.40254092216492, -281116.15789473685, -87063.0)
(265, 51.6342134475708, -281116.15789473685, -87063.0)
(266, 51.85696530342102, -281116.15789473685, -87063.0)
(267, 52.054909467697144, -281116.15789473685, -87063.0)
(268, 52.278515338897705, -281116.15789473685, -87063.0)
(269, 52.497387170791626, -281116.15789473685, -87063.0)
(270, 52.72096657752991, -281116.15789473685, -87063.0)
(271, 52.93204879760742, -281116.15789473685, -87063.0)
(272, 53.11323833465576, -281116.15789473685, -87063.0)
(273, 53.31686186790466, -281116.15789473685, -87063.0)
(274, 53.530089139938354, -281116.15789473685, -87063.0)
(275, 53.733171701431274, -281116.15789473685, -87063.0)
(276, 53.93907022476196, -281116.15789473685, -87063.0)
(277, 54.169008016586304, -281116.15789473685, -87063.0)
(278, 54.395423412323, -281116.15789473685, -87063.0)
(279, 54.62581491470337, -281116.15789473685, -87063.0)
(280, 54.85752487182617, -281116.15789473685, -87063.0)
(281, 55.08780646324158, -281116.15789473685, -87063.0)
(282, 55.31580305099487, -281116.15789473685, -87063.0)
(283, 55.50486183166504, -281116.15789473685, -87063.0)
(284, 55.71892595291138, -281116.15789473685, -87063.0)
(285, 55.94564509391785, -281116.15789473685, -87063.0)
(286, 56.15978026390076, -281116.15789473685, -87063.0)
(287, 56.3817982673645, -281116.15789473685, -87063.0)
(288, 56.59561514854431, -281116.15789473685, -87063.0)
(289, 56.811907052993774, -281116.15789473685, -87063.0)
(290, 57.039050579071045, -281116.15789473685, -87063.0)
(291, 57.26862049102783, -281116.15789473685, -87063.0)
(292, 57.498602867126465, -281116.15789473685, -87063.0)
(293, 57.71626806259155, -281116.15789473685, -87063.0)
(294, 57.95206904411316, -281116.15789473685, -87063.0)
(295, 58.16677927970886, -281116.15789473685, -87063.0)
(296, 58.397425174713135, -281116.15789473685, -87063.0)
(297, 58.610416650772095, -281116.15789473685, -87063.0)
(298, 58.81171774864197, -281116.15789473685, -87063.0)
(299, 59.0412859916687, -281116.15789473685, -87063.0)
(300, 59.270023584365845, -281116.15789473685, -87063.0)
(301, 59.495070457458496, -281116.15789473685, -87063.0)
(302, 59.73301553726196, -281116.15789473685, -87063.0)
(303, 59.963319301605225, -281116.15789473685, -87063.0)
(304, 60.19946789741516, -281116.15789473685, -87063.0)
(305, 60.42876672744751, -281116.15789473685, -87063.0)
(306, 60.65007042884827, -281116.15789473685, -87063.0)
(307, 60.85197329521179, -281116.15789473685, -87063.0)
(308, 61.0860333442688, -281116.15789473685, -87063.0)
(309, 61.29175615310669, -281116.15789473685, -87063.0)
(310, 61.50171184539795, -281116.15789473685, -87063.0)
(311, 61.71009135246277, -281116.15789473685, -87063.0)
(312, 61.934556007385254, -281116.15789473685, -87063.0)
(313, 62.14188599586487, -281116.15789473685, -87063.0)
(314, 62.352593421936035, -281116.15789473685, -87063.0)
(315, 62.562753200531006, -281116.15789473685, -87063.0)
(316, 62.78655958175659, -281116.15789473685, -87063.0)
(317, 62.99528384208679, -281116.15789473685, -87063.0)
(318, 63.21860408782959, -281116.15789473685, -87063.0)
(319, 63.43512535095215, -281116.15789473685, -87063.0)
(320, 63.644713401794434, -281116.15789473685, -87063.0)
(321, 63.84711146354675, -281116.15789473685, -87063.0)
(322, 64.0544204711914, -281116.15789473685, -87063.0)
(323, 64.27704310417175, -281116.15789473685, -87063.0)
(324, 64.50613236427307, -281116.15789473685, -87063.0)
(325, 64.72446751594543, -281116.15789473685, -87063.0)
(326, 64.92587399482727, -281116.15789473685, -87063.0)
(327, 65.16587090492249, -281116.15789473685, -87063.0)
(328, 65.3907241821289, -281116.15789473685, -87063.0)
(329, 65.62777924537659, -281116.15789473685, -87063.0)
(330, 65.84948635101318, -281116.15789473685, -87063.0)
(331, 66.08669877052307, -281116.15789473685, -87063.0)
(332, 66.31063437461853, -281116.15789473685, -87063.0)
(333, 66.53368544578552, -281116.15789473685, -87063.0)
(334, 66.7689597606659, -281116.15789473685, -87063.0)
(335, 67.02068376541138, -281116.15789473685, -87063.0)
(336, 67.32212805747986, -281116.15789473685, -87063.0)
(337, 67.54318237304688, -281116.15789473685, -87063.0)
(338, 67.78190183639526, -281116.15789473685, -87063.0)
(339, 67.99391508102417, -281116.15789473685, -87063.0)
(340, 68.24078369140625, -281116.15789473685, -87063.0)
(341, 68.48832941055298, -281116.15789473685, -87063.0)
(342, 68.67726612091064, -281116.15789473685, -87063.0)
(343, 68.87335634231567, -281116.15789473685, -87063.0)
(344, 69.07434678077698, -281116.15789473685, -87063.0)
(345, 69.2902479171753, -281116.15789473685, -87063.0)
(346, 69.53556203842163, -281116.15789473685, -87063.0)
(347, 69.75756764411926, -281116.15789473685, -87063.0)
(348, 69.9763388633728, -281116.15789473685, -87063.0)
(349, 70.21289324760437, -281116.15789473685, -87063.0)
(350, 70.43658018112183, -281116.15789473685, -87063.0)
(351, 70.65822267532349, -281116.15789473685, -87063.0)
(352, 70.89788269996643, -281116.15789473685, -87063.0)
(353, 71.11286234855652, -281116.15789473685, -87063.0)
(354, 71.3666250705719, -281116.15789473685, -87063.0)
(355, 71.59993052482605, -281116.15789473685, -87063.0)
(356, 71.8434476852417, -281116.15789473685, -87063.0)
(357, 72.049635887146, -281116.15789473685, -87063.0)
(358, 72.27332901954651, -281116.15789473685, -87063.0)
(359, 72.49298548698425, -281116.15789473685, -87063.0)
(360, 72.7240674495697, -281116.15789473685, -87063.0)
(361, 72.97562384605408, -281116.15789473685, -87063.0)
(362, 73.211834192276, -281116.15789473685, -87063.0)
(363, 73.46354460716248, -281116.15789473685, -87063.0)
(364, 73.7243378162384, -281116.15789473685, -87063.0)
(365, 73.95470929145813, -281116.15789473685, -87063.0)
(366, 74.2074019908905, -281116.15789473685, -87063.0)
(367, 74.42756152153015, -281116.15789473685, -87063.0)
(368, 74.6290602684021, -281116.15789473685, -87063.0)
(369, 74.853355884552, -281116.15789473685, -87063.0)
(370, 75.0850682258606, -281116.15789473685, -87063.0)
(371, 75.29745221138, -281116.15789473685, -87063.0)
(372, 75.51674032211304, -281116.15789473685, -87063.0)
(373, 75.74310660362244, -281116.15789473685, -87063.0)
(374, 75.9946060180664, -281116.15789473685, -87063.0)
(375, 76.20238447189331, -281116.15789473685, -87063.0)
(376, 76.42507219314575, -281116.15789473685, -87063.0)
(377, 76.67512464523315, -281116.15789473685, -87063.0)
(378, 76.93321537971497, -281116.15789473685, -87063.0)
(379, 77.16047930717468, -281116.15789473685, -87063.0)
(380, 77.39512467384338, -281116.15789473685, -87063.0)
(381, 77.63797068595886, -281116.15789473685, -87063.0)
(382, 77.90709805488586, -281116.15789473685, -87063.0)
(383, 78.16680455207825, -281116.15789473685, -87063.0)
(384, 78.44142007827759, -281116.15789473685, -87063.0)
(385, 78.69210863113403, -281116.15789473685, -87063.0)
(386, 78.94493889808655, -281116.15789473685, -87063.0)
(387, 79.20913577079773, -281116.15789473685, -87063.0)
(388, 79.47765350341797, -281116.15789473685, -87063.0)
(389, 79.73738861083984, -281116.15789473685, -87063.0)
(390, 79.99030017852783, -281116.15789473685, -87063.0)
(391, 80.22955894470215, -281116.15789473685, -87063.0)
(392, 80.48408436775208, -281116.15789473685, -87063.0)
(393, 80.75735592842102, -281116.15789473685, -87063.0)
(394, 81.03636980056763, -281116.15789473685, -87063.0)
(395, 81.31744956970215, -281116.15789473685, -87063.0)
(396, 81.5779390335083, -281116.15789473685, -87063.0)
(397, 81.84156012535095, -281116.15789473685, -87063.0)
(398, 82.11449885368347, -281116.15789473685, -87063.0)
(399, 82.42536234855652, -281116.15789473685, -87063.0)
(400, 82.70934271812439, -281116.15789473685, -87063.0)
(401, 82.9247772693634, -281116.15789473685, -87063.0)
(402, 83.12996029853821, -281116.15789473685, -87063.0)
(403, 83.32938933372498, -281116.15789473685, -87063.0)
(404, 83.53598594665527, -281116.15789473685, -87063.0)
(405, 83.74929308891296, -281116.15789473685, -87063.0)
(406, 83.95912647247314, -281116.15789473685, -87063.0)
(407, 84.20040893554688, -281116.15789473685, -87063.0)
(408, 84.44447755813599, -281116.15789473685, -87063.0)
(409, 84.67148447036743, -281116.15789473685, -87063.0)
(410, 84.898118019104, -281116.15789473685, -87063.0)
(411, 85.15753436088562, -281116.15789473685, -87063.0)
(412, 85.37049388885498, -281116.15789473685, -87063.0)
(413, 85.59470629692078, -281116.15789473685, -87063.0)
(414, 85.80707693099976, -281116.15789473685, -87063.0)
(415, 86.06956577301025, -281116.15789473685, -87063.0)
(416, 86.29869890213013, -281116.15789473685, -87063.0)
(417, 86.51820492744446, -281116.15789473685, -87063.0)
(418, 86.73294043540955, -281116.15789473685, -87063.0)
(419, 86.9713807106018, -281116.15789473685, -87063.0)
(420, 87.20073914527893, -281116.15789473685, -87063.0)
(421, 87.48684358596802, -281116.15789473685, -87063.0)
(422, 87.70420694351196, -281116.15789473685, -87063.0)
(423, 87.92476892471313, -281116.15789473685, -87063.0)
(424, 88.16923475265503, -281116.15789473685, -87063.0)
(425, 88.44492530822754, -281116.15789473685, -87063.0)
(426, 88.68136429786682, -281116.15789473685, -87063.0)
(427, 88.90408205986023, -281116.15789473685, -87063.0)
(428, 89.12857961654663, -281116.15789473685, -87063.0)
(429, 89.37014245986938, -281116.15789473685, -87063.0)
(430, 89.6127119064331, -281116.15789473685, -87063.0)
(431, 89.83299279212952, -281116.15789473685, -87063.0)
(432, 90.08632206916809, -281116.15789473685, -87063.0)
(433, 90.3092565536499, -281116.15789473685, -87063.0)
(434, 90.54871082305908, -281116.15789473685, -87063.0)
(435, 90.8283703327179, -281116.15789473685, -87063.0)
(436, 91.10234761238098, -281116.15789473685, -87063.0)
(437, 91.37042117118835, -281116.15789473685, -87063.0)
(438, 91.6503074169159, -281116.15789473685, -87063.0)
(439, 91.90642213821411, -281116.15789473685, -87063.0)
(440, 92.18228435516357, -281116.15789473685, -87063.0)
(441, 92.39853501319885, -281116.15789473685, -87063.0)
(442, 92.61406993865967, -281116.15789473685, -87063.0)
(443, 92.84441566467285, -281116.15789473685, -87063.0)
(444, 93.06366181373596, -281116.15789473685, -87063.0)
(445, 93.32023692131042, -281116.15789473685, -87063.0)
(446, 93.5529272556305, -281116.15789473685, -87063.0)
(447, 93.81775617599487, -281116.15789473685, -87063.0)
(448, 94.07456827163696, -281116.15789473685, -87063.0)
(449, 94.34935426712036, -281116.15789473685, -87063.0)
(450, 94.62934756278992, -281116.15789473685, -87063.0)
(451, 94.90269064903259, -281116.15789473685, -87063.0)
(452, 95.16973400115967, -281116.15789473685, -87063.0)
(453, 95.42510390281677, -281116.15789473685, -87063.0)
(454, 95.65490508079529, -281116.15789473685, -87063.0)
(455, 95.92983627319336, -281116.15789473685, -87063.0)
(456, 96.17009329795837, -281116.15789473685, -87063.0)
(457, 96.40118074417114, -281116.15789473685, -87063.0)
(458, 96.65443134307861, -281116.15789473685, -87063.0)
(459, 96.909428358078, -281116.15789473685, -87063.0)
(460, 97.19367909431458, -281116.15789473685, -87063.0)
(461, 97.4677186012268, -281116.15789473685, -87063.0)
(462, 97.74667048454285, -281116.15789473685, -87063.0)
(463, 97.96037077903748, -281116.15789473685, -87063.0)
(464, 98.21821236610413, -281116.15789473685, -87063.0)
(465, 98.49585461616516, -281116.15789473685, -87063.0)
(466, 98.7557852268219, -281116.15789473685, -87063.0)
(467, 99.04339742660522, -281116.15789473685, -87063.0)
(468, 99.34540629386902, -281116.15789473685, -87063.0)
(469, 99.56178998947144, -281116.15789473685, -87063.0)
(470, 99.77475547790527, -281116.15789473685, -87063.0)
(471, 99.9953145980835, -281116.15789473685, -87063.0)
(472, 100.24338006973267, -281116.15789473685, -87063.0)
(473, 100.47163963317871, -281116.15789473685, -87063.0)
(474, 100.70315527915955, -281116.15789473685, -87063.0)
(475, 100.9213478565216, -281116.15789473685, -87063.0)
(476, 101.1742627620697, -281116.15789473685, -87063.0)
(477, 101.40344548225403, -281116.15789473685, -87063.0)
(478, 101.66445255279541, -281116.15789473685, -87063.0)
(479, 101.9089150428772, -281116.15789473685, -87063.0)
(480, 102.17048168182373, -281116.15789473685, -87063.0)
(481, 102.43560314178467, -281116.15789473685, -87063.0)
(482, 102.68284273147583, -281116.15789473685, -87063.0)
(483, 102.93623232841492, -281116.15789473685, -87063.0)
(484, 103.18845224380493, -281116.15789473685, -87063.0)
(485, 103.432119846344, -281116.15789473685, -87063.0)
(486, 103.69125270843506, -281116.15789473685, -87063.0)
(487, 103.97454643249512, -281116.15789473685, -87063.0)
(488, 104.26377725601196, -281116.15789473685, -87063.0)
(489, 104.51108169555664, -281116.15789473685, -87063.0)
(490, 104.79355931282043, -281116.15789473685, -87063.0)
(491, 105.08163714408875, -281116.15789473685, -87063.0)
(492, 105.3270320892334, -281116.15789473685, -87063.0)
(493, 105.60237956047058, -281116.15789473685, -87063.0)
(494, 105.9046688079834, -281116.15789473685, -87063.0)
(495, 106.14105701446533, -281116.15789473685, -87063.0)
(496, 106.40088295936584, -281116.15789473685, -87063.0)
(497, 106.62386560440063, -281116.15789473685, -87063.0)
(498, 106.84872484207153, -281116.15789473685, -87063.0)
(499, 107.08727049827576, -281116.15789473685, -87063.0)
(500, 107.34502482414246, -281116.15789473685, -87063.0)
(501, 107.61343169212341, -281116.15789473685, -87063.0)
(502, 107.91264057159424, -281116.15789473685, -87063.0)
(503, 108.17007207870483, -281116.15789473685, -87063.0)
(504, 108.44534468650818, -281116.15789473685, -87063.0)
(505, 108.68897747993469, -281116.15789473685, -87063.0)
(506, 108.96246337890625, -281116.15789473685, -87063.0)
(507, 109.2341558933258, -281116.15789473685, -87063.0)
(508, 109.50955533981323, -281116.15789473685, -87063.0)
(509, 109.79817128181458, -281116.15789473685, -87063.0)
(510, 110.0573902130127, -281116.15789473685, -87063.0)
(511, 110.33108592033386, -281116.15789473685, -87063.0)
(512, 110.58519220352173, -281116.15789473685, -87063.0)
(513, 110.8618733882904, -281116.15789473685, -87063.0)
(514, 111.14474105834961, -281116.15789473685, -87063.0)
(515, 111.41744375228882, -281116.15789473685, -87063.0)
(516, 111.72977137565613, -281116.15789473685, -87063.0)
(517, 112.01692509651184, -281116.15789473685, -87063.0)
(518, 112.26549077033997, -281116.15789473685, -87063.0)
(519, 112.55608081817627, -281116.15789473685, -87063.0)
(520, 112.78431367874146, -281116.15789473685, -87063.0)
(521, 113.03084349632263, -281116.15789473685, -87063.0)
(522, 113.27036786079407, -281116.15789473685, -87063.0)
(523, 113.51328492164612, -281116.15789473685, -87063.0)
(524, 113.73854088783264, -281116.15789473685, -87063.0)
(525, 113.9441180229187, -281116.15789473685, -87063.0)
(526, 114.17161583900452, -281116.15789473685, -87063.0)
(527, 114.38343143463135, -281116.15789473685, -87063.0)
(528, 114.60148429870605, -281116.15789473685, -87063.0)
(529, 114.84315299987793, -281116.15789473685, -87063.0)
(530, 115.08080720901489, -281116.15789473685, -87063.0)
(531, 115.32414102554321, -281116.15789473685, -87063.0)
(532, 115.54418969154358, -281116.15789473685, -87063.0)
(533, 115.76610445976257, -281116.15789473685, -87063.0)
(534, 115.99244809150696, -281116.15789473685, -87063.0)
(535, 116.21582508087158, -281116.15789473685, -87063.0)
(536, 116.46956038475037, -281116.15789473685, -87063.0)
(537, 116.72805714607239, -281116.15789473685, -87063.0)
(538, 116.99726390838623, -281116.15789473685, -87063.0)
(539, 117.26844501495361, -281116.15789473685, -87063.0)
(540, 117.5438768863678, -281116.15789473685, -87063.0)
(541, 117.77984166145325, -281116.15789473685, -87063.0)
(542, 118.01251125335693, -281116.15789473685, -87063.0)
(543, 118.23475480079651, -281116.15789473685, -87063.0)
(544, 118.46639657020569, -281116.15789473685, -87063.0)
(545, 118.70501494407654, -281116.15789473685, -87063.0)
(546, 118.9454653263092, -281116.15789473685, -87063.0)
(547, 119.1790668964386, -281116.15789473685, -87063.0)
(548, 119.3911201953888, -281116.15789473685, -87063.0)
(549, 119.62381386756897, -281116.15789473685, -87063.0)
(550, 119.86385416984558, -281116.15789473685, -87063.0)
(551, 120.09771966934204, -281116.15789473685, -87063.0)
(552, 120.34683990478516, -281116.15789473685, -87063.0)
(553, 120.61296486854553, -281116.15789473685, -87063.0)
(554, 120.87976789474487, -281116.15789473685, -87063.0)
(555, 121.13871836662292, -281116.15789473685, -87063.0)
(556, 121.39795184135437, -281116.15789473685, -87063.0)
(557, 121.65113162994385, -281116.15789473685, -87063.0)
(558, 121.89456462860107, -281116.15789473685, -87063.0)
(559, 122.15466928482056, -281116.15789473685, -87063.0)
(560, 122.43748331069946, -281116.15789473685, -87063.0)
(561, 122.7025158405304, -281116.15789473685, -87063.0)
(562, 122.99055624008179, -281116.15789473685, -87063.0)
(563, 123.25490736961365, -281116.15789473685, -87063.0)
(564, 123.53313446044922, -281116.15789473685, -87063.0)
(565, 123.79984641075134, -281116.15789473685, -87063.0)
(566, 124.07106566429138, -281116.15789473685, -87063.0)
(567, 124.37367582321167, -281116.15789473685, -87063.0)
(568, 124.63966226577759, -281116.15789473685, -87063.0)
(569, 124.90349531173706, -281116.15789473685, -87063.0)
(570, 125.15010452270508, -281116.15789473685, -87063.0)
(571, 125.42648935317993, -281116.15789473685, -87063.0)
(572, 125.64586114883423, -281116.15789473685, -87063.0)
(573, 125.91254901885986, -281116.15789473685, -87063.0)
(574, 126.19044828414917, -281116.15789473685, -87063.0)
(575, 126.4662492275238, -281116.15789473685, -87063.0)
(576, 126.75593400001526, -281116.15789473685, -87063.0)
(577, 127.04043531417847, -281116.15789473685, -87063.0)
(578, 127.34416031837463, -281116.15789473685, -87063.0)
(579, 127.62583684921265, -281116.15789473685, -87063.0)
(580, 127.90193390846252, -281116.15789473685, -87063.0)
(581, 128.19432544708252, -281116.15789473685, -87063.0)
(582, 128.53511476516724, -281116.15789473685, -87063.0)
(583, 128.87297081947327, -281116.15789473685, -87063.0)
(584, 129.1594204902649, -281116.15789473685, -87063.0)
(585, 129.4347949028015, -281116.15789473685, -87063.0)
(586, 129.72665309906006, -281116.15789473685, -87063.0)
(587, 130.01604390144348, -281116.15789473685, -87063.0)
(588, 130.2824046611786, -281116.15789473685, -87063.0)
(589, 130.56613516807556, -281116.15789473685, -87063.0)
(590, 130.8553409576416, -281116.15789473685, -87063.0)
(591, 131.15627598762512, -281116.15789473685, -87063.0)
(592, 131.46786308288574, -281116.15789473685, -87063.0)
(593, 131.72376489639282, -281116.15789473685, -87063.0)
(594, 132.00914907455444, -281116.15789473685, -87063.0)
(595, 132.31545615196228, -281116.15789473685, -87063.0)
(596, 132.60931730270386, -281116.15789473685, -87063.0)
(597, 132.8940281867981, -281116.15789473685, -87063.0)
(598, 133.20604300498962, -281116.15789473685, -87063.0)
(599, 133.5080943107605, -281116.15789473685, -87063.0)
(600, 133.7720799446106, -281116.15789473685, -87063.0)
(601, 133.99973917007446, -281116.15789473685, -87063.0)
(602, 134.3068208694458, -281116.15789473685, -87063.0)
(603, 134.56053590774536, -281116.15789473685, -87063.0)
(604, 134.8196132183075, -281116.15789473685, -87063.0)
(605, 135.07003092765808, -281116.15789473685, -87063.0)
(606, 135.3081932067871, -281116.15789473685, -87063.0)
(607, 135.5413317680359, -281116.15789473685, -87063.0)
(608, 135.7862777709961, -281116.15789473685, -87063.0)
(609, 136.0460958480835, -281116.15789473685, -87063.0)
(610, 136.30611109733582, -281116.15789473685, -87063.0)
(611, 136.57762455940247, -281116.15789473685, -87063.0)
(612, 136.86122679710388, -281116.15789473685, -87063.0)
(613, 137.09879612922668, -281116.15789473685, -87063.0)
(614, 137.32616186141968, -281116.15789473685, -87063.0)
(615, 137.55468845367432, -281116.15789473685, -87063.0)
(616, 137.78362131118774, -281116.15789473685, -87063.0)
(617, 137.99719166755676, -281116.15789473685, -87063.0)
(618, 138.2363829612732, -281116.15789473685, -87063.0)
(619, 138.44908332824707, -281116.15789473685, -87063.0)
(620, 138.66757011413574, -281116.15789473685, -87063.0)
(621, 138.9251549243927, -281116.15789473685, -87063.0)
(622, 139.17705583572388, -281116.15789473685, -87063.0)
(623, 139.4142861366272, -281116.15789473685, -87063.0)
(624, 139.67981243133545, -281116.15789473685, -87063.0)
(625, 139.92115879058838, -281116.15789473685, -87063.0)
(626, 140.13924479484558, -281116.15789473685, -87063.0)
(627, 140.42829990386963, -281116.15789473685, -87063.0)
(628, 140.71370244026184, -281116.15789473685, -87063.0)
(629, 141.0233280658722, -281116.15789473685, -87063.0)
(630, 141.3058135509491, -281116.15789473685, -87063.0)
(631, 141.54130339622498, -281116.15789473685, -87063.0)
(632, 141.82058143615723, -281116.15789473685, -87063.0)
(633, 142.12804341316223, -281116.15789473685, -87063.0)
(634, 142.37638092041016, -281116.15789473685, -87063.0)
(635, 142.71336269378662, -281116.15789473685, -87063.0)
(636, 143.01701879501343, -281116.15789473685, -87063.0)
(637, 143.3402693271637, -281116.15789473685, -87063.0)
(638, 143.6725676059723, -281116.15789473685, -87063.0)
(639, 143.94641399383545, -281116.15789473685, -87063.0)
(640, 144.23284029960632, -281116.15789473685, -87063.0)
(641, 144.53705525398254, -281116.15789473685, -87063.0)
(642, 144.83196759223938, -281116.15789473685, -87063.0)
(643, 145.14742136001587, -281116.15789473685, -87063.0)
(644, 145.45393872261047, -281116.15789473685, -87063.0)
(645, 145.75954580307007, -281116.15789473685, -87063.0)
(646, 146.10243916511536, -281116.15789473685, -87063.0)
(647, 146.41563653945923, -281116.15789473685, -87063.0)
(648, 146.7470679283142, -281116.15789473685, -87063.0)
(649, 147.07715463638306, -281116.15789473685, -87063.0)
(650, 147.41231179237366, -281116.15789473685, -87063.0)
(651, 147.72679996490479, -281116.15789473685, -87063.0)
(652, 148.02132773399353, -281116.15789473685, -87063.0)
(653, 148.3574242591858, -281116.15789473685, -87063.0)
(654, 148.69617342948914, -281116.15789473685, -87063.0)
(655, 149.01021432876587, -281116.15789473685, -87063.0)
(656, 149.35358953475952, -281116.15789473685, -87063.0)
(657, 149.72470235824585, -281116.15789473685, -87063.0)
(658, 150.0571916103363, -281116.15789473685, -87063.0)
(659, 150.39383053779602, -281116.15789473685, -87063.0)
(660, 150.72493028640747, -281116.15789473685, -87063.0)
(661, 151.0769398212433, -281116.15789473685, -87063.0)
(662, 151.40410709381104, -281116.15789473685, -87063.0)
(663, 151.70116567611694, -281116.15789473685, -87063.0)
(664, 152.01311373710632, -281116.15789473685, -87063.0)
(665, 152.33661198616028, -281116.15789473685, -87063.0)
(666, 152.6440305709839, -281116.15789473685, -87063.0)
(667, 153.08289694786072, -281116.15789473685, -87063.0)
(668, 153.44551491737366, -281116.15789473685, -87063.0)
(669, 153.83927416801453, -281116.15789473685, -87063.0)
(670, 154.2007119655609, -281116.15789473685, -87063.0)
(671, 154.65989637374878, -280362.21760390204, -87063.0)
(672, 155.0346519947052, -280362.21760390204, -87063.0)
(673, 155.36736035346985, -280362.21760390204, -87063.0)
(674, 155.67436742782593, -280362.21760390204, -87063.0)
(675, 156.04986357688904, -280362.21760390204, -87063.0)
(676, 156.3818302154541, -280362.21760390204, -87063.0)
(677, 156.69225788116455, -280362.21760390204, -87063.0)
(678, 156.94835114479065, -280362.21760390204, -87063.0)
(679, 157.21228885650635, -280362.21760390204, -87063.0)
(680, 157.42498135566711, -280362.21760390204, -87063.0)
(681, 157.70150995254517, -280362.21760390204, -87063.0)
(682, 157.99480056762695, -280362.21760390204, -87063.0)
(683, 158.29624915122986, -280362.21760390204, -87063.0)
(684, 158.538800239563, -280362.21760390204, -87063.0)
(685, 158.84295678138733, -280362.21760390204, -87063.0)
(686, 159.131578207016, -280362.21760390204, -87063.0)
(687, 159.3772521018982, -280362.21760390204, -87063.0)
(688, 159.67825269699097, -280362.21760390204, -87063.0)
(689, 159.98434281349182, -280362.21760390204, -87063.0)
(690, 160.25690269470215, -280362.21760390204, -87063.0)
(691, 160.5096790790558, -280362.21760390204, -87063.0)
(692, 160.79265832901, -280362.21760390204, -87063.0)
(693, 161.05883884429932, -280362.21760390204, -87063.0)
(694, 161.3664300441742, -280362.21760390204, -87063.0)
(695, 161.62166953086853, -280362.21760390204, -87063.0)
(696, 161.8704855442047, -280362.21760390204, -87063.0)
(697, 162.1976068019867, -280362.21760390204, -87063.0)
(698, 162.51283288002014, -280362.21760390204, -87063.0)
(699, 162.83507537841797, -280362.21760390204, -87063.0)
(700, 163.18489241600037, -280362.21760390204, -87063.0)
(701, 163.5274465084076, -280362.21760390204, -87063.0)
(702, 163.86362886428833, -280362.21760390204, -87063.0)
(703, 164.14479422569275, -280362.21760390204, -87063.0)
(704, 164.40862202644348, -280362.21760390204, -87063.0)
(705, 164.6616702079773, -280362.21760390204, -87063.0)
(706, 164.8961956501007, -280362.21760390204, -87063.0)
(707, 165.16248416900635, -280362.21760390204, -87063.0)
(708, 165.41152691841125, -280362.21760390204, -87063.0)
(709, 165.70180773735046, -280362.21760390204, -87063.0)
(710, 165.9586465358734, -280362.21760390204, -87063.0)
(711, 166.25804471969604, -280362.21760390204, -87063.0)
(712, 166.56935334205627, -280362.21760390204, -87063.0)
(713, 166.82898235321045, -280362.21760390204, -87063.0)
(714, 167.08695363998413, -280362.21760390204, -87063.0)
(715, 167.39561009407043, -280362.21760390204, -87063.0)
(716, 167.72017359733582, -280362.21760390204, -87063.0)
(717, 167.9675931930542, -280362.21760390204, -87063.0)
(718, 168.23271536827087, -280362.21760390204, -87063.0)
(719, 168.5006127357483, -280362.21760390204, -87063.0)
(720, 168.79476284980774, -280362.21760390204, -87063.0)
(721, 169.03801345825195, -280362.21760390204, -87063.0)
(722, 169.27974653244019, -280362.21760390204, -87063.0)
(723, 169.50236773490906, -280362.21760390204, -87063.0)
(724, 169.73477363586426, -280362.21760390204, -87063.0)
(725, 169.98826503753662, -280362.21760390204, -87063.0)
(726, 170.2245569229126, -280362.21760390204, -87063.0)
(727, 170.46179103851318, -280362.21760390204, -87063.0)
(728, 170.72021770477295, -280362.21760390204, -87063.0)
(729, 171.0160412788391, -280362.21760390204, -87063.0)
(730, 171.3119158744812, -280362.21760390204, -87063.0)
(731, 171.58348417282104, -280362.21760390204, -87063.0)
(732, 171.83175468444824, -280362.21760390204, -87063.0)
(733, 172.08346128463745, -280362.21760390204, -87063.0)
(734, 172.36963653564453, -280362.21760390204, -87063.0)
(735, 172.67329502105713, -280362.21760390204, -87063.0)
(736, 172.97777438163757, -280362.21760390204, -87063.0)
(737, 173.25110411643982, -280362.21760390204, -87063.0)
(738, 173.55372285842896, -280362.21760390204, -87063.0)
(739, 173.85513043403625, -280362.21760390204, -87063.0)
(740, 174.15901064872742, -280362.21760390204, -87063.0)
(741, 174.44954681396484, -280362.21760390204, -87063.0)
(742, 174.8391044139862, -280362.21760390204, -87063.0)
(743, 175.11475539207458, -280362.21760390204, -87063.0)
(744, 175.44842910766602, -280362.21760390204, -87063.0)
(745, 175.74439644813538, -280362.21760390204, -87063.0)
(746, 176.0732729434967, -280362.21760390204, -87063.0)
(747, 176.40982174873352, -280362.21760390204, -87063.0)
(748, 176.71556401252747, -280362.21760390204, -87063.0)
(749, 176.95458602905273, -280362.21760390204, -87063.0)
(750, 177.269056558609, -280362.21760390204, -87063.0)
(751, 177.59390425682068, -280362.21760390204, -87063.0)
(752, 177.87771248817444, -280362.21760390204, -87063.0)
(753, 178.2166805267334, -280362.21760390204, -87063.0)
(754, 178.5662820339203, -280362.21760390204, -87063.0)
(755, 178.8799753189087, -280362.21760390204, -87063.0)
(756, 179.21902012825012, -280362.21760390204, -87063.0)
(757, 179.52249360084534, -280362.21760390204, -87063.0)
(758, 179.8533215522766, -280362.21760390204, -87063.0)
(759, 180.1976547241211, -280362.21760390204, -87063.0)
(760, 180.56767773628235, -280362.21760390204, -87063.0)
(761, 180.91081285476685, -280362.21760390204, -87063.0)
(762, 181.22805786132812, -280362.21760390204, -87063.0)
(763, 181.53650879859924, -280362.21760390204, -87063.0)
(764, 181.77952575683594, -280362.21760390204, -87063.0)
(765, 182.09401488304138, -280362.21760390204, -87063.0)
(766, 182.4390263557434, -280362.21760390204, -87063.0)
(767, 182.77750492095947, -280362.21760390204, -87063.0)
(768, 183.11223554611206, -280362.21760390204, -87063.0)
(769, 183.44419884681702, -280362.21760390204, -87063.0)
(770, 183.7856523990631, -280362.21760390204, -87063.0)
(771, 184.15324187278748, -280362.21760390204, -87063.0)
(772, 184.45146536827087, -280362.21760390204, -87063.0)
(773, 184.7564880847931, -280362.21760390204, -87063.0)
(774, 185.05950164794922, -280362.21760390204, -87063.0)
(775, 185.39046716690063, -280362.21760390204, -87063.0)
(776, 185.73664593696594, -280362.21760390204, -87063.0)
(777, 186.0878255367279, -280362.21760390204, -87063.0)
(778, 186.443945646286, -280362.21760390204, -87063.0)
(779, 186.79204320907593, -280362.21760390204, -87063.0)
(780, 187.13365817070007, -280362.21760390204, -87063.0)
(781, 187.5760657787323, -280362.21760390204, -87063.0)
(782, 187.9210090637207, -280362.21760390204, -87063.0)
(783, 188.21367025375366, -280362.21760390204, -87063.0)
(784, 188.46213555335999, -280362.21760390204, -87063.0)
(785, 188.79857683181763, -280362.21760390204, -87063.0)
(786, 189.0252182483673, -280362.21760390204, -87063.0)
(787, 189.22749757766724, -280362.21760390204, -87063.0)
(788, 189.4320034980774, -280362.21760390204, -87063.0)
(789, 189.75206518173218, -280362.21760390204, -87063.0)
(790, 190.03809237480164, -280362.21760390204, -87063.0)
(791, 190.32643795013428, -280362.21760390204, -87063.0)
(792, 190.626971244812, -280362.21760390204, -87063.0)
(793, 190.88106179237366, -280362.21760390204, -87063.0)
(794, 191.14107275009155, -280362.21760390204, -87063.0)
(795, 191.40206003189087, -280362.21760390204, -87063.0)
(796, 191.67101335525513, -280362.21760390204, -87063.0)
(797, 191.89164090156555, -280362.21760390204, -87063.0)
(798, 192.1581404209137, -280362.21760390204, -87063.0)
(799, 192.40401530265808, -280362.21760390204, -87063.0)
(800, 192.6722173690796, -280362.21760390204, -87063.0)
(801, 192.94000697135925, -280362.21760390204, -87063.0)
(802, 193.20176553726196, -280362.21760390204, -87063.0)
(803, 193.43609833717346, -280362.21760390204, -87063.0)
(804, 193.67859864234924, -280362.21760390204, -87063.0)
(805, 193.95375037193298, -280362.21760390204, -87063.0)
(806, 194.20124506950378, -280362.21760390204, -87063.0)
(807, 194.4683964252472, -280362.21760390204, -87063.0)
(808, 194.7383530139923, -280362.21760390204, -87063.0)
(809, 195.06984543800354, -280362.21760390204, -87063.0)
(810, 195.37702822685242, -280362.21760390204, -87063.0)
(811, 195.72255849838257, -280362.21760390204, -87063.0)
(812, 196.0029501914978, -280362.21760390204, -87063.0)
(813, 196.28105521202087, -280362.21760390204, -87063.0)
(814, 196.54613995552063, -280362.21760390204, -87063.0)
(815, 196.8174228668213, -280362.21760390204, -87063.0)
(816, 197.13303518295288, -280362.21760390204, -87063.0)
(817, 197.40763354301453, -280362.21760390204, -87063.0)
(818, 197.74626445770264, -280362.21760390204, -87063.0)
(819, 198.07506012916565, -280362.21760390204, -87063.0)
(820, 198.3990023136139, -280362.21760390204, -87063.0)
(821, 198.73037886619568, -280362.21760390204, -87063.0)
(822, 199.09874486923218, -280362.21760390204, -87063.0)
(823, 199.43262481689453, -280362.21760390204, -87063.0)
(824, 199.7286171913147, -280362.21760390204, -87063.0)
(825, 200.06418180465698, -280362.21760390204, -87063.0)
(826, 200.34984636306763, -280362.21760390204, -87063.0)
(827, 200.70933032035828, -280362.21760390204, -87063.0)
(828, 200.9595901966095, -280362.21760390204, -87063.0)
(829, 201.24091267585754, -280362.21760390204, -87063.0)
(830, 201.51063346862793, -280362.21760390204, -87063.0)
(831, 201.78578329086304, -280362.21760390204, -87063.0)
(832, 202.11309599876404, -280362.21760390204, -87063.0)
(833, 202.38812494277954, -280362.21760390204, -87063.0)
(834, 202.71041440963745, -280362.21760390204, -87063.0)
(835, 202.95610117912292, -280362.21760390204, -87063.0)
(836, 203.27633500099182, -280362.21760390204, -87063.0)
(837, 203.53790020942688, -280362.21760390204, -87063.0)
(838, 203.85648322105408, -280362.21760390204, -87063.0)
(839, 204.19984221458435, -280362.21760390204, -87063.0)
(840, 204.47534275054932, -280362.21760390204, -87063.0)
(841, 204.83351302146912, -280362.21760390204, -87063.0)
(842, 205.12425827980042, -280362.21760390204, -87063.0)
(843, 205.4756383895874, -280362.21760390204, -87063.0)
(844, 205.75813221931458, -280362.21760390204, -87063.0)
(845, 206.07527351379395, -280362.21760390204, -87063.0)
(846, 206.43954753875732, -280362.21760390204, -87063.0)
(847, 206.80273914337158, -280362.21760390204, -87063.0)
(848, 207.16858553886414, -280362.21760390204, -87063.0)
(849, 207.41768980026245, -280362.21760390204, -87063.0)
(850, 207.69154858589172, -280362.21760390204, -87063.0)
(851, 208.05410075187683, -280362.21760390204, -87063.0)
(852, 208.32964038848877, -280362.21760390204, -87063.0)
(853, 208.6230103969574, -280362.21760390204, -87063.0)
(854, 208.95756578445435, -280362.21760390204, -87063.0)
(855, 209.29603457450867, -280362.21760390204, -87063.0)
(856, 209.63723945617676, -280362.21760390204, -87063.0)
(857, 209.96871733665466, -280362.21760390204, -87063.0)
(858, 210.342782497406, -280362.21760390204, -87063.0)
(859, 210.74765992164612, -280362.21760390204, -87063.0)
(860, 211.13168954849243, -280362.21760390204, -87063.0)
(861, 211.3995213508606, -280362.21760390204, -87063.0)
(862, 211.66165351867676, -280362.21760390204, -87063.0)
(863, 212.00336027145386, -280362.21760390204, -87063.0)
(864, 212.25224590301514, -280362.21760390204, -87063.0)
(865, 212.52008652687073, -280362.21760390204, -87063.0)
(866, 212.81303787231445, -280362.21760390204, -87063.0)
(867, 213.14622926712036, -280362.21760390204, -87063.0)
(868, 213.4927396774292, -280362.21760390204, -87063.0)
(869, 213.73935461044312, -280362.21760390204, -87063.0)
(870, 214.08250617980957, -280362.21760390204, -87063.0)
(871, 214.3489215373993, -280362.21760390204, -87063.0)
(872, 214.5915834903717, -280362.21760390204, -87063.0)
(873, 214.90605330467224, -280362.21760390204, -87063.0)
(874, 215.25346755981445, -280362.21760390204, -87063.0)
(875, 215.59515833854675, -280362.21760390204, -87063.0)
(876, 215.93911337852478, -280362.21760390204, -87063.0)
(877, 216.30555939674377, -280362.21760390204, -87063.0)
(878, 216.6853084564209, -280362.21760390204, -87063.0)
(879, 217.0549612045288, -280362.21760390204, -87063.0)
(880, 217.2941539287567, -280362.21760390204, -87063.0)
(881, 217.63466358184814, -280362.21760390204, -87063.0)
(882, 218.00188398361206, -280362.21760390204, -87063.0)
(883, 218.40389680862427, -280362.21760390204, -87063.0)
(884, 218.7592329978943, -280362.21760390204, -87063.0)
(885, 219.129380941391, -280362.21760390204, -87063.0)
(886, 219.49954771995544, -280362.21760390204, -87063.0)
(887, 219.8597264289856, -280362.21760390204, -87063.0)
(888, 220.19500422477722, -280362.21760390204, -87063.0)
(889, 220.5457785129547, -280362.21760390204, -87063.0)
(890, 220.93617796897888, -280362.21760390204, -87063.0)
(891, 221.32959604263306, -280362.21760390204, -87063.0)
(892, 221.7880539894104, -280362.21760390204, -87063.0)
(893, 222.16548490524292, -280362.21760390204, -87063.0)
(894, 222.61179757118225, -280362.21760390204, -87063.0)
(895, 223.0472536087036, -280362.21760390204, -87063.0)
(896, 223.3975167274475, -280362.21760390204, -87063.0)
(897, 223.76034259796143, -280362.21760390204, -87063.0)
(898, 223.98286700248718, -280362.21760390204, -87063.0)
(899, 224.32745051383972, -280362.21760390204, -87063.0)
(900, 224.61992192268372, -280362.21760390204, -87063.0)
(901, 224.9744689464569, -280362.21760390204, -87063.0)
(902, 225.35274863243103, -280362.21760390204, -87063.0)
(903, 225.6704499721527, -280362.21760390204, -87063.0)
(904, 225.91813802719116, -280362.21760390204, -87063.0)
(905, 226.38166570663452, -280362.21760390204, -87063.0)
(906, 226.77401781082153, -280362.21760390204, -87063.0)
(907, 227.16968727111816, -280362.21760390204, -87063.0)
(908, 227.5793285369873, -280362.21760390204, -87063.0)
(909, 227.95338702201843, -280362.21760390204, -87063.0)
(910, 228.30951380729675, -280362.21760390204, -87063.0)
(911, 228.71873497962952, -280362.21760390204, -87063.0)
(912, 229.07769227027893, -280362.21760390204, -87063.0)
(913, 229.44956016540527, -280362.21760390204, -87063.0)
(914, 229.79123210906982, -280362.21760390204, -87063.0)
(915, 230.19328713417053, -280362.21760390204, -87063.0)
(916, 230.56071710586548, -280362.21760390204, -87063.0)
(917, 230.9301974773407, -280362.21760390204, -87063.0)
(918, 231.32774543762207, -280362.21760390204, -87063.0)
(919, 231.72253155708313, -280362.21760390204, -87063.0)
(920, 232.14797043800354, -280362.21760390204, -87063.0)
(921, 232.46516942977905, -280362.21760390204, -87063.0)
(922, 232.87257266044617, -280362.21760390204, -87063.0)
(923, 233.28448390960693, -280362.21760390204, -87063.0)
(924, 233.66662979125977, -280362.21760390204, -87063.0)
(925, 234.08762097358704, -280362.21760390204, -87063.0)
(926, 234.4580783843994, -280362.21760390204, -87063.0)
(927, 234.67670559883118, -280362.21760390204, -87063.0)
(928, 235.03995180130005, -280362.21760390204, -87063.0)
(929, 235.30368614196777, -280362.21760390204, -87063.0)
(930, 235.57696676254272, -280362.21760390204, -87063.0)
(931, 235.90821409225464, -280362.21760390204, -87063.0)
(932, 236.16148209571838, -280362.21760390204, -87063.0)
(933, 236.48723483085632, -280362.21760390204, -87063.0)
(934, 236.82547879219055, -280362.21760390204, -87063.0)
(935, 237.18534970283508, -280362.21760390204, -87063.0)
(936, 237.60076808929443, -280362.21760390204, -87063.0)
(937, 237.97133493423462, -280362.21760390204, -87063.0)
(938, 238.21600723266602, -280362.21760390204, -87063.0)
(939, 238.49263548851013, -280362.21760390204, -87063.0)
(940, 238.8310844898224, -280362.21760390204, -87063.0)
(941, 239.0966944694519, -280362.21760390204, -87063.0)
(942, 239.4787404537201, -280362.21760390204, -87063.0)
(943, 239.84792160987854, -280362.21760390204, -87063.0)
(944, 240.24466800689697, -280362.21760390204, -87063.0)
(945, 240.63747453689575, -280362.21760390204, -87063.0)
(946, 241.02437376976013, -280362.21760390204, -87063.0)
(947, 241.4181613922119, -280362.21760390204, -87063.0)
(948, 241.87045288085938, -280362.21760390204, -87063.0)
(949, 242.28001475334167, -280362.21760390204, -87063.0)
(950, 242.685884475708, -280362.21760390204, -87063.0)
(951, 243.132750749588, -280362.21760390204, -87063.0)
(952, 243.55511164665222, -280362.21760390204, -87063.0)
(953, 244.07156920433044, -280362.21760390204, -87063.0)
(954, 244.50530695915222, -280362.21760390204, -87063.0)
(955, 244.90912556648254, -280362.21760390204, -87063.0)
(956, 245.2736988067627, -280362.21760390204, -87063.0)
(957, 245.5517189502716, -280362.21760390204, -87063.0)
(958, 245.85683941841125, -280362.21760390204, -87063.0)
(959, 246.16682887077332, -280362.21760390204, -87063.0)
(960, 246.4702594280243, -280362.21760390204, -87063.0)
(961, 246.7876193523407, -280362.21760390204, -87063.0)
(962, 247.18046283721924, -280362.21760390204, -87063.0)
(963, 247.46295952796936, -280362.21760390204, -87063.0)
(964, 247.73726797103882, -280362.21760390204, -87063.0)
(965, 248.10291504859924, -280362.21760390204, -87063.0)
(966, 248.352858543396, -280362.21760390204, -87063.0)
(967, 248.66730070114136, -280362.21760390204, -87063.0)
(968, 248.96494507789612, -280362.21760390204, -87063.0)
(969, 249.2360668182373, -280362.21760390204, -87063.0)
(970, 249.51015281677246, -280362.21760390204, -87063.0)
(971, 249.8868110179901, -280362.21760390204, -87063.0)
(972, 250.20218586921692, -280362.21760390204, -87063.0)
(973, 250.4978473186493, -280362.21760390204, -87063.0)
(974, 250.8668293952942, -280362.21760390204, -87063.0)
(975, 251.22997951507568, -280362.21760390204, -87063.0)
(976, 251.59232878684998, -280362.21760390204, -87063.0)
(977, 252.01904797554016, -280362.21760390204, -87063.0)
(978, 252.5083429813385, -280362.21760390204, -87063.0)
(979, 252.87504863739014, -280362.21760390204, -87063.0)
(980, 253.23323154449463, -280362.21760390204, -87063.0)
(981, 253.6467034816742, -280362.21760390204, -87063.0)
(982, 254.00239443778992, -280362.21760390204, -87063.0)
(983, 254.4105100631714, -280362.21760390204, -87063.0)
(984, 254.81306838989258, -280362.21760390204, -87063.0)
(985, 255.24975681304932, -280362.21760390204, -87063.0)
(986, 255.69910335540771, -280362.21760390204, -87063.0)
(987, 256.10730719566345, -280362.21760390204, -87063.0)
(988, 256.5616400241852, -280362.21760390204, -87063.0)
(989, 257.00852608680725, -280362.21760390204, -87063.0)
(990, 257.45615887641907, -280362.21760390204, -87063.0)
(991, 257.9163336753845, -280362.21760390204, -87063.0)
(992, 258.35889649391174, -280362.21760390204, -87063.0)
(993, 258.64242792129517, -280362.21760390204, -87063.0)
(994, 259.0418405532837, -280362.21760390204, -87063.0)
(995, 259.48570442199707, -280362.21760390204, -87063.0)
(996, 259.8802571296692, -280362.21760390204, -87063.0)
(997, 260.2549328804016, -280362.21760390204, -87063.0)
(998, 260.63548517227173, -280362.21760390204, -87063.0)
(999, 261.0436565876007, -280362.21760390204, -87063.0)
(1000, 261.46302795410156, -280362.21760390204, -87063.0)
