(1, 0.07013821601867676, -551438.0, -18554.0)
(2, 0.13301491737365723, -551438.0, -18554.0)
(3, 0.1962900161743164, -551438.0, -18554.0)
(4, 0.25918102264404297, -549888.0, -18554.0)
(5, 0.32329750061035156, -549888.0, -18554.0)
(6, 0.38713502883911133, -549888.0, -18554.0)
(7, 0.4516720771789551, -517567.75, -18554.0)
(8, 0.5173230171203613, -461028.8333333333, -18554.0)
(9, 0.5834763050079346, -433461.9166666667, -18554.0)
(10, 0.6518535614013672, -378775.4166666667, -18554.0)
(11, 0.7210061550140381, -334776.5833333333, -18554.0)
(12, 0.7908599376678467, -307942.75, -18554.0)
(13, 0.8623769283294678, -259013.83333333334, -18554.0)
(14, 0.9339737892150879, -229865.0, -18554.0)
(15, 1.005514144897461, -229865.0, -18554.0)
(16, 1.0771028995513916, -206248.79166666666, -18554.0)
(17, 1.1511428356170654, -149649.66666666666, -18554.0)
(18, 1.2260706424713135, -106555.75, -18554.0)
(19, 1.3186159133911133, -49956.95833333333, -18554.0)
(20, 1.3968849182128906, -40793.04166666667, -18554.0)
(21, 1.475311517715454, -37213.83333333333, -18554.0)
(22, 1.55326247215271, -33784.0, -18554.0)
(23, 1.6316187381744385, -29965.166666666668, -18554.0)
(24, 1.710132360458374, -29940.958333333332, -18554.0)
(25, 1.7937121391296387, -28489.0, -28429.0)
(26, 1.8724963665008545, -28429.0, -28429.0)
(27, 1.9509990215301514, -28429.0, -28429.0)
