(1, 0.03119063377380371, -92820.0, -13334.0)
(2, 0.05976438522338867, -92820.0, -13334.0)
(3, 0.0892796516418457, -92820.0, -13334.0)
(4, 0.11792445182800293, -92820.0, -13334.0)
(5, 0.1464540958404541, -92820.0, -13334.0)
(6, 0.175384521484375, -92820.0, -13334.0)
(7, 0.2037956714630127, -92820.0, -13334.0)
(8, 0.23205852508544922, -92820.0, -13334.0)
(9, 0.260540246963501, -92820.0, -13334.0)
(10, 0.28876399993896484, -92820.0, -13334.0)
(11, 0.31726789474487305, -92820.0, -13334.0)
(12, 0.34541893005371094, -75773.25, -13334.0)
(13, 0.37366294860839844, -73300.39130434782, -13334.0)
(14, 0.40222787857055664, -73300.39130434782, -13334.0)
(15, 0.42933201789855957, -73300.39130434782, -13334.0)
(16, 0.45665764808654785, -73300.39130434782, -13334.0)
(17, 0.48338913917541504, -73300.39130434782, -13334.0)
(18, 0.5102832317352295, -73300.39130434782, -13334.0)
(19, 0.5370521545410156, -73300.39130434782, -13334.0)
(20, 0.5641565322875977, -62010.045454545456, -13334.0)
(21, 0.5907227993011475, -62010.045454545456, -13334.0)
(22, 0.6173319816589355, -62010.045454545456, -13334.0)
(23, 0.6433422565460205, -62010.045454545456, -13334.0)
(24, 0.6699857711791992, -62010.045454545456, -13334.0)
(25, 0.6962945461273193, -53833.72727272727, -13334.0)
(26, 0.722557544708252, -52734.444444444445, -13334.0)
(27, 0.7489426136016846, -49231.25, -13334.0)
(28, 0.775090217590332, -49231.25, -13334.0)
(29, 0.8011865615844727, -39252.75, -13334.0)
(30, 0.826556921005249, -35313.41666666667, -13334.0)
(31, 0.8524839878082275, -35313.41666666667, -13334.0)
(32, 0.8795592784881592, -35313.41666666667, -13334.0)
(33, 0.9054884910583496, -35313.41666666667, -13334.0)
(34, 0.93072509765625, -35313.41666666667, -13334.0)
(35, 0.9561386108398438, -25229.428571428572, -13334.0)
(36, 0.9816267490386963, -20532.8, -13334.0)
(37, 1.007009506225586, -19761.5, -13334.0)
(38, 1.032289981842041, -19761.5, -13334.0)
(39, 1.0575554370880127, -19761.5, -13334.0)
(40, 1.0829076766967773, -19761.5, -13334.0)
(41, 1.1084630489349365, -19761.5, -13334.0)
(42, 1.1340446472167969, -19761.5, -13334.0)
(43, 1.159472942352295, -19761.5, -13334.0)
(44, 1.185420274734497, -19761.5, -13334.0)
(45, 1.2110786437988281, -19761.5, -13334.0)
(46, 1.2367572784423828, -19761.5, -13334.0)
(47, 1.2623307704925537, -19761.5, -13334.0)
(48, 1.288346529006958, -19761.5, -13334.0)
(49, 1.3138775825500488, -19761.5, -13334.0)
(50, 1.3395261764526367, -19761.5, -13334.0)
(51, 1.365443468093872, -19761.5, -13334.0)
(52, 1.3916473388671875, -19761.5, -13334.0)
(53, 1.4177043437957764, -19761.5, -13334.0)
(54, 1.4436686038970947, -19761.5, -13334.0)
(55, 1.4696738719940186, -19761.5, -13334.0)
(56, 1.4957365989685059, -19761.5, -13334.0)
(57, 1.5217156410217285, -19761.5, -13334.0)
(58, 1.5475242137908936, -19761.5, -13334.0)
(59, 1.5736083984375, -19761.5, -13334.0)
(60, 1.5995118618011475, -16032.5, -13334.0)
(61, 1.6257495880126953, -16032.5, -13334.0)
(62, 1.6517605781555176, -16032.5, -13334.0)
(63, 1.6793859004974365, -16032.5, -13334.0)
(64, 1.706191062927246, -16032.5, -13334.0)
(65, 1.73345947265625, -16032.5, -13334.0)
(66, 1.7695984840393066, -15317.0, -15317.0)
(67, 1.7965221405029297, -15317.0, -15317.0)
