(1, 0.11719942092895508, -704430.0, -23308.0)
(2, 0.22355937957763672, -704430.0, -23308.0)
(3, 0.32921504974365234, -704430.0, -23308.0)
(4, 0.4351069927215576, -704430.0, -23308.0)
(5, 0.5414741039276123, -704430.0, -23308.0)
(6, 0.6480848789215088, -704430.0, -23308.0)
(7, 0.7543859481811523, -704430.0, -23308.0)
(8, 0.8603076934814453, -692399.1071428572, -23308.0)
(9, 0.9660558700561523, -692273.6296296297, -23308.0)
(10, 1.0728919506072998, -688062.5384615385, -23308.0)
(11, 1.1787030696868896, -687064.25, -23308.0)
(12, 1.2844867706298828, -684485.25, -23308.0)
(13, 1.3908298015594482, -684485.25, -23308.0)
(14, 1.49638032913208, -684485.25, -23308.0)
(15, 1.6027452945709229, -684485.25, -23308.0)
(16, 1.7076389789581299, -651066.75, -23308.0)
(17, 1.8131139278411865, -651066.75, -23308.0)
(18, 1.9186666011810303, -651066.75, -23308.0)
(19, 2.0250537395477295, -651066.75, -23308.0)
(20, 2.1302921772003174, -595990.9166666666, -23308.0)
(21, 2.2366487979888916, -566575.625, -23308.0)
(22, 2.3434576988220215, -564647.8333333334, -23308.0)
(23, 2.4513068199157715, -524113.3333333333, -23308.0)
(24, 2.560499429702759, -520537.5, -23308.0)
(25, 2.670055389404297, -506088.2916666667, -23308.0)
(26, 2.781092405319214, -506088.2916666667, -23308.0)
(27, 2.89404559135437, -473779.8333333333, -23308.0)
(28, 3.0085666179656982, -455063.0833333333, -23308.0)
(29, 3.121068000793457, -447279.5, -23308.0)
(30, 3.2338688373565674, -411366.2083333333, -23308.0)
(31, 3.3473153114318848, -411366.2083333333, -23308.0)
(32, 3.46464204788208, -380287.875, -23308.0)
(33, 3.585681200027466, -348622.375, -23308.0)
(34, 3.701817512512207, -348622.375, -23308.0)
(35, 3.8174026012420654, -322196.9166666667, -23308.0)
(36, 3.9340221881866455, -303469.875, -23308.0)
(37, 4.054947376251221, -288575.875, -23308.0)
(38, 4.17814564704895, -275788.2083333333, -23308.0)
(39, 4.296345472335815, -267542.375, -23308.0)
(40, 4.415058851242065, -231295.375, -23308.0)
(41, 4.5375730991363525, -202129.125, -23308.0)
(42, 4.661638498306274, -196796.75, -23308.0)
(43, 4.7828638553619385, -182400.5833333333, -23308.0)
(44, 4.903995513916016, -149498.4583333333, -23308.0)
(45, 5.029322147369385, -138026.0, -23308.0)
(46, 5.154204368591309, -134899.3333333333, -23308.0)
(47, 5.281713962554932, -106550.75, -23308.0)
(48, 5.412219047546387, -71529.0, -23308.0)
(49, 5.548465013504028, -36148.41666666667, -23308.0)
(50, 5.721459150314331, -33496.0, -33312.2)
(51, 5.858164072036743, -33333.0, -33333.0)
(52, 5.987860441207886, -33333.0, -33333.0)
