(1, 0.02088475227355957, -46936.0, -14411.0)
(2, 0.04155921936035156, -33880.87613090406, -14411.0)
(3, 0.06303119659423828, -30107.74575167739, -14411.0)
(4, 0.08417415618896484, -27421.534057479137, -14411.0)
(5, 0.10750341415405273, -22912.57080608674, -14411.0)
(6, 0.13211822509765625, -21077.60599542172, -14411.0)
(7, 0.16097426414489746, -18899.936592957984, -14411.0)
(8, 0.1939535140991211, -16299.797418973863, -14411.0)
(9, 0.22582340240478516, -15318.936263883932, -14411.0)
(10, 0.26453280448913574, -15004.286699212646, -14411.0)
(11, 0.30722546577453613, -14999.141051785024, -14411.0)
(12, 0.3438546657562256, -14823.869934967417, -14411.0)
(13, 0.3801898956298828, -14534.860980490215, -14411.0)
(14, 0.41651248931884766, -14448.158294147051, -14411.0)
(15, 0.4520704746246338, -14422.147488244087, -14411.0)
(16, 0.48897647857666016, -14414.344246472234, -14411.0)
(17, 0.5248727798461914, -14412.003273941009, -14411.0)
(18, 0.5630621910095215, -14411.300982181081, -14411.0)
(19, 0.6014821529388428, -14411.090294654221, -14411.0)
(20, 0.6454195976257324, -14411.027088391293, -14411.0)
(21, 0.6885232925415039, -14411.008126506209, -14411.0)
(22, 0.731787919998169, -14411.002437942594, -14411.0)
