(1, 0.23422479629516602, -1572967.0, -45151.0)
(2, 0.5304245948791504, -935981.5499304675, -45151.0)
(3, 0.7667577266693115, -429145.8894319415, -45151.0)
(4, 1.043328046798706, -220813.42547473504, -45151.0)
(5, 1.4436414241790771, -139496.52998201826, -45151.0)
(6, 1.8928475379943848, -112922.25673361108, -45151.0)
(7, 2.5708703994750977, -98543.379406609, -45151.0)
(8, 3.5146350860595703, -76002.57289157347, -64392.22807098563)
(9, 4.627023220062256, -68006.51454185316, -64444.21526760605)
(10, 5.8368659019470215, -65657.14727246379, -64482.734440922875)
(11, 7.109006643295288, -64879.61265470486, -64486.40916400445)
(12, 8.457485675811768, -64625.68691570522, -64490.12352843772)
(13, 9.807306051254272, -64537.361393361934, -64490.24533041564)
(14, 11.111421346664429, -64513.048063519695, -64497.73085089399)
(15, 12.80228877067566, -64504.807272158825, -64498.05334035417)
(16, 14.268116235733032, -64500.07951989745, -64498.05334035414)
(17, 15.797635316848755, -64500.07951989745, -64498.05334035415)
(18, 17.385440587997437, -64498.67093099957, -64498.067250044005)
(19, 19.06319570541382, -64498.67093099957, -64498.06725004401)
(20, 20.6738383769989, -64498.31187478149, -64498.15799354375)
(21, 22.16957950592041, -64498.204157915185, -64498.15799354373)
(22, 23.724921464920044, -64498.17184285585, -64498.15799354374)
