(1, 0.03748130798339844, -117177.0, -28933.0)
(2, 0.07256770133972168, -115616.89655172414, -28933.0)
(3, 0.10787129402160645, -113742.96551724138, -28933.0)
(4, 0.14280390739440918, -111162.3448275862, -28933.0)
(5, 0.17826414108276367, -111162.3448275862, -28933.0)
(6, 0.21362042427062988, -107314.60714285714, -28933.0)
(7, 0.2505979537963867, -107314.60714285714, -28933.0)
(8, 0.2863314151763916, -103428.12500000001, -28933.0)
(9, 0.3214752674102783, -103428.12500000001, -28933.0)
(10, 0.3581836223602295, -103428.12500000001, -28933.0)
(11, 0.3941457271575928, -103428.12500000001, -28933.0)
(12, 0.4293959140777588, -103428.12500000001, -28933.0)
(13, 0.4653491973876953, -103428.12500000001, -28933.0)
(14, 0.5002777576446533, -103428.12500000001, -28933.0)
(15, 0.53485107421875, -103428.12500000001, -28933.0)
(16, 0.5702869892120361, -103428.12500000001, -28933.0)
(17, 0.6057038307189941, -103428.12500000001, -28933.0)
(18, 0.6412112712860107, -103428.12500000001, -28933.0)
(19, 0.675483226776123, -103428.12500000001, -28933.0)
(20, 0.7088189125061035, -103428.12500000001, -28933.0)
(21, 0.7431774139404297, -103428.12500000001, -28933.0)
(22, 0.7792215347290039, -103428.12500000001, -28933.0)
(23, 0.8164501190185547, -103428.12500000001, -28933.0)
(24, 0.8528978824615479, -103428.12500000001, -28933.0)
(25, 0.8892567157745361, -103428.12500000001, -28933.0)
(26, 0.9254989624023438, -103428.12500000001, -28933.0)
(27, 0.9616622924804688, -103428.12500000001, -28933.0)
(28, 0.998053789138794, -103428.12500000001, -28933.0)
(29, 1.0333635807037354, -103428.12500000001, -28933.0)
(30, 1.0711381435394287, -96882.06896551728, -28933.0)
(31, 1.1107399463653564, -96882.06896551728, -28933.0)
(32, 1.1464178562164307, -96882.06896551728, -28933.0)
(33, 1.185816764831543, -96882.06896551728, -28933.0)
(34, 1.2226638793945312, -96882.06896551728, -28933.0)
(35, 1.259293794631958, -96882.06896551728, -28933.0)
(36, 1.2977900505065918, -96882.06896551728, -28933.0)
(37, 1.3363418579101562, -96882.06896551728, -28933.0)
(38, 1.3730885982513428, -96882.06896551728, -28933.0)
(39, 1.4130454063415527, -96882.06896551728, -28933.0)
(40, 1.4534001350402832, -96882.06896551728, -28933.0)
(41, 1.4922077655792236, -96882.06896551728, -28933.0)
(42, 1.5322442054748535, -96882.06896551728, -28933.0)
(43, 1.5709493160247803, -96882.06896551728, -28933.0)
(44, 1.6114256381988525, -96882.06896551728, -28933.0)
(45, 1.651879072189331, -96882.06896551728, -28933.0)
(46, 1.6928722858428955, -96882.06896551728, -28933.0)
(47, 1.7354891300201416, -96882.06896551728, -28933.0)
(48, 1.7778301239013672, -96882.06896551728, -28933.0)
(49, 1.8187885284423828, -96882.06896551728, -28933.0)
(50, 1.8584012985229492, -96882.06896551728, -28933.0)
(51, 1.8995022773742676, -96882.06896551728, -28933.0)
(52, 1.9406654834747314, -96882.06896551728, -28933.0)
(53, 1.9811203479766846, -96882.06896551728, -28933.0)
(54, 2.0219309329986572, -96882.06896551728, -28933.0)
(55, 2.062309503555298, -96882.06896551728, -28933.0)
(56, 2.1031765937805176, -96882.06896551728, -28933.0)
(57, 2.1432158946990967, -96882.06896551728, -28933.0)
(58, 2.1843578815460205, -96882.06896551728, -28933.0)
(59, 2.2265164852142334, -96882.06896551728, -28933.0)
(60, 2.2682366371154785, -96882.06896551728, -28933.0)
(61, 2.3115057945251465, -96882.06896551728, -28933.0)
(62, 2.3476312160491943, -96882.06896551728, -28933.0)
(63, 2.3920676708221436, -96882.06896551728, -28933.0)
(64, 2.4340670108795166, -96882.06896551728, -28933.0)
(65, 2.4758970737457275, -96882.06896551728, -28933.0)
(66, 2.5177950859069824, -96882.06896551728, -28933.0)
(67, 2.55901837348938, -96882.06896551728, -28933.0)
(68, 2.6052772998809814, -96882.06896551728, -28933.0)
(69, 2.65667986869812, -96882.06896551728, -28933.0)
(70, 2.7021336555480957, -96882.06896551728, -28933.0)
(71, 2.7443058490753174, -96882.06896551728, -28933.0)
(72, 2.7913732528686523, -96882.06896551728, -28933.0)
(73, 2.8366971015930176, -96882.06896551728, -28933.0)
(74, 2.883234977722168, -96882.06896551728, -28933.0)
(75, 2.9297947883605957, -96882.06896551728, -28933.0)
(76, 2.979447603225708, -96882.06896551728, -28933.0)
(77, 3.0228323936462402, -96882.06896551728, -28933.0)
(78, 3.0730111598968506, -96882.06896551728, -28933.0)
(79, 3.119654655456543, -96882.06896551728, -28933.0)
(80, 3.1640257835388184, -96882.06896551728, -28933.0)
(81, 3.20912504196167, -96882.06896551728, -28933.0)
(82, 3.2539560794830322, -96882.06896551728, -28933.0)
(83, 3.294996738433838, -96882.06896551728, -28933.0)
(84, 3.3395321369171143, -96882.06896551728, -28933.0)
(85, 3.3839282989501953, -96882.06896551728, -28933.0)
(86, 3.430391788482666, -96882.06896551728, -28933.0)
(87, 3.4730987548828125, -96882.06896551728, -28933.0)
(88, 3.5152587890625, -96882.06896551728, -28933.0)
(89, 3.5586907863616943, -96882.06896551728, -28933.0)
(90, 3.606321096420288, -96882.06896551728, -28933.0)
(91, 3.6677372455596924, -96882.06896551728, -28933.0)
(92, 3.721031427383423, -96882.06896551728, -28933.0)
(93, 3.774380683898926, -90842.79513888888, -28933.0)
(94, 3.8212077617645264, -90842.79513888888, -28933.0)
(95, 3.8668296337127686, -90842.79513888888, -28933.0)
(96, 3.9073798656463623, -90842.79513888888, -28933.0)
(97, 3.9478635787963867, -90842.79513888888, -28933.0)
(98, 3.99764347076416, -90842.79513888888, -28933.0)
(99, 4.047461271286011, -90842.79513888888, -28933.0)
(100, 4.096330881118774, -90842.79513888888, -28933.0)
(101, 4.150284290313721, -90842.79513888888, -28933.0)
(102, 4.1997292041778564, -90842.79513888888, -28933.0)
(103, 4.253669738769531, -90842.79513888888, -28933.0)
(104, 4.307859420776367, -90842.79513888888, -28933.0)
(105, 4.362818241119385, -90842.79513888888, -28933.0)
(106, 4.41051459312439, -90842.79513888888, -28933.0)
(107, 4.4562413692474365, -90842.79513888888, -28933.0)
(108, 4.498727560043335, -90842.79513888888, -28933.0)
(109, 4.545140504837036, -90842.79513888888, -28933.0)
(110, 4.587661027908325, -90842.79513888888, -28933.0)
(111, 4.6373820304870605, -90842.79513888888, -28933.0)
(112, 4.6893229484558105, -90842.79513888888, -28933.0)
(113, 4.739180564880371, -90842.79513888888, -28933.0)
(114, 4.782428979873657, -90842.79513888888, -28933.0)
(115, 4.830378770828247, -90842.79513888888, -28933.0)
(116, 4.873349189758301, -90842.79513888888, -28933.0)
(117, 4.92203426361084, -90842.79513888888, -28933.0)
(118, 4.965810298919678, -90842.79513888888, -28933.0)
(119, 5.006123065948486, -90842.79513888888, -28933.0)
(120, 5.050412178039551, -90842.79513888888, -28933.0)
(121, 5.0929553508758545, -90842.79513888888, -28933.0)
(122, 5.13963508605957, -90842.79513888888, -28933.0)
(123, 5.185621500015259, -90842.79513888888, -28933.0)
(124, 5.22890305519104, -90842.79513888888, -28933.0)
(125, 5.2719972133636475, -90842.79513888888, -28933.0)
(126, 5.31580662727356, -90842.79513888888, -28933.0)
(127, 5.3643481731414795, -90842.79513888888, -28933.0)
(128, 5.406715154647827, -90842.79513888888, -28933.0)
(129, 5.4513654708862305, -90842.79513888888, -28933.0)
(130, 5.5009801387786865, -90842.79513888888, -28933.0)
(131, 5.545071125030518, -90842.79513888888, -28933.0)
(132, 5.591891050338745, -90842.79513888888, -28933.0)
(133, 5.647703170776367, -90842.79513888888, -28933.0)
(134, 5.708471775054932, -90842.79513888888, -28933.0)
(135, 5.7690589427948, -90842.79513888888, -28933.0)
(136, 5.831318140029907, -90842.79513888888, -28933.0)
(137, 5.898091077804565, -90842.79513888888, -28933.0)
(138, 5.966343641281128, -90842.79513888888, -28933.0)
(139, 6.032540798187256, -90842.79513888888, -28933.0)
(140, 6.098646402359009, -90842.79513888888, -28933.0)
(141, 6.155940771102905, -90842.79513888888, -28933.0)
(142, 6.215717077255249, -90842.79513888888, -28933.0)
(143, 6.261415004730225, -90842.79513888888, -28933.0)
(144, 6.3250627517700195, -90842.79513888888, -28933.0)
(145, 6.382394313812256, -90842.79513888888, -28933.0)
(146, 6.441272974014282, -90842.79513888888, -28933.0)
(147, 6.4925901889801025, -90842.79513888888, -28933.0)
(148, 6.544720649719238, -90842.79513888888, -28933.0)
(149, 6.6006152629852295, -90842.79513888888, -28933.0)
(150, 6.6525559425354, -90842.79513888888, -28933.0)
(151, 6.698814630508423, -90842.79513888888, -28933.0)
(152, 6.743162393569946, -90842.79513888888, -28933.0)
(153, 6.800968647003174, -90842.79513888888, -28933.0)
(154, 6.8616108894348145, -90842.79513888888, -28933.0)
(155, 6.95405387878418, -70856.00854700856, -28933.0)
(156, 7.058710813522339, -70627.33418635417, -28933.0)
(157, 7.138439655303955, -70627.33418635417, -28933.0)
(158, 7.215824127197266, -70627.33418635417, -28933.0)
(159, 7.289732456207275, -70627.33418635417, -28933.0)
(160, 7.360582113265991, -70627.33418635417, -28933.0)
(161, 7.439124822616577, -70627.33418635417, -28933.0)
(162, 7.5184407234191895, -70627.33418635417, -28933.0)
(163, 7.596408128738403, -70627.33418635417, -28933.0)
(164, 7.677788734436035, -70627.33418635417, -28933.0)
(165, 7.751222372055054, -70627.33418635417, -28933.0)
(166, 7.843784332275391, -70627.33418635417, -28933.0)
(167, 7.928614854812622, -70627.33418635417, -28933.0)
(168, 8.038158416748047, -70627.33418635417, -28933.0)
(169, 8.138062477111816, -70627.33418635417, -28933.0)
(170, 8.237947463989258, -70627.33418635417, -28933.0)
(171, 8.341563701629639, -70627.33418635417, -28933.0)
(172, 8.447761297225952, -70627.33418635417, -28933.0)
(173, 8.570617198944092, -70627.33418635417, -28933.0)
(174, 8.690757036209106, -70627.33418635417, -28933.0)
(175, 8.81926703453064, -70627.33418635417, -28933.0)
(176, 8.938778638839722, -70627.33418635417, -28933.0)
(177, 9.071769714355469, -70627.33418635417, -28933.0)
(178, 9.197142601013184, -70627.33418635417, -28933.0)
(179, 9.338308095932007, -68423.54101098317, -28933.0)
(180, 9.449278593063354, -66276.16912781372, -28933.0)
(181, 9.577900886535645, -61860.02950160256, -28933.0)
(182, 9.711960315704346, -60107.72036763152, -28933.0)
(183, 9.8584623336792, -57593.754872828824, -28933.0)
(184, 10.004413366317749, -56524.309972211384, -28933.0)
(185, 10.171833276748657, -53595.91671406664, -28933.0)
(186, 10.287292003631592, -50954.704203284826, -28933.0)
(187, 10.435534954071045, -48477.43193202948, -28933.0)
(188, 10.54759168624878, -47510.45717063127, -28933.0)
(189, 10.726426839828491, -47352.90378452473, -28933.0)
(190, 10.855806350708008, -45288.076732673275, -28933.0)
(191, 11.010465145111084, -42050.776032824, -28933.0)
(192, 11.14467167854309, -41531.77113343157, -28933.0)
(193, 11.29564905166626, -38557.517049141534, -28933.0)
(194, 11.483420848846436, -33697.7975130254, -33692.76947551234)
(195, 11.537222385406494, -33693.202207646784, -33693.20220764677)
(196, 11.582252740859985, -33693.20220764678, -33693.202207646784)
