(1, 0.10689949989318848, -211067.0, -14414.0)
(2, 0.238250732421875, -120263.70399249923, -14414.0)
(3, 0.3437516689300537, -60825.48850736513, -14414.0)
(4, 0.4565911293029785, -36794.7521937463, -14414.0)
(5, 0.5774679183959961, -25517.965447262643, -14414.0)
(6, 0.7074346542358398, -20515.38319195151, -14414.0)
(7, 0.8447885513305664, -17952.427309337436, -14414.0)
(8, 0.975308895111084, -16866.099839549723, -14414.0)
(9, 1.1120128631591797, -15904.026062712423, -15415.0)
(10, 1.2506611347198486, -15561.707818813393, -15415.0)
(11, 1.3860998153686523, -15459.012345643903, -15415.0)
(12, 1.5248217582702637, -15428.20370369284, -15415.0)
(13, 1.6676523685455322, -15418.9611111077, -15415.0)
(14, 1.8109846115112305, -15416.188333331298, -15415.0)
(15, 1.9501805305480957, -15415.356499995374, -15415.0)
(16, 2.091660737991333, -15415.106949997464, -15415.0)
(17, 2.2329859733581543, -15415.032084999208, -15415.0)
(18, 2.3759520053863525, -15415.009625499437, -15415.0)
(19, 2.5211005210876465, -15415.002887570905, -15415.0)
