(1, 0.12994933128356934, -1048323.0, -80735.0)
(2, 0.25719213485717773, -819038.534895757, -80735.0)
(3, 0.40227270126342773, -654514.5253493899, -80735.0)
(4, 0.556018590927124, -395513.5147272406, -80735.0)
(5, 0.7233998775482178, -241418.0362438545, -80735.0)
(6, 0.8919582366943359, -192397.36229047898, -80735.0)
(7, 1.0827813148498535, -192397.36229047898, -80735.0)
(8, 1.3097758293151855, -192397.36229047898, -96182.00000000004)
(9, 1.5727672576904297, -146527.40673741512, -96182.00000000001)
(10, 1.9170355796813965, -124807.98794633083, -96182.0)
(11, 2.3264994621276855, -112369.0170487914, -96182.275862069)
(12, 2.8005642890930176, -105986.62254749367, -96221.39275154984)
(13, 3.361759901046753, -105563.65802225776, -96251.90567595013)
(14, 4.041447401046753, -101280.64700518313, -96325.54478372356)
(15, 4.878985166549683, -101280.64700518313, -96408.06835110456)
(16, 5.828468322753906, -99677.81979653142, -96461.62544638278)
(17, 6.86071252822876, -99677.81979653142, -96488.62810887724)
(18, 7.943302392959595, -98054.26609207924, -96520.92954721574)
(19, 9.258007287979126, -98054.26609207924, -96575.90299398186)
(20, 10.929925918579102, -97370.28418269206, -96632.35501268321)
(21, 12.916126012802124, -97258.13853962497, -96668.60718404422)
(22, 15.016029357910156, -96895.55166849284, -96688.99356181189)
(23, 17.571481943130493, -96895.55166849284, -96706.287039286)
(24, 18.385695934295654, -96835.04104682589, -96732.82039093711)
(25, 19.24508047103882, -96768.2055193211, -96739.56171978914)
(26, 20.181499481201172, -96749.58997474833, -96741.61188421444)
(27, 23.284603357315063, -96749.58997474833, -96742.62646207368)
(28, 26.462315320968628, -96744.7176707625, -96742.62954048131)
(29, 29.828843593597412, -96743.25703741908, -96742.63105169588)
(30, 32.95856690406799, -96742.82618284127, -96742.64153087893)
(31, 36.21291756629944, -96742.69787673428, -96742.64288840267)
(32, 39.455185651779175, -96742.66045711172, -96742.64442013127)
