(1, 0.16867923736572266, -536328.0, -78778.0)
(2, 0.30887436866760254, -536328.0, -78778.0)
(3, 0.44794154167175293, -536328.0, -78778.0)
(4, 0.5880031585693359, -536328.0, -78778.0)
(5, 0.7291336059570312, -536328.0, -78778.0)
(6, 0.8670558929443359, -536328.0, -78778.0)
(7, 1.0074462890625, -536328.0, -78778.0)
(8, 1.1490154266357422, -536328.0, -78778.0)
(9, 1.2956933975219727, -536328.0, -78778.0)
(10, 1.440507411956787, -536328.0, -78778.0)
(11, 1.5796513557434082, -536328.0, -78778.0)
(12, 1.7266767024993896, -536328.0, -78778.0)
(13, 1.8699257373809814, -536328.0, -78778.0)
(14, 2.0165274143218994, -536328.0, -78778.0)
(15, 2.163731813430786, -536328.0, -78778.0)
(16, 2.3036081790924072, -536328.0, -78778.0)
(17, 2.445280075073242, -536328.0, -78778.0)
(18, 2.587507963180542, -536328.0, -78778.0)
(19, 2.729351758956909, -536328.0, -78778.0)
(20, 2.8704657554626465, -536328.0, -78778.0)
(21, 3.012838840484619, -536328.0, -78778.0)
(22, 3.1521921157836914, -536328.0, -78778.0)
(23, 3.2911181449890137, -536328.0, -78778.0)
(24, 3.4327783584594727, -536328.0, -78778.0)
(25, 3.576586961746216, -536328.0, -78778.0)
(26, 3.7216031551361084, -536328.0, -78778.0)
(27, 3.8614983558654785, -536328.0, -78778.0)
(28, 4.006357192993164, -536328.0, -78778.0)
(29, 4.152554035186768, -536328.0, -78778.0)
(30, 4.294184446334839, -536328.0, -78778.0)
(31, 4.439381122589111, -536328.0, -78778.0)
(32, 4.5847368240356445, -536328.0, -78778.0)
(33, 4.733572959899902, -536328.0, -78778.0)
(34, 4.8794636726379395, -536328.0, -78778.0)
(35, 5.0231359004974365, -536328.0, -78778.0)
(36, 5.168053865432739, -536328.0, -78778.0)
(37, 5.313056945800781, -536328.0, -78778.0)
(38, 5.458890914916992, -536328.0, -78778.0)
(39, 5.60456919670105, -536328.0, -78778.0)
(40, 5.752365827560425, -536328.0, -78778.0)
(41, 5.9009246826171875, -536328.0, -78778.0)
(42, 6.0410475730896, -536328.0, -78778.0)
(43, 6.187976360321045, -536328.0, -78778.0)
(44, 6.338026285171509, -536328.0, -78778.0)
(45, 6.4849159717559814, -536328.0, -78778.0)
(46, 6.633506536483765, -536328.0, -78778.0)
(47, 6.782851934432983, -536328.0, -78778.0)
(48, 6.9309422969818115, -536328.0, -78778.0)
(49, 7.09107518196106, -536328.0, -78778.0)
(50, 7.228282690048218, -536328.0, -78778.0)
(51, 7.3756043910980225, -536328.0, -78778.0)
(52, 7.524456977844238, -536328.0, -78778.0)
(53, 7.673452377319336, -536328.0, -78778.0)
(54, 7.819751977920532, -536328.0, -78778.0)
(55, 7.96165919303894, -536328.0, -78778.0)
(56, 8.11197829246521, -536328.0, -78778.0)
(57, 8.260909080505371, -536328.0, -78778.0)
(58, 8.410763025283813, -536328.0, -78778.0)
(59, 8.563294649124146, -536328.0, -78778.0)
(60, 8.71328854560852, -536328.0, -78778.0)
(61, 8.857224702835083, -536328.0, -78778.0)
(62, 9.004698276519775, -536328.0, -78778.0)
(63, 9.148739099502563, -536328.0, -78778.0)
(64, 9.291279315948486, -536328.0, -78778.0)
(65, 9.446166038513184, -536328.0, -78778.0)
(66, 9.59307861328125, -536328.0, -78778.0)
(67, 9.742752075195312, -536328.0, -78778.0)
(68, 9.892434120178223, -536328.0, -78778.0)
(69, 10.047892808914185, -536328.0, -78778.0)
(70, 10.196600675582886, -536328.0, -78778.0)
(71, 10.342471599578857, -536328.0, -78778.0)
(72, 10.49138069152832, -536328.0, -78778.0)
(73, 10.631730794906616, -536328.0, -78778.0)
(74, 10.77433729171753, -536328.0, -78778.0)
(75, 10.917517185211182, -536328.0, -78778.0)
(76, 11.053990125656128, -536328.0, -78778.0)
(77, 11.209757089614868, -536328.0, -78778.0)
(78, 11.357452869415283, -536328.0, -78778.0)
(79, 11.498077869415283, -536328.0, -78778.0)
(80, 11.64467740058899, -536328.0, -78778.0)
(81, 11.791528463363647, -536328.0, -78778.0)
(82, 11.915853500366211, -536328.0, -78778.0)
(83, 12.06423568725586, -536328.0, -78778.0)
(84, 12.234721660614014, -536328.0, -78778.0)
(85, 12.381376028060913, -536328.0, -78778.0)
(86, 12.542473554611206, -536328.0, -78778.0)
(87, 12.690699100494385, -536328.0, -78778.0)
(88, 12.860727071762085, -536328.0, -78778.0)
(89, 13.021408557891846, -536328.0, -78778.0)
(90, 13.17217230796814, -536328.0, -78778.0)
(91, 13.326431035995483, -536328.0, -78778.0)
(92, 13.480871200561523, -536328.0, -78778.0)
(93, 13.63526725769043, -536328.0, -78778.0)
(94, 13.7848482131958, -536328.0, -78778.0)
(95, 13.93449592590332, -536328.0, -78778.0)
(96, 14.083657026290894, -536328.0, -78778.0)
(97, 14.234455585479736, -536328.0, -78778.0)
(98, 14.384134769439697, -536328.0, -78778.0)
(99, 14.533565282821655, -536328.0, -78778.0)
(100, 14.688334465026855, -536328.0, -78778.0)
(101, 14.841359615325928, -536328.0, -78778.0)
(102, 14.996393203735352, -536328.0, -78778.0)
(103, 15.146254539489746, -536328.0, -78778.0)
(104, 15.301771640777588, -536328.0, -78778.0)
(105, 15.45240068435669, -536328.0, -78778.0)
(106, 15.599440813064575, -536328.0, -78778.0)
(107, 15.752002477645874, -536328.0, -78778.0)
(108, 15.908081769943237, -536328.0, -78778.0)
(109, 16.048956155776978, -536328.0, -78778.0)
(110, 16.20107364654541, -536328.0, -78778.0)
(111, 16.35498809814453, -536328.0, -78778.0)
(112, 16.509929895401, -536328.0, -78778.0)
(113, 16.657246589660645, -536328.0, -78778.0)
(114, 16.796889305114746, -536328.0, -78778.0)
(115, 16.94048261642456, -536328.0, -78778.0)
(116, 17.08307433128357, -536328.0, -78778.0)
(117, 17.249638080596924, -536328.0, -78778.0)
(118, 17.415870666503906, -536328.0, -78778.0)
(119, 17.57256031036377, -536328.0, -78778.0)
(120, 17.736907720565796, -536328.0, -78778.0)
(121, 17.90892505645752, -536328.0, -78778.0)
(122, 18.077775478363037, -536328.0, -78778.0)
(123, 18.233712911605835, -536328.0, -78778.0)
(124, 18.402279138565063, -536328.0, -78778.0)
(125, 18.565797090530396, -536328.0, -78778.0)
(126, 18.72901153564453, -536328.0, -78778.0)
(127, 18.901385068893433, -536328.0, -78778.0)
(128, 19.063841819763184, -536328.0, -78778.0)
(129, 19.229636907577515, -536328.0, -78778.0)
(130, 19.39684748649597, -536328.0, -78778.0)
(131, 19.570482969284058, -536328.0, -78778.0)
(132, 19.736255407333374, -536328.0, -78778.0)
(133, 19.883809804916382, -536328.0, -78778.0)
(134, 20.039864778518677, -536328.0, -78778.0)
(135, 20.217554330825806, -536328.0, -78778.0)
(136, 20.356426239013672, -536328.0, -78778.0)
(137, 20.499831676483154, -536328.0, -78778.0)
(138, 20.659595727920532, -536328.0, -78778.0)
(139, 20.829350471496582, -536328.0, -78778.0)
(140, 20.995758295059204, -536328.0, -78778.0)
(141, 21.179407835006714, -536328.0, -78778.0)
(142, 21.342341661453247, -536328.0, -78778.0)
(143, 21.512952089309692, -536328.0, -78778.0)
(144, 21.67453908920288, -536328.0, -78778.0)
(145, 21.8426570892334, -536328.0, -78778.0)
(146, 22.00717806816101, -536328.0, -78778.0)
(147, 22.17722463607788, -536328.0, -78778.0)
(148, 22.339556455612183, -536328.0, -78778.0)
(149, 22.512155771255493, -536328.0, -78778.0)
(150, 22.682543516159058, -536328.0, -78778.0)
(151, 22.842265129089355, -536328.0, -78778.0)
(152, 23.014575719833374, -536328.0, -78778.0)
(153, 23.211608409881592, -536328.0, -78778.0)
(154, 23.384104013442993, -536328.0, -78778.0)
(155, 23.559296369552612, -536328.0, -78778.0)
(156, 23.729477882385254, -536328.0, -78778.0)
(157, 23.9101243019104, -536328.0, -78778.0)
(158, 24.08369731903076, -536328.0, -78778.0)
(159, 24.246938943862915, -536328.0, -78778.0)
(160, 24.421608686447144, -536328.0, -78778.0)
(161, 24.586331129074097, -536328.0, -78778.0)
(162, 24.743866682052612, -536328.0, -78778.0)
(163, 24.923208236694336, -536328.0, -78778.0)
(164, 25.100799322128296, -536328.0, -78778.0)
(165, 25.272207736968994, -536328.0, -78778.0)
(166, 25.450266122817993, -536328.0, -78778.0)
(167, 25.62589979171753, -536328.0, -78778.0)
(168, 25.8099946975708, -536328.0, -78778.0)
(169, 25.988529205322266, -536328.0, -78778.0)
(170, 26.171186923980713, -536328.0, -78778.0)
(171, 26.338505029678345, -536328.0, -78778.0)
(172, 26.505775451660156, -536328.0, -78778.0)
(173, 26.689117431640625, -536328.0, -78778.0)
(174, 26.83491563796997, -536328.0, -78778.0)
(175, 26.997016191482544, -536328.0, -78778.0)
(176, 27.15268564224243, -536328.0, -78778.0)
(177, 27.30472230911255, -536328.0, -78778.0)
(178, 27.453394651412964, -536328.0, -78778.0)
(179, 27.60047936439514, -536328.0, -78778.0)
(180, 27.752771615982056, -536328.0, -78778.0)
(181, 27.917237043380737, -536328.0, -78778.0)
(182, 28.05662727355957, -536328.0, -78778.0)
(183, 28.195055961608887, -536328.0, -78778.0)
(184, 28.341586351394653, -536328.0, -78778.0)
(185, 28.48815083503723, -536328.0, -78778.0)
(186, 28.63090991973877, -536328.0, -78778.0)
(187, 28.778631925582886, -536328.0, -78778.0)
(188, 28.921027898788452, -536328.0, -78778.0)
(189, 29.05465030670166, -536328.0, -78778.0)
(190, 29.18566346168518, -536328.0, -78778.0)
(191, 29.32051396369934, -536328.0, -78778.0)
(192, 29.454490661621094, -536328.0, -78778.0)
(193, 29.594143390655518, -536328.0, -78778.0)
(194, 29.74022102355957, -536328.0, -78778.0)
(195, 29.877673149108887, -536328.0, -78778.0)
(196, 30.025656938552856, -536328.0, -78778.0)
(197, 30.18354058265686, -536328.0, -78778.0)
(198, 30.336906671524048, -536328.0, -78778.0)
(199, 30.48721957206726, -536328.0, -78778.0)
(200, 30.64694380760193, -536328.0, -78778.0)
(201, 30.803543090820312, -536328.0, -78778.0)
(202, 30.96065592765808, -536328.0, -78778.0)
(203, 31.119296550750732, -536328.0, -78778.0)
(204, 31.269384384155273, -536328.0, -78778.0)
(205, 31.41156506538391, -536328.0, -78778.0)
(206, 31.569003105163574, -536328.0, -78778.0)
(207, 31.71143364906311, -536328.0, -78778.0)
(208, 31.86397957801819, -536328.0, -78778.0)
(209, 32.00762963294983, -536328.0, -78778.0)
(210, 32.1597204208374, -536328.0, -78778.0)
(211, 32.30053973197937, -536328.0, -78778.0)
(212, 32.444671869277954, -536328.0, -78778.0)
(213, 32.59916377067566, -536328.0, -78778.0)
(214, 32.76320171356201, -536328.0, -78778.0)
(215, 32.91376042366028, -536328.0, -78778.0)
(216, 33.06332850456238, -536328.0, -78778.0)
(217, 33.21587872505188, -536328.0, -78778.0)
(218, 33.361637592315674, -536328.0, -78778.0)
(219, 33.511378049850464, -536328.0, -78778.0)
(220, 33.653525829315186, -536328.0, -78778.0)
(221, 33.81515836715698, -536328.0, -78778.0)
(222, 33.96156048774719, -536328.0, -78778.0)
(223, 34.12682342529297, -536328.0, -78778.0)
(224, 34.29756474494934, -536328.0, -78778.0)
(225, 34.44716286659241, -536328.0, -78778.0)
(226, 34.60604906082153, -536328.0, -78778.0)
(227, 34.75656533241272, -536328.0, -78778.0)
(228, 34.91359281539917, -536328.0, -78778.0)
(229, 35.067699670791626, -536328.0, -78778.0)
(230, 35.22388219833374, -536328.0, -78778.0)
(231, 35.397993326187134, -536328.0, -78778.0)
(232, 35.562509298324585, -536328.0, -78778.0)
(233, 35.7214035987854, -536328.0, -78778.0)
(234, 35.90389943122864, -536328.0, -78778.0)
(235, 36.067535638809204, -536328.0, -78778.0)
(236, 36.239850759506226, -536328.0, -78778.0)
(237, 36.396992206573486, -536328.0, -78778.0)
(238, 36.563804626464844, -536328.0, -78778.0)
(239, 36.733238220214844, -536328.0, -78778.0)
(240, 36.89854717254639, -536328.0, -78778.0)
(241, 37.05883741378784, -536328.0, -78778.0)
(242, 37.22292613983154, -536328.0, -78778.0)
(243, 37.39958715438843, -536328.0, -78778.0)
(244, 37.54443144798279, -536328.0, -78778.0)
(245, 37.70292067527771, -536328.0, -78778.0)
(246, 37.867242097854614, -536328.0, -78778.0)
(247, 38.03234672546387, -536328.0, -78778.0)
(248, 38.20211100578308, -536328.0, -78778.0)
(249, 38.348833084106445, -536328.0, -78778.0)
(250, 38.49388837814331, -536328.0, -78778.0)
(251, 38.672088623046875, -536328.0, -78778.0)
(252, 38.82395601272583, -536328.0, -78778.0)
(253, 38.986971378326416, -536328.0, -78778.0)
(254, 39.14895987510681, -536328.0, -78778.0)
(255, 39.3225200176239, -536328.0, -78778.0)
(256, 39.48491597175598, -536328.0, -78778.0)
(257, 39.65124821662903, -536328.0, -78778.0)
(258, 39.80354118347168, -536328.0, -78778.0)
(259, 39.99192547798157, -536328.0, -78778.0)
(260, 40.147432804107666, -536328.0, -78778.0)
(261, 40.302196979522705, -536328.0, -78778.0)
(262, 40.45330452919006, -536328.0, -78778.0)
(263, 40.62511157989502, -536328.0, -78778.0)
(264, 40.799532413482666, -536328.0, -78778.0)
(265, 40.96872901916504, -536328.0, -78778.0)
(266, 41.12375831604004, -536328.0, -78778.0)
(267, 41.29938817024231, -536328.0, -78778.0)
(268, 41.47170972824097, -536328.0, -78778.0)
(269, 41.63486337661743, -536328.0, -78778.0)
(270, 41.80604362487793, -536328.0, -78778.0)
(271, 41.971277952194214, -536328.0, -78778.0)
(272, 42.15845274925232, -536328.0, -78778.0)
(273, 42.33129620552063, -536328.0, -78778.0)
(274, 42.51783728599548, -536328.0, -78778.0)
(275, 42.72841811180115, -536328.0, -78778.0)
(276, 42.911720991134644, -536328.0, -78778.0)
(277, 43.10163402557373, -536328.0, -78778.0)
(278, 43.31537127494812, -536328.0, -78778.0)
(279, 43.48890209197998, -536328.0, -78778.0)
(280, 43.67520546913147, -536328.0, -78778.0)
(281, 43.867788314819336, -536328.0, -78778.0)
(282, 44.05848288536072, -536328.0, -78778.0)
(283, 44.25000214576721, -536328.0, -78778.0)
(284, 44.43525409698486, -536328.0, -78778.0)
(285, 44.621227502822876, -536328.0, -78778.0)
(286, 44.8210129737854, -536328.0, -78778.0)
(287, 45.00781559944153, -536328.0, -78778.0)
(288, 45.181092977523804, -536328.0, -78778.0)
(289, 45.354952812194824, -536328.0, -78778.0)
(290, 45.51707887649536, -536328.0, -78778.0)
(291, 45.69248342514038, -536328.0, -78778.0)
(292, 45.84535217285156, -536328.0, -78778.0)
(293, 46.0124146938324, -536328.0, -78778.0)
(294, 46.172500133514404, -536328.0, -78778.0)
(295, 46.3357949256897, -536328.0, -78778.0)
(296, 46.47694516181946, -536328.0, -78778.0)
(297, 46.63684701919556, -536328.0, -78778.0)
(298, 46.81111025810242, -536328.0, -78778.0)
(299, 46.992026805877686, -536328.0, -78778.0)
(300, 47.19123196601868, -536328.0, -78778.0)
(301, 47.36863565444946, -536328.0, -78778.0)
(302, 47.54610276222229, -536328.0, -78778.0)
(303, 47.75020360946655, -536328.0, -78778.0)
(304, 47.94946098327637, -536328.0, -78778.0)
(305, 48.132080078125, -536328.0, -78778.0)
(306, 48.3065550327301, -536328.0, -78778.0)
(307, 48.51947212219238, -536328.0, -78778.0)
(308, 48.704564809799194, -536328.0, -78778.0)
(309, 48.8850212097168, -536328.0, -78778.0)
(310, 49.04216265678406, -536328.0, -78778.0)
(311, 49.230907917022705, -536328.0, -78778.0)
(312, 49.39114212989807, -536328.0, -78778.0)
(313, 49.575777530670166, -519689.0826599283, -78778.0)
(314, 49.74305200576782, -519689.0826599283, -78778.0)
(315, 49.93261504173279, -519689.0826599283, -78778.0)
(316, 50.1257119178772, -519689.0826599283, -78778.0)
(317, 50.32047390937805, -519689.0826599283, -78778.0)
(318, 50.501736879348755, -519689.0826599283, -78778.0)
(319, 50.684762954711914, -519689.0826599283, -78778.0)
(320, 50.86997652053833, -519689.0826599283, -78778.0)
(321, 51.03882932662964, -519689.0826599283, -78778.0)
(322, 51.23517322540283, -519689.0826599283, -78778.0)
(323, 51.39343523979187, -519689.0826599283, -78778.0)
(324, 51.58563685417175, -519689.0826599283, -78778.0)
(325, 51.774367809295654, -519689.0826599283, -78778.0)
(326, 51.967379570007324, -519689.0826599283, -78778.0)
(327, 52.13866138458252, -519689.0826599283, -78778.0)
(328, 52.30205702781677, -519689.0826599283, -78778.0)
(329, 52.475340843200684, -519689.0826599283, -78778.0)
(330, 52.65520977973938, -519689.0826599283, -78778.0)
(331, 52.83500671386719, -519689.0826599283, -78778.0)
(332, 53.022886753082275, -519689.0826599283, -78778.0)
(333, 53.21273636817932, -519689.0826599283, -78778.0)
(334, 53.42254829406738, -519689.0826599283, -78778.0)
(335, 53.61783027648926, -519689.0826599283, -78778.0)
(336, 53.792248487472534, -519689.0826599283, -78778.0)
(337, 53.97639036178589, -519689.0826599283, -78778.0)
(338, 54.175954818725586, -519689.0826599283, -78778.0)
(339, 54.36832523345947, -519689.0826599283, -78778.0)
(340, 54.5791962146759, -519689.0826599283, -78778.0)
(341, 54.808088302612305, -519689.0826599283, -78778.0)
(342, 55.0153534412384, -519689.0826599283, -78778.0)
(343, 55.21982431411743, -519689.0826599283, -78778.0)
(344, 55.44218134880066, -519689.0826599283, -78778.0)
(345, 55.69043684005737, -519689.0826599283, -78778.0)
(346, 55.92763900756836, -519689.0826599283, -78778.0)
(347, 56.132174253463745, -519689.0826599283, -78778.0)
(348, 56.360591173172, -519689.0826599283, -78778.0)
(349, 56.549522399902344, -519689.0826599283, -78778.0)
(350, 56.73467683792114, -519689.0826599283, -78778.0)
(351, 56.93975758552551, -519689.0826599283, -78778.0)
(352, 57.160452127456665, -519689.0826599283, -78778.0)
(353, 57.3814651966095, -519689.0826599283, -78778.0)
(354, 57.58609223365784, -519689.0826599283, -78778.0)
(355, 57.827646255493164, -474269.13494249585, -78778.0)
(356, 58.0355908870697, -474269.13494249585, -78778.0)
(357, 58.23041772842407, -474269.13494249585, -78778.0)
(358, 58.47860026359558, -474269.13494249585, -78778.0)
(359, 58.69264364242554, -474269.13494249585, -78778.0)
(360, 58.911805629730225, -474269.13494249585, -78778.0)
(361, 59.126179933547974, -474269.13494249585, -78778.0)
(362, 59.33395767211914, -474269.13494249585, -78778.0)
(363, 59.55877327919006, -474269.13494249585, -78778.0)
(364, 59.767635107040405, -474269.13494249585, -78778.0)
(365, 59.947174072265625, -474269.13494249585, -78778.0)
(366, 60.16012978553772, -474269.13494249585, -78778.0)
(367, 60.389700412750244, -474269.13494249585, -78778.0)
(368, 60.61404991149902, -474269.13494249585, -78778.0)
(369, 60.837570905685425, -474269.13494249585, -78778.0)
(370, 61.04034399986267, -474269.13494249585, -78778.0)
(371, 61.21809458732605, -474269.13494249585, -78778.0)
(372, 61.38576936721802, -474269.13494249585, -78778.0)
(373, 61.559332847595215, -474269.13494249585, -78778.0)
(374, 61.750656843185425, -474269.13494249585, -78778.0)
(375, 61.93630313873291, -474269.13494249585, -78778.0)
(376, 62.12721085548401, -474269.13494249585, -78778.0)
(377, 62.32771968841553, -474269.13494249585, -78778.0)
(378, 62.52969837188721, -474269.13494249585, -78778.0)
(379, 62.74706816673279, -474269.13494249585, -78778.0)
(380, 62.94783687591553, -474269.13494249585, -78778.0)
(381, 63.11839008331299, -474269.13494249585, -78778.0)
(382, 63.318716287612915, -474269.13494249585, -78778.0)
(383, 63.532222270965576, -474269.13494249585, -78778.0)
(384, 63.758405685424805, -474269.13494249585, -78778.0)
(385, 63.979769706726074, -474269.13494249585, -78778.0)
(386, 64.2090117931366, -474269.13494249585, -78778.0)
(387, 64.47510528564453, -474269.13494249585, -78778.0)
(388, 64.69726896286011, -474269.13494249585, -78778.0)
(389, 64.89930772781372, -474269.13494249585, -78778.0)
(390, 65.12425231933594, -474269.13494249585, -78778.0)
(391, 65.33874225616455, -474269.13494249585, -78778.0)
(392, 65.53562831878662, -474269.13494249585, -78778.0)
(393, 65.75034070014954, -474269.13494249585, -78778.0)
(394, 65.98284363746643, -474269.13494249585, -78778.0)
(395, 66.20209288597107, -474269.13494249585, -78778.0)
(396, 66.45283317565918, -474269.13494249585, -78778.0)
(397, 66.69563722610474, -474269.13494249585, -78778.0)
(398, 66.91010022163391, -474269.13494249585, -78778.0)
(399, 67.13486433029175, -474269.13494249585, -78778.0)
(400, 67.36250257492065, -474269.13494249585, -78778.0)
(401, 67.58227014541626, -474269.13494249585, -78778.0)
(402, 67.80789422988892, -474269.13494249585, -78778.0)
(403, 68.03137302398682, -474269.13494249585, -78778.0)
(404, 68.27737140655518, -474269.13494249585, -78778.0)
(405, 68.51099801063538, -474269.13494249585, -78778.0)
(406, 68.74227094650269, -474269.13494249585, -78778.0)
(407, 68.99366998672485, -474269.13494249585, -78778.0)
(408, 69.21663427352905, -474269.13494249585, -78778.0)
(409, 69.47736501693726, -474269.13494249585, -78778.0)
(410, 69.70711779594421, -474269.13494249585, -78778.0)
(411, 69.963369846344, -474269.13494249585, -78778.0)
(412, 70.1991560459137, -474269.13494249585, -78778.0)
(413, 70.46407699584961, -474269.13494249585, -78778.0)
(414, 70.72881031036377, -474269.13494249585, -78778.0)
(415, 70.966313123703, -474269.13494249585, -78778.0)
(416, 71.18571448326111, -474269.13494249585, -78778.0)
(417, 71.41607522964478, -474269.13494249585, -78778.0)
(418, 71.68583106994629, -474269.13494249585, -78778.0)
(419, 71.95567727088928, -474269.13494249585, -78778.0)
(420, 72.18638849258423, -474269.13494249585, -78778.0)
(421, 72.41493391990662, -474269.13494249585, -78778.0)
(422, 72.63263416290283, -474269.13494249585, -78778.0)
(423, 72.87577676773071, -474269.13494249585, -78778.0)
(424, 73.10146594047546, -474269.13494249585, -78778.0)
(425, 73.33211421966553, -474269.13494249585, -78778.0)
(426, 73.5815658569336, -474269.13494249585, -78778.0)
(427, 73.84349727630615, -474269.13494249585, -78778.0)
(428, 74.09004426002502, -474269.13494249585, -78778.0)
(429, 74.34325170516968, -474269.13494249585, -78778.0)
(430, 74.59982395172119, -474269.13494249585, -78778.0)
(431, 74.85638999938965, -474269.13494249585, -78778.0)
(432, 75.08222794532776, -474269.13494249585, -78778.0)
(433, 75.31298351287842, -474269.13494249585, -78778.0)
(434, 75.51797461509705, -474269.13494249585, -78778.0)
(435, 75.7514545917511, -474269.13494249585, -78778.0)
(436, 76.01151466369629, -474269.13494249585, -78778.0)
(437, 76.24523854255676, -474269.13494249585, -78778.0)
(438, 76.50747513771057, -474269.13494249585, -78778.0)
(439, 76.74705219268799, -474269.13494249585, -78778.0)
(440, 77.01413655281067, -474269.13494249585, -78778.0)
(441, 77.2440881729126, -474269.13494249585, -78778.0)
(442, 77.47975468635559, -474269.13494249585, -78778.0)
(443, 77.73900651931763, -474269.13494249585, -78778.0)
(444, 77.99552655220032, -474269.13494249585, -78778.0)
(445, 78.26764011383057, -474269.13494249585, -78778.0)
(446, 78.53727960586548, -474269.13494249585, -78778.0)
(447, 78.79863810539246, -474269.13494249585, -78778.0)
(448, 79.07648301124573, -474269.13494249585, -78778.0)
(449, 79.33430886268616, -474269.13494249585, -78778.0)
(450, 79.59267616271973, -474269.13494249585, -78778.0)
(451, 79.85704684257507, -474269.13494249585, -78778.0)
(452, 80.131272315979, -474269.13494249585, -78778.0)
(453, 80.40254926681519, -474269.13494249585, -78778.0)
(454, 80.68278455734253, -474269.13494249585, -78778.0)
(455, 80.95128774642944, -474269.13494249585, -78778.0)
(456, 81.19401240348816, -474269.13494249585, -78778.0)
(457, 81.47111487388611, -474269.13494249585, -78778.0)
(458, 81.71168375015259, -474269.13494249585, -78778.0)
(459, 82.00576376914978, -474269.13494249585, -78778.0)
(460, 82.26146507263184, -474269.13494249585, -78778.0)
(461, 82.5113422870636, -474269.13494249585, -78778.0)
(462, 82.74955439567566, -474269.13494249585, -78778.0)
(463, 82.98146462440491, -474269.13494249585, -78778.0)
(464, 83.19554162025452, -474269.13494249585, -78778.0)
(465, 83.43786120414734, -474269.13494249585, -78778.0)
(466, 83.671462059021, -474269.13494249585, -78778.0)
(467, 83.9095344543457, -474269.13494249585, -78778.0)
(468, 84.15251207351685, -474269.13494249585, -78778.0)
(469, 84.38222455978394, -474269.13494249585, -78778.0)
(470, 84.59658360481262, -474269.13494249585, -78778.0)
(471, 84.82750463485718, -474269.13494249585, -78778.0)
(472, 85.06444525718689, -474269.13494249585, -78778.0)
(473, 85.3010048866272, -474269.13494249585, -78778.0)
(474, 85.54136919975281, -474269.13494249585, -78778.0)
(475, 85.7776882648468, -474269.13494249585, -78778.0)
(476, 86.0237352848053, -474269.13494249585, -78778.0)
(477, 86.25423645973206, -474269.13494249585, -78778.0)
(478, 86.51600933074951, -474269.13494249585, -78778.0)
(479, 86.77509093284607, -474269.13494249585, -78778.0)
(480, 87.02186870574951, -474269.13494249585, -78778.0)
(481, 87.27044081687927, -474269.13494249585, -78778.0)
(482, 87.46542739868164, -474269.13494249585, -78778.0)
(483, 87.70050954818726, -474269.13494249585, -78778.0)
(484, 87.96563196182251, -474269.13494249585, -78778.0)
(485, 88.23771953582764, -474269.13494249585, -78778.0)
(486, 88.50527548789978, -474269.13494249585, -78778.0)
(487, 88.7875497341156, -474269.13494249585, -78778.0)
(488, 89.07947397232056, -474269.13494249585, -78778.0)
(489, 89.33748030662537, -474269.13494249585, -78778.0)
(490, 89.64312982559204, -474269.13494249585, -78778.0)
(491, 89.90495467185974, -474269.13494249585, -78778.0)
(492, 90.13761377334595, -474269.13494249585, -78778.0)
(493, 90.38569021224976, -474269.13494249585, -78778.0)
(494, 90.7060797214508, -474269.13494249585, -78778.0)
(495, 90.9820716381073, -474269.13494249585, -78778.0)
(496, 91.22526860237122, -474269.13494249585, -78778.0)
(497, 91.48400545120239, -474269.13494249585, -78778.0)
(498, 91.70146942138672, -474269.13494249585, -78778.0)
(499, 91.92377066612244, -474269.13494249585, -78778.0)
(500, 92.16468405723572, -474269.13494249585, -78778.0)
(501, 92.38558101654053, -474269.13494249585, -78778.0)
(502, 92.59139895439148, -474269.13494249585, -78778.0)
(503, 92.78845477104187, -474269.13494249585, -78778.0)
(504, 92.99804973602295, -474269.13494249585, -78778.0)
(505, 93.23117995262146, -474269.13494249585, -78778.0)
(506, 93.43150520324707, -474269.13494249585, -78778.0)
(507, 93.65361714363098, -474269.13494249585, -78778.0)
(508, 93.87851929664612, -474269.13494249585, -78778.0)
(509, 94.10787773132324, -474269.13494249585, -78778.0)
(510, 94.34052515029907, -474269.13494249585, -78778.0)
(511, 94.57188367843628, -474269.13494249585, -78778.0)
(512, 94.81309843063354, -474269.13494249585, -78778.0)
(513, 95.05715775489807, -474269.13494249585, -78778.0)
(514, 95.31599688529968, -474269.13494249585, -78778.0)
(515, 95.56004762649536, -474269.13494249585, -78778.0)
(516, 95.80157899856567, -474269.13494249585, -78778.0)
(517, 96.05768322944641, -474269.13494249585, -78778.0)
(518, 96.34213137626648, -474269.13494249585, -78778.0)
(519, 96.58553218841553, -474269.13494249585, -78778.0)
(520, 96.8598952293396, -474269.13494249585, -78778.0)
(521, 97.15137839317322, -474269.13494249585, -78778.0)
(522, 97.43583393096924, -474269.13494249585, -78778.0)
(523, 97.76962065696716, -474269.13494249585, -78778.0)
(524, 98.04969382286072, -474269.13494249585, -78778.0)
(525, 98.30694913864136, -474269.13494249585, -78778.0)
(526, 98.58994674682617, -474269.13494249585, -78778.0)
(527, 98.87756037712097, -474269.13494249585, -78778.0)
(528, 99.1282901763916, -474269.13494249585, -78778.0)
(529, 99.4208312034607, -474269.13494249585, -78778.0)
(530, 99.72069430351257, -474269.13494249585, -78778.0)
(531, 99.9596197605133, -474269.13494249585, -78778.0)
(532, 100.2310197353363, -474269.13494249585, -78778.0)
(533, 100.56564736366272, -474269.13494249585, -78778.0)
(534, 100.8408317565918, -474269.13494249585, -78778.0)
(535, 101.11192965507507, -474269.13494249585, -78778.0)
(536, 101.39695644378662, -474269.13494249585, -78778.0)
(537, 101.68059659004211, -474269.13494249585, -78778.0)
(538, 102.00255966186523, -474269.13494249585, -78778.0)
(539, 102.28729224205017, -474269.13494249585, -78778.0)
(540, 102.5679976940155, -474269.13494249585, -78778.0)
(541, 102.84786486625671, -474269.13494249585, -78778.0)
(542, 103.1008870601654, -474269.13494249585, -78778.0)
(543, 103.37253665924072, -474269.13494249585, -78778.0)
(544, 103.64551901817322, -474269.13494249585, -78778.0)
(545, 103.94984555244446, -474269.13494249585, -78778.0)
(546, 104.23667025566101, -474269.13494249585, -78778.0)
(547, 104.50949239730835, -474269.13494249585, -78778.0)
(548, 104.72424244880676, -474269.13494249585, -78778.0)
(549, 105.0050368309021, -474269.13494249585, -78778.0)
(550, 105.3237738609314, -474269.13494249585, -78778.0)
(551, 105.6255111694336, -474269.13494249585, -78778.0)
(552, 105.91792893409729, -474269.13494249585, -78778.0)
(553, 106.22402429580688, -474269.13494249585, -78778.0)
(554, 106.54094123840332, -474269.13494249585, -78778.0)
(555, 106.85955309867859, -474269.13494249585, -78778.0)
(556, 107.16450452804565, -474269.13494249585, -78778.0)
(557, 107.47413325309753, -474269.13494249585, -78778.0)
(558, 107.72227740287781, -474269.13494249585, -78778.0)
(559, 107.948317527771, -474269.13494249585, -78778.0)
(560, 108.24778389930725, -474269.13494249585, -78778.0)
(561, 108.52700805664062, -474269.13494249585, -78778.0)
(562, 108.82016348838806, -474269.13494249585, -78778.0)
(563, 109.13022804260254, -474269.13494249585, -78778.0)
(564, 109.43257212638855, -474269.13494249585, -78778.0)
(565, 109.73205971717834, -474269.13494249585, -78778.0)
(566, 110.03832864761353, -474269.13494249585, -78778.0)
(567, 110.38190531730652, -474269.13494249585, -78778.0)
(568, 110.66266441345215, -474269.13494249585, -78778.0)
(569, 110.94839692115784, -474269.13494249585, -78778.0)
(570, 111.21085691452026, -474269.13494249585, -78778.0)
(571, 111.47970581054688, -474269.13494249585, -78778.0)
(572, 111.75674176216125, -474269.13494249585, -78778.0)
(573, 112.02924799919128, -474269.13494249585, -78778.0)
(574, 112.35024929046631, -474269.13494249585, -78778.0)
(575, 112.60574841499329, -474269.13494249585, -78778.0)
(576, 112.89550256729126, -474269.13494249585, -78778.0)
(577, 113.20691967010498, -474269.13494249585, -78778.0)
(578, 113.49180579185486, -474269.13494249585, -78778.0)
(579, 113.76452898979187, -474269.13494249585, -78778.0)
(580, 114.07039022445679, -474269.13494249585, -78778.0)
(581, 114.38766646385193, -474269.13494249585, -78778.0)
(582, 114.66407203674316, -474269.13494249585, -78778.0)
(583, 115.00125360488892, -474269.13494249585, -78778.0)
(584, 115.30688452720642, -474269.13494249585, -78778.0)
(585, 115.59334826469421, -474269.13494249585, -78778.0)
(586, 115.86924076080322, -474269.13494249585, -78778.0)
(587, 116.19080209732056, -474269.13494249585, -78778.0)
(588, 116.50204682350159, -474269.13494249585, -78778.0)
(589, 116.7907452583313, -474269.13494249585, -78778.0)
(590, 117.06546592712402, -474269.13494249585, -78778.0)
(591, 117.34885215759277, -474269.13494249585, -78778.0)
(592, 117.6561861038208, -474269.13494249585, -78778.0)
(593, 117.94278740882874, -474269.13494249585, -78778.0)
(594, 118.3144063949585, -474269.13494249585, -78778.0)
(595, 118.6467661857605, -474269.13494249585, -78778.0)
(596, 118.97756862640381, -474269.13494249585, -78778.0)
(597, 119.26229214668274, -474269.13494249585, -78778.0)
(598, 119.53401803970337, -474269.13494249585, -78778.0)
(599, 119.80168008804321, -474269.13494249585, -78778.0)
(600, 120.06411576271057, -474269.13494249585, -78778.0)
(601, 120.3260326385498, -474269.13494249585, -78778.0)
(602, 120.58924412727356, -474269.13494249585, -78778.0)
(603, 120.83079671859741, -474269.13494249585, -78778.0)
(604, 121.06406879425049, -474269.13494249585, -78778.0)
(605, 121.3203010559082, -474269.13494249585, -78778.0)
(606, 121.58607482910156, -474269.13494249585, -78778.0)
(607, 121.85579776763916, -474269.13494249585, -78778.0)
(608, 122.11437702178955, -474269.13494249585, -78778.0)
(609, 122.39200282096863, -474269.13494249585, -78778.0)
(610, 122.66978669166565, -474269.13494249585, -78778.0)
(611, 122.93411374092102, -474269.13494249585, -78778.0)
(612, 123.25653719902039, -474269.13494249585, -78778.0)
(613, 123.53201675415039, -474269.13494249585, -78778.0)
(614, 123.8414568901062, -474269.13494249585, -78778.0)
(615, 124.15323090553284, -474269.13494249585, -78778.0)
(616, 124.50949501991272, -474269.13494249585, -78778.0)
(617, 124.7830240726471, -474269.13494249585, -78778.0)
(618, 125.0773720741272, -474269.13494249585, -78778.0)
(619, 125.39635443687439, -474269.13494249585, -78778.0)
(620, 125.72743725776672, -474269.13494249585, -78778.0)
(621, 125.99579858779907, -474269.13494249585, -78778.0)
(622, 126.39052700996399, -474269.13494249585, -78778.0)
(623, 126.68041396141052, -474269.13494249585, -78778.0)
(624, 126.98051381111145, -474269.13494249585, -78778.0)
(625, 127.26985263824463, -474269.13494249585, -78778.0)
(626, 127.54648876190186, -474269.13494249585, -78778.0)
(627, 127.83857154846191, -474269.13494249585, -78778.0)
(628, 128.07461547851562, -474269.13494249585, -78778.0)
(629, 128.31216382980347, -474269.13494249585, -78778.0)
(630, 128.55338764190674, -474269.13494249585, -78778.0)
(631, 128.83265686035156, -474269.13494249585, -78778.0)
(632, 129.10364294052124, -474269.13494249585, -78778.0)
(633, 129.37229919433594, -474269.13494249585, -78778.0)
(634, 129.6393530368805, -474269.13494249585, -78778.0)
(635, 129.90264558792114, -474269.13494249585, -78778.0)
(636, 130.1802909374237, -474269.13494249585, -78778.0)
(637, 130.46009349822998, -474269.13494249585, -78778.0)
(638, 130.73075771331787, -474269.13494249585, -78778.0)
(639, 131.0218255519867, -474269.13494249585, -78778.0)
(640, 131.31446981430054, -474269.13494249585, -78778.0)
(641, 131.5884144306183, -474269.13494249585, -78778.0)
(642, 131.86370372772217, -474269.13494249585, -78778.0)
(643, 132.13104701042175, -474269.13494249585, -78778.0)
(644, 132.37615704536438, -474269.13494249585, -78778.0)
(645, 132.59769582748413, -474269.13494249585, -78778.0)
(646, 132.86040663719177, -474269.13494249585, -78778.0)
(647, 133.13774371147156, -474269.13494249585, -78778.0)
(648, 133.42069292068481, -474269.13494249585, -78778.0)
(649, 133.70899629592896, -474269.13494249585, -78778.0)
(650, 133.98368501663208, -474269.13494249585, -78778.0)
(651, 134.28105521202087, -474269.13494249585, -78778.0)
(652, 134.58124780654907, -474269.13494249585, -78778.0)
(653, 134.8199486732483, -474269.13494249585, -78778.0)
(654, 135.114399433136, -474269.13494249585, -78778.0)
(655, 135.41952538490295, -474269.13494249585, -78778.0)
(656, 135.7288978099823, -474269.13494249585, -78778.0)
(657, 136.02046966552734, -474269.13494249585, -78778.0)
(658, 136.34198141098022, -474269.13494249585, -78778.0)
(659, 136.66049122810364, -474269.13494249585, -78778.0)
(660, 136.95901131629944, -474269.13494249585, -78778.0)
(661, 137.28694796562195, -474269.13494249585, -78778.0)
(662, 137.55661010742188, -474269.13494249585, -78778.0)
(663, 137.79694080352783, -474269.13494249585, -78778.0)
(664, 138.02793908119202, -474269.13494249585, -78778.0)
(665, 138.29584741592407, -474269.13494249585, -78778.0)
(666, 138.59344482421875, -474269.13494249585, -78778.0)
(667, 138.89301753044128, -474269.13494249585, -78778.0)
(668, 139.22417378425598, -474269.13494249585, -78778.0)
(669, 139.5361611843109, -474269.13494249585, -78778.0)
(670, 139.8847942352295, -474269.13494249585, -78778.0)
(671, 140.19733142852783, -474269.13494249585, -78778.0)
(672, 140.5110194683075, -474269.13494249585, -78778.0)
(673, 140.81810212135315, -474269.13494249585, -78778.0)
(674, 141.13971304893494, -474269.13494249585, -78778.0)
(675, 141.48021054267883, -474269.13494249585, -78778.0)
(676, 141.80317616462708, -474269.13494249585, -78778.0)
(677, 142.16118741035461, -474269.13494249585, -78778.0)
(678, 142.56086611747742, -474269.13494249585, -78778.0)
(679, 142.855242729187, -474269.13494249585, -78778.0)
(680, 143.16839027404785, -474269.13494249585, -78778.0)
(681, 143.4678032398224, -474269.13494249585, -78778.0)
(682, 143.78254675865173, -474269.13494249585, -78778.0)
(683, 144.1273636817932, -474269.13494249585, -78778.0)
(684, 144.45523262023926, -474269.13494249585, -78778.0)
(685, 144.78366041183472, -474269.13494249585, -78778.0)
(686, 145.09844422340393, -474269.13494249585, -78778.0)
(687, 145.39905071258545, -474269.13494249585, -78778.0)
(688, 145.70550155639648, -474269.13494249585, -78778.0)
(689, 146.04151272773743, -474269.13494249585, -78778.0)
(690, 146.39038944244385, -474269.13494249585, -78778.0)
(691, 146.7205696105957, -474269.13494249585, -78778.0)
(692, 147.07430720329285, -474269.13494249585, -78778.0)
(693, 147.43100094795227, -474269.13494249585, -78778.0)
(694, 147.68319368362427, -474269.13494249585, -78778.0)
(695, 148.03914618492126, -474269.13494249585, -78778.0)
(696, 148.3367564678192, -474269.13494249585, -78778.0)
(697, 148.63167715072632, -474269.13494249585, -78778.0)
(698, 148.97611784934998, -474269.13494249585, -78778.0)
(699, 149.40533113479614, -474269.13494249585, -78778.0)
(700, 149.75788497924805, -474269.13494249585, -78778.0)
(701, 150.09838962554932, -474269.13494249585, -78778.0)
(702, 150.40192461013794, -474269.13494249585, -78778.0)
(703, 150.74357223510742, -474269.13494249585, -78778.0)
(704, 151.09329271316528, -474269.13494249585, -78778.0)
(705, 151.4799201488495, -474269.13494249585, -78778.0)
(706, 151.80877590179443, -474269.13494249585, -78778.0)
(707, 152.10693502426147, -474269.13494249585, -78778.0)
(708, 152.43039107322693, -474269.13494249585, -78778.0)
(709, 152.72453427314758, -474269.13494249585, -78778.0)
(710, 153.04214024543762, -474269.13494249585, -78778.0)
(711, 153.36710691452026, -474269.13494249585, -78778.0)
(712, 153.65890765190125, -474269.13494249585, -78778.0)
(713, 154.02954483032227, -474269.13494249585, -78778.0)
(714, 154.38037657737732, -474269.13494249585, -78778.0)
(715, 154.77857518196106, -474269.13494249585, -78778.0)
(716, 155.08631658554077, -474269.13494249585, -78778.0)
(717, 155.3944435119629, -474269.13494249585, -78778.0)
(718, 155.7227921485901, -474269.13494249585, -78778.0)
(719, 156.03289890289307, -474269.13494249585, -78778.0)
(720, 156.36342787742615, -474269.13494249585, -78778.0)
(721, 156.6828966140747, -474269.13494249585, -78778.0)
(722, 157.01168513298035, -474269.13494249585, -78778.0)
(723, 157.34716606140137, -474269.13494249585, -78778.0)
(724, 157.722501039505, -474269.13494249585, -78778.0)
(725, 157.98429536819458, -474269.13494249585, -78778.0)
(726, 158.25217509269714, -474269.13494249585, -78778.0)
(727, 158.63259315490723, -474269.13494249585, -78778.0)
(728, 158.98818564414978, -474269.13494249585, -78778.0)
(729, 159.3418092727661, -474269.13494249585, -78778.0)
(730, 159.71847343444824, -474269.13494249585, -78778.0)
(731, 160.08975100517273, -474269.13494249585, -78778.0)
(732, 160.5351264476776, -474269.13494249585, -78778.0)
(733, 160.93863081932068, -474269.13494249585, -78778.0)
(734, 161.2704575061798, -474269.13494249585, -78778.0)
(735, 161.61690187454224, -474269.13494249585, -78778.0)
(736, 161.9227750301361, -474269.13494249585, -78778.0)
(737, 162.23316431045532, -474269.13494249585, -78778.0)
(738, 162.55516004562378, -474269.13494249585, -78778.0)
(739, 162.85151839256287, -474269.13494249585, -78778.0)
(740, 163.09711146354675, -474269.13494249585, -78778.0)
(741, 163.3413326740265, -474269.13494249585, -78778.0)
(742, 163.65553402900696, -474269.13494249585, -78778.0)
(743, 163.99962973594666, -474269.13494249585, -78778.0)
(744, 164.32798624038696, -474269.13494249585, -78778.0)
(745, 164.64129662513733, -474269.13494249585, -78778.0)
(746, 164.96790480613708, -474269.13494249585, -78778.0)
(747, 165.27374911308289, -474269.13494249585, -78778.0)
(748, 165.58097195625305, -474269.13494249585, -78778.0)
(749, 165.9100112915039, -474269.13494249585, -78778.0)
(750, 166.23394083976746, -474269.13494249585, -78778.0)
(751, 166.54737329483032, -474269.13494249585, -78778.0)
(752, 166.87336230278015, -474269.13494249585, -78778.0)
(753, 167.24012994766235, -474269.13494249585, -78778.0)
(754, 167.62424731254578, -474269.13494249585, -78778.0)
(755, 168.01244401931763, -474269.13494249585, -78778.0)
(756, 168.31233620643616, -474269.13494249585, -78778.0)
(757, 168.6452157497406, -474269.13494249585, -78778.0)
(758, 169.0104479789734, -474269.13494249585, -78778.0)
(759, 169.34039402008057, -474269.13494249585, -78778.0)
(760, 169.71133542060852, -474269.13494249585, -78778.0)
(761, 170.09271693229675, -474269.13494249585, -78778.0)
(762, 170.43456482887268, -474269.13494249585, -78778.0)
(763, 170.78375029563904, -474269.13494249585, -78778.0)
(764, 171.16338443756104, -474269.13494249585, -78778.0)
(765, 171.58219408988953, -474269.13494249585, -78778.0)
(766, 171.92540860176086, -474269.13494249585, -78778.0)
(767, 172.24454522132874, -474269.13494249585, -78778.0)
(768, 172.52039980888367, -474269.13494249585, -78778.0)
(769, 172.78141021728516, -474269.13494249585, -78778.0)
(770, 173.098571062088, -474269.13494249585, -78778.0)
(771, 173.44216346740723, -474269.13494249585, -78778.0)
(772, 173.80222249031067, -474269.13494249585, -78778.0)
(773, 174.18710064888, -474269.13494249585, -78778.0)
(774, 174.57975697517395, -474269.13494249585, -78778.0)
(775, 174.95029163360596, -474269.13494249585, -78778.0)
(776, 175.3127818107605, -474269.13494249585, -78778.0)
(777, 175.70067143440247, -474269.13494249585, -78778.0)
(778, 176.02325558662415, -474269.13494249585, -78778.0)
(779, 176.44415163993835, -474269.13494249585, -78778.0)
(780, 176.7890498638153, -474269.13494249585, -78778.0)
(781, 177.17739915847778, -474269.13494249585, -78778.0)
(782, 177.5221095085144, -474269.13494249585, -78778.0)
(783, 177.99050116539001, -474269.13494249585, -78778.0)
(784, 178.35623049736023, -474269.13494249585, -78778.0)
(785, 178.720778465271, -474269.13494249585, -78778.0)
(786, 179.07777643203735, -474269.13494249585, -78778.0)
(787, 179.44694638252258, -474269.13494249585, -78778.0)
(788, 179.79340434074402, -474269.13494249585, -78778.0)
(789, 180.0692162513733, -474269.13494249585, -78778.0)
(790, 180.49947714805603, -474269.13494249585, -78778.0)
(791, 180.87033033370972, -474269.13494249585, -78778.0)
(792, 181.21948218345642, -474269.13494249585, -78778.0)
(793, 181.55458116531372, -474269.13494249585, -78778.0)
(794, 181.81440711021423, -474269.13494249585, -78778.0)
(795, 182.12773656845093, -474269.13494249585, -78778.0)
(796, 182.45230650901794, -474269.13494249585, -78778.0)
(797, 182.79966974258423, -474269.13494249585, -78778.0)
(798, 183.15059995651245, -474269.13494249585, -78778.0)
(799, 183.53461813926697, -474269.13494249585, -78778.0)
(800, 183.8865098953247, -474269.13494249585, -78778.0)
(801, 184.3130042552948, -474269.13494249585, -78778.0)
(802, 184.65607523918152, -474269.13494249585, -78778.0)
(803, 185.02188992500305, -474269.13494249585, -78778.0)
(804, 185.38338923454285, -474269.13494249585, -78778.0)
(805, 185.74821424484253, -474269.13494249585, -78778.0)
(806, 186.17551183700562, -474269.13494249585, -78778.0)
(807, 186.61924409866333, -474269.13494249585, -78778.0)
(808, 187.06730723381042, -474269.13494249585, -78778.0)
(809, 187.5640389919281, -474269.13494249585, -78778.0)
(810, 187.93506336212158, -474269.13494249585, -78778.0)
(811, 188.2724494934082, -474269.13494249585, -78778.0)
(812, 188.61074995994568, -474269.13494249585, -78778.0)
(813, 188.9615936279297, -474269.13494249585, -78778.0)
(814, 189.30395579338074, -474269.13494249585, -78778.0)
(815, 189.6255078315735, -474269.13494249585, -78778.0)
(816, 189.96930837631226, -474269.13494249585, -78778.0)
(817, 190.32573246955872, -474269.13494249585, -78778.0)
(818, 190.72672486305237, -474269.13494249585, -78778.0)
(819, 191.0578429698944, -474269.13494249585, -78778.0)
(820, 191.43839836120605, -474269.13494249585, -78778.0)
(821, 191.86199760437012, -474269.13494249585, -78778.0)
(822, 192.21983861923218, -474269.13494249585, -78778.0)
(823, 192.5946397781372, -474269.13494249585, -78778.0)
(824, 192.99676513671875, -474269.13494249585, -78778.0)
(825, 193.3960120677948, -474269.13494249585, -78778.0)
(826, 193.738694190979, -474269.13494249585, -78778.0)
(827, 194.16821479797363, -474269.13494249585, -78778.0)
(828, 194.6223874092102, -474269.13494249585, -78778.0)
(829, 195.0177321434021, -474269.13494249585, -78778.0)
(830, 195.40227508544922, -474269.13494249585, -78778.0)
(831, 195.8106038570404, -474269.13494249585, -78778.0)
(832, 196.16561150550842, -474269.13494249585, -78778.0)
(833, 196.5578351020813, -474269.13494249585, -78778.0)
(834, 197.02679085731506, -474269.13494249585, -78778.0)
(835, 197.40434074401855, -474269.13494249585, -78778.0)
(836, 197.80645990371704, -474269.13494249585, -78778.0)
(837, 198.21062421798706, -474269.13494249585, -78778.0)
(838, 198.5789017677307, -474269.13494249585, -78778.0)
(839, 199.0721447467804, -474269.13494249585, -78778.0)
(840, 199.46926522254944, -474269.13494249585, -78778.0)
(841, 199.84030270576477, -474269.13494249585, -78778.0)
(842, 200.20049667358398, -474269.13494249585, -78778.0)
(843, 200.5259599685669, -474269.13494249585, -78778.0)
(844, 200.84894275665283, -474269.13494249585, -78778.0)
(845, 201.116557598114, -474269.13494249585, -78778.0)
(846, 201.43266463279724, -474269.13494249585, -78778.0)
(847, 201.68659448623657, -474269.13494249585, -78778.0)
(848, 201.95423769950867, -474269.13494249585, -78778.0)
(849, 202.22801566123962, -474269.13494249585, -78778.0)
(850, 202.47946453094482, -474269.13494249585, -78778.0)
(851, 202.79817152023315, -474269.13494249585, -78778.0)
(852, 203.13435769081116, -474269.13494249585, -78778.0)
(853, 203.4770655632019, -474269.13494249585, -78778.0)
(854, 203.81115770339966, -474269.13494249585, -78778.0)
(855, 204.13902163505554, -474269.13494249585, -78778.0)
(856, 204.48654890060425, -474269.13494249585, -78778.0)
(857, 204.8223102092743, -474269.13494249585, -78778.0)
(858, 205.1964976787567, -474269.13494249585, -78778.0)
(859, 205.56259679794312, -474269.13494249585, -78778.0)
(860, 205.95911645889282, -474269.13494249585, -78778.0)
(861, 206.33087301254272, -474269.13494249585, -78778.0)
(862, 206.69581270217896, -474269.13494249585, -78778.0)
(863, 207.01155757904053, -474269.13494249585, -78778.0)
(864, 207.3755156993866, -474269.13494249585, -78778.0)
(865, 207.74575304985046, -474269.13494249585, -78778.0)
(866, 208.13705968856812, -474269.13494249585, -78778.0)
(867, 208.50790739059448, -474269.13494249585, -78778.0)
(868, 208.89159965515137, -474269.13494249585, -78778.0)
(869, 209.3273961544037, -474269.13494249585, -78778.0)
(870, 209.65743899345398, -474269.13494249585, -78778.0)
(871, 210.05057644844055, -474269.13494249585, -78778.0)
(872, 210.38523316383362, -474269.13494249585, -78778.0)
(873, 210.74074053764343, -474269.13494249585, -78778.0)
(874, 211.11777210235596, -474269.13494249585, -78778.0)
(875, 211.51682257652283, -474269.13494249585, -78778.0)
(876, 211.9857759475708, -474269.13494249585, -78778.0)
(877, 212.35869216918945, -474269.13494249585, -78778.0)
(878, 212.74434447288513, -474269.13494249585, -78778.0)
(879, 213.17970252037048, -474269.13494249585, -78778.0)
(880, 213.63337445259094, -474269.13494249585, -78778.0)
(881, 214.01274824142456, -474269.13494249585, -78778.0)
(882, 214.35675358772278, -474269.13494249585, -78778.0)
(883, 214.78324604034424, -474269.13494249585, -78778.0)
(884, 215.1768660545349, -474269.13494249585, -78778.0)
(885, 215.6043906211853, -474269.13494249585, -78778.0)
(886, 216.0262095928192, -474269.13494249585, -78778.0)
(887, 216.4731125831604, -474269.13494249585, -78778.0)
(888, 216.81833148002625, -474269.13494249585, -78778.0)
(889, 217.15136694908142, -474269.13494249585, -78778.0)
(890, 217.48479318618774, -474269.13494249585, -78778.0)
(891, 217.86447286605835, -474269.13494249585, -78778.0)
(892, 218.33406972885132, -474269.13494249585, -78778.0)
(893, 218.76637077331543, -474269.13494249585, -78778.0)
(894, 219.17974758148193, -474269.13494249585, -78778.0)
(895, 219.6220510005951, -474269.13494249585, -78778.0)
(896, 220.21203207969666, -474269.13494249585, -78778.0)
(897, 220.65698289871216, -474269.13494249585, -78778.0)
(898, 221.09378004074097, -474269.13494249585, -78778.0)
(899, 221.51307725906372, -474269.13494249585, -78778.0)
(900, 221.89348530769348, -474269.13494249585, -78778.0)
(901, 222.3062424659729, -474269.13494249585, -78778.0)
(902, 222.65568804740906, -474269.13494249585, -78778.0)
(903, 222.9264714717865, -474269.13494249585, -78778.0)
(904, 223.21571850776672, -474269.13494249585, -78778.0)
(905, 223.46964406967163, -474269.13494249585, -78778.0)
(906, 223.81332850456238, -474269.13494249585, -78778.0)
(907, 224.15054750442505, -474269.13494249585, -78778.0)
(908, 224.50936818122864, -474269.13494249585, -78778.0)
(909, 224.86115789413452, -474269.13494249585, -78778.0)
(910, 225.23942637443542, -474269.13494249585, -78778.0)
(911, 225.6184000968933, -474269.13494249585, -78778.0)
(912, 226.00636458396912, -474269.13494249585, -78778.0)
(913, 226.38704442977905, -474269.13494249585, -78778.0)
(914, 226.76189589500427, -474269.13494249585, -78778.0)
(915, 227.1648986339569, -474269.13494249585, -78778.0)
(916, 227.56595516204834, -474269.13494249585, -78778.0)
(917, 228.00887250900269, -474269.13494249585, -78778.0)
(918, 228.36222386360168, -474269.13494249585, -78778.0)
(919, 228.75602793693542, -474269.13494249585, -78778.0)
(920, 229.1425805091858, -474269.13494249585, -78778.0)
(921, 229.5849952697754, -474269.13494249585, -78778.0)
(922, 230.12230610847473, -474269.13494249585, -78778.0)
(923, 230.63639044761658, -474269.13494249585, -78778.0)
(924, 231.04627227783203, -474269.13494249585, -78778.0)
(925, 231.43060159683228, -474269.13494249585, -78778.0)
(926, 231.86307048797607, -474269.13494249585, -78778.0)
(927, 232.25441431999207, -474269.13494249585, -78778.0)
(928, 232.65512943267822, -474269.13494249585, -78778.0)
(929, 233.00407099723816, -474269.13494249585, -78778.0)
(930, 233.35089349746704, -474269.13494249585, -78778.0)
(931, 233.71246719360352, -474269.13494249585, -78778.0)
(932, 234.07995295524597, -474269.13494249585, -78778.0)
(933, 234.43386006355286, -474269.13494249585, -78778.0)
(934, 234.81807398796082, -474269.13494249585, -78778.0)
(935, 235.21906900405884, -474269.13494249585, -78778.0)
(936, 235.6577708721161, -474269.13494249585, -78778.0)
(937, 236.08820486068726, -474269.13494249585, -78778.0)
(938, 236.43363976478577, -474269.13494249585, -78778.0)
(939, 236.80240607261658, -474269.13494249585, -78778.0)
(940, 237.1668519973755, -474269.13494249585, -78778.0)
(941, 237.56276082992554, -474269.13494249585, -78778.0)
(942, 237.94553089141846, -474269.13494249585, -78778.0)
(943, 238.34833312034607, -474269.13494249585, -78778.0)
(944, 238.70817160606384, -474269.13494249585, -78778.0)
(945, 239.11248779296875, -474269.13494249585, -78778.0)
(946, 239.50657963752747, -474269.13494249585, -78778.0)
(947, 239.89804434776306, -474269.13494249585, -78778.0)
(948, 240.2932960987091, -474269.13494249585, -78778.0)
(949, 240.71728348731995, -474269.13494249585, -78778.0)
(950, 241.00587630271912, -474269.13494249585, -78778.0)
(951, 241.38761472702026, -474269.13494249585, -78778.0)
(952, 241.72284293174744, -474269.13494249585, -78778.0)
(953, 242.09068632125854, -474269.13494249585, -78778.0)
(954, 242.4874267578125, -474269.13494249585, -78778.0)
(955, 242.82985663414001, -474269.13494249585, -78778.0)
(956, 243.2121615409851, -474269.13494249585, -78778.0)
(957, 243.59206342697144, -474269.13494249585, -78778.0)
(958, 244.0269865989685, -474269.13494249585, -78778.0)
(959, 244.44459128379822, -474269.13494249585, -78778.0)
(960, 244.94235563278198, -474269.13494249585, -78778.0)
(961, 245.38055038452148, -474269.13494249585, -78778.0)
(962, 245.80610060691833, -474269.13494249585, -78778.0)
(963, 246.31925201416016, -474269.13494249585, -78778.0)
(964, 246.70958876609802, -474269.13494249585, -78778.0)
(965, 247.09016633033752, -474269.13494249585, -78778.0)
(966, 247.58735537528992, -474269.13494249585, -78778.0)
(967, 247.99947667121887, -474269.13494249585, -78778.0)
(968, 248.41035795211792, -474269.13494249585, -78778.0)
(969, 248.8166844844818, -474269.13494249585, -78778.0)
(970, 249.32392501831055, -474269.13494249585, -78778.0)
(971, 249.71200847625732, -474269.13494249585, -78778.0)
(972, 250.15420413017273, -474269.13494249585, -78778.0)
(973, 250.6583194732666, -474269.13494249585, -78778.0)
(974, 251.08582973480225, -474269.13494249585, -78778.0)
(975, 251.48775339126587, -474269.13494249585, -78778.0)
(976, 251.90557670593262, -474269.13494249585, -78778.0)
(977, 252.31432485580444, -474269.13494249585, -78778.0)
(978, 252.75243616104126, -474269.13494249585, -78778.0)
(979, 253.15007495880127, -474269.13494249585, -78778.0)
(980, 253.54392552375793, -474269.13494249585, -78778.0)
(981, 253.92845273017883, -474269.13494249585, -78778.0)
(982, 254.2987766265869, -474269.13494249585, -78778.0)
(983, 254.75956511497498, -474269.13494249585, -78778.0)
(984, 255.24337911605835, -474269.13494249585, -78778.0)
(985, 255.77324795722961, -474269.13494249585, -78778.0)
(986, 256.1781976222992, -474269.13494249585, -78778.0)
(987, 256.6618299484253, -474269.13494249585, -78778.0)
(988, 257.1125645637512, -474269.13494249585, -78778.0)
(989, 257.5062394142151, -474269.13494249585, -78778.0)
(990, 257.97558069229126, -474269.13494249585, -78778.0)
(991, 258.43098545074463, -474269.13494249585, -78778.0)
(992, 258.7946448326111, -474269.13494249585, -78778.0)
(993, 259.09341311454773, -474269.13494249585, -78778.0)
(994, 259.38430070877075, -474269.13494249585, -78778.0)
(995, 259.6611475944519, -474269.13494249585, -78778.0)
(996, 260.04429507255554, -474269.13494249585, -78778.0)
(997, 260.4090270996094, -474269.13494249585, -78778.0)
(998, 260.8632125854492, -474269.13494249585, -78778.0)
(999, 261.26395058631897, -474269.13494249585, -78778.0)
(1000, 261.7429780960083, -474269.13494249585, -78778.0)
