(1, 0.15866541862487793, -526110.0, -74619.0)
(2, 0.29908299446105957, -526110.0, -74619.0)
(3, 0.44012451171875, -526110.0, -74619.0)
(4, 0.5854101181030273, -526110.0, -74619.0)
(5, 0.7249116897583008, -526110.0, -74619.0)
(6, 0.8758399486541748, -526110.0, -74619.0)
(7, 1.0182714462280273, -526110.0, -74619.0)
(8, 1.155517816543579, -526110.0, -74619.0)
(9, 1.3035740852355957, -526110.0, -74619.0)
(10, 1.4493937492370605, -526110.0, -74619.0)
(11, 1.598400592803955, -526110.0, -74619.0)
(12, 1.7392911911010742, -526110.0, -74619.0)
(13, 1.880521297454834, -526110.0, -74619.0)
(14, 2.0198304653167725, -526110.0, -74619.0)
(15, 2.1539883613586426, -526110.0, -74619.0)
(16, 2.2952635288238525, -526110.0, -74619.0)
(17, 2.4406161308288574, -526110.0, -74619.0)
(18, 2.5830705165863037, -526110.0, -74619.0)
(19, 2.7286629676818848, -526110.0, -74619.0)
(20, 2.876439332962036, -526110.0, -74619.0)
(21, 3.0233278274536133, -526110.0, -74619.0)
(22, 3.165311574935913, -526110.0, -74619.0)
(23, 3.3067781925201416, -526110.0, -74619.0)
(24, 3.4567463397979736, -526110.0, -74619.0)
(25, 3.597306251525879, -526110.0, -74619.0)
(26, 3.7425801753997803, -526110.0, -74619.0)
(27, 3.885017156600952, -526110.0, -74619.0)
(28, 4.043564558029175, -526110.0, -74619.0)
(29, 4.18563985824585, -526110.0, -74619.0)
(30, 4.323715686798096, -526110.0, -74619.0)
(31, 4.470778465270996, -526110.0, -74619.0)
(32, 4.616492986679077, -526110.0, -74619.0)
(33, 4.754431962966919, -526110.0, -74619.0)
(34, 4.893399477005005, -526110.0, -74619.0)
(35, 5.038232803344727, -526110.0, -74619.0)
(36, 5.179490089416504, -526110.0, -74619.0)
(37, 5.322741985321045, -526110.0, -74619.0)
(38, 5.473537445068359, -526110.0, -74619.0)
(39, 5.617295742034912, -526110.0, -74619.0)
(40, 5.763341665267944, -526110.0, -74619.0)
(41, 5.907472372055054, -526110.0, -74619.0)
(42, 6.048335552215576, -526110.0, -74619.0)
(43, 6.192496299743652, -526110.0, -74619.0)
(44, 6.347784757614136, -526110.0, -74619.0)
(45, 6.492364883422852, -526110.0, -74619.0)
(46, 6.6290037631988525, -526110.0, -74619.0)
(47, 6.767639875411987, -526110.0, -74619.0)
(48, 6.917550802230835, -526110.0, -74619.0)
(49, 7.063375473022461, -526110.0, -74619.0)
(50, 7.207719087600708, -526110.0, -74619.0)
(51, 7.349792003631592, -526110.0, -74619.0)
(52, 7.496740341186523, -526110.0, -74619.0)
(53, 7.64491605758667, -526110.0, -74619.0)
(54, 7.79010009765625, -526110.0, -74619.0)
(55, 7.944681644439697, -526110.0, -74619.0)
(56, 8.110552787780762, -526110.0, -74619.0)
(57, 8.247021436691284, -526110.0, -74619.0)
(58, 8.390310287475586, -526110.0, -74619.0)
(59, 8.535507917404175, -526110.0, -74619.0)
(60, 8.687092542648315, -526110.0, -74619.0)
(61, 8.840071678161621, -526110.0, -74619.0)
(62, 8.983475685119629, -526110.0, -74619.0)
(63, 9.131725549697876, -526110.0, -74619.0)
(64, 9.274730443954468, -526110.0, -74619.0)
(65, 9.422071695327759, -526110.0, -74619.0)
(66, 9.565137386322021, -526110.0, -74619.0)
(67, 9.70332646369934, -526110.0, -74619.0)
(68, 9.857391119003296, -526110.0, -74619.0)
(69, 10.001682996749878, -526110.0, -74619.0)
(70, 10.147482872009277, -526110.0, -74619.0)
(71, 10.304238319396973, -526110.0, -74619.0)
(72, 10.445966720581055, -526110.0, -74619.0)
(73, 10.586708784103394, -526110.0, -74619.0)
(74, 10.730244398117065, -526110.0, -74619.0)
(75, 10.87745976448059, -526110.0, -74619.0)
(76, 11.02643871307373, -526110.0, -74619.0)
(77, 11.174357891082764, -526110.0, -74619.0)
(78, 11.321200847625732, -526110.0, -74619.0)
(79, 11.465810537338257, -526110.0, -74619.0)
(80, 11.614097595214844, -526110.0, -74619.0)
(81, 11.755204677581787, -526110.0, -74619.0)
(82, 11.897731304168701, -526110.0, -74619.0)
(83, 12.039772987365723, -526110.0, -74619.0)
(84, 12.194507837295532, -526110.0, -74619.0)
(85, 12.339512586593628, -526110.0, -74619.0)
(86, 12.480906963348389, -526110.0, -74619.0)
(87, 12.63343620300293, -526110.0, -74619.0)
(88, 12.786239862442017, -526110.0, -74619.0)
(89, 12.938936948776245, -526110.0, -74619.0)
(90, 13.09102749824524, -526110.0, -74619.0)
(91, 13.240015268325806, -526110.0, -74619.0)
(92, 13.391499996185303, -526110.0, -74619.0)
(93, 13.544248104095459, -526110.0, -74619.0)
(94, 13.69523000717163, -526110.0, -74619.0)
(95, 13.844602108001709, -526110.0, -74619.0)
(96, 13.989670753479004, -526110.0, -74619.0)
(97, 14.135023832321167, -526110.0, -74619.0)
(98, 14.285905122756958, -526110.0, -74619.0)
(99, 14.439425468444824, -526110.0, -74619.0)
(100, 14.587244272232056, -526110.0, -74619.0)
(101, 14.73430585861206, -526110.0, -74619.0)
(102, 14.88215970993042, -526110.0, -74619.0)
(103, 15.02742862701416, -526110.0, -74619.0)
(104, 15.173470258712769, -526110.0, -74619.0)
(105, 15.32202935218811, -526110.0, -74619.0)
(106, 15.466990947723389, -526110.0, -74619.0)
(107, 15.617820262908936, -526110.0, -74619.0)
(108, 15.763067245483398, -526110.0, -74619.0)
(109, 15.909395694732666, -526110.0, -74619.0)
(110, 16.05140709877014, -526110.0, -74619.0)
(111, 16.194202423095703, -526110.0, -74619.0)
(112, 16.342626333236694, -526110.0, -74619.0)
(113, 16.48818802833557, -526110.0, -74619.0)
(114, 16.631085634231567, -526110.0, -74619.0)
(115, 16.76568365097046, -526110.0, -74619.0)
(116, 16.905795097351074, -526110.0, -74619.0)
(117, 17.046823263168335, -526110.0, -74619.0)
(118, 17.19726252555847, -526110.0, -74619.0)
(119, 17.35025405883789, -526110.0, -74619.0)
(120, 17.502424001693726, -526110.0, -74619.0)
(121, 17.665481567382812, -526110.0, -74619.0)
(122, 17.824113607406616, -526110.0, -74619.0)
(123, 17.97583293914795, -526110.0, -74619.0)
(124, 18.12418270111084, -526110.0, -74619.0)
(125, 18.285234451293945, -526110.0, -74619.0)
(126, 18.430461883544922, -526110.0, -74619.0)
(127, 18.577543258666992, -526110.0, -74619.0)
(128, 18.72948169708252, -526110.0, -74619.0)
(129, 18.885900497436523, -526110.0, -74619.0)
(130, 19.050559043884277, -526110.0, -74619.0)
(131, 19.198417901992798, -526110.0, -74619.0)
(132, 19.343417167663574, -526110.0, -74619.0)
(133, 19.494197845458984, -526110.0, -74619.0)
(134, 19.64690852165222, -526110.0, -74619.0)
(135, 19.797100067138672, -526110.0, -74619.0)
(136, 19.950672149658203, -526110.0, -74619.0)
(137, 20.098997831344604, -526110.0, -74619.0)
(138, 20.256210803985596, -526110.0, -74619.0)
(139, 20.431508779525757, -526110.0, -74619.0)
(140, 20.583937883377075, -526110.0, -74619.0)
(141, 20.738823413848877, -526110.0, -74619.0)
(142, 20.888497829437256, -526110.0, -74619.0)
(143, 21.044714212417603, -526110.0, -74619.0)
(144, 21.197126388549805, -526110.0, -74619.0)
(145, 21.3566792011261, -526110.0, -74619.0)
(146, 21.506407022476196, -526110.0, -74619.0)
(147, 21.65986943244934, -526110.0, -74619.0)
(148, 21.817739248275757, -526110.0, -74619.0)
(149, 21.96082305908203, -526110.0, -74619.0)
(150, 22.1098313331604, -526110.0, -74619.0)
(151, 22.265397310256958, -526110.0, -74619.0)
(152, 22.424863815307617, -526110.0, -74619.0)
(153, 22.58104395866394, -526110.0, -74619.0)
(154, 22.736237049102783, -526110.0, -74619.0)
(155, 22.887104034423828, -526110.0, -74619.0)
(156, 23.037301778793335, -526110.0, -74619.0)
(157, 23.193268299102783, -526110.0, -74619.0)
(158, 23.348394632339478, -526110.0, -74619.0)
(159, 23.501739025115967, -526110.0, -74619.0)
(160, 23.651430130004883, -526110.0, -74619.0)
(161, 23.805054903030396, -526110.0, -74619.0)
(162, 23.958916425704956, -526110.0, -74619.0)
(163, 24.115554332733154, -526110.0, -74619.0)
(164, 24.26968264579773, -526110.0, -74619.0)
(165, 24.425342798233032, -526110.0, -74619.0)
(166, 24.58002233505249, -526110.0, -74619.0)
(167, 24.732126235961914, -526110.0, -74619.0)
(168, 24.908020734786987, -526110.0, -74619.0)
(169, 25.06801748275757, -526110.0, -74619.0)
(170, 25.222973585128784, -526110.0, -74619.0)
(171, 25.37954878807068, -526110.0, -74619.0)
(172, 25.533509969711304, -526110.0, -74619.0)
(173, 25.68661379814148, -526110.0, -74619.0)
(174, 25.832958936691284, -526110.0, -74619.0)
(175, 25.984305143356323, -526110.0, -74619.0)
(176, 26.138576984405518, -526110.0, -74619.0)
(177, 26.2897367477417, -526110.0, -74619.0)
(178, 26.447986602783203, -526110.0, -74619.0)
(179, 26.606085300445557, -526110.0, -74619.0)
(180, 26.758583307266235, -526110.0, -74619.0)
(181, 26.925750732421875, -526110.0, -74619.0)
(182, 27.081148386001587, -526110.0, -74619.0)
(183, 27.232126474380493, -526110.0, -74619.0)
(184, 27.381592512130737, -526110.0, -74619.0)
(185, 27.540759801864624, -526110.0, -74619.0)
(186, 27.695400714874268, -526110.0, -74619.0)
(187, 27.872801065444946, -526110.0, -74619.0)
(188, 28.0301456451416, -526110.0, -74619.0)
(189, 28.18223261833191, -526110.0, -74619.0)
(190, 28.33696174621582, -526110.0, -74619.0)
(191, 28.48819327354431, -526110.0, -74619.0)
(192, 28.643848180770874, -526110.0, -74619.0)
(193, 28.79381012916565, -526110.0, -74619.0)
(194, 28.94804358482361, -526110.0, -74619.0)
(195, 29.10007333755493, -526110.0, -74619.0)
(196, 29.25714373588562, -526110.0, -74619.0)
(197, 29.41465139389038, -526110.0, -74619.0)
(198, 29.570327281951904, -526110.0, -74619.0)
(199, 29.727829933166504, -526110.0, -74619.0)
(200, 29.88748550415039, -526110.0, -74619.0)
(201, 30.05262017250061, -526110.0, -74619.0)
(202, 30.209123611450195, -526110.0, -74619.0)
(203, 30.371262550354004, -526110.0, -74619.0)
(204, 30.530822277069092, -526110.0, -74619.0)
(205, 30.695653200149536, -526110.0, -74619.0)
(206, 30.854077100753784, -526110.0, -74619.0)
(207, 31.00990080833435, -526110.0, -74619.0)
(208, 31.175697088241577, -526110.0, -74619.0)
(209, 31.321725130081177, -526110.0, -74619.0)
(210, 31.50124192237854, -526110.0, -74619.0)
(211, 31.665183544158936, -526110.0, -74619.0)
(212, 31.831037282943726, -526110.0, -74619.0)
(213, 31.986027240753174, -526110.0, -74619.0)
(214, 32.13935661315918, -526110.0, -74619.0)
(215, 32.294949769973755, -526110.0, -74619.0)
(216, 32.46005296707153, -526110.0, -74619.0)
(217, 32.618812561035156, -526110.0, -74619.0)
(218, 32.78482007980347, -526110.0, -74619.0)
(219, 32.93747615814209, -526110.0, -74619.0)
(220, 33.09941792488098, -526110.0, -74619.0)
(221, 33.26083016395569, -526110.0, -74619.0)
(222, 33.42381405830383, -526110.0, -74619.0)
(223, 33.58478593826294, -526110.0, -74619.0)
(224, 33.749120473861694, -526110.0, -74619.0)
(225, 33.907065629959106, -526110.0, -74619.0)
(226, 34.0688681602478, -526110.0, -74619.0)
(227, 34.22550678253174, -526110.0, -74619.0)
(228, 34.40532350540161, -526110.0, -74619.0)
(229, 34.57580757141113, -526110.0, -74619.0)
(230, 34.73904490470886, -526110.0, -74619.0)
(231, 34.89449763298035, -526110.0, -74619.0)
(232, 35.06619119644165, -526110.0, -74619.0)
(233, 35.22696137428284, -526110.0, -74619.0)
(234, 35.38941693305969, -526110.0, -74619.0)
(235, 35.55201435089111, -526110.0, -74619.0)
(236, 35.719412088394165, -526110.0, -74619.0)
(237, 35.891685247421265, -526110.0, -74619.0)
(238, 36.053449869155884, -526110.0, -74619.0)
(239, 36.221946477890015, -526110.0, -74619.0)
(240, 36.38513541221619, -526110.0, -74619.0)
(241, 36.548510789871216, -526110.0, -74619.0)
(242, 36.71241068840027, -526110.0, -74619.0)
(243, 36.87448716163635, -526110.0, -74619.0)
(244, 37.036728858947754, -526110.0, -74619.0)
(245, 37.19257044792175, -526110.0, -74619.0)
(246, 37.35906744003296, -526110.0, -74619.0)
(247, 37.520212173461914, -526110.0, -74619.0)
(248, 37.678065061569214, -526110.0, -74619.0)
(249, 37.84060263633728, -526110.0, -74619.0)
(250, 38.005918979644775, -526110.0, -74619.0)
(251, 38.17846417427063, -526110.0, -74619.0)
(252, 38.34737968444824, -526110.0, -74619.0)
(253, 38.507978200912476, -526110.0, -74619.0)
(254, 38.66896677017212, -526110.0, -74619.0)
(255, 38.84289050102234, -526110.0, -74619.0)
(256, 39.01352071762085, -526110.0, -74619.0)
(257, 39.18985986709595, -526110.0, -74619.0)
(258, 39.3556432723999, -526110.0, -74619.0)
(259, 39.52848744392395, -526110.0, -74619.0)
(260, 39.70193672180176, -526110.0, -74619.0)
(261, 39.869256019592285, -526110.0, -74619.0)
(262, 40.0364191532135, -526110.0, -74619.0)
(263, 40.20491313934326, -526110.0, -74619.0)
(264, 40.36929512023926, -526110.0, -74619.0)
(265, 40.53728413581848, -526110.0, -74619.0)
(266, 40.70925331115723, -526110.0, -74619.0)
(267, 40.88407325744629, -526110.0, -74619.0)
(268, 41.06220293045044, -526110.0, -74619.0)
(269, 41.24812126159668, -526110.0, -74619.0)
(270, 41.419757604599, -526110.0, -74619.0)
(271, 41.59326410293579, -526110.0, -74619.0)
(272, 41.75447940826416, -526110.0, -74619.0)
(273, 41.91945695877075, -526110.0, -74619.0)
(274, 42.08047389984131, -526110.0, -74619.0)
(275, 42.25092339515686, -526110.0, -74619.0)
(276, 42.43012046813965, -526110.0, -74619.0)
(277, 42.603240966796875, -526110.0, -74619.0)
(278, 42.765849590301514, -526110.0, -74619.0)
(279, 42.93173384666443, -526110.0, -74619.0)
(280, 43.100043296813965, -526110.0, -74619.0)
(281, 43.26222085952759, -526110.0, -74619.0)
(282, 43.43330955505371, -526110.0, -74619.0)
(283, 43.60744285583496, -526110.0, -74619.0)
(284, 43.79162526130676, -526110.0, -74619.0)
(285, 43.97079277038574, -526110.0, -74619.0)
(286, 44.152504444122314, -526110.0, -74619.0)
(287, 44.319891929626465, -526110.0, -74619.0)
(288, 44.49880385398865, -526110.0, -74619.0)
(289, 44.67148470878601, -526110.0, -74619.0)
(290, 44.84944772720337, -526110.0, -74619.0)
(291, 45.02328896522522, -526110.0, -74619.0)
(292, 45.20096397399902, -526110.0, -74619.0)
(293, 45.378741979599, -526110.0, -74619.0)
(294, 45.56857252120972, -526110.0, -74619.0)
(295, 45.7630672454834, -526110.0, -74619.0)
(296, 45.949252128601074, -526110.0, -74619.0)
(297, 46.13435745239258, -526110.0, -74619.0)
(298, 46.31458854675293, -526110.0, -74619.0)
(299, 46.488744497299194, -526110.0, -74619.0)
(300, 46.66388130187988, -526110.0, -74619.0)
(301, 46.834404945373535, -526110.0, -74619.0)
(302, 47.02342677116394, -526110.0, -74619.0)
(303, 47.227153062820435, -526110.0, -74619.0)
(304, 47.43463706970215, -526110.0, -74619.0)
(305, 47.6120343208313, -526110.0, -74619.0)
(306, 47.78086447715759, -526110.0, -74619.0)
(307, 47.96341013908386, -526110.0, -74619.0)
(308, 48.14324164390564, -526110.0, -74619.0)
(309, 48.338324785232544, -526110.0, -74619.0)
(310, 48.51764535903931, -526110.0, -74619.0)
(311, 48.70751667022705, -526110.0, -74619.0)
(312, 48.89244294166565, -526110.0, -74619.0)
(313, 49.090760469436646, -526110.0, -74619.0)
(314, 49.279903411865234, -526110.0, -74619.0)
(315, 49.46474289894104, -526110.0, -74619.0)
(316, 49.64528179168701, -526110.0, -74619.0)
(317, 49.828567028045654, -526110.0, -74619.0)
(318, 50.01693677902222, -526110.0, -74619.0)
(319, 50.21168518066406, -526110.0, -74619.0)
(320, 50.41703987121582, -526110.0, -74619.0)
(321, 50.597089529037476, -526110.0, -74619.0)
(322, 50.80219650268555, -526110.0, -74619.0)
(323, 51.01391267776489, -526110.0, -74619.0)
(324, 51.204689741134644, -526110.0, -74619.0)
(325, 51.38915205001831, -526110.0, -74619.0)
(326, 51.58531928062439, -526110.0, -74619.0)
(327, 51.78634166717529, -526110.0, -74619.0)
(328, 51.967291831970215, -526110.0, -74619.0)
(329, 52.16492557525635, -526110.0, -74619.0)
(330, 52.36305904388428, -526110.0, -74619.0)
(331, 52.56805348396301, -526110.0, -74619.0)
(332, 52.75214600563049, -526110.0, -74619.0)
(333, 52.929383516311646, -526110.0, -74619.0)
(334, 53.119704246520996, -526110.0, -74619.0)
(335, 53.33412432670593, -526110.0, -74619.0)
(336, 53.510953426361084, -526110.0, -74619.0)
(337, 53.69548153877258, -526110.0, -74619.0)
(338, 53.89523720741272, -526110.0, -74619.0)
(339, 54.11703705787659, -526110.0, -74619.0)
(340, 54.30669188499451, -526110.0, -74619.0)
(341, 54.51633358001709, -526110.0, -74619.0)
(342, 54.699394941329956, -526110.0, -74619.0)
(343, 54.868908166885376, -526110.0, -74619.0)
(344, 55.05203127861023, -526110.0, -74619.0)
(345, 55.249130964279175, -526110.0, -74619.0)
(346, 55.455976486206055, -526110.0, -74619.0)
(347, 55.652342796325684, -526110.0, -74619.0)
(348, 55.852861166000366, -526110.0, -74619.0)
(349, 56.04325318336487, -526110.0, -74619.0)
(350, 56.26064467430115, -526110.0, -74619.0)
(351, 56.46297550201416, -526110.0, -74619.0)
(352, 56.66399359703064, -526110.0, -74619.0)
(353, 56.86194944381714, -526110.0, -74619.0)
(354, 57.068334102630615, -526110.0, -74619.0)
(355, 57.258644580841064, -526110.0, -74619.0)
(356, 57.45185041427612, -526110.0, -74619.0)
(357, 57.647799491882324, -526110.0, -74619.0)
(358, 57.83732557296753, -526110.0, -74619.0)
(359, 58.0349063873291, -526110.0, -74619.0)
(360, 58.23504090309143, -526110.0, -74619.0)
(361, 58.42969799041748, -526110.0, -74619.0)
(362, 58.61600422859192, -526110.0, -74619.0)
(363, 58.800965547561646, -526110.0, -74619.0)
(364, 58.9830961227417, -526110.0, -74619.0)
(365, 59.17661190032959, -526110.0, -74619.0)
(366, 59.38962244987488, -526110.0, -74619.0)
(367, 59.56773233413696, -526110.0, -74619.0)
(368, 59.76583385467529, -526110.0, -74619.0)
(369, 59.96043801307678, -526110.0, -74619.0)
(370, 60.13201951980591, -526110.0, -74619.0)
(371, 60.31119227409363, -526110.0, -74619.0)
(372, 60.50067639350891, -526110.0, -74619.0)
(373, 60.71062421798706, -526110.0, -74619.0)
(374, 60.91934657096863, -526110.0, -74619.0)
(375, 61.13001203536987, -526110.0, -74619.0)
(376, 61.326200008392334, -526110.0, -74619.0)
(377, 61.53855776786804, -526110.0, -74619.0)
(378, 61.746987104415894, -526110.0, -74619.0)
(379, 61.97165083885193, -526110.0, -74619.0)
(380, 62.174257040023804, -526110.0, -74619.0)
(381, 62.38917255401611, -526110.0, -74619.0)
(382, 62.60004806518555, -526110.0, -74619.0)
(383, 62.814488649368286, -526110.0, -74619.0)
(384, 63.00779414176941, -526110.0, -74619.0)
(385, 63.19939827919006, -526110.0, -74619.0)
(386, 63.40950417518616, -526110.0, -74619.0)
(387, 63.60858345031738, -526110.0, -74619.0)
(388, 63.795005798339844, -526110.0, -74619.0)
(389, 63.98373484611511, -526110.0, -74619.0)
(390, 64.18255424499512, -526110.0, -74619.0)
(391, 64.38759326934814, -526110.0, -74619.0)
(392, 64.58726358413696, -526110.0, -74619.0)
(393, 64.79565787315369, -526110.0, -74619.0)
(394, 65.00394654273987, -526110.0, -74619.0)
(395, 65.2133846282959, -526110.0, -74619.0)
(396, 65.44133281707764, -526110.0, -74619.0)
(397, 65.65425968170166, -526110.0, -74619.0)
(398, 65.87507724761963, -526110.0, -74619.0)
(399, 66.08774375915527, -526110.0, -74619.0)
(400, 66.31931924819946, -526110.0, -74619.0)
(401, 66.54110527038574, -526110.0, -74619.0)
(402, 66.7610969543457, -526110.0, -74619.0)
(403, 66.98709201812744, -526110.0, -74619.0)
(404, 67.21299195289612, -526110.0, -74619.0)
(405, 67.43080997467041, -526110.0, -74619.0)
(406, 67.64498925209045, -526110.0, -74619.0)
(407, 67.86950254440308, -526110.0, -74619.0)
(408, 68.0971269607544, -526110.0, -74619.0)
(409, 68.33633995056152, -526110.0, -74619.0)
(410, 68.58756375312805, -526110.0, -74619.0)
(411, 68.82114052772522, -526110.0, -74619.0)
(412, 69.0518696308136, -526110.0, -74619.0)
(413, 69.26099610328674, -526110.0, -74619.0)
(414, 69.47384762763977, -526110.0, -74619.0)
(415, 69.67798280715942, -526110.0, -74619.0)
(416, 69.8775098323822, -526110.0, -74619.0)
(417, 70.07358384132385, -526110.0, -74619.0)
(418, 70.27014684677124, -526110.0, -74619.0)
(419, 70.46460056304932, -526110.0, -74619.0)
(420, 70.64901423454285, -526110.0, -74619.0)
(421, 70.83562707901001, -526110.0, -74619.0)
(422, 71.03497362136841, -526110.0, -74619.0)
(423, 71.22833585739136, -526110.0, -74619.0)
(424, 71.42897605895996, -526110.0, -74619.0)
(425, 71.61226463317871, -526110.0, -74619.0)
(426, 71.82745432853699, -526110.0, -74619.0)
(427, 72.02242398262024, -526110.0, -74619.0)
(428, 72.23400855064392, -526110.0, -74619.0)
(429, 72.42772078514099, -526110.0, -74619.0)
(430, 72.62391471862793, -526110.0, -74619.0)
(431, 72.83518242835999, -526110.0, -74619.0)
(432, 73.05123710632324, -526110.0, -74619.0)
(433, 73.2563226222992, -526110.0, -74619.0)
(434, 73.4694893360138, -526110.0, -74619.0)
(435, 73.68791079521179, -526110.0, -74619.0)
(436, 73.89648532867432, -526110.0, -74619.0)
(437, 74.11576080322266, -526110.0, -74619.0)
(438, 74.33118438720703, -526110.0, -74619.0)
(439, 74.56872367858887, -526110.0, -74619.0)
(440, 74.79401993751526, -526110.0, -74619.0)
(441, 75.01789855957031, -526110.0, -74619.0)
(442, 75.21293234825134, -526110.0, -74619.0)
(443, 75.43212723731995, -526110.0, -74619.0)
(444, 75.62412333488464, -526110.0, -74619.0)
(445, 75.81628608703613, -526110.0, -74619.0)
(446, 76.03540873527527, -526110.0, -74619.0)
(447, 76.22540998458862, -526110.0, -74619.0)
(448, 76.43264746665955, -526110.0, -74619.0)
(449, 76.62486433982849, -526110.0, -74619.0)
(450, 76.84229397773743, -526110.0, -74619.0)
(451, 77.05799508094788, -526110.0, -74619.0)
(452, 77.2716612815857, -526110.0, -74619.0)
(453, 77.49195218086243, -526110.0, -74619.0)
(454, 77.7107446193695, -526110.0, -74619.0)
(455, 77.94137287139893, -526110.0, -74619.0)
(456, 78.17920994758606, -526110.0, -74619.0)
(457, 78.3877923488617, -526110.0, -74619.0)
(458, 78.61275672912598, -526110.0, -74619.0)
(459, 78.81192779541016, -526110.0, -74619.0)
(460, 79.04229354858398, -526110.0, -74619.0)
(461, 79.26592564582825, -526110.0, -74619.0)
(462, 79.45155644416809, -526110.0, -74619.0)
(463, 79.68556499481201, -526110.0, -74619.0)
(464, 79.91424679756165, -526110.0, -74619.0)
(465, 80.12605476379395, -526110.0, -74619.0)
(466, 80.34917831420898, -526110.0, -74619.0)
(467, 80.57262516021729, -526110.0, -74619.0)
(468, 80.79331827163696, -526110.0, -74619.0)
(469, 81.0205979347229, -526110.0, -74619.0)
(470, 81.23805356025696, -526110.0, -74619.0)
(471, 81.45939564704895, -526110.0, -74619.0)
(472, 81.66651272773743, -526110.0, -74619.0)
(473, 81.87838244438171, -526110.0, -74619.0)
(474, 82.0919361114502, -526110.0, -74619.0)
(475, 82.2845413684845, -526110.0, -74619.0)
(476, 82.50751781463623, -526110.0, -74619.0)
(477, 82.72998785972595, -526110.0, -74619.0)
(478, 82.9576346874237, -526110.0, -74619.0)
(479, 83.18082070350647, -526110.0, -74619.0)
(480, 83.4119770526886, -526110.0, -74619.0)
(481, 83.64495253562927, -526110.0, -74619.0)
(482, 83.8823652267456, -526110.0, -74619.0)
(483, 84.10853505134583, -526110.0, -74619.0)
(484, 84.31152939796448, -526110.0, -74619.0)
(485, 84.53015923500061, -526110.0, -74619.0)
(486, 84.76163101196289, -526110.0, -74619.0)
(487, 84.99281024932861, -526110.0, -74619.0)
(488, 85.2171859741211, -526110.0, -74619.0)
(489, 85.43841791152954, -526110.0, -74619.0)
(490, 85.66316747665405, -526110.0, -74619.0)
(491, 85.9000551700592, -526110.0, -74619.0)
(492, 86.13757848739624, -526110.0, -74619.0)
(493, 86.36155724525452, -526110.0, -74619.0)
(494, 86.59431648254395, -526110.0, -74619.0)
(495, 86.83904910087585, -526110.0, -74619.0)
(496, 87.08530235290527, -526110.0, -74619.0)
(497, 87.35266542434692, -526110.0, -74619.0)
(498, 87.63023471832275, -526110.0, -74619.0)
(499, 87.8689935207367, -526110.0, -74619.0)
(500, 88.12514972686768, -526110.0, -74619.0)
(501, 88.36227703094482, -526110.0, -74619.0)
(502, 88.63730525970459, -526110.0, -74619.0)
(503, 88.84486651420593, -526110.0, -74619.0)
(504, 89.05195212364197, -526110.0, -74619.0)
(505, 89.24935674667358, -526110.0, -74619.0)
(506, 89.44380068778992, -526110.0, -74619.0)
(507, 89.63381290435791, -526110.0, -74619.0)
(508, 89.84805035591125, -526110.0, -74619.0)
(509, 90.08031916618347, -526110.0, -74619.0)
(510, 90.31714367866516, -526110.0, -74619.0)
(511, 90.56841659545898, -526110.0, -74619.0)
(512, 90.77215456962585, -526110.0, -74619.0)
(513, 90.97950315475464, -526110.0, -74619.0)
(514, 91.2246413230896, -526110.0, -74619.0)
(515, 91.46356201171875, -526110.0, -74619.0)
(516, 91.67969942092896, -526110.0, -74619.0)
(517, 91.91030859947205, -526110.0, -74619.0)
(518, 92.15444612503052, -526110.0, -74619.0)
(519, 92.39203023910522, -526110.0, -74619.0)
(520, 92.62755250930786, -526110.0, -74619.0)
(521, 92.85822105407715, -526110.0, -74619.0)
(522, 93.08241510391235, -526110.0, -74619.0)
(523, 93.32691478729248, -526110.0, -74619.0)
(524, 93.5756983757019, -526110.0, -74619.0)
(525, 93.82228016853333, -526110.0, -74619.0)
(526, 94.05912256240845, -526110.0, -74619.0)
(527, 94.29764676094055, -526110.0, -74619.0)
(528, 94.53775095939636, -526110.0, -74619.0)
(529, 94.77670311927795, -526110.0, -74619.0)
(530, 95.03172969818115, -526110.0, -74619.0)
(531, 95.27319049835205, -526110.0, -74619.0)
(532, 95.52835845947266, -526110.0, -74619.0)
(533, 95.7882661819458, -526110.0, -74619.0)
(534, 96.02919292449951, -526110.0, -74619.0)
(535, 96.2774543762207, -526110.0, -74619.0)
(536, 96.53637337684631, -526110.0, -74619.0)
(537, 96.75664591789246, -526110.0, -74619.0)
(538, 96.96568775177002, -526110.0, -74619.0)
(539, 97.21095418930054, -526110.0, -74619.0)
(540, 97.41832423210144, -526110.0, -74619.0)
(541, 97.625803232193, -526110.0, -74619.0)
(542, 97.89462637901306, -526110.0, -74619.0)
(543, 98.15362691879272, -526110.0, -74619.0)
(544, 98.40386128425598, -526110.0, -74619.0)
(545, 98.61102199554443, -526110.0, -74619.0)
(546, 98.8766450881958, -526110.0, -74619.0)
(547, 99.12554264068604, -526110.0, -74619.0)
(548, 99.37596035003662, -526110.0, -74619.0)
(549, 99.63925790786743, -526110.0, -74619.0)
(550, 99.8831193447113, -526110.0, -74619.0)
(551, 100.1359212398529, -526110.0, -74619.0)
(552, 100.38873219490051, -526110.0, -74619.0)
(553, 100.65283155441284, -526110.0, -74619.0)
(554, 100.9139494895935, -526110.0, -74619.0)
(555, 101.19057750701904, -526110.0, -74619.0)
(556, 101.46851873397827, -526110.0, -74619.0)
(557, 101.73878216743469, -526110.0, -74619.0)
(558, 102.02374124526978, -526110.0, -74619.0)
(559, 102.29992485046387, -526110.0, -74619.0)
(560, 102.54388761520386, -526110.0, -74619.0)
(561, 102.777503490448, -526110.0, -74619.0)
(562, 103.05116581916809, -526110.0, -74619.0)
(563, 103.309002161026, -526110.0, -74619.0)
(564, 103.56970310211182, -526110.0, -74619.0)
(565, 103.81808638572693, -526110.0, -74619.0)
(566, 104.00847291946411, -526110.0, -74619.0)
(567, 104.25051927566528, -526110.0, -74619.0)
(568, 104.51333785057068, -526110.0, -74619.0)
(569, 104.78972458839417, -526110.0, -74619.0)
(570, 105.03688907623291, -526110.0, -74619.0)
(571, 105.30270099639893, -526110.0, -74619.0)
(572, 105.5748462677002, -526110.0, -74619.0)
(573, 105.83425760269165, -526110.0, -74619.0)
(574, 106.08329796791077, -526110.0, -74619.0)
(575, 106.3446888923645, -526110.0, -74619.0)
(576, 106.59562611579895, -526110.0, -74619.0)
(577, 106.87091279029846, -526110.0, -74619.0)
(578, 107.14378523826599, -526110.0, -74619.0)
(579, 107.41610765457153, -526110.0, -74619.0)
(580, 107.68636965751648, -526110.0, -74619.0)
(581, 107.95009303092957, -526110.0, -74619.0)
(582, 108.2041380405426, -526110.0, -74619.0)
(583, 108.46580076217651, -526110.0, -74619.0)
(584, 108.66584610939026, -526110.0, -74619.0)
(585, 108.94784760475159, -526110.0, -74619.0)
(586, 109.23866367340088, -526110.0, -74619.0)
(587, 109.51480627059937, -526110.0, -74619.0)
(588, 109.7838385105133, -526110.0, -74619.0)
(589, 110.0530457496643, -526110.0, -74619.0)
(590, 110.3143162727356, -526110.0, -74619.0)
(591, 110.5750298500061, -526110.0, -74619.0)
(592, 110.81556582450867, -526110.0, -74619.0)
(593, 111.04702305793762, -526110.0, -74619.0)
(594, 111.27692222595215, -526110.0, -74619.0)
(595, 111.54720997810364, -526110.0, -74619.0)
(596, 111.79581761360168, -526110.0, -74619.0)
(597, 112.06482362747192, -526110.0, -74619.0)
(598, 112.31989526748657, -526110.0, -74619.0)
(599, 112.61039090156555, -526110.0, -74619.0)
(600, 112.80822229385376, -526110.0, -74619.0)
(601, 113.00759243965149, -526110.0, -74619.0)
(602, 113.2517523765564, -526110.0, -74619.0)
(603, 113.48323893547058, -526110.0, -74619.0)
(604, 113.74938464164734, -526110.0, -74619.0)
(605, 114.00814437866211, -526110.0, -74619.0)
(606, 114.23516893386841, -526110.0, -74619.0)
(607, 114.50175189971924, -526110.0, -74619.0)
(608, 114.7763283252716, -526110.0, -74619.0)
(609, 115.06047534942627, -526110.0, -74619.0)
(610, 115.32204985618591, -526110.0, -74619.0)
(611, 115.61167073249817, -526110.0, -74619.0)
(612, 115.87344098091125, -526110.0, -74619.0)
(613, 116.13185143470764, -526110.0, -74619.0)
(614, 116.41439509391785, -526110.0, -74619.0)
(615, 116.70981454849243, -526110.0, -74619.0)
(616, 117.00219631195068, -526110.0, -74619.0)
(617, 117.27786183357239, -526110.0, -74619.0)
(618, 117.58290576934814, -526110.0, -74619.0)
(619, 117.8450710773468, -526110.0, -74619.0)
(620, 118.1057677268982, -526110.0, -74619.0)
(621, 118.36818265914917, -526110.0, -74619.0)
(622, 118.66074514389038, -526110.0, -74619.0)
(623, 118.91456341743469, -526110.0, -74619.0)
(624, 119.13317227363586, -526110.0, -74619.0)
(625, 119.4265205860138, -526110.0, -74619.0)
(626, 119.72585320472717, -526110.0, -74619.0)
(627, 119.98488330841064, -526110.0, -74619.0)
(628, 120.28451418876648, -526110.0, -74619.0)
(629, 120.57883858680725, -526110.0, -74619.0)
(630, 120.89346814155579, -526110.0, -74619.0)
(631, 121.12453627586365, -526110.0, -74619.0)
(632, 121.35253882408142, -526110.0, -74619.0)
(633, 121.60979962348938, -526110.0, -74619.0)
(634, 121.86143136024475, -526110.0, -74619.0)
(635, 122.07382726669312, -526110.0, -74619.0)
(636, 122.27716398239136, -526110.0, -74619.0)
(637, 122.53294467926025, -526110.0, -74619.0)
(638, 122.79877781867981, -526110.0, -74619.0)
(639, 123.06107640266418, -526110.0, -74619.0)
(640, 123.34905982017517, -526110.0, -74619.0)
(641, 123.62943387031555, -526110.0, -74619.0)
(642, 123.91719341278076, -526110.0, -74619.0)
(643, 124.15213179588318, -526110.0, -74619.0)
(644, 124.44091415405273, -526110.0, -74619.0)
(645, 124.72099876403809, -526110.0, -74619.0)
(646, 124.99977040290833, -526110.0, -74619.0)
(647, 125.22123980522156, -526110.0, -74619.0)
(648, 125.50989484786987, -526110.0, -74619.0)
(649, 125.77854418754578, -526110.0, -74619.0)
(650, 126.0488133430481, -526110.0, -74619.0)
(651, 126.31229972839355, -526110.0, -74619.0)
(652, 126.63350820541382, -526110.0, -74619.0)
(653, 126.93691110610962, -526110.0, -74619.0)
(654, 127.24738621711731, -526110.0, -74619.0)
(655, 127.5466787815094, -526110.0, -74619.0)
(656, 127.82664942741394, -526110.0, -74619.0)
(657, 128.08338022232056, -526110.0, -74619.0)
(658, 128.38963150978088, -526110.0, -74619.0)
(659, 128.65396189689636, -526110.0, -74619.0)
(660, 128.86189460754395, -526110.0, -74619.0)
(661, 129.1615068912506, -526110.0, -74619.0)
(662, 129.53687739372253, -526110.0, -74619.0)
(663, 129.8185679912567, -526110.0, -74619.0)
(664, 130.05033016204834, -526110.0, -74619.0)
(665, 130.286052942276, -526110.0, -74619.0)
(666, 130.56448221206665, -526110.0, -74619.0)
(667, 130.82285451889038, -526110.0, -74619.0)
(668, 131.0966260433197, -526110.0, -74619.0)
(669, 131.3852186203003, -526110.0, -74619.0)
(670, 131.70607995986938, -526110.0, -74619.0)
(671, 132.04969716072083, -526110.0, -74619.0)
(672, 132.3449239730835, -526110.0, -74619.0)
(673, 132.67640328407288, -526110.0, -74619.0)
(674, 132.97255110740662, -526110.0, -74619.0)
(675, 133.31949591636658, -526110.0, -74619.0)
(676, 133.65341973304749, -526110.0, -74619.0)
(677, 133.94805002212524, -526110.0, -74619.0)
(678, 134.23963856697083, -526110.0, -74619.0)
(679, 134.54676461219788, -526110.0, -74619.0)
(680, 134.87530207633972, -526110.0, -74619.0)
(681, 135.20150804519653, -526110.0, -74619.0)
(682, 135.49858832359314, -526110.0, -74619.0)
(683, 135.74461030960083, -526110.0, -74619.0)
(684, 136.04285740852356, -526110.0, -74619.0)
(685, 136.35136008262634, -526110.0, -74619.0)
(686, 136.63864636421204, -526110.0, -74619.0)
(687, 136.99829363822937, -526110.0, -74619.0)
(688, 137.30891728401184, -526110.0, -74619.0)
(689, 137.67142367362976, -526110.0, -74619.0)
(690, 137.9765408039093, -526110.0, -74619.0)
(691, 138.28859567642212, -526110.0, -74619.0)
(692, 138.66248202323914, -526110.0, -74619.0)
(693, 138.95690321922302, -526110.0, -74619.0)
(694, 139.25441980361938, -526110.0, -74619.0)
(695, 139.58681416511536, -526110.0, -74619.0)
(696, 139.96941256523132, -526110.0, -74619.0)
(697, 140.25871896743774, -526110.0, -74619.0)
(698, 140.5430932044983, -526110.0, -74619.0)
(699, 140.81042313575745, -526110.0, -74619.0)
(700, 141.09886288642883, -526110.0, -74619.0)
(701, 141.39151549339294, -526110.0, -74619.0)
(702, 141.66575479507446, -526110.0, -74619.0)
(703, 141.97746562957764, -526110.0, -74619.0)
(704, 142.29637098312378, -526110.0, -74619.0)
(705, 142.6978223323822, -526110.0, -74619.0)
(706, 142.996572971344, -526110.0, -74619.0)
(707, 143.26868510246277, -526110.0, -74619.0)
(708, 143.5733461380005, -526110.0, -74619.0)
(709, 143.9210650920868, -526110.0, -74619.0)
(710, 144.3158359527588, -526110.0, -74619.0)
(711, 144.63862252235413, -526110.0, -74619.0)
(712, 145.04088735580444, -526110.0, -74619.0)
(713, 145.37466549873352, -526110.0, -74619.0)
(714, 145.6810097694397, -526110.0, -74619.0)
(715, 145.97265648841858, -526110.0, -74619.0)
(716, 146.27620005607605, -526110.0, -74619.0)
(717, 146.5174298286438, -526110.0, -74619.0)
(718, 146.8137857913971, -526110.0, -74619.0)
(719, 147.06125044822693, -526110.0, -74619.0)
(720, 147.35054755210876, -526110.0, -74619.0)
(721, 147.5929012298584, -526110.0, -74619.0)
(722, 147.85737442970276, -526110.0, -74619.0)
(723, 148.09112071990967, -526110.0, -74619.0)
(724, 148.34901309013367, -526110.0, -74619.0)
(725, 148.60671305656433, -526110.0, -74619.0)
(726, 148.89389181137085, -526110.0, -74619.0)
(727, 149.1883783340454, -526110.0, -74619.0)
(728, 149.51017880439758, -526110.0, -74619.0)
(729, 149.84604167938232, -526110.0, -74619.0)
(730, 150.1525719165802, -526110.0, -74619.0)
(731, 150.47492027282715, -526110.0, -74619.0)
(732, 150.79264163970947, -526110.0, -74619.0)
(733, 151.0364909172058, -526110.0, -74619.0)
(734, 151.3503077030182, -526110.0, -74619.0)
(735, 151.65493965148926, -526110.0, -74619.0)
(736, 152.00958132743835, -526110.0, -74619.0)
(737, 152.33871960639954, -526110.0, -74619.0)
(738, 152.65717148780823, -526110.0, -74619.0)
(739, 152.96020555496216, -526110.0, -74619.0)
(740, 153.25710153579712, -526110.0, -74619.0)
(741, 153.5765814781189, -526110.0, -74619.0)
(742, 153.87353992462158, -526110.0, -74619.0)
(743, 154.1946520805359, -526110.0, -74619.0)
(744, 154.52015829086304, -526110.0, -74619.0)
(745, 154.84380745887756, -526110.0, -74619.0)
(746, 155.18642926216125, -526110.0, -74619.0)
(747, 155.5631308555603, -526110.0, -74619.0)
(748, 155.8987054824829, -526110.0, -74619.0)
(749, 156.2386212348938, -526110.0, -74619.0)
(750, 156.60162663459778, -526110.0, -74619.0)
(751, 156.95312786102295, -526110.0, -74619.0)
(752, 157.28072047233582, -526110.0, -74619.0)
(753, 157.6312072277069, -526110.0, -74619.0)
(754, 157.99513292312622, -526110.0, -74619.0)
(755, 158.31717610359192, -526110.0, -74619.0)
(756, 158.676451921463, -526110.0, -74619.0)
(757, 159.00487732887268, -526110.0, -74619.0)
(758, 159.25880908966064, -526110.0, -74619.0)
(759, 159.5775101184845, -526110.0, -74619.0)
(760, 159.87670016288757, -526110.0, -74619.0)
(761, 160.19767332077026, -526110.0, -74619.0)
(762, 160.5016872882843, -526110.0, -74619.0)
(763, 160.82133626937866, -526110.0, -74619.0)
(764, 161.15532779693604, -526110.0, -74619.0)
(765, 161.48157835006714, -526110.0, -74619.0)
(766, 161.7973666191101, -526110.0, -74619.0)
(767, 162.10403108596802, -526110.0, -74619.0)
(768, 162.5044617652893, -526110.0, -74619.0)
(769, 162.81099271774292, -526110.0, -74619.0)
(770, 163.06007266044617, -526110.0, -74619.0)
(771, 163.40120697021484, -526110.0, -74619.0)
(772, 163.7535960674286, -526110.0, -74619.0)
(773, 164.11320066452026, -526110.0, -74619.0)
(774, 164.46181106567383, -526110.0, -74619.0)
(775, 164.83566546440125, -526110.0, -74619.0)
(776, 165.1927924156189, -526110.0, -74619.0)
(777, 165.54411005973816, -526110.0, -74619.0)
(778, 165.90533685684204, -526110.0, -74619.0)
(779, 166.27367782592773, -526110.0, -74619.0)
(780, 166.6566195487976, -526110.0, -74619.0)
(781, 166.9989891052246, -526110.0, -74619.0)
(782, 167.34581899642944, -526110.0, -74619.0)
(783, 167.67872738838196, -526110.0, -74619.0)
(784, 168.05802083015442, -526110.0, -74619.0)
(785, 168.42748069763184, -526110.0, -74619.0)
(786, 168.8029763698578, -526110.0, -74619.0)
(787, 169.2155864238739, -526110.0, -74619.0)
(788, 169.55257296562195, -526110.0, -74619.0)
(789, 169.94532299041748, -526110.0, -74619.0)
(790, 170.3327317237854, -526110.0, -74619.0)
(791, 170.61154079437256, -526110.0, -74619.0)
(792, 170.99944019317627, -526110.0, -74619.0)
(793, 171.39455890655518, -526110.0, -74619.0)
(794, 171.7465958595276, -526110.0, -74619.0)
(795, 172.112455368042, -526110.0, -74619.0)
(796, 172.51990365982056, -526110.0, -74619.0)
(797, 172.8742790222168, -526110.0, -74619.0)
(798, 173.27291870117188, -526110.0, -74619.0)
(799, 173.67884421348572, -526110.0, -74619.0)
(800, 174.08244729042053, -526110.0, -74619.0)
(801, 174.49314522743225, -526110.0, -74619.0)
(802, 174.82846975326538, -526110.0, -74619.0)
(803, 175.23157835006714, -526110.0, -74619.0)
(804, 175.6100754737854, -526110.0, -74619.0)
(805, 176.04460501670837, -526110.0, -74619.0)
(806, 176.46786427497864, -526110.0, -74619.0)
(807, 176.82616019248962, -526110.0, -74619.0)
(808, 177.15534043312073, -526110.0, -74619.0)
(809, 177.49588251113892, -526110.0, -74619.0)
(810, 177.83817076683044, -526110.0, -74619.0)
(811, 178.19638419151306, -526110.0, -74619.0)
(812, 178.60473561286926, -526110.0, -74619.0)
(813, 178.92443323135376, -526110.0, -74619.0)
(814, 179.27415442466736, -526110.0, -74619.0)
(815, 179.66331505775452, -526110.0, -74619.0)
(816, 179.984938621521, -526110.0, -74619.0)
(817, 180.32999062538147, -526110.0, -74619.0)
(818, 180.6685013771057, -526110.0, -74619.0)
(819, 181.01277804374695, -526110.0, -74619.0)
(820, 181.3997483253479, -526110.0, -74619.0)
(821, 181.6998326778412, -526110.0, -74619.0)
(822, 181.9529197216034, -526110.0, -74619.0)
(823, 182.30587673187256, -526110.0, -74619.0)
(824, 182.65170693397522, -526110.0, -74619.0)
(825, 183.05374598503113, -526110.0, -74619.0)
(826, 183.44118762016296, -526110.0, -74619.0)
(827, 183.8023166656494, -526110.0, -74619.0)
(828, 184.157732963562, -526110.0, -74619.0)
(829, 184.56104850769043, -526110.0, -74619.0)
(830, 184.95211696624756, -526110.0, -74619.0)
(831, 185.3847301006317, -526110.0, -74619.0)
(832, 185.69797205924988, -526110.0, -74619.0)
(833, 185.96039628982544, -526110.0, -74619.0)
(834, 186.2778239250183, -526110.0, -74619.0)
(835, 186.60157442092896, -526110.0, -74619.0)
(836, 186.92258548736572, -526110.0, -74619.0)
(837, 187.26460123062134, -526110.0, -74619.0)
(838, 187.63001251220703, -526110.0, -74619.0)
(839, 188.00892448425293, -526110.0, -74619.0)
(840, 188.3699436187744, -526110.0, -74619.0)
(841, 188.64902186393738, -526110.0, -74619.0)
(842, 188.9978506565094, -526110.0, -74619.0)
(843, 189.32771825790405, -526110.0, -74619.0)
(844, 189.76300382614136, -526110.0, -74619.0)
(845, 190.1054184436798, -526110.0, -74619.0)
(846, 190.46919298171997, -526110.0, -74619.0)
(847, 190.83658814430237, -526110.0, -74619.0)
(848, 191.24547719955444, -526110.0, -74619.0)
(849, 191.63208603858948, -526110.0, -74619.0)
(850, 192.0479543209076, -526110.0, -74619.0)
(851, 192.44125986099243, -526110.0, -74619.0)
(852, 192.83724093437195, -526110.0, -74619.0)
(853, 193.21000456809998, -526110.0, -74619.0)
(854, 193.61592841148376, -526110.0, -74619.0)
(855, 194.04910230636597, -526110.0, -74619.0)
(856, 194.39515686035156, -526110.0, -74619.0)
(857, 194.75756001472473, -526110.0, -74619.0)
(858, 195.0987548828125, -526110.0, -74619.0)
(859, 195.49668526649475, -526110.0, -74619.0)
(860, 195.95569229125977, -526110.0, -74619.0)
(861, 196.34012603759766, -526110.0, -74619.0)
(862, 196.744309425354, -526110.0, -74619.0)
(863, 197.17542958259583, -526110.0, -74619.0)
(864, 197.57349729537964, -526110.0, -74619.0)
(865, 197.9418261051178, -526110.0, -74619.0)
(866, 198.36266136169434, -526110.0, -74619.0)
(867, 198.73151302337646, -526110.0, -74619.0)
(868, 199.13559198379517, -526110.0, -74619.0)
(869, 199.59668922424316, -526110.0, -74619.0)
(870, 199.98813676834106, -526110.0, -74619.0)
(871, 200.37728714942932, -526110.0, -74619.0)
(872, 200.8551254272461, -526110.0, -74619.0)
(873, 201.222350358963, -526110.0, -74619.0)
(874, 201.61078429222107, -526110.0, -74619.0)
(875, 202.00930786132812, -526110.0, -74619.0)
(876, 202.41524720191956, -526110.0, -74619.0)
(877, 202.83407998085022, -526110.0, -74619.0)
(878, 203.27900385856628, -526110.0, -74619.0)
(879, 203.7162857055664, -526110.0, -74619.0)
(880, 204.15658831596375, -526110.0, -74619.0)
(881, 204.42610263824463, -526110.0, -74619.0)
(882, 204.68166637420654, -526110.0, -74619.0)
(883, 204.9402883052826, -526110.0, -74619.0)
(884, 205.27517867088318, -526110.0, -74619.0)
(885, 205.62919068336487, -526110.0, -74619.0)
(886, 206.01663160324097, -526110.0, -74619.0)
(887, 206.44316816329956, -526110.0, -74619.0)
(888, 206.88498950004578, -526110.0, -74619.0)
(889, 207.30449604988098, -526110.0, -74619.0)
(890, 207.6204764842987, -526110.0, -74619.0)
(891, 207.9853892326355, -526110.0, -74619.0)
(892, 208.40800380706787, -526110.0, -74619.0)
(893, 208.7260982990265, -526110.0, -74619.0)
(894, 208.98978400230408, -526110.0, -74619.0)
(895, 209.3544111251831, -526110.0, -74619.0)
(896, 209.78346800804138, -526110.0, -74619.0)
(897, 210.02518320083618, -526110.0, -74619.0)
(898, 210.37523913383484, -526110.0, -74619.0)
(899, 210.73923230171204, -526110.0, -74619.0)
(900, 211.0009367465973, -526110.0, -74619.0)
(901, 211.3950650691986, -526110.0, -74619.0)
(902, 211.81187057495117, -526110.0, -74619.0)
(903, 212.10560965538025, -526110.0, -74619.0)
(904, 212.48637223243713, -526110.0, -74619.0)
(905, 212.86609959602356, -526110.0, -74619.0)
(906, 213.2977602481842, -526110.0, -74619.0)
(907, 213.66258025169373, -526110.0, -74619.0)
(908, 214.05550503730774, -526110.0, -74619.0)
(909, 214.45084381103516, -526110.0, -74619.0)
(910, 214.86480736732483, -526110.0, -74619.0)
(911, 215.23230719566345, -526110.0, -74619.0)
(912, 215.60512495040894, -526110.0, -74619.0)
(913, 215.97889375686646, -526110.0, -74619.0)
(914, 216.38482475280762, -526110.0, -74619.0)
(915, 216.89688110351562, -526110.0, -74619.0)
(916, 217.22354555130005, -526110.0, -74619.0)
(917, 217.6064383983612, -526110.0, -74619.0)
(918, 218.0020260810852, -526110.0, -74619.0)
(919, 218.38817381858826, -526110.0, -74619.0)
(920, 218.74621105194092, -526110.0, -74619.0)
(921, 219.11307787895203, -526110.0, -74619.0)
(922, 219.50205492973328, -526110.0, -74619.0)
(923, 219.85930466651917, -526110.0, -74619.0)
(924, 220.27363443374634, -526110.0, -74619.0)
(925, 220.6169445514679, -526110.0, -74619.0)
(926, 220.88035917282104, -526110.0, -74619.0)
(927, 221.15135788917542, -526110.0, -74619.0)
(928, 221.53652381896973, -526110.0, -74619.0)
(929, 221.9771590232849, -526110.0, -74619.0)
(930, 222.34579515457153, -526110.0, -74619.0)
(931, 222.73849725723267, -526110.0, -74619.0)
(932, 223.18987154960632, -526110.0, -74619.0)
(933, 223.55788683891296, -526110.0, -74619.0)
(934, 223.8469524383545, -526110.0, -74619.0)
(935, 224.22782707214355, -526110.0, -74619.0)
(936, 224.61688542366028, -526110.0, -74619.0)
(937, 225.02355933189392, -526110.0, -74619.0)
(938, 225.39684963226318, -526110.0, -74619.0)
(939, 225.68755793571472, -526110.0, -74619.0)
(940, 226.0541799068451, -526110.0, -74619.0)
(941, 226.33336687088013, -526110.0, -74619.0)
(942, 226.63135933876038, -526110.0, -74619.0)
(943, 227.00459170341492, -526110.0, -74619.0)
(944, 227.41115498542786, -526110.0, -74619.0)
(945, 227.70564198493958, -526110.0, -74619.0)
(946, 228.1081109046936, -526110.0, -74619.0)
(947, 228.52734756469727, -526110.0, -74619.0)
(948, 228.81402444839478, -526110.0, -74619.0)
(949, 229.21244549751282, -526110.0, -74619.0)
(950, 229.70941400527954, -526110.0, -74619.0)
(951, 230.00532364845276, -526110.0, -74619.0)
(952, 230.27370190620422, -526110.0, -74619.0)
(953, 230.54360628128052, -526110.0, -74619.0)
(954, 230.8312702178955, -526110.0, -74619.0)
(955, 231.10247206687927, -526110.0, -74619.0)
(956, 231.447448015213, -526110.0, -74619.0)
(957, 231.8154571056366, -526110.0, -74619.0)
(958, 232.18693566322327, -526110.0, -74619.0)
(959, 232.46574902534485, -526110.0, -74619.0)
(960, 232.75313472747803, -526110.0, -74619.0)
(961, 233.10847854614258, -526110.0, -74619.0)
(962, 233.38577795028687, -526110.0, -74619.0)
(963, 233.7714660167694, -526110.0, -74619.0)
(964, 234.17400550842285, -526110.0, -74619.0)
(965, 234.60974311828613, -526110.0, -74619.0)
(966, 235.09783458709717, -526110.0, -74619.0)
(967, 235.48541116714478, -526110.0, -74619.0)
(968, 235.97835040092468, -526110.0, -74619.0)
(969, 236.53469133377075, -526110.0, -74619.0)
(970, 236.87012910842896, -526110.0, -74619.0)
(971, 237.19410634040833, -526110.0, -74619.0)
(972, 237.4917140007019, -526110.0, -74619.0)
(973, 237.79294180870056, -526110.0, -74619.0)
(974, 238.0917465686798, -526110.0, -74619.0)
(975, 238.39806509017944, -526110.0, -74619.0)
(976, 238.81628370285034, -526110.0, -74619.0)
(977, 239.20119524002075, -526110.0, -74619.0)
(978, 239.60880327224731, -526110.0, -74619.0)
(979, 240.08218216896057, -526110.0, -74619.0)
(980, 240.48448586463928, -526110.0, -74619.0)
(981, 240.91223859786987, -526110.0, -74619.0)
(982, 241.45213842391968, -526110.0, -74619.0)
(983, 241.8510558605194, -526110.0, -74619.0)
(984, 242.30107378959656, -526110.0, -74619.0)
(985, 242.67067694664001, -526110.0, -74619.0)
(986, 243.127521276474, -526110.0, -74619.0)
(987, 243.4951047897339, -526110.0, -74619.0)
(988, 243.8189914226532, -526110.0, -74619.0)
(989, 244.11873197555542, -526110.0, -74619.0)
(990, 244.56118822097778, -526110.0, -74619.0)
(991, 245.0024003982544, -526110.0, -74619.0)
(992, 245.30623030662537, -526110.0, -74619.0)
(993, 245.68150639533997, -526110.0, -74619.0)
(994, 246.13363790512085, -526110.0, -74619.0)
(995, 246.48316144943237, -526110.0, -74619.0)
(996, 246.9179356098175, -526110.0, -74619.0)
(997, 247.3261365890503, -526110.0, -74619.0)
(998, 247.76307201385498, -526110.0, -74619.0)
(999, 248.05992102622986, -526110.0, -74619.0)
(1000, 248.53993701934814, -526110.0, -74619.0)
