(1, 0.23609089851379395, -286778.0, -87482.0)
(2, 0.5104479789733887, -203214.19772928994, -87482.0)
(3, 0.7704625129699707, -201569.27646294204, -87482.0)
(4, 1.0439231395721436, -201569.27646294204, -87482.0)
(5, 1.316572904586792, -201569.27646294204, -87482.0)
(6, 1.5609776973724365, -201569.27646294204, -87482.0)
(7, 1.8049726486206055, -201569.27646294204, -87482.0)
(8, 2.0427513122558594, -201569.27646294204, -87482.0)
(9, 2.271176815032959, -201569.27646294204, -87482.0)
(10, 2.512977361679077, -201569.27646294204, -87482.0)
(11, 2.7205984592437744, -201569.27646294204, -87482.0)
(12, 2.9216904640197754, -201569.27646294204, -87482.0)
(13, 3.1269373893737793, -201569.27646294204, -87482.0)
(14, 3.328767776489258, -201569.27646294204, -87482.0)
(15, 3.514698028564453, -201569.27646294204, -87482.0)
(16, 3.732534885406494, -201569.27646294204, -87482.0)
(17, 3.945106267929077, -201569.27646294204, -87482.0)
(18, 4.165420055389404, -201569.27646294204, -87482.0)
(19, 4.4147632122039795, -199322.10632118737, -87482.0)
(20, 4.678519010543823, -177550.34767118355, -87482.0)
(21, 5.005483150482178, -158519.71774329455, -87482.0)
(22, 5.337174654006958, -133265.44201048298, -87482.0)
(23, 5.6917243003845215, -117929.90368498948, -87482.0)
(24, 6.102064609527588, -113616.42801340921, -87482.0)
(25, 6.5363781452178955, -111768.48051790183, -87482.0)
(26, 6.960822820663452, -104964.3964455044, -96496.23809452061)
(27, 7.388594627380371, -102906.21596561502, -96564.09652112942)
(28, 7.857716083526611, -102617.65447098431, -96591.50847249618)
(29, 8.313594102859497, -100996.80391984127, -96624.84944716938)
(30, 8.81467580795288, -100996.80391984127, -96641.27006568102)
(31, 9.299124956130981, -100044.70801096156, -96697.54915725996)
(32, 9.807916641235352, -100044.70801096156, -96728.28768973866)
(33, 10.326363563537598, -99059.81482737297, -96778.59615540483)
(34, 10.883802652359009, -99059.81482737297, -96782.22546827351)
(35, 11.434882640838623, -98201.22309621444, -96791.68748943959)
(36, 11.977277994155884, -98201.22309621444, -96795.69122397428)
(37, 12.554331302642822, -97760.43976995094, -96797.95345221204)
(38, 13.162729740142822, -97621.15871730851, -96801.69724334741)
(39, 13.794133186340332, -97338.58057497516, -96803.3307191336)
(40, 14.454568147659302, -97191.60600311724, -96803.46296480362)
(41, 15.135213136672974, -97078.37239520784, -96804.51846587405)
(42, 15.863345384597778, -97047.09455476904, -96805.47879782076)
(43, 16.583879232406616, -96984.47881357389, -96807.17976353479)
(44, 17.374240398406982, -96984.47881357389, -96807.74736295805)
(45, 18.19002366065979, -96922.16633635636, -96808.3596407357)
(46, 19.053470849990845, -96922.16633635636, -96808.87472526064)
(47, 19.906083822250366, -96922.15800641023, -96813.63047838096)
(48, 20.698641777038574, -96873.58797881808, -96814.51396289653)
(49, 21.640822410583496, -96873.58797881808, -96815.19747633551)
(50, 22.479342699050903, -96851.91307348701, -96816.53965501468)
(51, 23.3534893989563, -96827.50358916016, -96817.0423815817)
(52, 24.325382947921753, -96827.50358916016, -96817.16256684443)
(53, 25.11375141143799, -96821.13449138084, -96818.40487804875)
(54, 25.895297288894653, -96821.13449138084, -96818.40487804884)
(55, 26.856337547302246, -96821.13449138084, -96818.78079710146)
(56, 27.89269733428955, -96821.13449138084, -96818.78079710137)
(57, 28.820239782333374, -96820.94830207499, -96818.78079710147)
(58, 29.9089777469635, -96820.01972389837, -96818.78079710144)
(59, 30.77716612815857, -96819.15247514124, -96818.78079710146)
(60, 31.56528949737549, -96818.89230050753, -96818.7807971015)
(61, 32.390464782714844, -96818.81424812318, -96818.78079710146)
(62, 33.23512291908264, -96818.79083240785, -96818.78079710148)
