(1, 0.19927763938903809, -1127570.0, -72456.0)
(2, 0.4112231731414795, -830972.5484226206, -72456.0)
(3, 0.660698413848877, -706489.3620125897, -72456.0)
(4, 0.9462709426879883, -545354.5996476113, -72456.0)
(5, 1.2808599472045898, -356439.86018900335, -72456.0)
(6, 1.6564431190490723, -230821.85592775675, -72456.0)
(7, 2.1109492778778076, -177589.63897101476, -72456.0)
(8, 2.5932412147521973, -177589.63897101476, -72456.0)
(9, 3.240281581878662, -134488.32414021698, -94526.4941425813)
(10, 4.13324761390686, -113059.45786457972, -94552.90849533529)
(11, 5.231142282485962, -103650.9210725969, -94595.9681825933)
(12, 6.8358314037323, -101831.18304686037, -94661.28506833778)
(13, 8.639997243881226, -99051.59689282937, -94707.22772400496)
(14, 9.374784708023071, -97556.30904568611, -94721.85638408402)
(15, 10.158808708190918, -96466.64774259432, -94755.92570913977)
(16, 11.051488399505615, -95458.05854183585, -94787.87383938397)
(17, 12.027698278427124, -95398.38885664524, -94812.80383938682)
(18, 13.059218168258667, -95005.5075319456, -94837.12975057194)
(19, 14.231523513793945, -94888.56550160302, -94838.44748858447)
(20, 15.460199356079102, -94853.48289250697, -94838.44748858454)
(21, 16.769354343414307, -94842.95810976604, -94838.44748858444)
(22, 18.1200168132782, -94839.80067493895, -94838.4474885845)
(23, 19.52762508392334, -94838.85344449063, -94838.44748858447)
(24, 20.928228855133057, -94838.56927535708, -94838.44748858448)
(25, 22.47390651702881, -94838.48402461724, -94838.44748858448)
(26, 24.08289885520935, -94838.45807840461, -94838.44748858445)
