(1, 0.013467788696289062, -84447.0, -13161.0)
(2, 0.027123689651489258, -64259.515574358156, -13161.0)
(3, 0.042406558990478516, -46029.22993140695, -13161.0)
(4, 0.057094573974609375, -33415.443129866624, -13161.0)
(5, 0.07498311996459961, -27014.601901439026, -13161.0)
(6, 0.09325385093688965, -23204.165247447854, -13161.0)
(7, 0.11507916450500488, -20120.40546543952, -16207.966666666667)
(8, 0.13966751098632812, -17928.90298806841, -16241.981132075472)
(9, 0.16849112510681152, -17027.544294394007, -16249.380952380954)
(10, 0.2002582550048828, -16639.772347242866, -16256.849056603776)
(11, 0.23184871673583984, -16430.31605576331, -16260.5)
(12, 0.2657597064971924, -16370.354056571074, -16263.999999999998)
(13, 0.3013482093811035, -16307.67705075145, -16276.090909090906)
(14, 0.33648085594177246, -16286.337730610023, -16277.192307692309)
(15, 0.37232184410095215, -16286.337730610023, -16277.192307692307)
(16, 0.4105563163757324, -16281.63881918236, -16279.625)
(17, 0.44806766510009766, -16281.63881918236, -16279.625)
(18, 0.4878232479095459, -16281.63881918236, -16279.666666666668)
(19, 0.5286743640899658, -16280.364373005594, -16279.818181818184)
(20, 0.5656571388244629, -16279.9820391744, -16279.818181818184)
(21, 0.6032519340515137, -16279.867339024397, -16279.81818181818)
(22, 0.6418566703796387, -16279.832928980046, -16279.818181818184)
(23, 0.6801252365112305, -16279.822605965037, -16279.81818181818)
