(1, 0.024085521697998047, -100445.0, -29489.0)
(2, 0.04712939262390137, -100445.0, -29489.0)
(3, 0.07031583786010742, -100445.0, -29489.0)
(4, 0.09438562393188477, -100445.0, -29489.0)
(5, 0.1182405948638916, -100445.0, -29489.0)
(6, 0.1418006420135498, -100445.0, -29489.0)
(7, 0.16550159454345703, -100445.0, -29489.0)
(8, 0.18906259536743164, -100445.0, -29489.0)
(9, 0.21273088455200195, -100445.0, -29489.0)
(10, 0.23602962493896484, -100445.0, -29489.0)
(11, 0.25997018814086914, -100445.0, -29489.0)
(12, 0.28391170501708984, -100445.0, -29489.0)
(13, 0.30747532844543457, -100445.0, -29489.0)
(14, 0.33129048347473145, -100445.0, -29489.0)
(15, 0.3547530174255371, -100445.0, -29489.0)
(16, 0.3780341148376465, -100445.0, -29489.0)
(17, 0.4005098342895508, -100445.0, -29489.0)
(18, 0.4233052730560303, -100445.0, -29489.0)
(19, 0.44696974754333496, -100445.0, -29489.0)
(20, 0.4696965217590332, -100445.0, -29489.0)
(21, 0.49311232566833496, -100445.0, -29489.0)
(22, 0.5167059898376465, -100445.0, -29489.0)
(23, 0.5411195755004883, -100445.0, -29489.0)
(24, 0.5655686855316162, -100445.0, -29489.0)
(25, 0.5893239974975586, -100445.0, -29489.0)
(26, 0.6132378578186035, -100445.0, -29489.0)
(27, 0.6381285190582275, -100445.0, -29489.0)
(28, 0.6625711917877197, -100445.0, -29489.0)
(29, 0.6875975131988525, -100445.0, -29489.0)
(30, 0.7115497589111328, -100445.0, -29489.0)
(31, 0.7360167503356934, -100445.0, -29489.0)
(32, 0.7598035335540771, -100445.0, -29489.0)
(33, 0.7834560871124268, -100445.0, -29489.0)
(34, 0.8079946041107178, -100445.0, -29489.0)
(35, 0.832289457321167, -100445.0, -29489.0)
(36, 0.856395959854126, -100445.0, -29489.0)
(37, 0.8802413940429688, -100445.0, -29489.0)
(38, 0.9061729907989502, -100445.0, -29489.0)
(39, 0.9300103187561035, -100445.0, -29489.0)
(40, 0.9542875289916992, -100445.0, -29489.0)
(41, 0.9785842895507812, -100445.0, -29489.0)
(42, 1.003399133682251, -100445.0, -29489.0)
(43, 1.027669906616211, -100445.0, -29489.0)
(44, 1.052558422088623, -100445.0, -29489.0)
(45, 1.0774693489074707, -100445.0, -29489.0)
(46, 1.1029462814331055, -100445.0, -29489.0)
(47, 1.128141164779663, -100445.0, -29489.0)
(48, 1.1536190509796143, -100445.0, -29489.0)
(49, 1.1800990104675293, -100445.0, -29489.0)
(50, 1.2072279453277588, -100445.0, -29489.0)
(51, 1.235863447189331, -90197.66527777779, -29489.0)
(52, 1.2629811763763428, -90197.66527777779, -29489.0)
(53, 1.2898383140563965, -90197.66527777779, -29489.0)
(54, 1.3160686492919922, -90197.66527777779, -29489.0)
(55, 1.341432809829712, -90197.66527777779, -29489.0)
(56, 1.3660426139831543, -90197.66527777779, -29489.0)
(57, 1.389953851699829, -90197.66527777779, -29489.0)
(58, 1.4137537479400635, -90197.66527777779, -29489.0)
(59, 1.4394104480743408, -90197.66527777779, -29489.0)
(60, 1.4648537635803223, -90197.66527777779, -29489.0)
(61, 1.4900381565093994, -90197.66527777779, -29489.0)
(62, 1.5153248310089111, -90197.66527777779, -29489.0)
(63, 1.5415618419647217, -90197.66527777779, -29489.0)
(64, 1.566253423690796, -90197.66527777779, -29489.0)
(65, 1.5918569564819336, -90197.66527777779, -29489.0)
(66, 1.6172261238098145, -90197.66527777779, -29489.0)
(67, 1.642324447631836, -90197.66527777779, -29489.0)
(68, 1.668431282043457, -90197.66527777779, -29489.0)
(69, 1.6953213214874268, -90197.66527777779, -29489.0)
(70, 1.7216343879699707, -90197.66527777779, -29489.0)
(71, 1.7500946521759033, -90197.66527777779, -29489.0)
(72, 1.7778761386871338, -90197.66527777779, -29489.0)
(73, 1.807816982269287, -90197.66527777779, -29489.0)
(74, 1.8361597061157227, -90197.66527777779, -29489.0)
(75, 1.8673357963562012, -90197.66527777779, -29489.0)
(76, 1.8959746360778809, -90197.66527777779, -29489.0)
(77, 1.9231116771697998, -90197.66527777779, -29489.0)
(78, 1.951573133468628, -90197.66527777779, -29489.0)
(79, 1.9777312278747559, -90197.66527777779, -29489.0)
(80, 2.0036957263946533, -90197.66527777779, -29489.0)
(81, 2.0302627086639404, -90197.66527777779, -29489.0)
(82, 2.0603582859039307, -90197.66527777779, -29489.0)
(83, 2.090536594390869, -90197.66527777779, -29489.0)
(84, 2.1180639266967773, -90197.66527777779, -29489.0)
(85, 2.148228406906128, -90197.66527777779, -29489.0)
(86, 2.177469491958618, -90197.66527777779, -29489.0)
(87, 2.205087900161743, -90197.66527777779, -29489.0)
(88, 2.232708215713501, -90197.66527777779, -29489.0)
(89, 2.2628793716430664, -90197.66527777779, -29489.0)
(90, 2.2928335666656494, -90197.66527777779, -29489.0)
(91, 2.322742462158203, -90197.66527777779, -29489.0)
(92, 2.3536434173583984, -90197.66527777779, -29489.0)
(93, 2.3801746368408203, -90197.66527777779, -29489.0)
(94, 2.409266710281372, -90197.66527777779, -29489.0)
(95, 2.437645673751831, -90197.66527777779, -29489.0)
(96, 2.464301109313965, -90197.66527777779, -29489.0)
(97, 2.493699312210083, -90197.66527777779, -29489.0)
(98, 2.520984172821045, -90197.66527777779, -29489.0)
(99, 2.5485973358154297, -90197.66527777779, -29489.0)
(100, 2.574542760848999, -90197.66527777779, -29489.0)
(101, 2.601548433303833, -90197.66527777779, -29489.0)
(102, 2.628432273864746, -90197.66527777779, -29489.0)
(103, 2.6546554565429688, -90197.66527777779, -29489.0)
(104, 2.6803016662597656, -90197.66527777779, -29489.0)
(105, 2.7058064937591553, -90197.66527777779, -29489.0)
(106, 2.7325103282928467, -90197.66527777779, -29489.0)
(107, 2.7585091590881348, -90197.66527777779, -29489.0)
(108, 2.786355972290039, -90197.66527777779, -29489.0)
(109, 2.814018487930298, -90197.66527777779, -29489.0)
(110, 2.84134840965271, -90197.66527777779, -29489.0)
(111, 2.8688809871673584, -90197.66527777779, -29489.0)
(112, 2.8953845500946045, -90197.66527777779, -29489.0)
(113, 2.9220359325408936, -90197.66527777779, -29489.0)
(114, 2.9558467864990234, -90197.66527777779, -29489.0)
(115, 2.9908854961395264, -90197.66527777779, -29489.0)
(116, 3.0236551761627197, -90197.66527777779, -29489.0)
(117, 3.0566108226776123, -90197.66527777779, -29489.0)
(118, 3.08795428276062, -90197.66527777779, -29489.0)
(119, 3.1168105602264404, -90197.66527777779, -29489.0)
(120, 3.1430113315582275, -90197.66527777779, -29489.0)
(121, 3.169618844985962, -90197.66527777779, -29489.0)
(122, 3.1963694095611572, -90197.66527777779, -29489.0)
(123, 3.2231221199035645, -90197.66527777779, -29489.0)
(124, 3.25244140625, -90197.66527777779, -29489.0)
(125, 3.2818946838378906, -90197.66527777779, -29489.0)
(126, 3.3078420162200928, -90197.66527777779, -29489.0)
(127, 3.337066173553467, -90197.66527777779, -29489.0)
(128, 3.365199089050293, -90197.66527777779, -29489.0)
(129, 3.392094135284424, -90197.66527777779, -29489.0)
(130, 3.4217021465301514, -90197.66527777779, -29489.0)
(131, 3.4526941776275635, -90197.66527777779, -29489.0)
(132, 3.494934320449829, -90197.66527777779, -29489.0)
(133, 3.5292439460754395, -90197.66527777779, -29489.0)
(134, 3.565258741378784, -90197.66527777779, -29489.0)
(135, 3.5997631549835205, -90197.66527777779, -29489.0)
(136, 3.6304943561553955, -90197.66527777779, -29489.0)
(137, 3.6675915718078613, -90197.66527777779, -29489.0)
(138, 3.7039458751678467, -90197.66527777779, -29489.0)
(139, 3.739724636077881, -90197.66527777779, -29489.0)
(140, 3.774134874343872, -90197.66527777779, -29489.0)
(141, 3.804129123687744, -90197.66527777779, -29489.0)
(142, 3.8364040851593018, -90197.66527777779, -29489.0)
(143, 3.8662540912628174, -90197.66527777779, -29489.0)
(144, 3.897982358932495, -90197.66527777779, -29489.0)
(145, 3.9294276237487793, -90197.66527777779, -29489.0)
(146, 3.96113920211792, -90197.66527777779, -29489.0)
(147, 4.0031397342681885, -87838.5809194266, -29489.0)
(148, 4.041919946670532, -87838.5809194266, -29489.0)
(149, 4.078495025634766, -87838.5809194266, -29489.0)
(150, 4.11521577835083, -87838.5809194266, -29489.0)
(151, 4.152079105377197, -87838.5809194266, -29489.0)
(152, 4.195063591003418, -87838.5809194266, -29489.0)
(153, 4.233134031295776, -87838.5809194266, -29489.0)
(154, 4.273071765899658, -87838.5809194266, -29489.0)
(155, 4.312727451324463, -87838.5809194266, -29489.0)
(156, 4.348287343978882, -87838.5809194266, -29489.0)
(157, 4.380828857421875, -87838.5809194266, -29489.0)
(158, 4.417161703109741, -87838.5809194266, -29489.0)
(159, 4.455333471298218, -87838.5809194266, -29489.0)
(160, 4.4884033203125, -87838.5809194266, -29489.0)
(161, 4.5341620445251465, -87838.5809194266, -29489.0)
(162, 4.578309535980225, -87838.5809194266, -29489.0)
(163, 4.6153130531311035, -87838.5809194266, -29489.0)
(164, 4.6682288646698, -87838.5809194266, -29489.0)
(165, 4.714400053024292, -87838.5809194266, -29489.0)
(166, 4.764811277389526, -87838.5809194266, -29489.0)
(167, 4.8112382888793945, -87838.5809194266, -29489.0)
(168, 4.858872890472412, -87838.5809194266, -29489.0)
(169, 4.900348901748657, -87838.5809194266, -29489.0)
(170, 4.939058542251587, -87838.5809194266, -29489.0)
(171, 4.9740400314331055, -87838.5809194266, -29489.0)
(172, 5.009653091430664, -87838.5809194266, -29489.0)
(173, 5.044311761856079, -87838.5809194266, -29489.0)
(174, 5.080789804458618, -87838.5809194266, -29489.0)
(175, 5.117759704589844, -87838.5809194266, -29489.0)
(176, 5.14875054359436, -87838.5809194266, -29489.0)
(177, 5.180146932601929, -87838.5809194266, -29489.0)
(178, 5.209739685058594, -87838.5809194266, -29489.0)
(179, 5.239351749420166, -87838.5809194266, -29489.0)
(180, 5.268297433853149, -87838.5809194266, -29489.0)
(181, 5.297641754150391, -87838.5809194266, -29489.0)
(182, 5.32490873336792, -87838.5809194266, -29489.0)
(183, 5.35345983505249, -87838.5809194266, -29489.0)
(184, 5.383954286575317, -87838.5809194266, -29489.0)
(185, 5.413372755050659, -87838.5809194266, -29489.0)
(186, 5.442682266235352, -87838.5809194266, -29489.0)
(187, 5.473263502120972, -87838.5809194266, -29489.0)
(188, 5.50320291519165, -87838.5809194266, -29489.0)
(189, 5.537760019302368, -87838.5809194266, -29489.0)
(190, 5.568089008331299, -87838.5809194266, -29489.0)
(191, 5.602831125259399, -87838.5809194266, -29489.0)
(192, 5.635643482208252, -87838.5809194266, -29489.0)
(193, 5.682545900344849, -87838.5809194266, -29489.0)
(194, 5.73189377784729, -87838.5809194266, -29489.0)
(195, 5.780181646347046, -87838.5809194266, -29489.0)
(196, 5.821718215942383, -87838.5809194266, -29489.0)
(197, 5.885661602020264, -87838.5809194266, -29489.0)
(198, 5.930448770523071, -87838.5809194266, -29489.0)
(199, 5.9872658252716064, -87838.5809194266, -29489.0)
(200, 6.044448375701904, -87838.5809194266, -29489.0)
(201, 6.091676712036133, -87838.5809194266, -29489.0)
(202, 6.139204263687134, -87838.5809194266, -29489.0)
(203, 6.184230327606201, -87838.5809194266, -29489.0)
(204, 6.227631092071533, -87838.5809194266, -29489.0)
(205, 6.265566110610962, -87838.5809194266, -29489.0)
(206, 6.308361530303955, -87838.5809194266, -29489.0)
(207, 6.346529006958008, -87838.5809194266, -29489.0)
(208, 6.377353191375732, -87838.5809194266, -29489.0)
(209, 6.413447856903076, -87838.5809194266, -29489.0)
(210, 6.4428277015686035, -87838.5809194266, -29489.0)
(211, 6.474027395248413, -87838.5809194266, -29489.0)
(212, 6.505483388900757, -87838.5809194266, -29489.0)
(213, 6.554518938064575, -87838.5809194266, -29489.0)
(214, 6.5981597900390625, -87838.5809194266, -29489.0)
(215, 6.640699148178101, -87838.5809194266, -29489.0)
(216, 6.683841943740845, -87838.5809194266, -29489.0)
(217, 6.727979898452759, -87838.5809194266, -29489.0)
(218, 6.786493301391602, -87838.5809194266, -29489.0)
(219, 6.852682113647461, -87838.5809194266, -29489.0)
(220, 6.9136762619018555, -87838.5809194266, -29489.0)
(221, 6.962839126586914, -87838.5809194266, -29489.0)
(222, 7.015444993972778, -87838.5809194266, -29489.0)
(223, 7.066519021987915, -87838.5809194266, -29489.0)
(224, 7.107627868652344, -87838.5809194266, -29489.0)
(225, 7.146465539932251, -87838.5809194266, -29489.0)
(226, 7.185210227966309, -87838.5809194266, -29489.0)
(227, 7.221282720565796, -87838.5809194266, -29489.0)
(228, 7.257181882858276, -87838.5809194266, -29489.0)
(229, 7.29965877532959, -87838.5809194266, -29489.0)
(230, 7.341534852981567, -87838.5809194266, -29489.0)
(231, 7.375738620758057, -87838.5809194266, -29489.0)
(232, 7.40894627571106, -87838.5809194266, -29489.0)
(233, 7.450050354003906, -87838.5809194266, -29489.0)
(234, 7.4852001667022705, -87838.5809194266, -29489.0)
(235, 7.521865606307983, -87838.5809194266, -29489.0)
(236, 7.568187236785889, -87838.5809194266, -29489.0)
(237, 7.61696195602417, -87838.5809194266, -29489.0)
(238, 7.659487009048462, -87838.5809194266, -29489.0)
(239, 7.704024314880371, -87838.5809194266, -29489.0)
(240, 7.746160268783569, -87838.5809194266, -29489.0)
(241, 7.787344217300415, -87838.5809194266, -29489.0)
(242, 7.823270082473755, -87838.5809194266, -29489.0)
(243, 7.864254951477051, -87838.5809194266, -29489.0)
(244, 7.91142201423645, -87838.5809194266, -29489.0)
(245, 7.961715459823608, -87838.5809194266, -29489.0)
(246, 8.008380651473999, -87838.5809194266, -29489.0)
(247, 8.056133270263672, -87838.5809194266, -29489.0)
(248, 8.103748798370361, -87838.5809194266, -29489.0)
(249, 8.15558385848999, -87838.5809194266, -29489.0)
(250, 8.19652509689331, -87838.5809194266, -29489.0)
(251, 8.233949184417725, -87838.5809194266, -29489.0)
(252, 8.269028663635254, -87838.5809194266, -29489.0)
(253, 8.303079843521118, -87838.5809194266, -29489.0)
(254, 8.338666677474976, -87838.5809194266, -29489.0)
(255, 8.374555110931396, -87838.5809194266, -29489.0)
(256, 8.407914161682129, -87838.5809194266, -29489.0)
(257, 8.449038028717041, -87838.5809194266, -29489.0)
(258, 8.492152214050293, -87838.5809194266, -29489.0)
(259, 8.53931975364685, -87838.5809194266, -29489.0)
(260, 8.575897693634033, -87838.5809194266, -29489.0)
(261, 8.617700099945068, -87838.5809194266, -29489.0)
(262, 8.661723375320435, -87838.5809194266, -29489.0)
(263, 8.699674129486084, -87838.5809194266, -29489.0)
(264, 8.742904424667358, -87838.5809194266, -29489.0)
(265, 8.778752088546753, -87838.5809194266, -29489.0)
(266, 8.82695460319519, -87838.5809194266, -29489.0)
(267, 8.872323751449585, -87838.5809194266, -29489.0)
(268, 8.949846982955933, -87838.5809194266, -29489.0)
(269, 9.02399206161499, -85721.94690635451, -29489.0)
(270, 9.081248998641968, -85721.94690635451, -29489.0)
(271, 9.13268518447876, -85721.94690635451, -29489.0)
(272, 9.20744776725769, -85721.94690635451, -29489.0)
(273, 9.276950359344482, -84900.81743200283, -29489.0)
(274, 9.338071584701538, -84900.81743200283, -29489.0)
(275, 9.40323281288147, -84900.81743200283, -29489.0)
(276, 9.450523614883423, -84900.81743200283, -29489.0)
(277, 9.498445510864258, -84900.81743200283, -29489.0)
(278, 9.537133693695068, -84900.81743200283, -29489.0)
(279, 9.589270830154419, -84900.81743200283, -29489.0)
(280, 9.638531923294067, -84900.81743200283, -29489.0)
(281, 9.685482740402222, -84900.81743200283, -29489.0)
(282, 9.732324123382568, -84900.81743200283, -29489.0)
(283, 9.784999132156372, -84900.81743200283, -29489.0)
(284, 9.832310199737549, -84900.81743200283, -29489.0)
(285, 9.883530855178833, -84900.81743200283, -29489.0)
(286, 9.928503036499023, -84900.81743200283, -29489.0)
(287, 9.983079433441162, -84900.81743200283, -29489.0)
(288, 10.030056715011597, -84900.81743200283, -29489.0)
(289, 10.06749701499939, -84900.81743200283, -29489.0)
(290, 10.117658376693726, -84900.81743200283, -29489.0)
(291, 10.178723096847534, -84900.81743200283, -29489.0)
(292, 10.24729037284851, -84900.81743200283, -29489.0)
(293, 10.31612229347229, -84900.81743200283, -29489.0)
(294, 10.397867918014526, -84900.81743200283, -29489.0)
(295, 10.47374176979065, -84900.81743200283, -29489.0)
(296, 10.547637224197388, -84900.81743200283, -29489.0)
(297, 10.619177103042603, -84900.81743200283, -29489.0)
(298, 10.687494277954102, -84900.81743200283, -29489.0)
(299, 10.761155128479004, -84900.81743200283, -29489.0)
(300, 10.818085432052612, -84900.81743200283, -29489.0)
(301, 10.872315406799316, -84900.81743200283, -29489.0)
(302, 10.922042846679688, -84900.81743200283, -29489.0)
(303, 10.969300508499146, -84900.81743200283, -29489.0)
(304, 11.018646717071533, -84900.81743200283, -29489.0)
(305, 11.066007137298584, -84900.81743200283, -29489.0)
(306, 11.112524032592773, -84900.81743200283, -29489.0)
(307, 11.16191053390503, -84900.81743200283, -29489.0)
(308, 11.205284595489502, -84900.81743200283, -29489.0)
(309, 11.253860235214233, -84900.81743200283, -29489.0)
(310, 11.30651068687439, -84900.81743200283, -29489.0)
(311, 11.360032558441162, -84900.81743200283, -29489.0)
(312, 11.405800819396973, -84900.81743200283, -29489.0)
(313, 11.47170615196228, -84900.81743200283, -29489.0)
(314, 11.536129236221313, -84900.81743200283, -29489.0)
(315, 11.609056949615479, -84900.81743200283, -29489.0)
(316, 11.689307451248169, -84900.81743200283, -29489.0)
(317, 11.765605926513672, -84900.81743200283, -29489.0)
(318, 11.83349609375, -84900.81743200283, -29489.0)
(319, 11.917418003082275, -84900.81743200283, -29489.0)
(320, 12.007839679718018, -84900.81743200283, -29489.0)
(321, 12.099860429763794, -84900.81743200283, -29489.0)
(322, 12.181684732437134, -84900.81743200283, -29489.0)
(323, 12.268297672271729, -84900.81743200283, -29489.0)
(324, 12.352927207946777, -84900.81743200283, -29489.0)
(325, 12.440393447875977, -84900.81743200283, -29489.0)
(326, 12.518323421478271, -84900.81743200283, -29489.0)
(327, 12.590959072113037, -84900.81743200283, -29489.0)
(328, 12.659321308135986, -84900.81743200283, -29489.0)
(329, 12.734503507614136, -84900.81743200283, -29489.0)
(330, 12.816072463989258, -84900.81743200283, -29489.0)
(331, 12.881927967071533, -84900.81743200283, -29489.0)
(332, 12.95242428779602, -84900.81743200283, -29489.0)
(333, 13.01225733757019, -84900.81743200283, -29489.0)
(334, 13.072799682617188, -84900.81743200283, -29489.0)
(335, 13.135762453079224, -84900.81743200283, -29489.0)
(336, 13.193253993988037, -84900.81743200283, -29489.0)
(337, 13.246485710144043, -84900.81743200283, -29489.0)
(338, 13.314715385437012, -84900.81743200283, -29489.0)
(339, 13.377888441085815, -84900.81743200283, -29489.0)
(340, 13.435366153717041, -84900.81743200283, -29489.0)
(341, 13.483016967773438, -84900.81743200283, -29489.0)
(342, 13.538084506988525, -84900.81743200283, -29489.0)
(343, 13.599621772766113, -84900.81743200283, -29489.0)
(344, 13.663484811782837, -84900.81743200283, -29489.0)
(345, 13.738287448883057, -84900.81743200283, -29489.0)
(346, 13.84365177154541, -84900.81743200283, -29489.0)
(347, 13.946056365966797, -84900.81743200283, -29489.0)
(348, 14.036267042160034, -84900.81743200283, -29489.0)
(349, 14.120771646499634, -84900.81743200283, -29489.0)
(350, 14.214763641357422, -84900.81743200283, -29489.0)
(351, 14.306596040725708, -84900.81743200283, -29489.0)
(352, 14.39635443687439, -84900.81743200283, -29489.0)
(353, 14.480643033981323, -84900.81743200283, -29489.0)
(354, 14.57133936882019, -84900.81743200283, -29489.0)
(355, 14.661579608917236, -84900.81743200283, -29489.0)
(356, 14.757951259613037, -84900.81743200283, -29489.0)
(357, 14.825877904891968, -84900.81743200283, -29489.0)
(358, 14.925952434539795, -84900.81743200283, -29489.0)
(359, 15.047678470611572, -84900.81743200283, -29489.0)
(360, 15.195451736450195, -84900.81743200283, -29489.0)
(361, 15.313251733779907, -84900.81743200283, -29489.0)
(362, 15.494510650634766, -75798.16897912466, -29489.0)
(363, 15.648265600204468, -74680.53366200643, -29489.0)
(364, 15.806492805480957, -74680.53366200643, -29489.0)
(365, 16.06994867324829, -37881.87224532549, -29489.0)
(366, 16.26049041748047, -33584.51896662223, -33124.01424106135)
(367, 16.33955192565918, -33393.70928598124, -33140.36125352174)
(368, 16.434697151184082, -33294.93419435127, -33153.89601813633)
(369, 16.515296936035156, -33254.00973785312, -33159.215451845586)
(370, 16.588903427124023, -33215.80539264799, -33163.89672266554)
(371, 16.652801036834717, -33195.483092778275, -33165.64841269135)
(372, 16.70774507522583, -33195.483092778275, -33166.65527800363)
(373, 16.767420053482056, -33181.402859513364, -33167.67366711175)
(374, 16.815327167510986, -33168.05413533915, -33168.054135338345)
(375, 16.85037612915039, -33168.0541353385, -33168.054135338345)
