(1, 0.05209922790527344, -318169.0, -22665.0)
(2, 0.10839653015136719, -219713.40716310672, -22665.0)
(3, 0.15986108779907227, -116425.59411355543, -22665.0)
(4, 0.23694396018981934, -68989.05404884754, -22665.0)
(5, 0.3166522979736328, -56268.24706501335, -22665.0)
(6, 0.403761625289917, -47306.36784765191, -22665.0)
(7, 0.49996399879455566, -37224.91477080157, -31364.11904761904)
(8, 0.6044766902923584, -33471.229645535044, -31411.398648648646)
(9, 0.7183716297149658, -32079.89665956866, -31417.32183908046)
(10, 0.8340897560119629, -31669.345608935873, -31417.702439024386)
(11, 0.9669663906097412, -31517.706088925523, -31423.0)
(12, 1.0930540561676025, -31473.346185061415, -31426.824193548382)
(13, 1.2190911769866943, -31441.898106225104, -31428.42035815269)
(14, 1.3417260646820068, -31436.369703722805, -31428.42035815268)
(15, 1.4638919830322266, -31431.202782084692, -31428.98838709677)
(16, 1.5870177745819092, -31429.652705593053, -31428.98838709678)
(17, 1.712547779083252, -31429.187682645457, -31428.988387096775)
(18, 1.838494062423706, -31429.04817576138, -31428.988387096764)
(19, 1.962392807006836, -31429.00632369599, -31428.988387096775)
(20, 2.085031509399414, -31428.993768076372, -31428.988387096775)
