(1, 0.14539480209350586, -657374.0, -82709.0)
(2, 0.286945104598999, -657374.0, -82709.0)
(3, 0.4292562007904053, -657374.0, -82709.0)
(4, 0.5728204250335693, -657374.0, -82709.0)
(5, 0.7163412570953369, -657374.0, -82709.0)
(6, 0.8594977855682373, -657374.0, -82709.0)
(7, 1.0038013458251953, -657374.0, -82709.0)
(8, 1.1477339267730713, -657374.0, -82709.0)
(9, 1.292508602142334, -657374.0, -82709.0)
(10, 1.4359943866729736, -657374.0, -82709.0)
(11, 1.5801970958709717, -657374.0, -82709.0)
(12, 1.7249951362609863, -657374.0, -82709.0)
(13, 1.8692994117736816, -657374.0, -82709.0)
(14, 2.0136985778808594, -657374.0, -82709.0)
(15, 2.1580731868743896, -657374.0, -82709.0)
(16, 2.3024966716766357, -657374.0, -82709.0)
(17, 2.4466869831085205, -657374.0, -82709.0)
(18, 2.5922844409942627, -657374.0, -82709.0)
(19, 2.7370331287384033, -657374.0, -82709.0)
(20, 2.8821096420288086, -657374.0, -82709.0)
(21, 3.0262863636016846, -657374.0, -82709.0)
(22, 3.1732945442199707, -657374.0, -82709.0)
(23, 3.3227179050445557, -657374.0, -82709.0)
(24, 3.4702508449554443, -657374.0, -82709.0)
(25, 3.6171822547912598, -657374.0, -82709.0)
(26, 3.764572858810425, -657374.0, -82709.0)
(27, 3.911250591278076, -657374.0, -82709.0)
(28, 4.057014465332031, -657374.0, -82709.0)
(29, 4.205527067184448, -657374.0, -82709.0)
(30, 4.354157447814941, -657374.0, -82709.0)
(31, 4.500926733016968, -657374.0, -82709.0)
(32, 4.650623083114624, -657374.0, -82709.0)
(33, 4.797962665557861, -657374.0, -82709.0)
(34, 4.948155879974365, -657374.0, -82709.0)
(35, 5.094780206680298, -657374.0, -82709.0)
(36, 5.24460244178772, -657374.0, -82709.0)
(37, 5.3941075801849365, -657374.0, -82709.0)
(38, 5.543313264846802, -657374.0, -82709.0)
(39, 5.693102121353149, -657374.0, -82709.0)
(40, 5.847841262817383, -657374.0, -82709.0)
(41, 5.997516632080078, -657374.0, -82709.0)
(42, 6.147321939468384, -657374.0, -82709.0)
(43, 6.29772162437439, -657374.0, -82709.0)
(44, 6.44771933555603, -657374.0, -82709.0)
(45, 6.599544048309326, -657374.0, -82709.0)
(46, 6.749283075332642, -657374.0, -82709.0)
(47, 6.899709701538086, -657374.0, -82709.0)
(48, 7.049504995346069, -657374.0, -82709.0)
(49, 7.200723886489868, -657374.0, -82709.0)
(50, 7.350729703903198, -657374.0, -82709.0)
(51, 7.5006396770477295, -657374.0, -82709.0)
(52, 7.65590238571167, -657374.0, -82709.0)
(53, 7.808901309967041, -657374.0, -82709.0)
(54, 7.961468458175659, -657374.0, -82709.0)
(55, 8.120102643966675, -657374.0, -82709.0)
(56, 8.272671222686768, -657374.0, -82709.0)
(57, 8.42424464225769, -657374.0, -82709.0)
(58, 8.576980590820312, -657374.0, -82709.0)
(59, 8.729138851165771, -657374.0, -82709.0)
(60, 8.882146835327148, -657374.0, -82709.0)
(61, 9.03399395942688, -657374.0, -82709.0)
(62, 9.188265085220337, -657374.0, -82709.0)
(63, 9.342471599578857, -657374.0, -82709.0)
(64, 9.495344638824463, -657374.0, -82709.0)
(65, 9.652379512786865, -657374.0, -82709.0)
(66, 9.813376903533936, -657374.0, -82709.0)
(67, 9.96861743927002, -657374.0, -82709.0)
(68, 10.124102354049683, -657374.0, -82709.0)
(69, 10.28068733215332, -657374.0, -82709.0)
(70, 10.438743114471436, -657374.0, -82709.0)
(71, 10.595241785049438, -657374.0, -82709.0)
(72, 10.752410650253296, -657374.0, -82709.0)
(73, 10.909762859344482, -657374.0, -82709.0)
(74, 11.06606674194336, -657374.0, -82709.0)
(75, 11.221668720245361, -657374.0, -82709.0)
(76, 11.379335880279541, -657374.0, -82709.0)
(77, 11.542482852935791, -657374.0, -82709.0)
(78, 11.703444242477417, -657374.0, -82709.0)
(79, 11.866810321807861, -657374.0, -82709.0)
(80, 12.033504009246826, -657374.0, -82709.0)
(81, 12.201438426971436, -657374.0, -82709.0)
(82, 12.36189866065979, -657374.0, -82709.0)
(83, 12.52112364768982, -657374.0, -82709.0)
(84, 12.6801278591156, -657374.0, -82709.0)
(85, 12.838762044906616, -657374.0, -82709.0)
(86, 12.997663259506226, -657374.0, -82709.0)
(87, 13.155772924423218, -657374.0, -82709.0)
(88, 13.31549334526062, -657374.0, -82709.0)
(89, 13.475721597671509, -657374.0, -82709.0)
(90, 13.6366446018219, -657374.0, -82709.0)
(91, 13.797337293624878, -657374.0, -82709.0)
(92, 13.958457469940186, -657374.0, -82709.0)
(93, 14.119405508041382, -657374.0, -82709.0)
(94, 14.28008770942688, -657374.0, -82709.0)
(95, 14.442554950714111, -657374.0, -82709.0)
(96, 14.602773427963257, -657374.0, -82709.0)
(97, 14.765385627746582, -657374.0, -82709.0)
(98, 14.95597767829895, -657374.0, -82709.0)
(99, 15.121840238571167, -657374.0, -82709.0)
(100, 15.286852359771729, -657374.0, -82709.0)
(101, 15.450555086135864, -657374.0, -82709.0)
(102, 15.614183187484741, -657374.0, -82709.0)
(103, 15.780693292617798, -657374.0, -82709.0)
(104, 15.947015285491943, -657374.0, -82709.0)
(105, 16.11271095275879, -657374.0, -82709.0)
(106, 16.280824899673462, -657374.0, -82709.0)
(107, 16.448650598526, -657374.0, -82709.0)
(108, 16.614527225494385, -657374.0, -82709.0)
(109, 16.782533168792725, -657374.0, -82709.0)
(110, 16.948018789291382, -657374.0, -82709.0)
(111, 17.117514848709106, -657374.0, -82709.0)
(112, 17.28770422935486, -657374.0, -82709.0)
(113, 17.46608304977417, -657374.0, -82709.0)
(114, 17.648836135864258, -657374.0, -82709.0)
(115, 17.833882093429565, -657374.0, -82709.0)
(116, 18.003954648971558, -657374.0, -82709.0)
(117, 18.172971725463867, -657374.0, -82709.0)
(118, 18.341983318328857, -657374.0, -82709.0)
(119, 18.51064968109131, -657374.0, -82709.0)
(120, 18.67834758758545, -657374.0, -82709.0)
(121, 18.846018314361572, -657374.0, -82709.0)
(122, 19.017834424972534, -657374.0, -82709.0)
(123, 19.187570095062256, -657374.0, -82709.0)
(124, 19.356929779052734, -657374.0, -82709.0)
(125, 19.52886438369751, -657374.0, -82709.0)
(126, 19.70051336288452, -657374.0, -82709.0)
(127, 19.876237392425537, -657374.0, -82709.0)
(128, 20.049965620040894, -657374.0, -82709.0)
(129, 20.223430156707764, -657374.0, -82709.0)
(130, 20.41099762916565, -657374.0, -82709.0)
(131, 20.600831508636475, -657374.0, -82709.0)
(132, 20.794904947280884, -657374.0, -82709.0)
(133, 20.969200134277344, -657374.0, -82709.0)
(134, 21.145166397094727, -657374.0, -82709.0)
(135, 21.320111989974976, -657374.0, -82709.0)
(136, 21.49583673477173, -657374.0, -82709.0)
(137, 21.670286417007446, -657374.0, -82709.0)
(138, 21.848021984100342, -657374.0, -82709.0)
(139, 22.026698350906372, -657374.0, -82709.0)
(140, 22.206095457077026, -657374.0, -82709.0)
(141, 22.384745121002197, -657374.0, -82709.0)
(142, 22.56408143043518, -657374.0, -82709.0)
(143, 22.75712823867798, -657374.0, -82709.0)
(144, 22.951061487197876, -657374.0, -82709.0)
(145, 23.14988899230957, -657374.0, -82709.0)
(146, 23.353266716003418, -657374.0, -82709.0)
(147, 23.53535509109497, -657374.0, -82709.0)
(148, 23.71553349494934, -657374.0, -82709.0)
(149, 23.896816968917847, -657374.0, -82709.0)
(150, 24.07817578315735, -657374.0, -82709.0)
(151, 24.25833535194397, -657374.0, -82709.0)
(152, 24.440567016601562, -657374.0, -82709.0)
(153, 24.621594667434692, -657374.0, -82709.0)
(154, 24.821561813354492, -657374.0, -82709.0)
(155, 25.009397983551025, -657374.0, -82709.0)
(156, 25.23780870437622, -657374.0, -82709.0)
(157, 25.455923318862915, -657374.0, -82709.0)
(158, 25.63975238800049, -657374.0, -82709.0)
(159, 25.822000980377197, -657374.0, -82709.0)
(160, 26.00333023071289, -657374.0, -82709.0)
(161, 26.185378313064575, -657374.0, -82709.0)
(162, 26.36770009994507, -657374.0, -82709.0)
(163, 26.547938585281372, -657374.0, -82709.0)
(164, 26.732969522476196, -657374.0, -82709.0)
(165, 26.916091203689575, -657374.0, -82709.0)
(166, 27.103291034698486, -657374.0, -82709.0)
(167, 27.286551237106323, -657374.0, -82709.0)
(168, 27.47126817703247, -657374.0, -82709.0)
(169, 27.656594276428223, -657374.0, -82709.0)
(170, 27.84424066543579, -657374.0, -82709.0)
(171, 28.02774691581726, -657374.0, -82709.0)
(172, 28.21720051765442, -657374.0, -82709.0)
(173, 28.410441160202026, -657374.0, -82709.0)
(174, 28.601759910583496, -657374.0, -82709.0)
(175, 28.793165922164917, -657374.0, -82709.0)
(176, 28.98790168762207, -657374.0, -82709.0)
(177, 29.18006658554077, -657374.0, -82709.0)
(178, 29.37337851524353, -657374.0, -82709.0)
(179, 29.5668363571167, -657374.0, -82709.0)
(180, 29.76593804359436, -657374.0, -82709.0)
(181, 29.984305381774902, -657374.0, -82709.0)
(182, 30.18292784690857, -657374.0, -82709.0)
(183, 30.375343084335327, -657374.0, -82709.0)
(184, 30.56459927558899, -657374.0, -82709.0)
(185, 30.752432346343994, -657374.0, -82709.0)
(186, 30.94332766532898, -657374.0, -82709.0)
(187, 31.141748428344727, -657374.0, -82709.0)
(188, 31.33529543876648, -657374.0, -82709.0)
(189, 31.531716346740723, -657374.0, -82709.0)
(190, 31.724095821380615, -657374.0, -82709.0)
(191, 31.919212341308594, -657374.0, -82709.0)
(192, 32.114813566207886, -657374.0, -82709.0)
(193, 32.31090688705444, -657374.0, -82709.0)
(194, 32.50775718688965, -657374.0, -82709.0)
(195, 32.731908082962036, -657374.0, -82709.0)
(196, 32.93459963798523, -657374.0, -82709.0)
(197, 33.13396143913269, -657374.0, -82709.0)
(198, 33.333285093307495, -657374.0, -82709.0)
(199, 33.540249824523926, -657374.0, -82709.0)
(200, 33.74383020401001, -657374.0, -82709.0)
(201, 33.947169065475464, -657374.0, -82709.0)
(202, 34.177042722702026, -657374.0, -82709.0)
(203, 34.385451793670654, -657374.0, -82709.0)
(204, 34.61454677581787, -657374.0, -82709.0)
(205, 34.851319313049316, -657374.0, -82709.0)
(206, 35.051270484924316, -657374.0, -82709.0)
(207, 35.24905967712402, -657374.0, -82709.0)
(208, 35.45107126235962, -657374.0, -82709.0)
(209, 35.64846134185791, -657374.0, -82709.0)
(210, 35.84925603866577, -657374.0, -82709.0)
(211, 36.059409856796265, -657374.0, -82709.0)
(212, 36.268935203552246, -657374.0, -82709.0)
(213, 36.47855877876282, -657374.0, -82709.0)
(214, 36.68674564361572, -657374.0, -82709.0)
(215, 36.89536166191101, -657374.0, -82709.0)
(216, 37.111002922058105, -657374.0, -82709.0)
(217, 37.3185613155365, -657374.0, -82709.0)
(218, 37.52499580383301, -657374.0, -82709.0)
(219, 37.73615002632141, -657374.0, -82709.0)
(220, 37.951812505722046, -657374.0, -82709.0)
(221, 38.18781566619873, -657374.0, -82709.0)
(222, 38.399847984313965, -657374.0, -82709.0)
(223, 38.62134790420532, -657374.0, -82709.0)
(224, 38.835572957992554, -657374.0, -82709.0)
(225, 39.042961835861206, -657374.0, -82709.0)
(226, 39.24853157997131, -657374.0, -82709.0)
(227, 39.448007106781006, -657374.0, -82709.0)
(228, 39.64920783042908, -657374.0, -82709.0)
(229, 39.85044479370117, -657374.0, -82709.0)
(230, 40.05516767501831, -657374.0, -82709.0)
(231, 40.26465129852295, -657374.0, -82709.0)
(232, 40.469621419906616, -657374.0, -82709.0)
(233, 40.6748161315918, -657374.0, -82709.0)
(234, 40.87986707687378, -657374.0, -82709.0)
(235, 41.08872866630554, -657374.0, -82709.0)
(236, 41.29067254066467, -657374.0, -82709.0)
(237, 41.495168924331665, -657374.0, -82709.0)
(238, 41.70561480522156, -657374.0, -82709.0)
(239, 41.912696838378906, -657374.0, -82709.0)
(240, 42.12045979499817, -657374.0, -82709.0)
(241, 42.33416748046875, -657374.0, -82709.0)
(242, 42.540106534957886, -657374.0, -82709.0)
(243, 42.74990367889404, -657374.0, -82709.0)
(244, 42.96281361579895, -657374.0, -82709.0)
(245, 43.178388833999634, -657374.0, -82709.0)
(246, 43.39374661445618, -657374.0, -82709.0)
(247, 43.615628242492676, -657374.0, -82709.0)
(248, 43.871238231658936, -657374.0, -82709.0)
(249, 44.095834732055664, -657374.0, -82709.0)
(250, 44.33083915710449, -657374.0, -82709.0)
(251, 44.54357957839966, -657374.0, -82709.0)
(252, 44.75932765007019, -657374.0, -82709.0)
(253, 44.97518062591553, -657374.0, -82709.0)
(254, 45.19385814666748, -657374.0, -82709.0)
(255, 45.41336798667908, -657374.0, -82709.0)
(256, 45.63906407356262, -657374.0, -82709.0)
(257, 45.86946892738342, -657374.0, -82709.0)
(258, 46.09601354598999, -657374.0, -82709.0)
(259, 46.32610249519348, -657374.0, -82709.0)
(260, 46.54393219947815, -657374.0, -82709.0)
(261, 46.772703409194946, -657374.0, -82709.0)
(262, 47.00251340866089, -657374.0, -82709.0)
(263, 47.26787090301514, -657374.0, -82709.0)
(264, 47.50512981414795, -657374.0, -82709.0)
(265, 47.739707708358765, -657374.0, -82709.0)
(266, 47.96929955482483, -657374.0, -82709.0)
(267, 48.24099826812744, -657374.0, -82709.0)
(268, 48.472570180892944, -657374.0, -82709.0)
(269, 48.745002031326294, -657374.0, -82709.0)
(270, 48.97389101982117, -657374.0, -82709.0)
(271, 49.213051319122314, -657374.0, -82709.0)
(272, 49.45208549499512, -657374.0, -82709.0)
(273, 49.72422742843628, -657374.0, -82709.0)
(274, 49.95748567581177, -657374.0, -82709.0)
(275, 50.18499755859375, -657374.0, -82709.0)
(276, 50.46365928649902, -657374.0, -82709.0)
(277, 50.746280908584595, -657374.0, -82709.0)
(278, 51.020134925842285, -657374.0, -82709.0)
(279, 51.29324960708618, -657374.0, -82709.0)
(280, 51.58378005027771, -657374.0, -82709.0)
(281, 51.81438970565796, -657374.0, -82709.0)
(282, 52.0403995513916, -657374.0, -82709.0)
(283, 52.25773239135742, -657374.0, -82709.0)
(284, 52.47720432281494, -657374.0, -82709.0)
(285, 52.70314002037048, -657374.0, -82709.0)
(286, 52.921858072280884, -657374.0, -82709.0)
(287, 53.14162826538086, -657374.0, -82709.0)
(288, 53.36751103401184, -657374.0, -82709.0)
(289, 53.58506941795349, -657374.0, -82709.0)
(290, 53.80955243110657, -657374.0, -82709.0)
(291, 54.032493591308594, -657374.0, -82709.0)
(292, 54.25449872016907, -657374.0, -82709.0)
(293, 54.47678899765015, -657374.0, -82709.0)
(294, 54.70110011100769, -657374.0, -82709.0)
(295, 54.92603516578674, -657374.0, -82709.0)
(296, 55.14581656455994, -657374.0, -82709.0)
(297, 55.36829233169556, -657374.0, -82709.0)
(298, 55.59196877479553, -657374.0, -82709.0)
(299, 55.81628179550171, -657374.0, -82709.0)
(300, 56.04526925086975, -657374.0, -82709.0)
(301, 56.27749252319336, -657374.0, -82709.0)
(302, 56.50953125953674, -657374.0, -82709.0)
(303, 56.74563479423523, -657374.0, -82709.0)
(304, 56.988107204437256, -657374.0, -82709.0)
(305, 57.224010944366455, -657374.0, -82709.0)
(306, 57.455896854400635, -657374.0, -82709.0)
(307, 57.6952383518219, -657374.0, -82709.0)
(308, 57.922935247421265, -657374.0, -82709.0)
(309, 58.149531841278076, -657374.0, -82709.0)
(310, 58.37436842918396, -657374.0, -82709.0)
(311, 58.60120463371277, -657374.0, -82709.0)
(312, 58.83963203430176, -657374.0, -82709.0)
(313, 59.06500768661499, -657374.0, -82709.0)
(314, 59.288865089416504, -657374.0, -82709.0)
(315, 59.540441036224365, -657374.0, -82709.0)
(316, 59.77384972572327, -657374.0, -82709.0)
(317, 60.00457549095154, -657374.0, -82709.0)
(318, 60.23038077354431, -657374.0, -82709.0)
(319, 60.46645379066467, -657374.0, -82709.0)
(320, 60.70132780075073, -657374.0, -82709.0)
(321, 60.947099447250366, -657374.0, -82709.0)
(322, 61.19872784614563, -657374.0, -82709.0)
(323, 61.44887614250183, -657374.0, -82709.0)
(324, 61.69917178153992, -657374.0, -82709.0)
(325, 61.94666814804077, -657374.0, -82709.0)
(326, 62.20593214035034, -657374.0, -82709.0)
(327, 62.499963998794556, -657374.0, -82709.0)
(328, 62.754581928253174, -657374.0, -82709.0)
(329, 63.100343465805054, -657374.0, -82709.0)
(330, 63.35191774368286, -657374.0, -82709.0)
(331, 63.591726779937744, -657374.0, -82709.0)
(332, 63.82413101196289, -657374.0, -82709.0)
(333, 64.07151651382446, -657374.0, -82709.0)
(334, 64.31471014022827, -657374.0, -82709.0)
(335, 64.55456852912903, -657374.0, -82709.0)
(336, 64.78636145591736, -657374.0, -82709.0)
(337, 65.02115941047668, -657374.0, -82709.0)
(338, 65.26054453849792, -657374.0, -82709.0)
(339, 65.49340772628784, -657374.0, -82709.0)
(340, 65.74024677276611, -657374.0, -82709.0)
(341, 65.97696304321289, -657374.0, -82709.0)
(342, 66.22102189064026, -657374.0, -82709.0)
(343, 66.47641277313232, -657374.0, -82709.0)
(344, 66.71917057037354, -657374.0, -82709.0)
(345, 66.9597954750061, -657374.0, -82709.0)
(346, 67.19512891769409, -657374.0, -82709.0)
(347, 67.44076657295227, -657374.0, -82709.0)
(348, 67.67414021492004, -657374.0, -82709.0)
(349, 67.92302799224854, -657374.0, -82709.0)
(350, 68.15327310562134, -657374.0, -82709.0)
(351, 68.40694522857666, -657374.0, -82709.0)
(352, 68.65189862251282, -657374.0, -82709.0)
(353, 68.8996376991272, -657374.0, -82709.0)
(354, 69.16403770446777, -657374.0, -82709.0)
(355, 69.42301440238953, -657374.0, -82709.0)
(356, 69.68911933898926, -657374.0, -82709.0)
(357, 69.94556927680969, -657374.0, -82709.0)
(358, 70.21480870246887, -657374.0, -82709.0)
(359, 70.46025705337524, -657374.0, -82709.0)
(360, 70.72430181503296, -657374.0, -82709.0)
(361, 70.98248481750488, -657374.0, -82709.0)
(362, 71.25784754753113, -657374.0, -82709.0)
(363, 71.52585673332214, -657374.0, -82709.0)
(364, 71.79319524765015, -657374.0, -82709.0)
(365, 72.06629991531372, -657374.0, -82709.0)
(366, 72.38807320594788, -657374.0, -82709.0)
(367, 72.71695351600647, -657374.0, -82709.0)
(368, 73.03567481040955, -657374.0, -82709.0)
(369, 73.38706946372986, -657374.0, -82709.0)
(370, 73.67174482345581, -657374.0, -82709.0)
(371, 73.92609643936157, -657374.0, -82709.0)
(372, 74.17456221580505, -657374.0, -82709.0)
(373, 74.4178204536438, -657374.0, -82709.0)
(374, 74.66546487808228, -657374.0, -82709.0)
(375, 74.90954923629761, -657374.0, -82709.0)
(376, 75.16342306137085, -657374.0, -82709.0)
(377, 75.4088134765625, -657374.0, -82709.0)
(378, 75.65600371360779, -657374.0, -82709.0)
(379, 75.91291308403015, -657374.0, -82709.0)
(380, 76.16443634033203, -657374.0, -82709.0)
(381, 76.41522645950317, -657374.0, -82709.0)
(382, 76.67525434494019, -657374.0, -82709.0)
(383, 76.92632293701172, -657374.0, -82709.0)
(384, 77.17232155799866, -657374.0, -82709.0)
(385, 77.43063378334045, -657374.0, -82709.0)
(386, 77.70241093635559, -657374.0, -82709.0)
(387, 77.99189305305481, -657374.0, -82709.0)
(388, 78.26950192451477, -657374.0, -82709.0)
(389, 78.55356740951538, -657374.0, -82709.0)
(390, 78.84241938591003, -657374.0, -82709.0)
(391, 79.12055253982544, -657374.0, -82709.0)
(392, 79.40607380867004, -657374.0, -82709.0)
(393, 79.67388677597046, -657374.0, -82709.0)
(394, 79.94569969177246, -657374.0, -82709.0)
(395, 80.21866393089294, -657374.0, -82709.0)
(396, 80.4970133304596, -657374.0, -82709.0)
(397, 80.77473855018616, -657374.0, -82709.0)
(398, 81.12725496292114, -657374.0, -82709.0)
(399, 81.40324330329895, -657374.0, -82709.0)
(400, 81.6659927368164, -657374.0, -82709.0)
(401, 81.91663384437561, -657374.0, -82709.0)
(402, 82.1763482093811, -657374.0, -82709.0)
(403, 82.43464875221252, -657374.0, -82709.0)
(404, 82.69354200363159, -657374.0, -82709.0)
(405, 82.95954203605652, -657374.0, -82709.0)
(406, 83.22631168365479, -657374.0, -82709.0)
(407, 83.49919056892395, -657374.0, -82709.0)
(408, 83.75220704078674, -657374.0, -82709.0)
(409, 84.01252436637878, -657374.0, -82709.0)
(410, 84.27040481567383, -657374.0, -82709.0)
(411, 84.52882194519043, -657374.0, -82709.0)
(412, 84.8005051612854, -657374.0, -82709.0)
(413, 85.07112145423889, -657374.0, -82709.0)
(414, 85.33283257484436, -657374.0, -82709.0)
(415, 85.60100293159485, -657374.0, -82709.0)
(416, 85.892343044281, -657374.0, -82709.0)
(417, 86.18808364868164, -657374.0, -82709.0)
(418, 86.47962641716003, -657374.0, -82709.0)
(419, 86.75779461860657, -657374.0, -82709.0)
(420, 87.11994886398315, -657374.0, -82709.0)
(421, 87.43001675605774, -657374.0, -82709.0)
(422, 87.72298669815063, -657374.0, -82709.0)
(423, 87.9948787689209, -657374.0, -82709.0)
(424, 88.26685094833374, -657374.0, -82709.0)
(425, 88.54996013641357, -657374.0, -82709.0)
(426, 88.82419037818909, -657374.0, -82709.0)
(427, 89.08830380439758, -657374.0, -82709.0)
(428, 89.37652945518494, -657374.0, -82709.0)
(429, 89.65118956565857, -657374.0, -82709.0)
(430, 89.93186926841736, -657374.0, -82709.0)
(431, 90.21479749679565, -657374.0, -82709.0)
(432, 90.50188064575195, -657374.0, -82709.0)
(433, 90.76721024513245, -657374.0, -82709.0)
(434, 91.04552578926086, -657374.0, -82709.0)
(435, 91.41127061843872, -657374.0, -82709.0)
(436, 91.77524042129517, -657374.0, -82709.0)
(437, 92.08577132225037, -657374.0, -82709.0)
(438, 92.45864868164062, -657374.0, -82709.0)
(439, 92.82100009918213, -657374.0, -82709.0)
(440, 93.13397479057312, -657374.0, -82709.0)
(441, 93.43542194366455, -657374.0, -82709.0)
(442, 93.743492603302, -657374.0, -82709.0)
(443, 94.0554552078247, -657374.0, -82709.0)
(444, 94.36499238014221, -657374.0, -82709.0)
(445, 94.64170932769775, -657374.0, -82709.0)
(446, 94.94704008102417, -657374.0, -82709.0)
(447, 95.2775399684906, -657374.0, -82709.0)
(448, 95.58101773262024, -657374.0, -82709.0)
(449, 95.89699959754944, -657374.0, -82709.0)
(450, 96.28578877449036, -657374.0, -82709.0)
(451, 96.63839673995972, -657374.0, -82709.0)
(452, 96.9408323764801, -657374.0, -82709.0)
(453, 97.23847961425781, -657374.0, -82709.0)
(454, 97.52715682983398, -657374.0, -82709.0)
(455, 97.80368375778198, -657374.0, -82709.0)
(456, 98.07926964759827, -657374.0, -82709.0)
(457, 98.37592577934265, -657374.0, -82709.0)
(458, 98.67083525657654, -657374.0, -82709.0)
(459, 98.95671653747559, -657374.0, -82709.0)
(460, 99.27124547958374, -657374.0, -82709.0)
(461, 99.60953521728516, -657374.0, -82709.0)
(462, 99.90612626075745, -657374.0, -82709.0)
(463, 100.24066925048828, -657374.0, -82709.0)
(464, 100.64511299133301, -657374.0, -82709.0)
(465, 100.96694660186768, -657374.0, -82709.0)
(466, 101.3004252910614, -657374.0, -82709.0)
(467, 101.6402268409729, -657374.0, -82709.0)
(468, 101.98136806488037, -657374.0, -82709.0)
(469, 102.37549042701721, -657374.0, -82709.0)
(470, 102.77883434295654, -657374.0, -82709.0)
(471, 103.11470770835876, -657374.0, -82709.0)
(472, 103.52630305290222, -657374.0, -82709.0)
(473, 103.8557059764862, -657374.0, -82709.0)
(474, 104.20122694969177, -657374.0, -82709.0)
(475, 104.53991460800171, -657374.0, -82709.0)
(476, 104.82886409759521, -657374.0, -82709.0)
(477, 105.10694098472595, -657374.0, -82709.0)
(478, 105.3754825592041, -657374.0, -82709.0)
(479, 105.65341877937317, -657374.0, -82709.0)
(480, 105.93653345108032, -657374.0, -82709.0)
(481, 106.21433424949646, -657374.0, -82709.0)
(482, 106.49234557151794, -657374.0, -82709.0)
(483, 106.78152060508728, -657374.0, -82709.0)
(484, 107.06726050376892, -657374.0, -82709.0)
(485, 107.34799337387085, -657374.0, -82709.0)
(486, 107.63680744171143, -657374.0, -82709.0)
(487, 107.91537284851074, -657374.0, -82709.0)
(488, 108.18835186958313, -657374.0, -82709.0)
(489, 108.46667957305908, -657374.0, -82709.0)
(490, 108.73811078071594, -657374.0, -82709.0)
(491, 109.01310420036316, -657374.0, -82709.0)
(492, 109.29681777954102, -657374.0, -82709.0)
(493, 109.57487463951111, -657374.0, -82709.0)
(494, 109.853670835495, -657374.0, -82709.0)
(495, 110.13284707069397, -657374.0, -82709.0)
(496, 110.41389727592468, -657374.0, -82709.0)
(497, 110.7006847858429, -657374.0, -82709.0)
(498, 110.98108792304993, -657374.0, -82709.0)
(499, 111.26167964935303, -657374.0, -82709.0)
(500, 111.54648995399475, -657374.0, -82709.0)
(501, 111.83504962921143, -657374.0, -82709.0)
(502, 112.11917757987976, -657374.0, -82709.0)
(503, 112.40113019943237, -657374.0, -82709.0)
(504, 112.68713283538818, -657374.0, -82709.0)
(505, 112.97089529037476, -657374.0, -82709.0)
(506, 113.25119495391846, -657374.0, -82709.0)
(507, 113.53838586807251, -657374.0, -82709.0)
(508, 113.83589053153992, -657374.0, -82709.0)
(509, 114.12331795692444, -657374.0, -82709.0)
(510, 114.41441011428833, -657374.0, -82709.0)
(511, 114.71719288825989, -657374.0, -82709.0)
(512, 115.019371509552, -657374.0, -82709.0)
(513, 115.32962226867676, -657374.0, -82709.0)
(514, 115.63960146903992, -657374.0, -82709.0)
(515, 115.9462058544159, -657374.0, -82709.0)
(516, 116.28680205345154, -657374.0, -82709.0)
(517, 116.63047528266907, -657374.0, -82709.0)
(518, 116.99599170684814, -657374.0, -82709.0)
(519, 117.3193006515503, -657374.0, -82709.0)
(520, 117.63069105148315, -657374.0, -82709.0)
(521, 117.92736053466797, -657374.0, -82709.0)
(522, 118.22683453559875, -657374.0, -82709.0)
(523, 118.5286328792572, -657374.0, -82709.0)
(524, 118.82854008674622, -657374.0, -82709.0)
(525, 119.13129687309265, -657374.0, -82709.0)
(526, 119.43023633956909, -657374.0, -82709.0)
(527, 119.76386952400208, -657374.0, -82709.0)
(528, 120.10696244239807, -657374.0, -82709.0)
(529, 120.4449212551117, -657374.0, -82709.0)
(530, 120.7799277305603, -657374.0, -82709.0)
(531, 121.10018110275269, -657374.0, -82709.0)
(532, 121.44825720787048, -657374.0, -82709.0)
(533, 121.78808784484863, -657374.0, -82709.0)
(534, 122.14852046966553, -657374.0, -82709.0)
(535, 122.48962545394897, -657374.0, -82709.0)
(536, 122.80568814277649, -657374.0, -82709.0)
(537, 123.13690161705017, -657374.0, -82709.0)
(538, 123.4747748374939, -657374.0, -82709.0)
(539, 123.82917618751526, -657374.0, -82709.0)
(540, 124.17432498931885, -657374.0, -82709.0)
(541, 124.55859684944153, -657374.0, -82709.0)
(542, 124.8622887134552, -657374.0, -82709.0)
(543, 125.15031909942627, -657374.0, -82709.0)
(544, 125.44652438163757, -657374.0, -82709.0)
(545, 125.73698735237122, -657374.0, -82709.0)
(546, 126.0365138053894, -657374.0, -82709.0)
(547, 126.32698440551758, -657374.0, -82709.0)
(548, 126.63113903999329, -657374.0, -82709.0)
(549, 126.92602205276489, -657374.0, -82709.0)
(550, 127.22990322113037, -657374.0, -82709.0)
(551, 127.53290295600891, -657374.0, -82709.0)
(552, 127.8371901512146, -657374.0, -82709.0)
(553, 128.1618139743805, -657374.0, -82709.0)
(554, 128.4750816822052, -657374.0, -82709.0)
(555, 128.79612278938293, -657374.0, -82709.0)
(556, 129.13107013702393, -657374.0, -82709.0)
(557, 129.47432041168213, -657374.0, -82709.0)
(558, 129.79543709754944, -657374.0, -82709.0)
(559, 130.11799550056458, -657374.0, -82709.0)
(560, 130.4671106338501, -657374.0, -82709.0)
(561, 130.79283046722412, -657374.0, -82709.0)
(562, 131.10552287101746, -657374.0, -82709.0)
(563, 131.44089198112488, -657374.0, -82709.0)
(564, 131.78123497962952, -657374.0, -82709.0)
(565, 132.1105556488037, -657374.0, -82709.0)
(566, 132.47771525382996, -657374.0, -82709.0)
(567, 132.83908438682556, -657374.0, -82709.0)
(568, 133.23290157318115, -657374.0, -82709.0)
(569, 133.57242369651794, -657374.0, -82709.0)
(570, 133.90329837799072, -657374.0, -82709.0)
(571, 134.23147869110107, -657374.0, -82709.0)
(572, 134.57460069656372, -657374.0, -82709.0)
(573, 134.90374851226807, -657374.0, -82709.0)
(574, 135.2235550880432, -657374.0, -82709.0)
(575, 135.59295105934143, -657374.0, -82709.0)
(576, 135.92421698570251, -657374.0, -82709.0)
(577, 136.26252913475037, -657374.0, -82709.0)
(578, 136.6271538734436, -657374.0, -82709.0)
(579, 136.9536702632904, -657374.0, -82709.0)
(580, 137.27167129516602, -657374.0, -82709.0)
(581, 137.6181297302246, -657374.0, -82709.0)
(582, 137.95637392997742, -657374.0, -82709.0)
(583, 138.27776336669922, -657374.0, -82709.0)
(584, 138.63435101509094, -657374.0, -82709.0)
(585, 138.99333596229553, -657374.0, -82709.0)
(586, 139.33675050735474, -657374.0, -82709.0)
(587, 139.68189644813538, -657374.0, -82709.0)
(588, 140.0355076789856, -657374.0, -82709.0)
(589, 140.4334728717804, -657374.0, -82709.0)
(590, 140.78409123420715, -657374.0, -82709.0)
(591, 141.10487699508667, -657374.0, -82709.0)
(592, 141.47013759613037, -657374.0, -82709.0)
(593, 141.85850477218628, -657374.0, -82709.0)
(594, 142.2055642604828, -657374.0, -82709.0)
(595, 142.5581386089325, -657374.0, -82709.0)
(596, 142.93877792358398, -657374.0, -82709.0)
(597, 143.3100152015686, -657374.0, -82709.0)
(598, 143.74235796928406, -657374.0, -82709.0)
(599, 144.11574172973633, -657374.0, -82709.0)
(600, 144.44158554077148, -657374.0, -82709.0)
(601, 144.75970649719238, -657374.0, -82709.0)
(602, 145.0771713256836, -657374.0, -82709.0)
(603, 145.40168809890747, -657374.0, -82709.0)
(604, 145.71609234809875, -657374.0, -82709.0)
(605, 146.0320942401886, -657374.0, -82709.0)
(606, 146.35390377044678, -657374.0, -82709.0)
(607, 146.68477773666382, -657374.0, -82709.0)
(608, 146.99995160102844, -657374.0, -82709.0)
(609, 147.3331696987152, -657374.0, -82709.0)
(610, 147.66919326782227, -657374.0, -82709.0)
(611, 148.02328443527222, -657374.0, -82709.0)
(612, 148.35333061218262, -657374.0, -82709.0)
(613, 148.68998098373413, -657374.0, -82709.0)
(614, 149.03885984420776, -657374.0, -82709.0)
(615, 149.38593649864197, -657374.0, -82709.0)
(616, 149.74809646606445, -657374.0, -82709.0)
(617, 150.13516235351562, -657374.0, -82709.0)
(618, 150.49409675598145, -657374.0, -82709.0)
(619, 150.88608741760254, -657374.0, -82709.0)
(620, 151.23953104019165, -657374.0, -82709.0)
(621, 151.60271096229553, -657374.0, -82709.0)
(622, 151.9289894104004, -657374.0, -82709.0)
(623, 152.2634871006012, -657374.0, -82709.0)
(624, 152.6161870956421, -657374.0, -82709.0)
(625, 152.97653007507324, -657374.0, -82709.0)
(626, 153.3141462802887, -657374.0, -82709.0)
(627, 153.66146969795227, -657374.0, -82709.0)
(628, 154.03559017181396, -657374.0, -82709.0)
(629, 154.37502908706665, -657374.0, -82709.0)
(630, 154.7402310371399, -657374.0, -82709.0)
(631, 155.12010717391968, -657374.0, -82709.0)
(632, 155.4760491847992, -657374.0, -82709.0)
(633, 155.83495688438416, -657374.0, -82709.0)
(634, 156.21402621269226, -657374.0, -82709.0)
(635, 156.63109827041626, -657374.0, -82709.0)
(636, 157.04049682617188, -657374.0, -82709.0)
(637, 157.44360327720642, -657374.0, -82709.0)
(638, 157.86185884475708, -657374.0, -82709.0)
(639, 158.38807773590088, -657374.0, -82709.0)
(640, 158.7955915927887, -657374.0, -82709.0)
(641, 159.2006847858429, -657374.0, -82709.0)
(642, 159.5832483768463, -657374.0, -82709.0)
(643, 159.98634505271912, -657374.0, -82709.0)
(644, 160.41210222244263, -657374.0, -82709.0)
(645, 160.8049659729004, -657374.0, -82709.0)
(646, 161.20318031311035, -657374.0, -82709.0)
(647, 161.6399209499359, -657374.0, -82709.0)
(648, 162.03839540481567, -657374.0, -82709.0)
(649, 162.4233169555664, -657374.0, -82709.0)
(650, 162.80418872833252, -657374.0, -82709.0)
(651, 163.18298602104187, -657374.0, -82709.0)
(652, 163.51279592514038, -657374.0, -82709.0)
(653, 163.88729166984558, -657374.0, -82709.0)
(654, 164.27393102645874, -657374.0, -82709.0)
(655, 164.65286946296692, -657374.0, -82709.0)
(656, 165.05359721183777, -657374.0, -82709.0)
(657, 165.4788999557495, -657374.0, -82709.0)
(658, 165.90260195732117, -657374.0, -82709.0)
(659, 166.31061506271362, -657374.0, -82709.0)
(660, 166.75708484649658, -657374.0, -82709.0)
(661, 167.1709270477295, -657374.0, -82709.0)
(662, 167.5677969455719, -657374.0, -82709.0)
(663, 167.97418808937073, -657374.0, -82709.0)
(664, 168.40268731117249, -657374.0, -82709.0)
(665, 168.8687539100647, -657374.0, -82709.0)
(666, 169.30621123313904, -657374.0, -82709.0)
(667, 169.733238697052, -657374.0, -82709.0)
(668, 170.1645987033844, -657374.0, -82709.0)
(669, 170.54985976219177, -657374.0, -82709.0)
(670, 170.98525619506836, -657374.0, -82709.0)
(671, 171.38903307914734, -657374.0, -82709.0)
(672, 171.84220147132874, -657374.0, -82709.0)
(673, 172.23291158676147, -657374.0, -82709.0)
(674, 172.58226609230042, -657374.0, -82709.0)
(675, 172.95881152153015, -657374.0, -82709.0)
(676, 173.3110122680664, -657374.0, -82709.0)
(677, 173.6783046722412, -657374.0, -82709.0)
(678, 174.04686903953552, -657374.0, -82709.0)
(679, 174.40355849266052, -657374.0, -82709.0)
(680, 174.7567617893219, -657374.0, -82709.0)
(681, 175.10812139511108, -657374.0, -82709.0)
(682, 175.45449590682983, -657374.0, -82709.0)
(683, 175.79393768310547, -657374.0, -82709.0)
(684, 176.15830540657043, -657374.0, -82709.0)
(685, 176.53713464736938, -657374.0, -82709.0)
(686, 176.90535140037537, -657374.0, -82709.0)
(687, 177.2559003829956, -657374.0, -82709.0)
(688, 177.62918710708618, -657374.0, -82709.0)
(689, 178.0038492679596, -657374.0, -82709.0)
(690, 178.37489438056946, -657374.0, -82709.0)
(691, 178.72506856918335, -657374.0, -82709.0)
(692, 179.09700465202332, -657374.0, -82709.0)
(693, 179.4589285850525, -657374.0, -82709.0)
(694, 179.83105373382568, -657374.0, -82709.0)
(695, 180.2148404121399, -657374.0, -82709.0)
(696, 180.6203179359436, -657374.0, -82709.0)
(697, 181.01117205619812, -657374.0, -82709.0)
(698, 181.3970603942871, -657374.0, -82709.0)
(699, 181.777512550354, -657374.0, -82709.0)
(700, 182.16843247413635, -657374.0, -82709.0)
(701, 182.57439541816711, -657374.0, -82709.0)
(702, 182.96858763694763, -657374.0, -82709.0)
(703, 183.37764525413513, -657374.0, -82709.0)
(704, 183.79793071746826, -657374.0, -82709.0)
(705, 184.2442409992218, -657374.0, -82709.0)
(706, 184.69615054130554, -657374.0, -82709.0)
(707, 185.14238715171814, -657374.0, -82709.0)
(708, 185.59936594963074, -657374.0, -82709.0)
(709, 186.04528284072876, -657374.0, -82709.0)
(710, 186.44664311408997, -657374.0, -82709.0)
(711, 186.9204821586609, -657374.0, -82709.0)
(712, 187.34408569335938, -657374.0, -82709.0)
(713, 187.74606776237488, -657374.0, -82709.0)
(714, 188.13621258735657, -657374.0, -82709.0)
(715, 188.56367683410645, -657374.0, -82709.0)
(716, 188.97383880615234, -657374.0, -82709.0)
(717, 189.39442944526672, -657374.0, -82709.0)
(718, 189.82699704170227, -657374.0, -82709.0)
(719, 190.25004053115845, -657374.0, -82709.0)
(720, 190.74045968055725, -657374.0, -82709.0)
(721, 191.1661021709442, -657374.0, -82709.0)
(722, 191.56249904632568, -657374.0, -82709.0)
(723, 191.95887303352356, -657374.0, -82709.0)
(724, 192.34742498397827, -657374.0, -82709.0)
(725, 192.73350310325623, -657374.0, -82709.0)
(726, 193.12375855445862, -657374.0, -82709.0)
(727, 193.5112283229828, -657374.0, -82709.0)
(728, 193.93510222434998, -657374.0, -82709.0)
(729, 194.35657954216003, -657374.0, -82709.0)
(730, 194.74158549308777, -657374.0, -82709.0)
(731, 195.1143400669098, -657374.0, -82709.0)
(732, 195.4859960079193, -657374.0, -82709.0)
(733, 195.8730616569519, -657374.0, -82709.0)
(734, 196.25985479354858, -657374.0, -82709.0)
(735, 196.68081712722778, -657374.0, -82709.0)
(736, 197.05809617042542, -657374.0, -82709.0)
(737, 197.44313311576843, -657374.0, -82709.0)
(738, 197.83459997177124, -657374.0, -82709.0)
(739, 198.242107629776, -657374.0, -82709.0)
(740, 198.64888381958008, -657374.0, -82709.0)
(741, 199.08808732032776, -657374.0, -82709.0)
(742, 199.52502942085266, -657374.0, -82709.0)
(743, 199.94690990447998, -657374.0, -82709.0)
(744, 200.33817219734192, -657374.0, -82709.0)
(745, 200.74263286590576, -657374.0, -82709.0)
(746, 201.1433343887329, -657374.0, -82709.0)
(747, 201.56866645812988, -657374.0, -82709.0)
(748, 201.98068642616272, -657374.0, -82709.0)
(749, 202.4076006412506, -657374.0, -82709.0)
(750, 202.8309953212738, -657374.0, -82709.0)
(751, 203.2750906944275, -657374.0, -82709.0)
(752, 203.68351864814758, -657374.0, -82709.0)
(753, 204.1190333366394, -657374.0, -82709.0)
(754, 204.55981731414795, -657374.0, -82709.0)
(755, 205.05666208267212, -657374.0, -82709.0)
(756, 205.50493788719177, -657374.0, -82709.0)
(757, 205.98782777786255, -657374.0, -82709.0)
(758, 206.49011969566345, -657374.0, -82709.0)
(759, 206.98147797584534, -657374.0, -82709.0)
(760, 207.4375057220459, -657374.0, -82709.0)
(761, 207.95340371131897, -657374.0, -82709.0)
(762, 208.40114331245422, -657374.0, -82709.0)
(763, 208.8187918663025, -657374.0, -82709.0)
(764, 209.28672671318054, -657374.0, -82709.0)
(765, 209.7342848777771, -657374.0, -82709.0)
(766, 210.27732062339783, -657374.0, -82709.0)
(767, 210.72679615020752, -657374.0, -82709.0)
(768, 211.18096566200256, -657374.0, -82709.0)
(769, 211.61191153526306, -657374.0, -82709.0)
(770, 212.01375818252563, -657374.0, -82709.0)
(771, 212.43250179290771, -657374.0, -82709.0)
(772, 212.83425426483154, -657374.0, -82709.0)
(773, 213.2628915309906, -657374.0, -82709.0)
(774, 213.69229006767273, -657374.0, -82709.0)
(775, 214.14751267433167, -657374.0, -82709.0)
(776, 214.5614583492279, -657374.0, -82709.0)
(777, 215.03797554969788, -657374.0, -82709.0)
(778, 215.47304677963257, -657374.0, -82709.0)
(779, 215.89177656173706, -657374.0, -82709.0)
(780, 216.3585832118988, -657374.0, -82709.0)
(781, 216.81397485733032, -657374.0, -82709.0)
(782, 217.2748157978058, -657374.0, -82709.0)
(783, 217.7506730556488, -657374.0, -82709.0)
(784, 218.21835374832153, -657374.0, -82709.0)
(785, 218.64906787872314, -657374.0, -82709.0)
(786, 219.0790798664093, -657374.0, -82709.0)
(787, 219.5389425754547, -657374.0, -82709.0)
(788, 220.00198817253113, -657374.0, -82709.0)
(789, 220.48878169059753, -657374.0, -82709.0)
(790, 220.8999936580658, -657374.0, -82709.0)
(791, 221.37167096138, -657374.0, -82709.0)
(792, 221.8558087348938, -657374.0, -82709.0)
(793, 222.38381242752075, -657374.0, -82709.0)
(794, 222.93187713623047, -657374.0, -82709.0)
(795, 223.43866968154907, -657374.0, -82709.0)
(796, 223.93772673606873, -657374.0, -82709.0)
(797, 224.44249415397644, -657374.0, -82709.0)
(798, 224.94159317016602, -657374.0, -82709.0)
(799, 225.4529619216919, -657374.0, -82709.0)
(800, 225.96543097496033, -657374.0, -82709.0)
(801, 226.46186685562134, -657374.0, -82709.0)
(802, 226.97483658790588, -657374.0, -82709.0)
(803, 227.49012160301208, -657374.0, -82709.0)
(804, 228.00257802009583, -657374.0, -82709.0)
(805, 228.54278898239136, -657374.0, -82709.0)
(806, 229.03728246688843, -657374.0, -82709.0)
(807, 229.5736927986145, -657374.0, -82709.0)
(808, 230.0841405391693, -657374.0, -82709.0)
(809, 230.55291771888733, -657374.0, -82709.0)
(810, 231.03904056549072, -657374.0, -82709.0)
(811, 231.56146693229675, -657374.0, -82709.0)
(812, 232.0157368183136, -657374.0, -82709.0)
(813, 232.56280970573425, -657374.0, -82709.0)
(814, 233.10935831069946, -657374.0, -82709.0)
(815, 233.61492013931274, -657374.0, -82709.0)
(816, 234.09422850608826, -657374.0, -82709.0)
(817, 234.5618839263916, -657374.0, -82709.0)
(818, 235.03986263275146, -657374.0, -82709.0)
(819, 235.54563808441162, -657374.0, -82709.0)
(820, 236.04696464538574, -657374.0, -82709.0)
(821, 236.54246973991394, -657374.0, -82709.0)
(822, 237.04061484336853, -657374.0, -82709.0)
(823, 237.59475541114807, -657374.0, -82709.0)
(824, 238.09888458251953, -657374.0, -82709.0)
(825, 238.58057641983032, -657374.0, -82709.0)
(826, 239.10387873649597, -657374.0, -82709.0)
(827, 239.6779429912567, -657374.0, -82709.0)
(828, 240.17699575424194, -657374.0, -82709.0)
(829, 240.68045210838318, -657374.0, -82709.0)
(830, 241.1711003780365, -657374.0, -82709.0)
(831, 241.6647129058838, -657374.0, -82709.0)
(832, 242.18175172805786, -657374.0, -82709.0)
(833, 242.70169878005981, -657374.0, -82709.0)
(834, 243.23734426498413, -657374.0, -82709.0)
(835, 243.74845337867737, -657374.0, -82709.0)
(836, 244.23368120193481, -657374.0, -82709.0)
(837, 244.72224593162537, -657374.0, -82709.0)
(838, 245.21091556549072, -657374.0, -82709.0)
(839, 245.71468925476074, -657374.0, -82709.0)
(840, 246.22918701171875, -657374.0, -82709.0)
(841, 246.8211419582367, -657374.0, -82709.0)
(842, 247.35144114494324, -657374.0, -82709.0)
(843, 247.89483070373535, -657374.0, -82709.0)
(844, 248.38878893852234, -657374.0, -82709.0)
(845, 248.91312646865845, -657374.0, -82709.0)
(846, 249.3879153728485, -657374.0, -82709.0)
(847, 249.8979320526123, -657374.0, -82709.0)
(848, 250.51634883880615, -657374.0, -82709.0)
(849, 251.28047895431519, -657374.0, -82709.0)
(850, 252.09251379966736, -657374.0, -82709.0)
(851, 252.7016315460205, -657374.0, -82709.0)
(852, 253.46291637420654, -657374.0, -82709.0)
(853, 254.0565414428711, -657374.0, -82709.0)
(854, 254.8092348575592, -657374.0, -82709.0)
(855, 255.70072412490845, -657374.0, -82709.0)
(856, 256.23245573043823, -657374.0, -82709.0)
(857, 256.80136251449585, -657374.0, -82709.0)
(858, 257.34999346733093, -657374.0, -82709.0)
(859, 257.8523564338684, -657374.0, -82709.0)
(860, 258.38117122650146, -657374.0, -82709.0)
(861, 259.127361536026, -657374.0, -82709.0)
(862, 260.0795338153839, -657374.0, -82709.0)
(863, 260.89156126976013, -657374.0, -82709.0)
(864, 261.6438961029053, -657374.0, -82709.0)
(865, 262.4721477031708, -657374.0, -82709.0)
(866, 263.21458864212036, -657374.0, -82709.0)
(867, 263.85481214523315, -657374.0, -82709.0)
(868, 264.62203907966614, -657374.0, -82709.0)
(869, 265.3744270801544, -657374.0, -82709.0)
(870, 266.18375754356384, -657374.0, -82709.0)
(871, 267.10991883277893, -657374.0, -82709.0)
(872, 267.9240822792053, -657374.0, -82709.0)
(873, 268.7611246109009, -657374.0, -82709.0)
(874, 269.58302569389343, -657374.0, -82709.0)
(875, 270.37869668006897, -657374.0, -82709.0)
(876, 271.3356578350067, -657374.0, -82709.0)
(877, 272.3074564933777, -657374.0, -82709.0)
(878, 273.26924777030945, -657374.0, -82709.0)
(879, 274.07548236846924, -657374.0, -82709.0)
(880, 275.17064809799194, -657374.0, -82709.0)
(881, 276.0399625301361, -657374.0, -82709.0)
(882, 276.8182067871094, -657374.0, -82709.0)
(883, 277.64165019989014, -657374.0, -82709.0)
(884, 278.4511241912842, -657374.0, -82709.0)
(885, 279.23474502563477, -657374.0, -82709.0)
(886, 280.0716574192047, -657374.0, -82709.0)
(887, 280.7023091316223, -657374.0, -82709.0)
(888, 281.53323578834534, -657374.0, -82709.0)
(889, 282.62433099746704, -657374.0, -82709.0)
(890, 283.43421506881714, -657374.0, -82709.0)
(891, 284.0208361148834, -657374.0, -82709.0)
(892, 284.7751591205597, -657374.0, -82709.0)
(893, 285.3164186477661, -657374.0, -82709.0)
(894, 286.6453227996826, -657374.0, -82709.0)
(895, 287.4917039871216, -657374.0, -82709.0)
(896, 288.6439254283905, -657374.0, -82709.0)
(897, 289.5544865131378, -657374.0, -82709.0)
(898, 290.43444561958313, -657374.0, -82709.0)
(899, 291.3136696815491, -657374.0, -82709.0)
(900, 292.1280105113983, -657374.0, -82709.0)
(901, 292.95800161361694, -657374.0, -82709.0)
(902, 293.79662466049194, -657374.0, -82709.0)
(903, 294.42889761924744, -657374.0, -82709.0)
(904, 295.320351600647, -657374.0, -82709.0)
(905, 296.2064883708954, -657374.0, -82709.0)
(906, 297.04300904273987, -657374.0, -82709.0)
(907, 298.0158565044403, -657374.0, -82709.0)
(908, 299.22981786727905, -657374.0, -82709.0)
(909, 300.1117208003998, -657374.0, -82709.0)
(910, 301.0462701320648, -657374.0, -82709.0)
(911, 301.83952498435974, -657374.0, -82709.0)
(912, 302.4544587135315, -657374.0, -82709.0)
(913, 303.2262556552887, -657374.0, -82709.0)
(914, 304.1038496494293, -657374.0, -82709.0)
(915, 305.04176473617554, -657374.0, -82709.0)
(916, 305.8502404689789, -657374.0, -82709.0)
(917, 306.41329407691956, -657374.0, -82709.0)
(918, 307.0482132434845, -657374.0, -82709.0)
(919, 307.84847474098206, -657374.0, -82709.0)
(920, 308.5215344429016, -657374.0, -82709.0)
(921, 309.3201985359192, -657374.0, -82709.0)
(922, 310.16244101524353, -657374.0, -82709.0)
(923, 311.00846338272095, -657374.0, -82709.0)
(924, 311.8496479988098, -657374.0, -82709.0)
(925, 312.7229778766632, -657374.0, -82709.0)
(926, 313.6917769908905, -657374.0, -82709.0)
(927, 314.60504031181335, -657374.0, -82709.0)
(928, 315.553902387619, -657374.0, -82709.0)
(929, 316.50199365615845, -657374.0, -82709.0)
(930, 317.34922337532043, -657374.0, -82709.0)
(931, 318.18952775001526, -657374.0, -82709.0)
(932, 319.1565160751343, -657374.0, -82709.0)
(933, 320.0848956108093, -657374.0, -82709.0)
(934, 321.0432348251343, -657374.0, -82709.0)
(935, 321.9904315471649, -657374.0, -82709.0)
(936, 322.91029596328735, -657374.0, -82709.0)
(937, 323.84252667427063, -657374.0, -82709.0)
(938, 324.74912548065186, -657374.0, -82709.0)
(939, 325.68575406074524, -657374.0, -82709.0)
(940, 326.62732887268066, -657374.0, -82709.0)
(941, 327.58642864227295, -657374.0, -82709.0)
(942, 328.42514276504517, -657374.0, -82709.0)
(943, 329.3021638393402, -657374.0, -82709.0)
(944, 330.27108812332153, -657374.0, -82709.0)
(945, 331.1460084915161, -657374.0, -82709.0)
(946, 331.9941146373749, -657374.0, -82709.0)
(947, 332.9816954135895, -657374.0, -82709.0)
(948, 333.8702292442322, -657374.0, -82709.0)
(949, 334.7707509994507, -657374.0, -82709.0)
(950, 335.7966277599335, -657374.0, -82709.0)
(951, 336.6524324417114, -657374.0, -82709.0)
(952, 337.53618335723877, -657374.0, -82709.0)
(953, 338.48067569732666, -657374.0, -82709.0)
(954, 339.48519682884216, -657374.0, -82709.0)
(955, 340.45362854003906, -657374.0, -82709.0)
(956, 341.5612232685089, -657374.0, -82709.0)
(957, 342.6588273048401, -657374.0, -82709.0)
(958, 343.64448952674866, -657374.0, -82709.0)
(959, 344.6303188800812, -657374.0, -82709.0)
(960, 345.7121036052704, -657374.0, -82709.0)
(961, 346.69425201416016, -657374.0, -82709.0)
(962, 347.7587502002716, -657374.0, -82709.0)
(963, 348.75328302383423, -657374.0, -82709.0)
(964, 349.7447533607483, -657374.0, -82709.0)
(965, 350.79970359802246, -657374.0, -82709.0)
(966, 351.8242244720459, -657374.0, -82709.0)
(967, 352.80235052108765, -657374.0, -82709.0)
(968, 353.9046862125397, -657374.0, -82709.0)
(969, 354.836177110672, -657374.0, -82709.0)
(970, 355.80876207351685, -657374.0, -82709.0)
(971, 356.7383692264557, -657374.0, -82709.0)
(972, 357.65066719055176, -657374.0, -82709.0)
(973, 358.6377854347229, -657374.0, -82709.0)
(974, 359.58454155921936, -657374.0, -82709.0)
(975, 360.5115075111389, -657374.0, -82709.0)
(976, 361.44734144210815, -657374.0, -82709.0)
(977, 362.453572511673, -657374.0, -82709.0)
(978, 363.4438633918762, -657374.0, -82709.0)
(979, 364.4162356853485, -657374.0, -82709.0)
(980, 365.39765548706055, -657374.0, -82709.0)
(981, 366.3384163379669, -657374.0, -82709.0)
(982, 367.40026688575745, -657374.0, -82709.0)
(983, 368.3420066833496, -657374.0, -82709.0)
(984, 369.46177768707275, -657374.0, -82709.0)
(985, 370.50679302215576, -657374.0, -82709.0)
(986, 371.69388461112976, -657374.0, -82709.0)
(987, 372.8520243167877, -657374.0, -82709.0)
(988, 373.8305652141571, -657374.0, -82709.0)
(989, 374.9505543708801, -657374.0, -82709.0)
(990, 375.8970003128052, -657374.0, -82709.0)
(991, 376.8689937591553, -657374.0, -82709.0)
(992, 377.957754611969, -657374.0, -82709.0)
(993, 379.15188574790955, -657374.0, -82709.0)
(994, 380.2074775695801, -657374.0, -82709.0)
(995, 381.16447925567627, -657374.0, -82709.0)
(996, 382.2340831756592, -657374.0, -82709.0)
(997, 383.29150652885437, -657374.0, -82709.0)
(998, 384.4172646999359, -657374.0, -82709.0)
(999, 385.45817041397095, -657374.0, -82709.0)
(1000, 386.63693380355835, -657374.0, -82709.0)
