(1, 0.0993490219116211, -211067.0, -14414.0)
(2, 0.18747568130493164, -211067.0, -14414.0)
(3, 0.27536845207214355, -202000.375, -14414.0)
(4, 0.36399316787719727, -202000.375, -14414.0)
(5, 0.4539780616760254, -197813.33333333334, -14414.0)
(6, 0.5428447723388672, -197813.33333333334, -14414.0)
(7, 0.6320700645446777, -197679.5, -14414.0)
(8, 0.7212762832641602, -177569.95833333334, -14414.0)
(9, 0.8125805854797363, -177569.95833333334, -14414.0)
(10, 0.9047088623046875, -151994.91666666666, -14414.0)
(11, 0.9953868389129639, -150562.91666666666, -14414.0)
(12, 1.0858550071716309, -150562.91666666666, -14414.0)
(13, 1.1771721839904785, -141493.91666666666, -14414.0)
(14, 1.2688052654266357, -129627.5, -14414.0)
(15, 1.3608522415161133, -120496.16666666667, -14414.0)
(16, 1.4533212184906006, -120496.16666666667, -14414.0)
(17, 1.5461337566375732, -119292.20833333333, -14414.0)
(18, 1.6391699314117432, -119292.20833333333, -14414.0)
(19, 1.732285737991333, -105744.04166666667, -14414.0)
(20, 1.8265206813812256, -94598.45833333333, -14414.0)
(21, 1.9214434623718262, -85493.04166666667, -14414.0)
(22, 2.0160632133483887, -83448.08333333333, -14414.0)
(23, 2.112654209136963, -73125.0, -14414.0)
(24, 2.209052085876465, -62766.66666666667, -14414.0)
(25, 2.306166410446167, -53399.333333333336, -14414.0)
(26, 2.404038190841675, -44528.291666666664, -14414.0)
(27, 2.5017881393432617, -43283.875, -14414.0)
(28, 2.6004655361175537, -42719.708333333336, -14414.0)
(29, 2.6998915672302246, -39699.25, -14414.0)
(30, 2.798980474472046, -39699.25, -14414.0)
(31, 2.8999593257904053, -37525.166666666664, -14414.0)
(32, 3.0014612674713135, -28951.416666666664, -14414.0)
(33, 3.102466344833374, -27554.708333333336, -14414.0)
(34, 3.2050232887268066, -26674.291666666664, -14414.0)
(35, 3.3093135356903076, -25957.708333333336, -14414.0)
(36, 3.413151264190674, -18152.375, -14414.0)
(37, 3.517144203186035, -17515.444444444445, -14414.0)
(38, 3.629929304122925, -17179.0, -15121.0)
(39, 3.731044054031372, -15415.0, -15415.0)
(40, 3.828726053237915, -15415.0, -15415.0)
