(1, 0.10602068901062012, -739727.0, -49918.0)
(2, 0.20810294151306152, -739727.0, -49918.0)
(3, 0.3102540969848633, -739727.0, -49918.0)
(4, 0.4128291606903076, -739727.0, -49918.0)
(5, 0.5148923397064209, -739727.0, -49918.0)
(6, 0.6162793636322021, -739727.0, -49918.0)
(7, 0.7183947563171387, -739727.0, -49918.0)
(8, 0.8202183246612549, -739727.0, -49918.0)
(9, 0.9227595329284668, -739727.0, -49918.0)
(10, 1.0261433124542236, -739727.0, -49918.0)
(11, 1.1286661624908447, -739727.0, -49918.0)
(12, 1.2308073043823242, -739727.0, -49918.0)
(13, 1.3332886695861816, -739727.0, -49918.0)
(14, 1.435530662536621, -739727.0, -49918.0)
(15, 1.5371661186218262, -739727.0, -49918.0)
(16, 1.6394531726837158, -739727.0, -49918.0)
(17, 1.741135597229004, -739727.0, -49918.0)
(18, 1.8427481651306152, -739727.0, -49918.0)
(19, 1.943958044052124, -739727.0, -49918.0)
(20, 2.046241044998169, -739727.0, -49918.0)
(21, 2.1477890014648438, -739727.0, -49918.0)
(22, 2.2509140968322754, -739727.0, -49918.0)
(23, 2.356106996536255, -739727.0, -49918.0)
(24, 2.460197687149048, -739727.0, -49918.0)
(25, 2.565725803375244, -739727.0, -49918.0)
(26, 2.670625925064087, -739727.0, -49918.0)
(27, 2.7765350341796875, -739727.0, -49918.0)
(28, 2.88236927986145, -739727.0, -49918.0)
(29, 2.9876022338867188, -739727.0, -49918.0)
(30, 3.093276023864746, -739727.0, -49918.0)
(31, 3.1971120834350586, -739727.0, -49918.0)
(32, 3.301712989807129, -739727.0, -49918.0)
(33, 3.405421018600464, -739727.0, -49918.0)
(34, 3.5096259117126465, -739727.0, -49918.0)
(35, 3.6158642768859863, -739727.0, -49918.0)
(36, 3.72106671333313, -739727.0, -49918.0)
(37, 3.826249837875366, -739727.0, -49918.0)
(38, 3.9305167198181152, -739727.0, -49918.0)
(39, 4.036198854446411, -739727.0, -49918.0)
(40, 4.1417396068573, -739727.0, -49918.0)
(41, 4.24634575843811, -739727.0, -49918.0)
(42, 4.353377103805542, -739727.0, -49918.0)
(43, 4.462855100631714, -739727.0, -49918.0)
(44, 4.569225549697876, -739727.0, -49918.0)
(45, 4.6754255294799805, -739727.0, -49918.0)
(46, 4.78168511390686, -739727.0, -49918.0)
(47, 4.888911247253418, -739727.0, -49918.0)
(48, 4.997012615203857, -739727.0, -49918.0)
(49, 5.105956077575684, -739727.0, -49918.0)
(50, 5.212407827377319, -739727.0, -49918.0)
(51, 5.319226264953613, -739727.0, -49918.0)
(52, 5.427662134170532, -739727.0, -49918.0)
(53, 5.535736083984375, -739727.0, -49918.0)
(54, 5.646718502044678, -739727.0, -49918.0)
(55, 5.758631706237793, -739727.0, -49918.0)
(56, 5.869640350341797, -739727.0, -49918.0)
(57, 5.98129415512085, -739727.0, -49918.0)
(58, 6.091992616653442, -739727.0, -49918.0)
(59, 6.203018665313721, -739727.0, -49918.0)
(60, 6.313007831573486, -739727.0, -49918.0)
(61, 6.42354154586792, -739727.0, -49918.0)
(62, 6.536328077316284, -739727.0, -49918.0)
(63, 6.6497802734375, -739727.0, -49918.0)
(64, 6.761944532394409, -739727.0, -49918.0)
(65, 6.874337434768677, -739727.0, -49918.0)
(66, 6.986792087554932, -739727.0, -49918.0)
(67, 7.100151300430298, -739727.0, -49918.0)
(68, 7.213571310043335, -739727.0, -49918.0)
(69, 7.327362060546875, -739727.0, -49918.0)
(70, 7.441281795501709, -739727.0, -49918.0)
(71, 7.5562357902526855, -739727.0, -49918.0)
(72, 7.669397592544556, -739727.0, -49918.0)
(73, 7.781625747680664, -739727.0, -49918.0)
(74, 7.894471883773804, -739727.0, -49918.0)
(75, 8.009033203125, -739727.0, -49918.0)
(76, 8.122210264205933, -739727.0, -49918.0)
(77, 8.235735177993774, -739727.0, -49918.0)
(78, 8.353174924850464, -739727.0, -49918.0)
(79, 8.46791410446167, -739727.0, -49918.0)
(80, 8.584792375564575, -739727.0, -49918.0)
(81, 8.697880744934082, -739727.0, -49918.0)
(82, 8.811741352081299, -739727.0, -49918.0)
(83, 8.92569613456726, -739727.0, -49918.0)
(84, 9.043884992599487, -739727.0, -49918.0)
(85, 9.162595272064209, -739727.0, -49918.0)
(86, 9.280272722244263, -739727.0, -49918.0)
(87, 9.400112628936768, -739727.0, -49918.0)
(88, 9.517616271972656, -739727.0, -49918.0)
(89, 9.638194799423218, -739727.0, -49918.0)
(90, 9.75752878189087, -739727.0, -49918.0)
(91, 9.875577211380005, -739727.0, -49918.0)
(92, 9.994313716888428, -739727.0, -49918.0)
(93, 10.11167573928833, -739727.0, -49918.0)
(94, 10.231953382492065, -739727.0, -49918.0)
(95, 10.355355501174927, -739727.0, -49918.0)
(96, 10.476135492324829, -739727.0, -49918.0)
(97, 10.596598625183105, -739727.0, -49918.0)
(98, 10.721881628036499, -739727.0, -49918.0)
(99, 10.849806785583496, -739727.0, -49918.0)
(100, 10.972521305084229, -739727.0, -49918.0)
(101, 11.0955970287323, -739727.0, -49918.0)
(102, 11.217715978622437, -739727.0, -49918.0)
(103, 11.342007637023926, -739727.0, -49918.0)
(104, 11.465766906738281, -739727.0, -49918.0)
(105, 11.589660882949829, -739727.0, -49918.0)
(106, 11.712928533554077, -739727.0, -49918.0)
(107, 11.836541652679443, -739727.0, -49918.0)
(108, 11.960447072982788, -739727.0, -49918.0)
(109, 12.085071086883545, -739727.0, -49918.0)
(110, 12.210453033447266, -739727.0, -49918.0)
(111, 12.335410833358765, -739727.0, -49918.0)
(112, 12.461111068725586, -739727.0, -49918.0)
(113, 12.588395833969116, -739727.0, -49918.0)
(114, 12.713415384292603, -739727.0, -49918.0)
(115, 12.838988065719604, -739727.0, -49918.0)
(116, 12.963839769363403, -739727.0, -49918.0)
(117, 13.087344884872437, -739727.0, -49918.0)
(118, 13.213125705718994, -739727.0, -49918.0)
(119, 13.341960191726685, -739727.0, -49918.0)
(120, 13.473064661026001, -739727.0, -49918.0)
(121, 13.623884439468384, -739727.0, -49918.0)
(122, 13.754041910171509, -739727.0, -49918.0)
(123, 13.886485815048218, -739727.0, -49918.0)
(124, 14.018330574035645, -739727.0, -49918.0)
(125, 14.150062799453735, -739727.0, -49918.0)
(126, 14.283750057220459, -739727.0, -49918.0)
(127, 14.413577795028687, -739727.0, -49918.0)
(128, 14.544479846954346, -739727.0, -49918.0)
(129, 14.675912380218506, -739727.0, -49918.0)
(130, 14.805560111999512, -739727.0, -49918.0)
(131, 14.936125993728638, -739727.0, -49918.0)
(132, 15.067790746688843, -739727.0, -49918.0)
(133, 15.198326587677002, -739727.0, -49918.0)
(134, 15.32740569114685, -739727.0, -49918.0)
(135, 15.461707353591919, -739727.0, -49918.0)
(136, 15.595489025115967, -739727.0, -49918.0)
(137, 15.729535818099976, -739727.0, -49918.0)
(138, 15.86053466796875, -739727.0, -49918.0)
(139, 15.996762990951538, -739727.0, -49918.0)
(140, 16.13157057762146, -739727.0, -49918.0)
(141, 16.266164302825928, -739727.0, -49918.0)
(142, 16.405516147613525, -739727.0, -49918.0)
(143, 16.543883800506592, -739727.0, -49918.0)
(144, 16.684110641479492, -739727.0, -49918.0)
(145, 16.823662281036377, -739727.0, -49918.0)
(146, 16.962140798568726, -739727.0, -49918.0)
(147, 17.10116219520569, -739727.0, -49918.0)
(148, 17.236348152160645, -739727.0, -49918.0)
(149, 17.372228622436523, -739727.0, -49918.0)
(150, 17.50775718688965, -739727.0, -49918.0)
(151, 17.643609046936035, -739727.0, -49918.0)
(152, 17.781693935394287, -739727.0, -49918.0)
(153, 17.919795751571655, -739727.0, -49918.0)
(154, 18.059481620788574, -739727.0, -49918.0)
(155, 18.196911334991455, -739727.0, -49918.0)
(156, 18.33952307701111, -739727.0, -49918.0)
(157, 18.47770929336548, -739727.0, -49918.0)
(158, 18.614752054214478, -739727.0, -49918.0)
(159, 18.760700225830078, -739727.0, -49918.0)
(160, 18.902202129364014, -739727.0, -49918.0)
(161, 19.0426824092865, -739727.0, -49918.0)
(162, 19.19093108177185, -739727.0, -49918.0)
(163, 19.336390256881714, -739727.0, -49918.0)
(164, 19.479162216186523, -739727.0, -49918.0)
(165, 19.626584768295288, -739727.0, -49918.0)
(166, 19.770779609680176, -739727.0, -49918.0)
(167, 19.915764808654785, -739727.0, -49918.0)
(168, 20.063435554504395, -739727.0, -49918.0)
(169, 20.208566427230835, -739727.0, -49918.0)
(170, 20.356082677841187, -739727.0, -49918.0)
(171, 20.503633499145508, -739727.0, -49918.0)
(172, 20.648467540740967, -739727.0, -49918.0)
(173, 20.798864603042603, -739727.0, -49918.0)
(174, 20.943090677261353, -739727.0, -49918.0)
(175, 21.09166145324707, -739727.0, -49918.0)
(176, 21.240728616714478, -739727.0, -49918.0)
(177, 21.384302854537964, -739727.0, -49918.0)
(178, 21.533583164215088, -739727.0, -49918.0)
(179, 21.680797338485718, -739727.0, -49918.0)
(180, 21.832066774368286, -739727.0, -49918.0)
(181, 21.980926036834717, -739727.0, -49918.0)
(182, 22.13179612159729, -739727.0, -49918.0)
(183, 22.2771155834198, -739727.0, -49918.0)
(184, 22.43194031715393, -739727.0, -49918.0)
(185, 22.59805989265442, -739727.0, -49918.0)
(186, 22.756691932678223, -739727.0, -49918.0)
(187, 22.91087245941162, -739727.0, -49918.0)
(188, 23.065162181854248, -739727.0, -49918.0)
(189, 23.217154026031494, -739727.0, -49918.0)
(190, 23.370067596435547, -739727.0, -49918.0)
(191, 23.523210525512695, -739727.0, -49918.0)
(192, 23.677500247955322, -739727.0, -49918.0)
(193, 23.827544927597046, -739727.0, -49918.0)
(194, 23.986893892288208, -739727.0, -49918.0)
(195, 24.14281964302063, -739727.0, -49918.0)
(196, 24.295058012008667, -739727.0, -49918.0)
(197, 24.44811773300171, -739727.0, -49918.0)
(198, 24.60391354560852, -739727.0, -49918.0)
(199, 24.758375644683838, -739727.0, -49918.0)
(200, 24.913251161575317, -739727.0, -49918.0)
(201, 25.0666983127594, -739727.0, -49918.0)
(202, 25.221300840377808, -739727.0, -49918.0)
(203, 25.378095388412476, -739727.0, -49918.0)
(204, 25.53733491897583, -739727.0, -49918.0)
(205, 25.692480087280273, -739727.0, -49918.0)
(206, 25.851359367370605, -739727.0, -49918.0)
(207, 26.014036417007446, -739727.0, -49918.0)
(208, 26.17788553237915, -739727.0, -49918.0)
(209, 26.340827703475952, -739727.0, -49918.0)
(210, 26.50539517402649, -739727.0, -49918.0)
(211, 26.66682267189026, -739727.0, -49918.0)
(212, 26.83263373374939, -739727.0, -49918.0)
(213, 26.992340087890625, -739727.0, -49918.0)
(214, 27.15279245376587, -739727.0, -49918.0)
(215, 27.31319761276245, -739727.0, -49918.0)
(216, 27.47465443611145, -739727.0, -49918.0)
(217, 27.633320331573486, -739727.0, -49918.0)
(218, 27.798085689544678, -739727.0, -49918.0)
(219, 27.957186937332153, -739727.0, -49918.0)
(220, 28.121150255203247, -739727.0, -49918.0)
(221, 28.28404664993286, -739727.0, -49918.0)
(222, 28.447081565856934, -739727.0, -49918.0)
(223, 28.61871647834778, -739727.0, -49918.0)
(224, 28.777970552444458, -739727.0, -49918.0)
(225, 28.943445920944214, -739727.0, -49918.0)
(226, 29.111921548843384, -739727.0, -49918.0)
(227, 29.278992176055908, -739727.0, -49918.0)
(228, 29.453009605407715, -739727.0, -49918.0)
(229, 29.62602210044861, -739727.0, -49918.0)
(230, 29.795438051223755, -739727.0, -49918.0)
(231, 29.966707229614258, -739727.0, -49918.0)
(232, 30.133038759231567, -739727.0, -49918.0)
(233, 30.301482439041138, -739727.0, -49918.0)
(234, 30.474242687225342, -739727.0, -49918.0)
(235, 30.643810272216797, -739727.0, -49918.0)
(236, 30.81514310836792, -739727.0, -49918.0)
(237, 30.985690116882324, -739727.0, -49918.0)
(238, 31.149945497512817, -739727.0, -49918.0)
(239, 31.322705030441284, -739727.0, -49918.0)
(240, 31.489376068115234, -739727.0, -49918.0)
(241, 31.65564274787903, -739727.0, -49918.0)
(242, 31.818555116653442, -739727.0, -49918.0)
(243, 31.991617441177368, -739727.0, -49918.0)
(244, 32.16338610649109, -739727.0, -49918.0)
(245, 32.333322048187256, -739727.0, -49918.0)
(246, 32.5085244178772, -739727.0, -49918.0)
(247, 32.673532247543335, -690334.7586206896, -49918.0)
(248, 32.83916640281677, -690334.7586206896, -49918.0)
(249, 33.00050473213196, -690334.7586206896, -49918.0)
(250, 33.162471294403076, -690334.7586206896, -49918.0)
(251, 33.32411599159241, -690334.7586206896, -49918.0)
(252, 33.48407530784607, -690334.7586206896, -49918.0)
(253, 33.646666049957275, -690334.7586206896, -49918.0)
(254, 33.80929493904114, -690334.7586206896, -49918.0)
(255, 33.971354484558105, -690334.7586206896, -49918.0)
(256, 34.1364209651947, -690334.7586206896, -49918.0)
(257, 34.30259346961975, -690334.7586206896, -49918.0)
(258, 34.46690511703491, -690334.7586206896, -49918.0)
(259, 34.63174533843994, -690334.7586206896, -49918.0)
(260, 34.803277015686035, -690334.7586206896, -49918.0)
(261, 34.9683153629303, -690334.7586206896, -49918.0)
(262, 35.1346275806427, -690334.7586206896, -49918.0)
(263, 35.29801940917969, -690334.7586206896, -49918.0)
(264, 35.462424516677856, -690334.7586206896, -49918.0)
(265, 35.62754797935486, -690334.7586206896, -49918.0)
(266, 35.79162073135376, -690334.7586206896, -49918.0)
(267, 35.95622992515564, -690334.7586206896, -49918.0)
(268, 36.12236714363098, -690334.7586206896, -49918.0)
(269, 36.28804659843445, -690334.7586206896, -49918.0)
(270, 36.45175647735596, -690334.7586206896, -49918.0)
(271, 36.614487171173096, -690334.7586206896, -49918.0)
(272, 36.78083896636963, -690334.7586206896, -49918.0)
(273, 36.94955587387085, -690334.7586206896, -49918.0)
(274, 37.117945432662964, -690334.7586206896, -49918.0)
(275, 37.308440923690796, -690334.7586206896, -49918.0)
(276, 37.47332501411438, -690334.7586206896, -49918.0)
(277, 37.64398670196533, -690334.7586206896, -49918.0)
(278, 37.8110089302063, -690334.7586206896, -49918.0)
(279, 37.97689485549927, -690334.7586206896, -49918.0)
(280, 38.14818453788757, -690334.7586206896, -49918.0)
(281, 38.316641330718994, -690334.7586206896, -49918.0)
(282, 38.48614287376404, -690334.7586206896, -49918.0)
(283, 38.65629172325134, -690334.7586206896, -49918.0)
(284, 38.83196043968201, -690334.7586206896, -49918.0)
(285, 39.002015352249146, -690334.7586206896, -49918.0)
(286, 39.17524266242981, -690334.7586206896, -49918.0)
(287, 39.348766565322876, -690334.7586206896, -49918.0)
(288, 39.521713972091675, -690334.7586206896, -49918.0)
(289, 39.69340419769287, -690334.7586206896, -49918.0)
(290, 39.86644649505615, -690334.7586206896, -49918.0)
(291, 40.039244651794434, -690334.7586206896, -49918.0)
(292, 40.210736989974976, -690334.7586206896, -49918.0)
(293, 40.38728737831116, -690334.7586206896, -49918.0)
(294, 40.560216665267944, -690334.7586206896, -49918.0)
(295, 40.73404312133789, -690334.7586206896, -49918.0)
(296, 40.90535759925842, -690334.7586206896, -49918.0)
(297, 41.083521127700806, -690334.7586206896, -49918.0)
(298, 41.2553551197052, -690334.7586206896, -49918.0)
(299, 41.42940711975098, -690334.7586206896, -49918.0)
(300, 41.61229920387268, -690334.7586206896, -49918.0)
(301, 41.794636249542236, -690334.7586206896, -49918.0)
(302, 41.97635817527771, -690334.7586206896, -49918.0)
(303, 42.15499806404114, -690334.7586206896, -49918.0)
(304, 42.336875200271606, -690334.7586206896, -49918.0)
(305, 42.512232303619385, -690334.7586206896, -49918.0)
(306, 42.69077253341675, -690334.7586206896, -49918.0)
(307, 42.86878728866577, -690334.7586206896, -49918.0)
(308, 43.04790425300598, -690334.7586206896, -49918.0)
(309, 43.226675271987915, -690334.7586206896, -49918.0)
(310, 43.40786409378052, -690334.7586206896, -49918.0)
(311, 43.58737826347351, -690334.7586206896, -49918.0)
(312, 43.76580786705017, -690334.7586206896, -49918.0)
(313, 43.94956851005554, -690334.7586206896, -49918.0)
(314, 44.13088583946228, -690334.7586206896, -49918.0)
(315, 44.311617851257324, -690334.7586206896, -49918.0)
(316, 44.49176096916199, -690334.7586206896, -49918.0)
(317, 44.67972135543823, -690334.7586206896, -49918.0)
(318, 44.87244987487793, -690334.7586206896, -49918.0)
(319, 45.052086353302, -690334.7586206896, -49918.0)
(320, 45.228975772857666, -690334.7586206896, -49918.0)
(321, 45.417478799819946, -690334.7586206896, -49918.0)
(322, 45.59773564338684, -690334.7586206896, -49918.0)
(323, 45.777334213256836, -690334.7586206896, -49918.0)
(324, 45.969921827316284, -690334.7586206896, -49918.0)
(325, 46.16456484794617, -690334.7586206896, -49918.0)
(326, 46.356431007385254, -690334.7586206896, -49918.0)
(327, 46.53833198547363, -690334.7586206896, -49918.0)
(328, 46.72304582595825, -690334.7586206896, -49918.0)
(329, 46.908759355545044, -690334.7586206896, -49918.0)
(330, 47.09745240211487, -690334.7586206896, -49918.0)
(331, 47.284180641174316, -690334.7586206896, -49918.0)
(332, 47.479724407196045, -690334.7586206896, -49918.0)
(333, 47.665247678756714, -690334.7586206896, -49918.0)
(334, 47.856072425842285, -690334.7586206896, -49918.0)
(335, 48.04499864578247, -690334.7586206896, -49918.0)
(336, 48.23040413856506, -690334.7586206896, -49918.0)
(337, 48.42155981063843, -690334.7586206896, -49918.0)
(338, 48.603806018829346, -690334.7586206896, -49918.0)
(339, 48.79585337638855, -690334.7586206896, -49918.0)
(340, 48.98800563812256, -690334.7586206896, -49918.0)
(341, 49.17632341384888, -690334.7586206896, -49918.0)
(342, 49.36111497879028, -690334.7586206896, -49918.0)
(343, 49.54592943191528, -690334.7586206896, -49918.0)
(344, 49.7303307056427, -690334.7586206896, -49918.0)
(345, 49.92178535461426, -690334.7586206896, -49918.0)
(346, 50.11061954498291, -690334.7586206896, -49918.0)
(347, 50.309648513793945, -690334.7586206896, -49918.0)
(348, 50.503995180130005, -690334.7586206896, -49918.0)
(349, 50.69260549545288, -690334.7586206896, -49918.0)
(350, 50.88923478126526, -690334.7586206896, -49918.0)
(351, 51.07940721511841, -690334.7586206896, -49918.0)
(352, 51.26865267753601, -690334.7586206896, -49918.0)
(353, 51.47024893760681, -690334.7586206896, -49918.0)
(354, 51.67236614227295, -690334.7586206896, -49918.0)
(355, 51.8648419380188, -690334.7586206896, -49918.0)
(356, 52.05096673965454, -690334.7586206896, -49918.0)
(357, 52.25454497337341, -690334.7586206896, -49918.0)
(358, 52.447304487228394, -690334.7586206896, -49918.0)
(359, 52.653162479400635, -690334.7586206896, -49918.0)
(360, 52.85827040672302, -690334.7586206896, -49918.0)
(361, 53.05872130393982, -690334.7586206896, -49918.0)
(362, 53.2566614151001, -690334.7586206896, -49918.0)
(363, 53.45639419555664, -690334.7586206896, -49918.0)
(364, 53.65368723869324, -690334.7586206896, -49918.0)
(365, 53.84314322471619, -690334.7586206896, -49918.0)
(366, 54.03828811645508, -690334.7586206896, -49918.0)
(367, 54.232179403305054, -690334.7586206896, -49918.0)
(368, 54.430187463760376, -690334.7586206896, -49918.0)
(369, 54.62212300300598, -690334.7586206896, -49918.0)
(370, 54.828625202178955, -690334.7586206896, -49918.0)
(371, 55.03013896942139, -690334.7586206896, -49918.0)
(372, 55.23173904418945, -690334.7586206896, -49918.0)
(373, 55.43944978713989, -690334.7586206896, -49918.0)
(374, 55.637595415115356, -690334.7586206896, -49918.0)
(375, 55.83428430557251, -690334.7586206896, -49918.0)
(376, 56.050660371780396, -690334.7586206896, -49918.0)
(377, 56.267966508865356, -690334.7586206896, -49918.0)
(378, 56.486151456832886, -690334.7586206896, -49918.0)
(379, 56.6991548538208, -690334.7586206896, -49918.0)
(380, 56.90578651428223, -690334.7586206896, -49918.0)
(381, 57.105560541152954, -690334.7586206896, -49918.0)
(382, 57.30516576766968, -690334.7586206896, -49918.0)
(383, 57.5060601234436, -690334.7586206896, -49918.0)
(384, 57.7086398601532, -690334.7586206896, -49918.0)
(385, 57.913018465042114, -690334.7586206896, -49918.0)
(386, 58.113086223602295, -690334.7586206896, -49918.0)
(387, 58.32075595855713, -690334.7586206896, -49918.0)
(388, 58.52491784095764, -690334.7586206896, -49918.0)
(389, 58.73834466934204, -690334.7586206896, -49918.0)
(390, 58.94820046424866, -690334.7586206896, -49918.0)
(391, 59.1577525138855, -690334.7586206896, -49918.0)
(392, 59.3604040145874, -690334.7586206896, -49918.0)
(393, 59.57574701309204, -690334.7586206896, -49918.0)
(394, 59.78341794013977, -690334.7586206896, -49918.0)
(395, 59.98935055732727, -690334.7586206896, -49918.0)
(396, 60.1934769153595, -690334.7586206896, -49918.0)
(397, 60.40680932998657, -690334.7586206896, -49918.0)
(398, 60.613670349121094, -690334.7586206896, -49918.0)
(399, 60.81975793838501, -690334.7586206896, -49918.0)
(400, 61.02637958526611, -690334.7586206896, -49918.0)
(401, 61.239142656326294, -690334.7586206896, -49918.0)
(402, 61.452544927597046, -690334.7586206896, -49918.0)
(403, 61.66470527648926, -690334.7586206896, -49918.0)
(404, 61.89010286331177, -690334.7586206896, -49918.0)
(405, 62.10175156593323, -690334.7586206896, -49918.0)
(406, 62.31771945953369, -690334.7586206896, -49918.0)
(407, 62.525511026382446, -690334.7586206896, -49918.0)
(408, 62.73650097846985, -690334.7586206896, -49918.0)
(409, 62.9456307888031, -690334.7586206896, -49918.0)
(410, 63.158998250961304, -690334.7586206896, -49918.0)
(411, 63.36671304702759, -690334.7586206896, -49918.0)
(412, 63.57612419128418, -690334.7586206896, -49918.0)
(413, 63.78392815589905, -690334.7586206896, -49918.0)
(414, 63.99200916290283, -690334.7586206896, -49918.0)
(415, 64.20554566383362, -690334.7586206896, -49918.0)
(416, 64.41450428962708, -690334.7586206896, -49918.0)
(417, 64.6198239326477, -690334.7586206896, -49918.0)
(418, 64.82806205749512, -690334.7586206896, -49918.0)
(419, 65.0486536026001, -690334.7586206896, -49918.0)
(420, 65.28132653236389, -690334.7586206896, -49918.0)
(421, 65.50140118598938, -690334.7586206896, -49918.0)
(422, 65.71551871299744, -690334.7586206896, -49918.0)
(423, 65.9290235042572, -690334.7586206896, -49918.0)
(424, 66.1393096446991, -690334.7586206896, -49918.0)
(425, 66.35135102272034, -690334.7586206896, -49918.0)
(426, 66.56292963027954, -690334.7586206896, -49918.0)
(427, 66.78214907646179, -690334.7586206896, -49918.0)
(428, 67.03275966644287, -690334.7586206896, -49918.0)
(429, 67.25430369377136, -690334.7586206896, -49918.0)
(430, 67.47341418266296, -690334.7586206896, -49918.0)
(431, 67.69291353225708, -690334.7586206896, -49918.0)
(432, 67.9133677482605, -690334.7586206896, -49918.0)
(433, 68.13439846038818, -690334.7586206896, -49918.0)
(434, 68.35240817070007, -690334.7586206896, -49918.0)
(435, 68.57207727432251, -690334.7586206896, -49918.0)
(436, 68.79171514511108, -690334.7586206896, -49918.0)
(437, 69.00671458244324, -690334.7586206896, -49918.0)
(438, 69.22737550735474, -690334.7586206896, -49918.0)
(439, 69.44233083724976, -690334.7586206896, -49918.0)
(440, 69.67209124565125, -690334.7586206896, -49918.0)
(441, 69.88860011100769, -690334.7586206896, -49918.0)
(442, 70.12345457077026, -690334.7586206896, -49918.0)
(443, 70.34951758384705, -690334.7586206896, -49918.0)
(444, 70.59685730934143, -690334.7586206896, -49918.0)
(445, 70.845139503479, -690334.7586206896, -49918.0)
(446, 71.08368110656738, -690334.7586206896, -49918.0)
(447, 71.31608176231384, -690334.7586206896, -49918.0)
(448, 71.54014110565186, -690334.7586206896, -49918.0)
(449, 71.75912141799927, -690334.7586206896, -49918.0)
(450, 71.99788784980774, -690334.7586206896, -49918.0)
(451, 72.24184656143188, -690334.7586206896, -49918.0)
(452, 72.46909666061401, -690334.7586206896, -49918.0)
(453, 72.70273017883301, -690334.7586206896, -49918.0)
(454, 72.92924332618713, -690334.7586206896, -49918.0)
(455, 73.1564416885376, -690334.7586206896, -49918.0)
(456, 73.392094373703, -690334.7586206896, -49918.0)
(457, 73.62966465950012, -690334.7586206896, -49918.0)
(458, 73.88519406318665, -690334.7586206896, -49918.0)
(459, 74.13525176048279, -690334.7586206896, -49918.0)
(460, 74.37014245986938, -690334.7586206896, -49918.0)
(461, 74.60722827911377, -690334.7586206896, -49918.0)
(462, 74.84421038627625, -690334.7586206896, -49918.0)
(463, 75.08375906944275, -690334.7586206896, -49918.0)
(464, 75.31353163719177, -690334.7586206896, -49918.0)
(465, 75.55417537689209, -690334.7586206896, -49918.0)
(466, 75.78985619544983, -690334.7586206896, -49918.0)
(467, 76.02539038658142, -690334.7586206896, -49918.0)
(468, 76.26052832603455, -690334.7586206896, -49918.0)
(469, 76.49187707901001, -690334.7586206896, -49918.0)
(470, 76.75445175170898, -690334.7586206896, -49918.0)
(471, 76.9904408454895, -690334.7586206896, -49918.0)
(472, 77.23070669174194, -690334.7586206896, -49918.0)
(473, 77.46830296516418, -690334.7586206896, -49918.0)
(474, 77.69943833351135, -690334.7586206896, -49918.0)
(475, 77.93980860710144, -690334.7586206896, -49918.0)
(476, 78.17232656478882, -690334.7586206896, -49918.0)
(477, 78.41286158561707, -690334.7586206896, -49918.0)
(478, 78.64335227012634, -690334.7586206896, -49918.0)
(479, 78.88486433029175, -690334.7586206896, -49918.0)
(480, 79.12435984611511, -690334.7586206896, -49918.0)
(481, 79.35659670829773, -690334.7586206896, -49918.0)
(482, 79.61847591400146, -690334.7586206896, -49918.0)
(483, 79.87114214897156, -690334.7586206896, -49918.0)
(484, 80.11390161514282, -690334.7586206896, -49918.0)
(485, 80.35242581367493, -690334.7586206896, -49918.0)
(486, 80.59823226928711, -690334.7586206896, -49918.0)
(487, 80.84182906150818, -690334.7586206896, -49918.0)
(488, 81.07844257354736, -690334.7586206896, -49918.0)
(489, 81.31743478775024, -690334.7586206896, -49918.0)
(490, 81.55207324028015, -690334.7586206896, -49918.0)
(491, 81.80189633369446, -690334.7586206896, -49918.0)
(492, 82.03721570968628, -690334.7586206896, -49918.0)
(493, 82.27533411979675, -690334.7586206896, -49918.0)
(494, 82.51005148887634, -690334.7586206896, -49918.0)
(495, 82.7444634437561, -690334.7586206896, -49918.0)
(496, 82.99520421028137, -690334.7586206896, -49918.0)
(497, 83.26424741744995, -690334.7586206896, -49918.0)
(498, 83.52432894706726, -690334.7586206896, -49918.0)
(499, 83.78432202339172, -690334.7586206896, -49918.0)
(500, 84.03310060501099, -690334.7586206896, -49918.0)
(501, 84.29346227645874, -690334.7586206896, -49918.0)
(502, 84.5484926700592, -690334.7586206896, -49918.0)
(503, 84.80068111419678, -690334.7586206896, -49918.0)
(504, 85.0661461353302, -690334.7586206896, -49918.0)
(505, 85.32140016555786, -690334.7586206896, -49918.0)
(506, 85.58020949363708, -690334.7586206896, -49918.0)
(507, 85.83606052398682, -690334.7586206896, -49918.0)
(508, 86.09269618988037, -690334.7586206896, -49918.0)
(509, 86.34250783920288, -690334.7586206896, -49918.0)
(510, 86.58884811401367, -690334.7586206896, -49918.0)
(511, 86.83852171897888, -690334.7586206896, -49918.0)
(512, 87.08739185333252, -690334.7586206896, -49918.0)
(513, 87.33182501792908, -690334.7586206896, -49918.0)
(514, 87.57671427726746, -690334.7586206896, -49918.0)
(515, 87.81448411941528, -690334.7586206896, -49918.0)
(516, 88.06565141677856, -690334.7586206896, -49918.0)
(517, 88.32296323776245, -690334.7586206896, -49918.0)
(518, 88.57341527938843, -690334.7586206896, -49918.0)
(519, 88.81939768791199, -690334.7586206896, -49918.0)
(520, 89.06721043586731, -690334.7586206896, -49918.0)
(521, 89.33409714698792, -690334.7586206896, -49918.0)
(522, 89.59286236763, -690334.7586206896, -49918.0)
(523, 89.86052656173706, -690334.7586206896, -49918.0)
(524, 90.14577460289001, -690334.7586206896, -49918.0)
(525, 90.41234993934631, -690334.7586206896, -49918.0)
(526, 90.6955316066742, -690334.7586206896, -49918.0)
(527, 90.9583990573883, -690334.7586206896, -49918.0)
(528, 91.21897649765015, -690334.7586206896, -49918.0)
(529, 91.47712588310242, -690334.7586206896, -49918.0)
(530, 91.7222170829773, -690334.7586206896, -49918.0)
(531, 91.98613786697388, -690334.7586206896, -49918.0)
(532, 92.24583435058594, -690334.7586206896, -49918.0)
(533, 92.52001619338989, -690334.7586206896, -49918.0)
(534, 92.79872560501099, -690334.7586206896, -49918.0)
(535, 93.09340047836304, -690334.7586206896, -49918.0)
(536, 93.37194609642029, -690334.7586206896, -49918.0)
(537, 93.64187431335449, -690334.7586206896, -49918.0)
(538, 93.91336989402771, -690334.7586206896, -49918.0)
(539, 94.18018054962158, -690334.7586206896, -49918.0)
(540, 94.44916486740112, -690334.7586206896, -49918.0)
(541, 94.71468877792358, -690334.7586206896, -49918.0)
(542, 94.97367405891418, -690334.7586206896, -49918.0)
(543, 95.2452540397644, -690334.7586206896, -49918.0)
(544, 95.50586295127869, -690334.7586206896, -49918.0)
(545, 95.7794771194458, -690334.7586206896, -49918.0)
(546, 96.05665898323059, -690334.7586206896, -49918.0)
(547, 96.35683727264404, -636389.4975880679, -49918.0)
(548, 96.66296458244324, -636389.4975880679, -49918.0)
(549, 96.92861151695251, -636389.4975880679, -49918.0)
(550, 97.25178694725037, -636389.4975880679, -49918.0)
(551, 97.54217481613159, -636389.4975880679, -49918.0)
(552, 97.80645942687988, -636389.4975880679, -49918.0)
(553, 98.07170724868774, -636389.4975880679, -49918.0)
(554, 98.32028388977051, -636389.4975880679, -49918.0)
(555, 98.57150793075562, -636389.4975880679, -49918.0)
(556, 98.82410550117493, -636389.4975880679, -49918.0)
(557, 99.08863258361816, -636389.4975880679, -49918.0)
(558, 99.34417247772217, -636389.4975880679, -49918.0)
(559, 99.59684586524963, -636389.4975880679, -49918.0)
(560, 99.85362410545349, -636389.4975880679, -49918.0)
(561, 100.10627746582031, -636389.4975880679, -49918.0)
(562, 100.35821032524109, -636389.4975880679, -49918.0)
(563, 100.61678194999695, -636389.4975880679, -49918.0)
(564, 100.88610076904297, -636389.4975880679, -49918.0)
(565, 101.14571189880371, -636389.4975880679, -49918.0)
(566, 101.41009759902954, -636389.4975880679, -49918.0)
(567, 101.66785788536072, -636389.4975880679, -49918.0)
(568, 101.93475079536438, -636389.4975880679, -49918.0)
(569, 102.19421768188477, -636389.4975880679, -49918.0)
(570, 102.45737147331238, -636389.4975880679, -49918.0)
(571, 102.72687816619873, -636389.4975880679, -49918.0)
(572, 102.99018025398254, -636389.4975880679, -49918.0)
(573, 103.25269770622253, -636389.4975880679, -49918.0)
(574, 103.52321743965149, -636389.4975880679, -49918.0)
(575, 103.7892541885376, -636389.4975880679, -49918.0)
(576, 104.04984474182129, -636389.4975880679, -49918.0)
(577, 104.33599638938904, -636389.4975880679, -49918.0)
(578, 104.59560012817383, -636389.4975880679, -49918.0)
(579, 104.85419034957886, -636389.4975880679, -49918.0)
(580, 105.11681056022644, -636389.4975880679, -49918.0)
(581, 105.38362526893616, -636389.4975880679, -49918.0)
(582, 105.64914965629578, -636389.4975880679, -49918.0)
(583, 105.9150938987732, -636389.4975880679, -49918.0)
(584, 106.1864824295044, -636389.4975880679, -49918.0)
(585, 106.45586490631104, -636389.4975880679, -49918.0)
(586, 106.7240629196167, -636389.4975880679, -49918.0)
(587, 106.99057459831238, -636389.4975880679, -49918.0)
(588, 107.26940560340881, -636389.4975880679, -49918.0)
(589, 107.54139804840088, -636389.4975880679, -49918.0)
(590, 107.80844211578369, -636389.4975880679, -49918.0)
(591, 108.07518601417542, -636389.4975880679, -49918.0)
(592, 108.3436017036438, -636389.4975880679, -49918.0)
(593, 108.61449718475342, -636389.4975880679, -49918.0)
(594, 108.8834273815155, -636389.4975880679, -49918.0)
(595, 109.15419220924377, -636389.4975880679, -49918.0)
(596, 109.41809320449829, -636389.4975880679, -49918.0)
(597, 109.7092592716217, -636389.4975880679, -49918.0)
(598, 109.98172736167908, -636389.4975880679, -49918.0)
(599, 110.26215648651123, -636389.4975880679, -49918.0)
(600, 110.52925658226013, -636389.4975880679, -49918.0)
(601, 110.82188272476196, -636389.4975880679, -49918.0)
(602, 111.1096305847168, -636389.4975880679, -49918.0)
(603, 111.39492845535278, -636389.4975880679, -49918.0)
(604, 111.66733050346375, -636389.4975880679, -49918.0)
(605, 111.94157290458679, -636389.4975880679, -49918.0)
(606, 112.22547149658203, -636389.4975880679, -49918.0)
(607, 112.50108242034912, -636389.4975880679, -49918.0)
(608, 112.7762143611908, -636389.4975880679, -49918.0)
(609, 113.09292387962341, -636389.4975880679, -49918.0)
(610, 113.37042617797852, -636389.4975880679, -49918.0)
(611, 113.64816045761108, -636389.4975880679, -49918.0)
(612, 113.91786575317383, -636389.4975880679, -49918.0)
(613, 114.20327758789062, -636389.4975880679, -49918.0)
(614, 114.47893476486206, -636389.4975880679, -49918.0)
(615, 114.7530927658081, -636389.4975880679, -49918.0)
(616, 115.02675580978394, -636389.4975880679, -49918.0)
(617, 115.304771900177, -636389.4975880679, -49918.0)
(618, 115.57906079292297, -636389.4975880679, -49918.0)
(619, 115.85530304908752, -636389.4975880679, -49918.0)
(620, 116.15322065353394, -636389.4975880679, -49918.0)
(621, 116.44018864631653, -636389.4975880679, -49918.0)
(622, 116.7235677242279, -636389.4975880679, -49918.0)
(623, 117.00296831130981, -636389.4975880679, -49918.0)
(624, 117.2869553565979, -636389.4975880679, -49918.0)
(625, 117.57207989692688, -636389.4975880679, -49918.0)
(626, 117.861154794693, -636389.4975880679, -49918.0)
(627, 118.16412591934204, -636389.4975880679, -49918.0)
(628, 118.44171357154846, -636389.4975880679, -49918.0)
(629, 118.7463788986206, -636389.4975880679, -49918.0)
(630, 119.05394077301025, -636389.4975880679, -49918.0)
(631, 119.34635424613953, -636389.4975880679, -49918.0)
(632, 119.64399361610413, -636389.4975880679, -49918.0)
(633, 119.96202754974365, -636389.4975880679, -49918.0)
(634, 120.26110935211182, -636389.4975880679, -49918.0)
(635, 120.5497362613678, -636389.4975880679, -49918.0)
(636, 120.83613848686218, -636389.4975880679, -49918.0)
(637, 121.12165951728821, -636389.4975880679, -49918.0)
(638, 121.41674375534058, -636389.4975880679, -49918.0)
(639, 121.70641160011292, -636389.4975880679, -49918.0)
(640, 122.00572466850281, -636389.4975880679, -49918.0)
(641, 122.3088150024414, -636389.4975880679, -49918.0)
(642, 122.60518836975098, -636389.4975880679, -49918.0)
(643, 122.8883843421936, -636389.4975880679, -49918.0)
(644, 123.18553352355957, -636389.4975880679, -49918.0)
(645, 123.47820281982422, -636389.4975880679, -49918.0)
(646, 123.77262854576111, -636389.4975880679, -49918.0)
(647, 124.06188321113586, -636389.4975880679, -49918.0)
(648, 124.35217022895813, -636389.4975880679, -49918.0)
(649, 124.63751935958862, -636389.4975880679, -49918.0)
(650, 124.93892431259155, -636389.4975880679, -49918.0)
(651, 125.22971963882446, -636389.4975880679, -49918.0)
(652, 125.53097653388977, -636389.4975880679, -49918.0)
(653, 125.82232189178467, -636389.4975880679, -49918.0)
(654, 126.11689710617065, -636389.4975880679, -49918.0)
(655, 126.44858241081238, -636389.4975880679, -49918.0)
(656, 126.75370478630066, -636389.4975880679, -49918.0)
(657, 127.05264949798584, -636389.4975880679, -49918.0)
(658, 127.3548219203949, -636389.4975880679, -49918.0)
(659, 127.67558884620667, -636389.4975880679, -49918.0)
(660, 127.976966381073, -636389.4975880679, -49918.0)
(661, 128.28106880187988, -636389.4975880679, -49918.0)
(662, 128.59075331687927, -636389.4975880679, -49918.0)
(663, 128.8876657485962, -636389.4975880679, -49918.0)
(664, 129.19609785079956, -636389.4975880679, -49918.0)
(665, 129.52290964126587, -636389.4975880679, -49918.0)
(666, 129.8435835838318, -636389.4975880679, -49918.0)
(667, 130.15313625335693, -636389.4975880679, -49918.0)
(668, 130.45831608772278, -636389.4975880679, -49918.0)
(669, 130.77156519889832, -636389.4975880679, -49918.0)
(670, 131.07670331001282, -636389.4975880679, -49918.0)
(671, 131.3915102481842, -636389.4975880679, -49918.0)
(672, 131.69256162643433, -636389.4975880679, -49918.0)
(673, 132.00837659835815, -636389.4975880679, -49918.0)
(674, 132.31902313232422, -636389.4975880679, -49918.0)
(675, 132.61597084999084, -636389.4975880679, -49918.0)
(676, 132.9314947128296, -636389.4975880679, -49918.0)
(677, 133.24351572990417, -636389.4975880679, -49918.0)
(678, 133.57431173324585, -636389.4975880679, -49918.0)
(679, 133.88300156593323, -636389.4975880679, -49918.0)
(680, 134.1959946155548, -636389.4975880679, -49918.0)
(681, 134.53327798843384, -636389.4975880679, -49918.0)
(682, 134.862459897995, -636389.4975880679, -49918.0)
(683, 135.19098281860352, -636389.4975880679, -49918.0)
(684, 135.5051462650299, -636389.4975880679, -49918.0)
(685, 135.8244469165802, -636389.4975880679, -49918.0)
(686, 136.14058327674866, -636389.4975880679, -49918.0)
(687, 136.44280910491943, -636389.4975880679, -49918.0)
(688, 136.74441242218018, -636389.4975880679, -49918.0)
(689, 137.05290484428406, -636389.4975880679, -49918.0)
(690, 137.3583538532257, -636389.4975880679, -49918.0)
(691, 137.6655809879303, -636389.4975880679, -49918.0)
(692, 137.96648955345154, -636389.4975880679, -49918.0)
(693, 138.26829028129578, -636389.4975880679, -49918.0)
(694, 138.5802104473114, -636389.4975880679, -49918.0)
(695, 138.9057264328003, -636389.4975880679, -49918.0)
(696, 139.24049949645996, -636389.4975880679, -49918.0)
(697, 139.56371521949768, -636389.4975880679, -49918.0)
(698, 139.9028124809265, -636389.4975880679, -49918.0)
(699, 140.23003029823303, -636389.4975880679, -49918.0)
(700, 140.55139660835266, -636389.4975880679, -49918.0)
(701, 140.87222719192505, -636389.4975880679, -49918.0)
(702, 141.19828391075134, -636389.4975880679, -49918.0)
(703, 141.510826587677, -636389.4975880679, -49918.0)
(704, 141.83400464057922, -636389.4975880679, -49918.0)
(705, 142.15426468849182, -636389.4975880679, -49918.0)
(706, 142.47554874420166, -636389.4975880679, -49918.0)
(707, 142.7955105304718, -636389.4975880679, -49918.0)
(708, 143.11296224594116, -636389.4975880679, -49918.0)
(709, 143.4379904270172, -636389.4975880679, -49918.0)
(710, 143.75034618377686, -636389.4975880679, -49918.0)
(711, 144.0742073059082, -636389.4975880679, -49918.0)
(712, 144.38910388946533, -636389.4975880679, -49918.0)
(713, 144.73607969284058, -636389.4975880679, -49918.0)
(714, 145.0538990497589, -636389.4975880679, -49918.0)
(715, 145.39731001853943, -636389.4975880679, -49918.0)
(716, 145.7167990207672, -636389.4975880679, -49918.0)
(717, 146.03015756607056, -636389.4975880679, -49918.0)
(718, 146.34740376472473, -636389.4975880679, -49918.0)
(719, 146.66538405418396, -636389.4975880679, -49918.0)
(720, 146.9870491027832, -636389.4975880679, -49918.0)
(721, 147.30392813682556, -636389.4975880679, -49918.0)
(722, 147.61802530288696, -636389.4975880679, -49918.0)
(723, 147.93289995193481, -636389.4975880679, -49918.0)
(724, 148.25967359542847, -636389.4975880679, -49918.0)
(725, 148.6017677783966, -636389.4975880679, -49918.0)
(726, 148.94164490699768, -636389.4975880679, -49918.0)
(727, 149.28615021705627, -636389.4975880679, -49918.0)
(728, 149.6202392578125, -636389.4975880679, -49918.0)
(729, 149.9464979171753, -636389.4975880679, -49918.0)
(730, 150.2683458328247, -636389.4975880679, -49918.0)
(731, 150.6006817817688, -636389.4975880679, -49918.0)
(732, 150.95176887512207, -636389.4975880679, -49918.0)
(733, 151.28933000564575, -636389.4975880679, -49918.0)
(734, 151.6574068069458, -636389.4975880679, -49918.0)
(735, 152.01785326004028, -636389.4975880679, -49918.0)
(736, 152.3654808998108, -636389.4975880679, -49918.0)
(737, 152.70401215553284, -636389.4975880679, -49918.0)
(738, 153.0498445034027, -636389.4975880679, -49918.0)
(739, 153.3884220123291, -636389.4975880679, -49918.0)
(740, 153.72497582435608, -636389.4975880679, -49918.0)
(741, 154.05127048492432, -636389.4975880679, -49918.0)
(742, 154.39302730560303, -636389.4975880679, -49918.0)
(743, 154.71823501586914, -636389.4975880679, -49918.0)
(744, 155.06387734413147, -636389.4975880679, -49918.0)
(745, 155.39001441001892, -636389.4975880679, -49918.0)
(746, 155.7250361442566, -636389.4975880679, -49918.0)
(747, 156.07991790771484, -636389.4975880679, -49918.0)
(748, 156.41547417640686, -636389.4975880679, -49918.0)
(749, 156.75149083137512, -636389.4975880679, -49918.0)
(750, 157.07621216773987, -636389.4975880679, -49918.0)
(751, 157.42276763916016, -636389.4975880679, -49918.0)
(752, 157.75008296966553, -636389.4975880679, -49918.0)
(753, 158.09708070755005, -636389.4975880679, -49918.0)
(754, 158.44474864006042, -636389.4975880679, -49918.0)
(755, 158.8261570930481, -636389.4975880679, -49918.0)
(756, 159.16827654838562, -636389.4975880679, -49918.0)
(757, 159.51908898353577, -636389.4975880679, -49918.0)
(758, 159.85387802124023, -636389.4975880679, -49918.0)
(759, 160.19189977645874, -636389.4975880679, -49918.0)
(760, 160.5233690738678, -636389.4975880679, -49918.0)
(761, 160.85770773887634, -636389.4975880679, -49918.0)
(762, 161.23564338684082, -636389.4975880679, -49918.0)
(763, 161.6043667793274, -636389.4975880679, -49918.0)
(764, 161.98968482017517, -636389.4975880679, -49918.0)
(765, 162.3611249923706, -636389.4975880679, -49918.0)
(766, 162.7073245048523, -636389.4975880679, -49918.0)
(767, 163.0833089351654, -636389.4975880679, -49918.0)
(768, 163.43486762046814, -636389.4975880679, -49918.0)
(769, 163.7818877696991, -636389.4975880679, -49918.0)
(770, 164.1248073577881, -636389.4975880679, -49918.0)
(771, 164.4701497554779, -636389.4975880679, -49918.0)
(772, 164.83493995666504, -636389.4975880679, -49918.0)
(773, 165.20034217834473, -636389.4975880679, -49918.0)
(774, 165.56070351600647, -636389.4975880679, -49918.0)
(775, 165.90884685516357, -636389.4975880679, -49918.0)
(776, 166.25108861923218, -636389.4975880679, -49918.0)
(777, 166.61389684677124, -636389.4975880679, -49918.0)
(778, 166.96443629264832, -636389.4975880679, -49918.0)
(779, 167.31284737586975, -636389.4975880679, -49918.0)
(780, 167.6798710823059, -636389.4975880679, -49918.0)
(781, 168.0534176826477, -636389.4975880679, -49918.0)
(782, 168.4201397895813, -636389.4975880679, -49918.0)
(783, 168.8280918598175, -636389.4975880679, -49918.0)
(784, 169.19922852516174, -636389.4975880679, -49918.0)
(785, 169.57334756851196, -636389.4975880679, -49918.0)
(786, 169.92866206169128, -636389.4975880679, -49918.0)
(787, 170.28628730773926, -636389.4975880679, -49918.0)
(788, 170.63759922981262, -636389.4975880679, -49918.0)
(789, 171.014892578125, -636389.4975880679, -49918.0)
(790, 171.3641459941864, -636389.4975880679, -49918.0)
(791, 171.71129655838013, -636389.4975880679, -49918.0)
(792, 172.05778074264526, -636389.4975880679, -49918.0)
(793, 172.42065525054932, -636389.4975880679, -49918.0)
(794, 172.7861213684082, -636389.4975880679, -49918.0)
(795, 173.15829730033875, -636389.4975880679, -49918.0)
(796, 173.54582357406616, -636389.4975880679, -49918.0)
(797, 173.90532279014587, -636389.4975880679, -49918.0)
(798, 174.29434204101562, -636389.4975880679, -49918.0)
(799, 174.65223002433777, -636389.4975880679, -49918.0)
(800, 175.01109504699707, -636389.4975880679, -49918.0)
(801, 175.38274383544922, -636389.4975880679, -49918.0)
(802, 175.74429368972778, -636389.4975880679, -49918.0)
(803, 176.11100006103516, -636389.4975880679, -49918.0)
(804, 176.4726424217224, -636389.4975880679, -49918.0)
(805, 176.84044981002808, -636389.4975880679, -49918.0)
(806, 177.2166244983673, -636389.4975880679, -49918.0)
(807, 177.6070363521576, -636389.4975880679, -49918.0)
(808, 177.96844053268433, -636389.4975880679, -49918.0)
(809, 178.31688117980957, -636389.4975880679, -49918.0)
(810, 178.70025324821472, -636389.4975880679, -49918.0)
(811, 179.07157254219055, -636389.4975880679, -49918.0)
(812, 179.45496892929077, -636389.4975880679, -49918.0)
(813, 179.80603075027466, -636389.4975880679, -49918.0)
(814, 180.16844630241394, -636389.4975880679, -49918.0)
(815, 180.5216884613037, -636389.4975880679, -49918.0)
(816, 180.89702081680298, -636389.4975880679, -49918.0)
(817, 181.2808804512024, -636389.4975880679, -49918.0)
(818, 181.6471884250641, -636389.4975880679, -49918.0)
(819, 182.0152359008789, -636389.4975880679, -49918.0)
(820, 182.40401077270508, -636389.4975880679, -49918.0)
(821, 182.76507663726807, -636389.4975880679, -49918.0)
(822, 183.17289686203003, -636389.4975880679, -49918.0)
(823, 183.53203439712524, -636389.4975880679, -49918.0)
(824, 183.91175270080566, -636389.4975880679, -49918.0)
(825, 184.28704166412354, -636389.4975880679, -49918.0)
(826, 184.69443440437317, -636389.4975880679, -49918.0)
(827, 185.0815396308899, -636389.4975880679, -49918.0)
(828, 185.4779155254364, -636389.4975880679, -49918.0)
(829, 185.86314010620117, -636389.4975880679, -49918.0)
(830, 186.24183893203735, -636389.4975880679, -49918.0)
(831, 186.6211814880371, -636389.4975880679, -49918.0)
(832, 187.06414246559143, -636389.4975880679, -49918.0)
(833, 187.48473739624023, -636389.4975880679, -49918.0)
(834, 187.87298345565796, -636389.4975880679, -49918.0)
(835, 188.24432611465454, -636389.4975880679, -49918.0)
(836, 188.61667108535767, -636389.4975880679, -49918.0)
(837, 188.98212122917175, -636389.4975880679, -49918.0)
(838, 189.3319730758667, -636389.4975880679, -49918.0)
(839, 189.69795036315918, -636389.4975880679, -49918.0)
(840, 190.06074118614197, -636389.4975880679, -49918.0)
(841, 190.43593001365662, -636389.4975880679, -49918.0)
(842, 190.81268048286438, -636389.4975880679, -49918.0)
(843, 191.1754014492035, -636389.4975880679, -49918.0)
(844, 191.5447793006897, -636389.4975880679, -49918.0)
(845, 191.92413926124573, -636389.4975880679, -49918.0)
(846, 192.289381980896, -636389.4975880679, -49918.0)
(847, 192.65394401550293, -636389.4975880679, -49918.0)
(848, 193.0580472946167, -636389.4975880679, -49918.0)
(849, 193.4470751285553, -636389.4975880679, -49918.0)
(850, 193.8161633014679, -636389.4975880679, -49918.0)
(851, 194.18205094337463, -636389.4975880679, -49918.0)
(852, 194.55001521110535, -636389.4975880679, -49918.0)
(853, 194.91346287727356, -636389.4975880679, -49918.0)
(854, 195.3007309436798, -636389.4975880679, -49918.0)
(855, 195.6796054840088, -636389.4975880679, -49918.0)
(856, 196.04939484596252, -636389.4975880679, -49918.0)
(857, 196.42268109321594, -636389.4975880679, -49918.0)
(858, 196.80050444602966, -636389.4975880679, -49918.0)
(859, 197.16926431655884, -636389.4975880679, -49918.0)
(860, 197.54041957855225, -636389.4975880679, -49918.0)
(861, 197.92903900146484, -636389.4975880679, -49918.0)
(862, 198.30805230140686, -636389.4975880679, -49918.0)
(863, 198.68136143684387, -636389.4975880679, -49918.0)
(864, 199.05973744392395, -636389.4975880679, -49918.0)
(865, 199.43210101127625, -636389.4975880679, -49918.0)
(866, 199.81418800354004, -636389.4975880679, -49918.0)
(867, 200.20316410064697, -636389.4975880679, -49918.0)
(868, 200.6063108444214, -636389.4975880679, -49918.0)
(869, 201.00049233436584, -636389.4975880679, -49918.0)
(870, 201.39285159111023, -636389.4975880679, -49918.0)
(871, 201.78892016410828, -636389.4975880679, -49918.0)
(872, 202.17560052871704, -636389.4975880679, -49918.0)
(873, 202.5506145954132, -636389.4975880679, -49918.0)
(874, 202.92628049850464, -636389.4975880679, -49918.0)
(875, 203.3041980266571, -636389.4975880679, -49918.0)
(876, 203.6797513961792, -636389.4975880679, -49918.0)
(877, 204.07686066627502, -636389.4975880679, -49918.0)
(878, 204.46166682243347, -636389.4975880679, -49918.0)
(879, 204.8398187160492, -636389.4975880679, -49918.0)
(880, 205.2281949520111, -636389.4975880679, -49918.0)
(881, 205.6022036075592, -636389.4975880679, -49918.0)
(882, 205.97594332695007, -636389.4975880679, -49918.0)
(883, 206.3812153339386, -636389.4975880679, -49918.0)
(884, 206.79136610031128, -636389.4975880679, -49918.0)
(885, 207.23007893562317, -636389.4975880679, -49918.0)
(886, 207.62856912612915, -636389.4975880679, -49918.0)
(887, 208.02388787269592, -636389.4975880679, -49918.0)
(888, 208.42197823524475, -636389.4975880679, -49918.0)
(889, 208.81668186187744, -636389.4975880679, -49918.0)
(890, 209.19715547561646, -636389.4975880679, -49918.0)
(891, 209.58243107795715, -636389.4975880679, -49918.0)
(892, 209.9802370071411, -636389.4975880679, -49918.0)
(893, 210.37456059455872, -636389.4975880679, -49918.0)
(894, 210.75607919692993, -636389.4975880679, -49918.0)
(895, 211.17476844787598, -636389.4975880679, -49918.0)
(896, 211.569837808609, -636389.4975880679, -49918.0)
(897, 211.94365000724792, -636389.4975880679, -49918.0)
(898, 212.3543221950531, -636389.4975880679, -49918.0)
(899, 212.75913047790527, -636389.4975880679, -49918.0)
(900, 213.15215492248535, -636389.4975880679, -49918.0)
(901, 213.5797369480133, -636389.4975880679, -49918.0)
(902, 213.98824214935303, -636389.4975880679, -49918.0)
(903, 214.3859965801239, -636389.4975880679, -49918.0)
(904, 214.7806270122528, -636389.4975880679, -49918.0)
(905, 215.18494629859924, -636389.4975880679, -49918.0)
(906, 215.57922911643982, -636389.4975880679, -49918.0)
(907, 215.9999761581421, -636389.4975880679, -49918.0)
(908, 216.40440225601196, -636389.4975880679, -49918.0)
(909, 216.81610679626465, -636389.4975880679, -49918.0)
(910, 217.237854719162, -636389.4975880679, -49918.0)
(911, 217.675767660141, -636389.4975880679, -49918.0)
(912, 218.13554620742798, -636389.4975880679, -49918.0)
(913, 218.55315232276917, -636389.4975880679, -49918.0)
(914, 218.99020147323608, -636389.4975880679, -49918.0)
(915, 219.41940569877625, -636389.4975880679, -49918.0)
(916, 219.83653831481934, -636389.4975880679, -49918.0)
(917, 220.24964809417725, -636389.4975880679, -49918.0)
(918, 220.65974283218384, -636389.4975880679, -49918.0)
(919, 221.07842683792114, -636389.4975880679, -49918.0)
(920, 221.48066687583923, -636389.4975880679, -49918.0)
(921, 221.8684298992157, -636389.4975880679, -49918.0)
(922, 222.28633546829224, -636389.4975880679, -49918.0)
(923, 222.68860030174255, -636389.4975880679, -49918.0)
(924, 223.0884246826172, -636389.4975880679, -49918.0)
(925, 223.4808955192566, -636389.4975880679, -49918.0)
(926, 223.8783609867096, -636389.4975880679, -49918.0)
(927, 224.29234194755554, -636389.4975880679, -49918.0)
(928, 224.69754266738892, -636389.4975880679, -49918.0)
(929, 225.1399245262146, -636389.4975880679, -49918.0)
(930, 225.55512285232544, -636389.4975880679, -49918.0)
(931, 225.95527529716492, -636389.4975880679, -49918.0)
(932, 226.343444108963, -636389.4975880679, -49918.0)
(933, 226.7481701374054, -636389.4975880679, -49918.0)
(934, 227.19883513450623, -636389.4975880679, -49918.0)
(935, 227.6275191307068, -636389.4975880679, -49918.0)
(936, 228.0359010696411, -636389.4975880679, -49918.0)
(937, 228.4371566772461, -636389.4975880679, -49918.0)
(938, 228.82497358322144, -636389.4975880679, -49918.0)
(939, 229.23201704025269, -636389.4975880679, -49918.0)
(940, 229.62997817993164, -636389.4975880679, -49918.0)
(941, 230.01999187469482, -636389.4975880679, -49918.0)
(942, 230.45962595939636, -636389.4975880679, -49918.0)
(943, 230.9115960597992, -636389.4975880679, -49918.0)
(944, 231.32100200653076, -636389.4975880679, -49918.0)
(945, 231.71930480003357, -636389.4975880679, -49918.0)
(946, 232.1127324104309, -636389.4975880679, -49918.0)
(947, 232.5650613307953, -636389.4975880679, -49918.0)
(948, 233.0059585571289, -636389.4975880679, -49918.0)
(949, 233.4270896911621, -636389.4975880679, -49918.0)
(950, 233.88176941871643, -636389.4975880679, -49918.0)
(951, 234.34930562973022, -636389.4975880679, -49918.0)
(952, 234.82127022743225, -636389.4975880679, -49918.0)
(953, 235.23901319503784, -636389.4975880679, -49918.0)
(954, 235.69796800613403, -636389.4975880679, -49918.0)
(955, 236.12829852104187, -636389.4975880679, -49918.0)
(956, 236.54954719543457, -636389.4975880679, -49918.0)
(957, 236.99361753463745, -636389.4975880679, -49918.0)
(958, 237.41240453720093, -636389.4975880679, -49918.0)
(959, 237.8402578830719, -636389.4975880679, -49918.0)
(960, 238.25928902626038, -636389.4975880679, -49918.0)
(961, 238.68404388427734, -636389.4975880679, -49918.0)
(962, 239.08960247039795, -636389.4975880679, -49918.0)
(963, 239.5270230770111, -636389.4975880679, -49918.0)
(964, 239.9523057937622, -636389.4975880679, -49918.0)
(965, 240.42147588729858, -636389.4975880679, -49918.0)
(966, 240.87339854240417, -636389.4975880679, -49918.0)
(967, 241.32476234436035, -636389.4975880679, -49918.0)
(968, 241.777690410614, -636389.4975880679, -49918.0)
(969, 242.23889422416687, -636389.4975880679, -49918.0)
(970, 242.68162298202515, -636389.4975880679, -49918.0)
(971, 243.14449524879456, -636389.4975880679, -49918.0)
(972, 243.61298179626465, -636389.4975880679, -49918.0)
(973, 244.02497005462646, -636389.4975880679, -49918.0)
(974, 244.4806351661682, -636389.4975880679, -49918.0)
(975, 244.9060287475586, -636389.4975880679, -49918.0)
(976, 245.3348639011383, -636389.4975880679, -49918.0)
(977, 245.80093359947205, -636389.4975880679, -49918.0)
(978, 246.26975440979004, -636389.4975880679, -49918.0)
(979, 246.68867087364197, -636389.4975880679, -49918.0)
(980, 247.16330528259277, -636389.4975880679, -49918.0)
(981, 247.61337804794312, -567017.3793103448, -49918.0)
(982, 248.17296290397644, -567017.3793103448, -49918.0)
(983, 248.65619277954102, -567017.3793103448, -49918.0)
(984, 249.14530968666077, -567017.3793103448, -49918.0)
(985, 249.60297513008118, -567017.3793103448, -49918.0)
(986, 250.04918718338013, -567017.3793103448, -49918.0)
(987, 250.50075006484985, -567017.3793103448, -49918.0)
(988, 250.9746356010437, -567017.3793103448, -49918.0)
(989, 251.40186977386475, -567017.3793103448, -49918.0)
(990, 251.8743760585785, -567017.3793103448, -49918.0)
(991, 252.33750462532043, -567017.3793103448, -49918.0)
(992, 252.78515625, -567017.3793103448, -49918.0)
(993, 253.2191755771637, -567017.3793103448, -49918.0)
(994, 253.65995383262634, -567017.3793103448, -49918.0)
(995, 254.11751532554626, -567017.3793103448, -49918.0)
(996, 254.7178337574005, -567017.3793103448, -49918.0)
(997, 255.16345977783203, -567017.3793103448, -49918.0)
(998, 255.6778666973114, -567017.3793103448, -49918.0)
(999, 256.1138505935669, -567017.3793103448, -49918.0)
(1000, 256.6241190433502, -567017.3793103448, -49918.0)
