(1, 0.08884787559509277, -361692.0, -25968.0)
(2, 0.17155146598815918, -361692.0, -25968.0)
(3, 0.2536122798919678, -357171.4210526316, -25968.0)
(4, 0.3358616828918457, -357171.4210526316, -25968.0)
(5, 0.4329049587249756, -357171.4210526316, -25968.0)
(6, 0.5168540477752686, -357171.4210526316, -25968.0)
(7, 0.5992813110351562, -357171.4210526316, -25968.0)
(8, 0.6811232566833496, -357171.4210526316, -25968.0)
(9, 0.7632088661193848, -357171.4210526316, -25968.0)
(10, 0.8458235263824463, -357171.4210526316, -25968.0)
(11, 0.9283945560455322, -357171.4210526316, -25968.0)
(12, 1.0111360549926758, -357171.4210526316, -25968.0)
(13, 1.093587875366211, -357171.4210526316, -25968.0)
(14, 1.176259994506836, -357171.4210526316, -25968.0)
(15, 1.2570087909698486, -328376.05263157893, -25968.0)
(16, 1.3368778228759766, -327378.6857142857, -25968.0)
(17, 1.4175443649291992, -327378.6857142857, -25968.0)
(18, 1.4976918697357178, -327378.6857142857, -25968.0)
(19, 1.5776798725128174, -327378.6857142857, -25968.0)
(20, 1.6574954986572266, -327378.6857142857, -25968.0)
(21, 1.7368769645690918, -327378.6857142857, -25968.0)
(22, 1.8169126510620117, -327378.6857142857, -25968.0)
(23, 1.8961255550384521, -327378.6857142857, -25968.0)
(24, 1.9756672382354736, -327378.6857142857, -25968.0)
(25, 2.0557808876037598, -327378.6857142857, -25968.0)
(26, 2.1351144313812256, -327378.6857142857, -25968.0)
(27, 2.2152516841888428, -327378.6857142857, -25968.0)
(28, 2.2949931621551514, -306722.64705882355, -25968.0)
(29, 2.3756051063537598, -306722.64705882355, -25968.0)
(30, 2.4553043842315674, -306722.64705882355, -25968.0)
(31, 2.535327434539795, -306722.64705882355, -25968.0)
(32, 2.6160147190093994, -306722.64705882355, -25968.0)
(33, 2.700409173965454, -306722.64705882355, -25968.0)
(34, 2.781986951828003, -306722.64705882355, -25968.0)
(35, 2.8647897243499756, -306722.64705882355, -25968.0)
(36, 2.948408365249634, -306722.64705882355, -25968.0)
(37, 3.0325212478637695, -306722.64705882355, -25968.0)
(38, 3.114513397216797, -264495.45454545453, -25968.0)
(39, 3.1921067237854004, -264495.45454545453, -25968.0)
(40, 3.2662899494171143, -264495.45454545453, -25968.0)
(41, 3.340864896774292, -264495.45454545453, -25968.0)
(42, 3.415811061859131, -264495.45454545453, -25968.0)
(43, 3.4897620677948, -264495.45454545453, -25968.0)
(44, 3.563894271850586, -264495.45454545453, -25968.0)
(45, 3.63759446144104, -264495.45454545453, -25968.0)
(46, 3.712773084640503, -264495.45454545453, -25968.0)
(47, 3.7883379459381104, -264495.45454545453, -25968.0)
(48, 3.8637442588806152, -264495.45454545453, -25968.0)
(49, 3.9391934871673584, -264495.45454545453, -25968.0)
(50, 4.015380144119263, -264495.45454545453, -25968.0)
(51, 4.090106964111328, -264495.45454545453, -25968.0)
(52, 4.167163848876953, -264495.45454545453, -25968.0)
(53, 4.241955757141113, -264495.45454545453, -25968.0)
(54, 4.3163957595825195, -249394.18181818182, -25968.0)
(55, 4.39221715927124, -249394.18181818182, -25968.0)
(56, 4.467105865478516, -249394.18181818182, -25968.0)
(57, 4.543271064758301, -249394.18181818182, -25968.0)
(58, 4.61850380897522, -249394.18181818182, -25968.0)
(59, 4.693525075912476, -249394.18181818182, -25968.0)
(60, 4.767688512802124, -249394.18181818182, -25968.0)
(61, 4.843080282211304, -249394.18181818182, -25968.0)
(62, 4.918540954589844, -234504.21875, -25968.0)
(63, 4.9940879344940186, -234504.21875, -25968.0)
(64, 5.069536209106445, -234504.21875, -25968.0)
(65, 5.144485235214233, -234504.21875, -25968.0)
(66, 5.219926595687866, -234504.21875, -25968.0)
(67, 5.295146226882935, -234504.21875, -25968.0)
(68, 5.371257066726685, -234504.21875, -25968.0)
(69, 5.446985960006714, -234504.21875, -25968.0)
(70, 5.522647380828857, -234504.21875, -25968.0)
(71, 5.59806489944458, -234504.21875, -25968.0)
(72, 5.67333197593689, -234504.21875, -25968.0)
(73, 5.747341871261597, -223393.0, -25968.0)
(74, 5.822382211685181, -220086.77586206896, -25968.0)
(75, 5.8984785079956055, -216520.0, -25968.0)
(76, 5.9778828620910645, -216520.0, -25968.0)
(77, 6.057675123214722, -216520.0, -25968.0)
(78, 6.132384777069092, -216520.0, -25968.0)
(79, 6.2046520709991455, -216520.0, -25968.0)
(80, 6.278161287307739, -216520.0, -25968.0)
(81, 6.348809480667114, -216520.0, -25968.0)
(82, 6.42576265335083, -200642.6875, -25968.0)
(83, 6.498697996139526, -199617.33333333334, -25968.0)
(84, 6.5732262134552, -199617.33333333334, -25968.0)
(85, 6.6462013721466064, -199617.33333333334, -25968.0)
(86, 6.7174973487854, -199617.33333333334, -25968.0)
(87, 6.789449214935303, -199617.33333333334, -25968.0)
(88, 6.863838195800781, -184355.5625, -25968.0)
(89, 6.937641620635986, -143020.12903225806, -25968.0)
(90, 7.005424976348877, -143020.12903225806, -25968.0)
(91, 7.071600914001465, -143020.12903225806, -25968.0)
(92, 7.136903285980225, -143020.12903225806, -25968.0)
(93, 7.20298171043396, -143020.12903225806, -25968.0)
(94, 7.268486976623535, -143020.12903225806, -25968.0)
(95, 7.33583664894104, -143020.12903225806, -25968.0)
(96, 7.402561187744141, -143020.12903225806, -25968.0)
(97, 7.470867395401001, -139271.11111111112, -25968.0)
(98, 7.5409088134765625, -134336.06666666665, -25968.0)
(99, 7.611140251159668, -134336.06666666665, -25968.0)
(100, 7.67811393737793, -134336.06666666665, -25968.0)
(101, 7.7428858280181885, -134336.06666666665, -25968.0)
(102, 7.807606220245361, -134336.06666666665, -25968.0)
(103, 7.872220039367676, -134336.06666666665, -25968.0)
(104, 7.935764789581299, -134336.06666666665, -25968.0)
(105, 8.000048398971558, -111232.99999999999, -25968.0)
(106, 8.06449031829834, -90271.73333333334, -25968.0)
(107, 8.127567768096924, -90271.73333333334, -25968.0)
(108, 8.189189910888672, -90271.73333333334, -25968.0)
(109, 8.25318193435669, -90271.73333333334, -25968.0)
(110, 8.315565347671509, -90271.73333333334, -25968.0)
(111, 8.378759622573853, -90271.73333333334, -25968.0)
(112, 8.442368745803833, -90271.73333333334, -25968.0)
(113, 8.504505634307861, -90271.73333333334, -25968.0)
(114, 8.565587997436523, -90271.73333333334, -25968.0)
(115, 8.625823259353638, -90271.73333333334, -25968.0)
(116, 8.68709421157837, -87252.86363636362, -25968.0)
(117, 8.752392530441284, -72736.0, -25968.0)
(118, 8.814337968826294, -66696.88888888889, -25968.0)
(119, 8.873990535736084, -66696.88888888889, -25968.0)
(120, 8.951303482055664, -66696.88888888889, -25968.0)
(121, 9.014419794082642, -66696.88888888889, -25968.0)
(122, 9.074370384216309, -66696.88888888889, -25968.0)
(123, 9.135555267333984, -66696.88888888889, -25968.0)
(124, 9.196594953536987, -66696.88888888889, -25968.0)
(125, 9.256641149520874, -66696.88888888889, -25968.0)
(126, 9.318116188049316, -66696.88888888889, -25968.0)
(127, 9.377649545669556, -66696.88888888889, -25968.0)
(128, 9.441840410232544, -66696.88888888889, -25968.0)
(129, 9.502585649490356, -66696.88888888889, -25968.0)
(130, 9.56964659690857, -66696.88888888889, -25968.0)
(131, 9.63430905342102, -66696.88888888889, -25968.0)
(132, 9.699023485183716, -66696.88888888889, -25968.0)
(133, 9.77000880241394, -66696.88888888889, -25968.0)
(134, 9.849027395248413, -66696.88888888889, -25968.0)
(135, 9.918574571609497, -66696.88888888889, -25968.0)
(136, 9.993600368499756, -66696.88888888889, -25968.0)
(137, 10.112940549850464, -66696.88888888889, -25968.0)
(138, 10.247386455535889, -66696.88888888889, -25968.0)
(139, 10.319505453109741, -66696.88888888889, -25968.0)
(140, 10.392971754074097, -66696.88888888889, -25968.0)
(141, 10.457578897476196, -66696.88888888889, -25968.0)
(142, 10.519895076751709, -66696.88888888889, -25968.0)
(143, 10.587290525436401, -66696.88888888889, -25968.0)
(144, 10.66460132598877, -66696.88888888889, -25968.0)
(145, 10.738738775253296, -66696.88888888889, -25968.0)
(146, 10.821601629257202, -66696.88888888889, -25968.0)
(147, 10.929406881332397, -66696.88888888889, -25968.0)
(148, 11.256893634796143, -66696.88888888889, -25968.0)
(149, 11.519624948501587, -66696.88888888889, -25968.0)
(150, 11.801406383514404, -66696.88888888889, -25968.0)
(151, 12.041146755218506, -66696.88888888889, -25968.0)
(152, 12.263697862625122, -66696.88888888889, -25968.0)
(153, 12.471904277801514, -56098.961111111115, -25968.0)
(154, 12.72941541671753, -54422.2911111111, -25968.0)
(155, 12.965908765792847, -53740.555555555555, -25968.0)
(156, 13.211117029190063, -47379.48484848485, -25968.0)
(157, 13.440469741821289, -39140.48148148148, -25968.0)
(158, 13.8192298412323, -34351.55421686747, -33671.97590361447)
(159, 13.972945928573608, -33748.56756756758, -33724.37837837837)
(160, 14.089020490646362, -33724.462962962956, -33724.462962962956)
(161, 14.197401285171509, -33724.462962962956, -33724.462962962956)
