(1, 0.0634005069732666, -208903.0, -25635.0)
(2, 0.1247870922088623, -208903.0, -25635.0)
(3, 0.18601083755493164, -208903.0, -25635.0)
(4, 0.24734735488891602, -208903.0, -25635.0)
(5, 0.3083064556121826, -208903.0, -25635.0)
(6, 0.3691725730895996, -208903.0, -25635.0)
(7, 0.4294459819793701, -208903.0, -25635.0)
(8, 0.4893171787261963, -208903.0, -25635.0)
(9, 0.5505614280700684, -208903.0, -25635.0)
(10, 0.610579252243042, -208903.0, -25635.0)
(11, 0.6703836917877197, -208903.0, -25635.0)
(12, 0.729630708694458, -208903.0, -25635.0)
(13, 0.7887754440307617, -208903.0, -25635.0)
(14, 0.8491592407226562, -208903.0, -25635.0)
(15, 0.9098286628723145, -208903.0, -25635.0)
(16, 0.9688045978546143, -208903.0, -25635.0)
(17, 1.030569314956665, -208903.0, -25635.0)
(18, 1.092496395111084, -208903.0, -25635.0)
(19, 1.1543405055999756, -208903.0, -25635.0)
(20, 1.214859962463379, -208903.0, -25635.0)
(21, 1.2750000953674316, -208903.0, -25635.0)
(22, 1.3342561721801758, -208903.0, -25635.0)
(23, 1.3931493759155273, -208903.0, -25635.0)
(24, 1.4540181159973145, -208903.0, -25635.0)
(25, 1.5130784511566162, -208903.0, -25635.0)
(26, 1.574448823928833, -208903.0, -25635.0)
(27, 1.634763479232788, -208903.0, -25635.0)
(28, 1.6949326992034912, -208903.0, -25635.0)
(29, 1.7549176216125488, -208903.0, -25635.0)
(30, 1.8154165744781494, -208903.0, -25635.0)
(31, 1.8751840591430664, -208903.0, -25635.0)
(32, 1.9352798461914062, -205345.1935483871, -25635.0)
(33, 1.9982616901397705, -201644.52777777778, -25635.0)
(34, 2.062518835067749, -201644.52777777778, -25635.0)
(35, 2.128340244293213, -201644.52777777778, -25635.0)
(36, 2.19204044342041, -201644.52777777778, -25635.0)
(37, 2.254439353942871, -201644.52777777778, -25635.0)
(38, 2.318423271179199, -201644.52777777778, -25635.0)
(39, 2.381646156311035, -201644.52777777778, -25635.0)
(40, 2.4429702758789062, -201644.52777777778, -25635.0)
(41, 2.5094714164733887, -201644.52777777778, -25635.0)
(42, 2.574676990509033, -201644.52777777778, -25635.0)
(43, 2.63769793510437, -201644.52777777778, -25635.0)
(44, 2.7005505561828613, -201644.52777777778, -25635.0)
(45, 2.766432285308838, -201644.52777777778, -25635.0)
(46, 2.8329296112060547, -201644.52777777778, -25635.0)
(47, 2.8974609375, -201644.52777777778, -25635.0)
(48, 2.9659693241119385, -201644.52777777778, -25635.0)
(49, 3.0322089195251465, -201644.52777777778, -25635.0)
(50, 3.0979652404785156, -201644.52777777778, -25635.0)
(51, 3.1642184257507324, -201644.52777777778, -25635.0)
(52, 3.230117082595825, -201644.52777777778, -25635.0)
(53, 3.2959117889404297, -201644.52777777778, -25635.0)
(54, 3.3661253452301025, -201644.52777777778, -25635.0)
(55, 3.433337450027466, -201644.52777777778, -25635.0)
(56, 3.4967429637908936, -201644.52777777778, -25635.0)
(57, 3.5620617866516113, -201644.52777777778, -25635.0)
(58, 3.623094081878662, -201644.52777777778, -25635.0)
(59, 3.6801602840423584, -201644.52777777778, -25635.0)
(60, 3.749077081680298, -201644.52777777778, -25635.0)
(61, 3.816413402557373, -201644.52777777778, -25635.0)
(62, 3.8841540813446045, -163288.72222222222, -25635.0)
(63, 3.941206216812134, -163288.72222222222, -25635.0)
(64, 3.997464656829834, -163288.72222222222, -25635.0)
(65, 4.0542426109313965, -163288.72222222222, -25635.0)
(66, 4.106593370437622, -163288.72222222222, -25635.0)
(67, 4.159771203994751, -163288.72222222222, -25635.0)
(68, 4.212386846542358, -163288.72222222222, -25635.0)
(69, 4.265394449234009, -163288.72222222222, -25635.0)
(70, 4.317544221878052, -163288.72222222222, -25635.0)
(71, 4.369434118270874, -163288.72222222222, -25635.0)
(72, 4.422728538513184, -163288.72222222222, -25635.0)
(73, 4.474323987960815, -163288.72222222222, -25635.0)
(74, 4.525696754455566, -163288.72222222222, -25635.0)
(75, 4.578585624694824, -163288.72222222222, -25635.0)
(76, 4.631718158721924, -163288.72222222222, -25635.0)
(77, 4.685094118118286, -163288.72222222222, -25635.0)
(78, 4.737887144088745, -163288.72222222222, -25635.0)
(79, 4.789427757263184, -163288.72222222222, -25635.0)
(80, 4.840109586715698, -163288.72222222222, -25635.0)
(81, 4.892322063446045, -163288.72222222222, -25635.0)
(82, 4.944406509399414, -163288.72222222222, -25635.0)
(83, 4.998233318328857, -141148.09134615384, -25635.0)
(84, 5.061716556549072, -141148.09134615384, -25635.0)
(85, 5.119643211364746, -141148.09134615384, -25635.0)
(86, 5.174131870269775, -141148.09134615384, -25635.0)
(87, 5.237303256988525, -141148.09134615384, -25635.0)
(88, 5.293786287307739, -141148.09134615384, -25635.0)
(89, 5.3443827629089355, -141148.09134615384, -25635.0)
(90, 5.3921754360198975, -141148.09134615384, -25635.0)
(91, 5.439428091049194, -141148.09134615384, -25635.0)
(92, 5.485474109649658, -141148.09134615384, -25635.0)
(93, 5.541872024536133, -141148.09134615384, -25635.0)
(94, 5.598122835159302, -141148.09134615384, -25635.0)
(95, 5.6508636474609375, -141148.09134615384, -25635.0)
(96, 5.704124212265015, -141148.09134615384, -25635.0)
(97, 5.755146503448486, -141148.09134615384, -25635.0)
(98, 5.806840896606445, -141148.09134615384, -25635.0)
(99, 5.859694004058838, -141148.09134615384, -25635.0)
(100, 5.91300892829895, -141148.09134615384, -25635.0)
(101, 5.96385383605957, -141148.09134615384, -25635.0)
(102, 6.014989376068115, -141148.09134615384, -25635.0)
(103, 6.065548658370972, -141148.09134615384, -25635.0)
(104, 6.112792730331421, -141148.09134615384, -25635.0)
(105, 6.160415172576904, -141148.09134615384, -25635.0)
(106, 6.220886707305908, -141148.09134615384, -25635.0)
(107, 6.283207654953003, -141148.09134615384, -25635.0)
(108, 6.346296548843384, -141148.09134615384, -25635.0)
(109, 6.406564712524414, -141148.09134615384, -25635.0)
(110, 6.464575290679932, -141148.09134615384, -25635.0)
(111, 6.5252299308776855, -141148.09134615384, -25635.0)
(112, 6.582627296447754, -141148.09134615384, -25635.0)
(113, 6.637639999389648, -141148.09134615384, -25635.0)
(114, 6.693372488021851, -141148.09134615384, -25635.0)
(115, 6.749455213546753, -141148.09134615384, -25635.0)
(116, 6.8007402420043945, -141148.09134615384, -25635.0)
(117, 6.856940031051636, -141148.09134615384, -25635.0)
(118, 6.906990051269531, -141148.09134615384, -25635.0)
(119, 6.960268259048462, -141148.09134615384, -25635.0)
(120, 7.011755466461182, -141148.09134615384, -25635.0)
(121, 7.068470478057861, -141148.09134615384, -25635.0)
(122, 7.120279550552368, -141148.09134615384, -25635.0)
(123, 7.170716047286987, -141148.09134615384, -25635.0)
(124, 7.22350287437439, -141148.09134615384, -25635.0)
(125, 7.277635335922241, -141148.09134615384, -25635.0)
(126, 7.33313512802124, -141148.09134615384, -25635.0)
(127, 7.387804985046387, -141148.09134615384, -25635.0)
(128, 7.44279146194458, -141148.09134615384, -25635.0)
(129, 7.491747140884399, -141148.09134615384, -25635.0)
(130, 7.54934549331665, -141148.09134615384, -25635.0)
(131, 7.603851556777954, -141148.09134615384, -25635.0)
(132, 7.660269737243652, -141148.09134615384, -25635.0)
(133, 7.713846683502197, -141148.09134615384, -25635.0)
(134, 7.772781610488892, -125020.24137931036, -25635.0)
(135, 7.829846620559692, -125020.24137931036, -25635.0)
(136, 7.886201620101929, -125020.24137931036, -25635.0)
(137, 7.9389002323150635, -125020.24137931036, -25635.0)
(138, 7.994521856307983, -125020.24137931036, -25635.0)
(139, 8.048192501068115, -125020.24137931036, -25635.0)
(140, 8.10127854347229, -125020.24137931036, -25635.0)
(141, 8.156971454620361, -125020.24137931036, -25635.0)
(142, 8.211017608642578, -125020.24137931036, -25635.0)
(143, 8.26733946800232, -125020.24137931036, -25635.0)
(144, 8.324320316314697, -125020.24137931036, -25635.0)
(145, 8.376263618469238, -125020.24137931036, -25635.0)
(146, 8.434702396392822, -125020.24137931036, -25635.0)
(147, 8.493511438369751, -125020.24137931036, -25635.0)
(148, 8.552154064178467, -125020.24137931036, -25635.0)
(149, 8.608861207962036, -125020.24137931036, -25635.0)
(150, 8.662568807601929, -125020.24137931036, -25635.0)
(151, 8.721136808395386, -125020.24137931036, -25635.0)
(152, 8.777759552001953, -125020.24137931036, -25635.0)
(153, 8.835679292678833, -125020.24137931036, -25635.0)
(154, 8.893351793289185, -125020.24137931036, -25635.0)
(155, 8.953860998153687, -125020.24137931036, -25635.0)
(156, 9.010738849639893, -125020.24137931036, -25635.0)
(157, 9.07293701171875, -125020.24137931036, -25635.0)
(158, 9.12287425994873, -91250.73529411765, -25635.0)
(159, 9.174007892608643, -91250.73529411765, -25635.0)
(160, 9.221328496932983, -91250.73529411765, -25635.0)
(161, 9.26795482635498, -91250.73529411765, -25635.0)
(162, 9.315141201019287, -91250.73529411765, -25635.0)
(163, 9.362496137619019, -91250.73529411765, -25635.0)
(164, 9.407840490341187, -91250.73529411765, -25635.0)
(165, 9.453160524368286, -91250.73529411765, -25635.0)
(166, 9.502048015594482, -91250.73529411765, -25635.0)
(167, 9.54828691482544, -91250.73529411765, -25635.0)
(168, 9.594858169555664, -91250.73529411765, -25635.0)
(169, 9.641465902328491, -91250.73529411765, -25635.0)
(170, 9.690287590026855, -91250.73529411765, -25635.0)
(171, 9.737057209014893, -91250.73529411765, -25635.0)
(172, 9.790846347808838, -85884.5, -25635.0)
(173, 9.84312129020691, -85884.5, -25635.0)
(174, 9.891700506210327, -85884.5, -25635.0)
(175, 9.942232370376587, -85884.5, -25635.0)
(176, 9.991166353225708, -85884.5, -25635.0)
(177, 10.040351629257202, -85884.5, -25635.0)
(178, 10.088960647583008, -85884.5, -25635.0)
(179, 10.135595798492432, -85884.5, -25635.0)
(180, 10.188547611236572, -85884.5, -25635.0)
(181, 10.236268043518066, -85884.5, -25635.0)
(182, 10.283759593963623, -85884.5, -25635.0)
(183, 10.33659315109253, -85884.5, -25635.0)
(184, 10.38745927810669, -85884.5, -25635.0)
(185, 10.433077335357666, -85884.5, -25635.0)
(186, 10.4831862449646, -85884.5, -25635.0)
(187, 10.535190105438232, -85884.5, -25635.0)
(188, 10.579048871994019, -67352.5, -25635.0)
(189, 10.623475551605225, -67352.5, -25635.0)
(190, 10.68730640411377, -67352.5, -25635.0)
(191, 10.73777985572815, -67352.5, -25635.0)
(192, 10.779911279678345, -67352.5, -25635.0)
(193, 10.834327459335327, -67352.5, -25635.0)
(194, 10.882988214492798, -67352.5, -25635.0)
(195, 10.937235355377197, -67352.5, -25635.0)
(196, 10.980303287506104, -67352.5, -25635.0)
(197, 11.041150569915771, -67352.5, -25635.0)
(198, 11.085917949676514, -67352.5, -25635.0)
(199, 11.142729759216309, -67352.5, -25635.0)
(200, 11.206027507781982, -67352.5, -25635.0)
(201, 11.323288917541504, -67352.5, -25635.0)
(202, 11.428099393844604, -67352.5, -25635.0)
(203, 11.511469841003418, -67352.5, -25635.0)
(204, 11.596531867980957, -67352.5, -25635.0)
(205, 11.641326427459717, -67352.5, -25635.0)
(206, 11.69483232498169, -67352.5, -25635.0)
(207, 11.756600856781006, -67352.5, -25635.0)
(208, 11.96682620048523, -67352.5, -25635.0)
(209, 12.244089603424072, -67352.5, -25635.0)
(210, 12.413185358047485, -67352.49999999999, -25635.0)
(211, 12.829959154129028, -67352.49999999999, -25635.0)
(212, 13.075453996658325, -67352.49999999999, -25635.0)
(213, 13.273202657699585, -67352.49999999999, -25635.0)
(214, 13.519757509231567, -65531.0, -25635.0)
(215, 13.667590618133545, -59750.75, -25635.0)
(216, 13.829324960708618, -58880.40178571429, -25635.0)
(217, 13.968389511108398, -57015.829545454544, -25635.0)
(218, 14.117472171783447, -52115.94583333333, -25635.0)
(219, 14.283862590789795, -52115.94583333333, -25635.0)
(220, 14.491139650344849, -52115.94583333333, -25635.0)
(221, 14.769901514053345, -47943.13942307692, -25635.0)
(222, 15.034006834030151, -45882.15625, -25635.0)
(223, 15.240397214889526, -45882.15625, -25635.0)
(224, 15.565557956695557, -43985.96875, -25635.0)
(225, 15.945895195007324, -41823.837499999994, -25635.0)
(226, 16.353129863739014, -37605.67710049424, -25635.0)
(227, 16.747784852981567, -34563.3412, -25635.0)
(228, 17.06172752380371, -32253.863138686127, -32203.003649635033)
(229, 17.18759059906006, -32211.103716028854, -32207.601497504154)
(230, 17.285014152526855, -32208.13237597911, -32207.75483028721)
(231, 17.370667219161987, -32207.754830287206, -32207.754830287206)
(232, 17.450828075408936, -32207.754830287206, -32207.754830287206)
