(1, 0.04578208923339844, -202666.0, -27458.0)
(2, 0.09001922607421875, -202666.0, -27458.0)
(3, 0.13501596450805664, -202666.0, -27458.0)
(4, 0.1799767017364502, -202666.0, -27458.0)
(5, 0.2242872714996338, -202666.0, -27458.0)
(6, 0.26835131645202637, -202666.0, -27458.0)
(7, 0.31270456314086914, -202666.0, -27458.0)
(8, 0.35727834701538086, -202666.0, -27458.0)
(9, 0.4025101661682129, -202666.0, -27458.0)
(10, 0.4480302333831787, -202666.0, -27458.0)
(11, 0.49147748947143555, -202666.0, -27458.0)
(12, 0.534693717956543, -202666.0, -27458.0)
(13, 0.5805747509002686, -202666.0, -27458.0)
(14, 0.6256418228149414, -202666.0, -27458.0)
(15, 0.6704728603363037, -202666.0, -27458.0)
(16, 0.7152407169342041, -202666.0, -27458.0)
(17, 0.760063648223877, -202666.0, -27458.0)
(18, 0.8050534725189209, -202666.0, -27458.0)
(19, 0.8503026962280273, -202666.0, -27458.0)
(20, 0.8949668407440186, -202666.0, -27458.0)
(21, 0.9413483142852783, -202666.0, -27458.0)
(22, 0.9870672225952148, -202666.0, -27458.0)
(23, 1.0333151817321777, -202666.0, -27458.0)
(24, 1.0790884494781494, -202666.0, -27458.0)
(25, 1.1251976490020752, -202666.0, -27458.0)
(26, 1.1719820499420166, -202666.0, -27458.0)
(27, 1.217651605606079, -202666.0, -27458.0)
(28, 1.2615811824798584, -202666.0, -27458.0)
(29, 1.3072021007537842, -202666.0, -27458.0)
(30, 1.3511016368865967, -202666.0, -27458.0)
(31, 1.397508144378662, -202666.0, -27458.0)
(32, 1.4448683261871338, -202666.0, -27458.0)
(33, 1.490647554397583, -202666.0, -27458.0)
(34, 1.536177396774292, -202666.0, -27458.0)
(35, 1.5823702812194824, -202666.0, -27458.0)
(36, 1.6274640560150146, -202666.0, -27458.0)
(37, 1.6720399856567383, -202666.0, -27458.0)
(38, 1.718263864517212, -202666.0, -27458.0)
(39, 1.7647480964660645, -202666.0, -27458.0)
(40, 1.8099777698516846, -202666.0, -27458.0)
(41, 1.8549010753631592, -202666.0, -27458.0)
(42, 1.8992199897766113, -202666.0, -27458.0)
(43, 1.9442851543426514, -202666.0, -27458.0)
(44, 1.989840030670166, -202666.0, -27458.0)
(45, 2.035997152328491, -202666.0, -27458.0)
(46, 2.081397771835327, -202666.0, -27458.0)
(47, 2.1276626586914062, -202666.0, -27458.0)
(48, 2.1755383014678955, -202666.0, -27458.0)
(49, 2.223027467727661, -202666.0, -27458.0)
(50, 2.269991874694824, -202666.0, -27458.0)
(51, 2.3170340061187744, -202666.0, -27458.0)
(52, 2.3646912574768066, -202666.0, -27458.0)
(53, 2.413530111312866, -202666.0, -27458.0)
(54, 2.461115598678589, -202666.0, -27458.0)
(55, 2.508572578430176, -202666.0, -27458.0)
(56, 2.5552680492401123, -202666.0, -27458.0)
(57, 2.6017262935638428, -202666.0, -27458.0)
(58, 2.6470487117767334, -202666.0, -27458.0)
(59, 2.695978879928589, -202666.0, -27458.0)
(60, 2.7417914867401123, -202666.0, -27458.0)
(61, 2.7886037826538086, -202666.0, -27458.0)
(62, 2.8379437923431396, -202666.0, -27458.0)
(63, 2.8843226432800293, -202666.0, -27458.0)
(64, 2.9302256107330322, -202666.0, -27458.0)
(65, 2.9758059978485107, -202666.0, -27458.0)
(66, 3.0227835178375244, -202666.0, -27458.0)
(67, 3.068350315093994, -202666.0, -27458.0)
(68, 3.115987539291382, -202666.0, -27458.0)
(69, 3.1620450019836426, -202666.0, -27458.0)
(70, 3.2092480659484863, -202666.0, -27458.0)
(71, 3.2555789947509766, -202666.0, -27458.0)
(72, 3.303499937057495, -202666.0, -27458.0)
(73, 3.348191261291504, -202666.0, -27458.0)
(74, 3.3933262825012207, -202666.0, -27458.0)
(75, 3.4380850791931152, -202666.0, -27458.0)
(76, 3.4819352626800537, -202666.0, -27458.0)
(77, 3.525977611541748, -202666.0, -27458.0)
(78, 3.569948673248291, -202666.0, -27458.0)
(79, 3.614022970199585, -202666.0, -27458.0)
(80, 3.6580679416656494, -202666.0, -27458.0)
(81, 3.7021095752716064, -202666.0, -27458.0)
(82, 3.7459349632263184, -202666.0, -27458.0)
(83, 3.790785789489746, -202666.0, -27458.0)
(84, 3.834718942642212, -202666.0, -27458.0)
(85, 3.8780975341796875, -202666.0, -27458.0)
(86, 3.921185255050659, -202666.0, -27458.0)
(87, 3.964959144592285, -202666.0, -27458.0)
(88, 4.007501602172852, -202666.0, -27458.0)
(89, 4.051767587661743, -202666.0, -27458.0)
(90, 4.094112396240234, -202666.0, -27458.0)
(91, 4.134903907775879, -152145.33333333334, -27458.0)
(92, 4.177212476730347, -152145.33333333334, -27458.0)
(93, 4.218153238296509, -152145.33333333334, -27458.0)
(94, 4.25931453704834, -152145.33333333334, -27458.0)
(95, 4.300654172897339, -152145.33333333334, -27458.0)
(96, 4.342713832855225, -152145.33333333334, -27458.0)
(97, 4.385339736938477, -152145.33333333334, -27458.0)
(98, 4.427732229232788, -152145.33333333334, -27458.0)
(99, 4.468655824661255, -152145.33333333334, -27458.0)
(100, 4.510152816772461, -152145.33333333334, -27458.0)
(101, 4.549941062927246, -152145.33333333334, -27458.0)
(102, 4.592941045761108, -152145.33333333334, -27458.0)
(103, 4.635320425033569, -152145.33333333334, -27458.0)
(104, 4.676527261734009, -152145.33333333334, -27458.0)
(105, 4.718632459640503, -152145.33333333334, -27458.0)
(106, 4.760897159576416, -152145.33333333334, -27458.0)
(107, 4.802697420120239, -152145.33333333334, -27458.0)
(108, 4.844327211380005, -152145.33333333334, -27458.0)
(109, 4.887923240661621, -152145.33333333334, -27458.0)
(110, 4.9310219287872314, -152145.33333333334, -27458.0)
(111, 4.973771810531616, -152145.33333333334, -27458.0)
(112, 5.016793966293335, -152145.33333333334, -27458.0)
(113, 5.0601561069488525, -152145.33333333334, -27458.0)
(114, 5.103296279907227, -152145.33333333334, -27458.0)
(115, 5.146806001663208, -152145.33333333334, -27458.0)
(116, 5.189040899276733, -152145.33333333334, -27458.0)
(117, 5.231185436248779, -152145.33333333334, -27458.0)
(118, 5.272825717926025, -152145.33333333334, -27458.0)
(119, 5.315678119659424, -152145.33333333334, -27458.0)
(120, 5.366022109985352, -152145.33333333334, -27458.0)
(121, 5.424587726593018, -152145.33333333334, -27458.0)
(122, 5.4766762256622314, -152145.33333333334, -27458.0)
(123, 5.527087450027466, -152145.33333333334, -27458.0)
(124, 5.576767683029175, -152145.33333333334, -27458.0)
(125, 5.62627387046814, -152145.33333333334, -27458.0)
(126, 5.6866655349731445, -152145.33333333334, -27458.0)
(127, 5.745553493499756, -152145.33333333334, -27458.0)
(128, 5.7975897789001465, -152145.33333333334, -27458.0)
(129, 5.852881908416748, -152145.33333333334, -27458.0)
(130, 5.912116527557373, -152145.33333333334, -27458.0)
(131, 5.970095872879028, -152145.33333333334, -27458.0)
(132, 6.024709939956665, -152145.33333333334, -27458.0)
(133, 6.068952798843384, -152145.33333333334, -27458.0)
(134, 6.130510091781616, -152145.33333333334, -27458.0)
(135, 6.189879655838013, -152145.33333333334, -27458.0)
(136, 6.243860483169556, -152145.33333333334, -27458.0)
(137, 6.294022560119629, -152145.33333333334, -27458.0)
(138, 6.341646671295166, -152145.33333333334, -27458.0)
(139, 6.387540340423584, -152145.33333333334, -27458.0)
(140, 6.432421445846558, -152145.33333333334, -27458.0)
(141, 6.477540493011475, -152145.33333333334, -27458.0)
(142, 6.521996021270752, -152145.33333333334, -27458.0)
(143, 6.566107273101807, -152145.33333333334, -27458.0)
(144, 6.610326766967773, -152145.33333333334, -27458.0)
(145, 6.654021739959717, -152145.33333333334, -27458.0)
(146, 6.701016902923584, -152145.33333333334, -27458.0)
(147, 6.743586778640747, -152145.33333333334, -27458.0)
(148, 6.79217267036438, -152145.33333333334, -27458.0)
(149, 6.839193344116211, -152145.33333333334, -27458.0)
(150, 6.885769367218018, -152145.33333333334, -27458.0)
(151, 6.933425664901733, -152145.33333333334, -27458.0)
(152, 6.98154354095459, -152145.33333333334, -27458.0)
(153, 7.027419805526733, -152145.33333333334, -27458.0)
(154, 7.074188947677612, -152145.33333333334, -27458.0)
(155, 7.119861364364624, -152145.33333333334, -27458.0)
(156, 7.166718006134033, -152145.33333333334, -27458.0)
(157, 7.2171101570129395, -152145.33333333334, -27458.0)
(158, 7.264565467834473, -152145.33333333334, -27458.0)
(159, 7.310796499252319, -152145.33333333334, -27458.0)
(160, 7.354785680770874, -152145.33333333334, -27458.0)
(161, 7.402787923812866, -152145.33333333334, -27458.0)
(162, 7.449511766433716, -152145.33333333334, -27458.0)
(163, 7.4955894947052, -152145.33333333334, -27458.0)
(164, 7.544328689575195, -152145.33333333334, -27458.0)
(165, 7.588942050933838, -152145.33333333334, -27458.0)
(166, 7.636149644851685, -152145.33333333334, -27458.0)
(167, 7.677065849304199, -116039.08, -27458.0)
(168, 7.719477891921997, -116039.08, -27458.0)
(169, 7.760072231292725, -116039.08, -27458.0)
(170, 7.801618814468384, -116039.08, -27458.0)
(171, 7.842819690704346, -116039.08, -27458.0)
(172, 7.883199453353882, -116039.08, -27458.0)
(173, 7.923612833023071, -116039.08, -27458.0)
(174, 7.96377158164978, -116039.08, -27458.0)
(175, 8.005449533462524, -116039.08, -27458.0)
(176, 8.050460815429688, -116039.08, -27458.0)
(177, 8.095177173614502, -116039.08, -27458.0)
(178, 8.138848781585693, -116039.08, -27458.0)
(179, 8.181275129318237, -116039.08, -27458.0)
(180, 8.22318959236145, -116039.08, -27458.0)
(181, 8.265349626541138, -116039.08, -27458.0)
(182, 8.307310581207275, -116039.08, -27458.0)
(183, 8.35247802734375, -116039.08, -27458.0)
(184, 8.394364833831787, -116039.08, -27458.0)
(185, 8.437716484069824, -116039.08, -27458.0)
(186, 8.481219291687012, -116039.08, -27458.0)
(187, 8.522917985916138, -116039.08, -27458.0)
(188, 8.564181566238403, -116039.08, -27458.0)
(189, 8.604787111282349, -116039.08, -27458.0)
(190, 8.650144815444946, -116039.08, -27458.0)
(191, 8.69301724433899, -116039.08, -27458.0)
(192, 8.738004446029663, -116039.08, -27458.0)
(193, 8.782676458358765, -116039.08, -27458.0)
(194, 8.824481010437012, -116039.08, -27458.0)
(195, 8.870533466339111, -116039.08, -27458.0)
(196, 8.916384935379028, -116039.08, -27458.0)
(197, 8.961945295333862, -116039.08, -27458.0)
(198, 9.010149955749512, -116039.08, -27458.0)
(199, 9.055124998092651, -116039.08, -27458.0)
(200, 9.10118842124939, -116039.08, -27458.0)
(201, 9.146802425384521, -116039.08, -27458.0)
(202, 9.186106443405151, -101027.66666666666, -27458.0)
(203, 9.240601062774658, -101027.66666666666, -27458.0)
(204, 9.283509492874146, -101027.66666666666, -27458.0)
(205, 9.322898387908936, -101027.66666666666, -27458.0)
(206, 9.360722780227661, -101027.66666666666, -27458.0)
(207, 9.400843858718872, -101027.66666666666, -27458.0)
(208, 9.442220449447632, -101027.66666666666, -27458.0)
(209, 9.480245590209961, -101027.66666666666, -27458.0)
(210, 9.518159627914429, -101027.66666666666, -27458.0)
(211, 9.558486223220825, -101027.66666666666, -27458.0)
(212, 9.597009897232056, -101027.66666666666, -27458.0)
(213, 9.63711929321289, -101027.66666666666, -27458.0)
(214, 9.679329633712769, -101027.66666666666, -27458.0)
(215, 9.718873023986816, -101027.66666666666, -27458.0)
(216, 9.775635242462158, -101027.66666666666, -27458.0)
(217, 9.816177368164062, -101027.66666666666, -27458.0)
(218, 9.864530324935913, -101027.66666666666, -27458.0)
(219, 9.90844202041626, -101027.66666666666, -27458.0)
(220, 9.951233625411987, -101027.66666666666, -27458.0)
(221, 9.994867086410522, -101027.66666666666, -27458.0)
(222, 10.03657341003418, -101027.66666666666, -27458.0)
(223, 10.077737808227539, -101027.66666666666, -27458.0)
(224, 10.1225426197052, -101027.66666666666, -27458.0)
(225, 10.160806655883789, -101027.66666666666, -27458.0)
(226, 10.199881076812744, -101027.66666666666, -27458.0)
(227, 10.244672775268555, -101027.66666666666, -27458.0)
(228, 10.289567232131958, -101027.66666666666, -27458.0)
(229, 10.339109182357788, -101027.66666666666, -27458.0)
(230, 10.386062622070312, -101027.66666666666, -27458.0)
(231, 10.43077564239502, -101027.66666666666, -27458.0)
(232, 10.473042964935303, -101027.66666666666, -27458.0)
(233, 10.55398154258728, -101027.66666666666, -27458.0)
(234, 10.63349986076355, -101027.66666666666, -27458.0)
(235, 10.708085298538208, -101027.66666666666, -27458.0)
(236, 10.764673233032227, -101027.66666666666, -27458.0)
(237, 10.829731464385986, -101027.66666666666, -27458.0)
(238, 10.893712282180786, -101027.66666666666, -27458.0)
(239, 10.944361209869385, -101027.66666666666, -27458.0)
(240, 11.006005048751831, -101027.66666666666, -27458.0)
(241, 11.069286108016968, -101027.66666666666, -27458.0)
(242, 11.136197328567505, -101027.66666666666, -27458.0)
(243, 11.198054313659668, -101027.66666666666, -27458.0)
(244, 11.245129585266113, -101027.66666666666, -27458.0)
(245, 11.297486543655396, -101027.66666666666, -27458.0)
(246, 11.353811264038086, -101027.66666666666, -27458.0)
(247, 11.414239168167114, -101027.66666666666, -27458.0)
(248, 11.48050856590271, -101027.66666666666, -27458.0)
(249, 11.529625177383423, -101027.66666666666, -27458.0)
(250, 11.579371929168701, -101027.66666666666, -27458.0)
(251, 11.621619462966919, -101027.66666666666, -27458.0)
(252, 11.667042970657349, -101027.66666666666, -27458.0)
(253, 11.715113878250122, -101027.66666666666, -27458.0)
(254, 11.763805866241455, -101027.66666666666, -27458.0)
(255, 11.809377908706665, -101027.66666666666, -27458.0)
(256, 11.861548900604248, -101027.66666666666, -27458.0)
(257, 11.907739162445068, -101027.66666666666, -27458.0)
(258, 11.956077098846436, -101027.66666666666, -27458.0)
(259, 12.0088210105896, -101027.66666666666, -27458.0)
(260, 12.060479640960693, -101027.66666666666, -27458.0)
(261, 12.106197118759155, -101027.66666666666, -27458.0)
(262, 12.149170637130737, -101027.66666666666, -27458.0)
(263, 12.198721647262573, -101027.66666666666, -27458.0)
(264, 12.252980947494507, -97661.33333333331, -27458.0)
(265, 12.326358795166016, -97661.33333333331, -27458.0)
(266, 12.40197229385376, -97661.33333333331, -27458.0)
(267, 12.472078084945679, -97661.33333333331, -27458.0)
(268, 12.56438422203064, -97661.33333333331, -27458.0)
(269, 12.641862869262695, -97661.33333333331, -27458.0)
(270, 12.711101531982422, -97661.33333333331, -27458.0)
(271, 12.781702280044556, -97661.33333333331, -27458.0)
(272, 12.84023642539978, -97661.33333333331, -27458.0)
(273, 12.923901557922363, -97661.33333333331, -27458.0)
(274, 12.982451915740967, -97661.33333333331, -27458.0)
(275, 13.047059774398804, -97661.33333333331, -27458.0)
(276, 13.098986864089966, -97661.33333333331, -27458.0)
(277, 13.157748699188232, -97661.33333333331, -27458.0)
(278, 13.203682661056519, -97661.33333333331, -27458.0)
(279, 13.252669334411621, -97661.33333333331, -27458.0)
(280, 13.301084280014038, -97661.33333333331, -27458.0)
(281, 13.346130132675171, -97661.33333333331, -27458.0)
(282, 13.392518043518066, -97661.33333333331, -27458.0)
(283, 13.454614877700806, -71829.25, -27458.0)
(284, 13.500304460525513, -71829.25, -27458.0)
(285, 13.542991876602173, -71829.25, -27458.0)
(286, 13.591020822525024, -71829.25, -27458.0)
(287, 13.644875764846802, -71829.25, -27458.0)
(288, 13.683784008026123, -71829.25, -27458.0)
(289, 13.722522497177124, -71829.25, -27458.0)
(290, 13.761439323425293, -71829.25, -27458.0)
(291, 13.807701826095581, -71829.25, -27458.0)
(292, 13.864437103271484, -71829.25, -27458.0)
(293, 13.911821603775024, -71829.25, -27458.0)
(294, 13.963135004043579, -71829.24999999968, -27458.0)
(295, 14.021286010742188, -71829.24999999968, -27458.0)
(296, 14.076654434204102, -71829.24999999968, -27458.0)
(297, 14.140914678573608, -71829.24999999968, -27458.0)
(298, 14.195313692092896, -71829.24999999968, -27458.0)
(299, 14.251956462860107, -71829.24999999968, -27458.0)
(300, 14.37553596496582, -71829.24999999968, -27458.0)
(301, 14.561007738113403, -71829.24999999968, -27458.0)
(302, 14.769756317138672, -71829.24999999968, -27458.0)
(303, 15.130783081054688, -71829.24999999968, -27458.0)
(304, 15.528278589248657, -69886.31588855425, -27458.0)
(305, 15.894475936889648, -68223.4094551282, -27458.0)
(306, 16.265102863311768, -61817.93749999997, -27458.0)
(307, 16.598984956741333, -54688.23768939394, -27458.0)
(308, 16.948261499404907, -52991.83532589754, -27458.0)
(309, 17.35574460029602, -42417.103288627426, -27458.0)
(310, 17.64940857887268, -37831.45, -27458.0)
(311, 17.978288173675537, -37787.985576923085, -27458.0)
(312, 18.362789392471313, -34246.47763726787, -34202.38991128834)
(313, 18.462684869766235, -34218.24628249532, -34208.99566570382)
(314, 18.547379732131958, -34209.901982378855, -34209.616740088124)
(315, 18.6196711063385, -34209.621380497745, -34209.62138049774)
(316, 18.6845645904541, -34209.62138049774, -34209.62138049774)
