(1, 0.3064911365509033, -349847.0, -89848.0)
(2, 0.6240072250366211, -226346.17573496033, -89848.0)
(3, 0.9495999813079834, -214695.65484856383, -89848.0)
(4, 1.2877390384674072, -209680.20319835295, -89848.0)
(5, 1.6415410041809082, -208342.96505230808, -89848.0)
(6, 1.9585022926330566, -208342.96505230808, -89848.0)
(7, 2.290904998779297, -208342.96505230808, -89848.0)
(8, 2.6252784729003906, -208342.96505230808, -89848.0)
(9, 2.9510786533355713, -208342.96505230808, -89848.0)
(10, 3.3157079219818115, -208342.96505230808, -89848.0)
(11, 3.651005983352661, -208342.96505230808, -89848.0)
(12, 3.983377695083618, -208342.96505230808, -89848.0)
(13, 4.328159809112549, -208342.96505230808, -89848.0)
(14, 4.688520669937134, -208342.96505230808, -89848.0)
(15, 5.055541276931763, -208342.96505230808, -89848.0)
(16, 5.443769931793213, -208342.96505230808, -89848.0)
(17, 5.816858291625977, -208342.96505230808, -89848.0)
(18, 6.207120418548584, -208342.96505230808, -89848.0)
(19, 6.578434228897095, -208342.96505230808, -89848.0)
(20, 6.959845066070557, -208342.96505230808, -89848.0)
(21, 7.336691379547119, -208342.96505230808, -89848.0)
(22, 7.793575286865234, -205359.4038638724, -89848.0)
(23, 8.27710747718811, -189795.9652353799, -89848.0)
(24, 8.790894269943237, -180850.99954079976, -89848.0)
(25, 9.39443564414978, -155342.60322510748, -89848.0)
(26, 10.150179624557495, -136024.80763524777, -89848.0)
(27, 10.975003719329834, -118929.09850127228, -89848.0)
(28, 11.820905923843384, -107458.95851330835, -89848.0)
(29, 12.712129831314087, -104733.36110750496, -99722.61626576616)
(30, 13.68569540977478, -103944.39800564107, -99774.90686610332)
(31, 14.690658569335938, -102563.158823426, -99796.1319825708)
(32, 15.836727857589722, -102280.90158236929, -99823.54103359349)
(33, 17.073200464248657, -101579.2048184337, -99849.78283957306)
(34, 18.350200414657593, -101259.18784385516, -99863.21994975217)
(35, 19.633493423461914, -100857.11561858692, -99869.17963040374)
(36, 21.060513496398926, -100674.7757538864, -99878.85707261438)
(37, 22.533570766448975, -100534.4361501936, -99886.02805555069)
(38, 24.155513048171997, -100392.12006875416, -99894.45612300486)
(39, 25.907649755477905, -100323.66190818704, -99896.41190916483)
(40, 27.70353364944458, -100259.27724902323, -99900.38539256834)
(41, 29.620463848114014, -100164.65276124456, -99903.91635009603)
(42, 31.97584891319275, -100035.01120141958, -99904.74494189092)
(43, 33.861196756362915, -99944.38628103332, -99905.5470294504)
(44, 36.04018235206604, -99919.06176284554, -99905.9061183546)
(45, 38.147308349609375, -99909.85557392077, -99905.91006423965)
(46, 40.160762310028076, -99907.09371714719, -99905.91006423986)
(47, 42.333744287490845, -99907.09371714719, -99905.91006423975)
(48, 44.31129336357117, -99907.09371714719, -99905.91006423975)
(49, 46.29361820220947, -99907.09371714719, -99905.91006424003)
(50, 48.741748094558716, -99906.82499134034, -99905.91006423981)
(51, 51.24898338317871, -99906.56172535957, -99905.91006423948)
(52, 53.79845571517944, -99906.26741205154, -99905.91006423972)
(53, 55.92513108253479, -99906.13114930947, -99905.91006423981)
(54, 57.92434358596802, -99905.97638975753, -99905.91006423978)
(55, 59.99031615257263, -99905.93549469062, -99905.91006423981)
