(1, 0.015688180923461914, -83165.0, -29186.0)
(2, 0.032939910888671875, -66980.17272727125, -29186.0)
(3, 0.050606727600097656, -66980.17272727125, -29186.0)
(4, 0.06917047500610352, -66980.17272727125, -29186.0)
(5, 0.09289240837097168, -66980.17272727125, -29186.0)
(6, 0.11829543113708496, -66980.17272727125, -29186.0)
(7, 0.14104652404785156, -66980.17272727125, -29186.0)
(8, 0.16415858268737793, -66980.17272727125, -29186.0)
(9, 0.1904129981994629, -66980.17272727125, -29186.0)
(10, 0.21928906440734863, -65307.57436039972, -29186.0)
(11, 0.2498025894165039, -56127.28187097228, -29186.0)
(12, 0.2845597267150879, -49211.54124497528, -29186.0)
(13, 0.3222181797027588, -42436.77048275946, -29186.0)
(14, 0.36223292350769043, -37206.85096313886, -29186.0)
(15, 0.4054107666015625, -37206.85096313886, -29186.0)
(16, 0.4548165798187256, -35385.45328867691, -32863.63749037439)
(17, 0.5082747936248779, -35192.4014456151, -32892.01702787382)
(18, 0.5690789222717285, -34563.40320797329, -32921.387720344035)
(19, 0.622438907623291, -34172.269824206895, -32965.1743291485)
(20, 0.6784961223602295, -33932.80467145381, -32991.25104920678)
(21, 0.7341508865356445, -33582.1200441536, -32999.895869707674)
(22, 0.7904374599456787, -33411.226410061296, -33004.934514657274)
(23, 0.8553621768951416, -33292.4756071585, -33012.548821986034)
(24, 0.934809684753418, -33203.03987715553, -33014.15103716122)
(25, 1.0034687519073486, -33146.902083499386, -33014.56640519182)
(26, 1.0788705348968506, -33146.902083499386, -33016.44678539027)
(27, 1.1568231582641602, -33146.902083499386, -33023.964724917976)
(28, 1.237011432647705, -33101.192427170135, -33024.301108321306)
(29, 1.3147571086883545, -33101.192427170135, -33028.889399054955)
(30, 1.3899040222167969, -33051.64766601265, -33030.41418382118)
(31, 1.4765715599060059, -33049.10619602368, -33031.23030499757)
(32, 1.5591182708740234, -33037.06097059843, -33031.89873112891)
(33, 1.6481540203094482, -33037.06097059843, -33032.696746714)
(34, 1.7424392700195312, -33037.06097059843, -33034.12703101922)
(35, 1.837247610092163, -33037.06097059843, -33034.12703101921)
(36, 1.9227633476257324, -33035.77565806239, -33034.12703101922)
(37, 2.0065081119537354, -33035.04968461122, -33034.1270310192)
(38, 2.088268995285034, -33034.57998308206, -33034.1270310192)
(39, 2.186534881591797, -33034.26291973813, -33034.12703101921)
(40, 2.2729475498199463, -33034.16779763496, -33034.1270310192)
(41, 2.360121250152588, -33034.16779763496, -33034.12703101919)
(42, 2.4526185989379883, -33034.156996096885, -33034.15236686389)
