(1, 0.07473015785217285, -361019.0, -26168.0)
(2, 0.15911126136779785, -239541.31255381947, -26168.0)
(3, 0.22739577293395996, -148244.17280771263, -26168.0)
(4, 0.30042028427124023, -81545.38071973863, -26168.0)
(5, 0.42387962341308594, -53253.62971313729, -26168.0)
(6, 0.5673410892486572, -48345.41921269892, -26168.0)
(7, 0.7169477939605713, -42110.69264574555, -33199.73286290323)
(8, 0.8796401023864746, -37308.09839995988, -33320.36956521739)
(9, 1.064924955368042, -34722.12380993283, -33467.135910224424)
(10, 1.2591588497161865, -33869.232083245726, -33474.92988606485)
(11, 1.46150803565979, -33623.24894664863, -33475.153788587464)
(12, 1.6549875736236572, -33536.2633426892, -33488.14583333333)
(13, 1.8731403350830078, -33520.999089703306, -33490.384120171686)
(14, 2.0895655155181885, -33503.673016811175, -33496.24755700326)
(15, 2.3070833683013916, -33502.16019496468, -33496.24755700325)
(16, 2.5139477252960205, -33498.600674377325, -33497.075165562914)
(17, 2.7295961380004883, -33497.53281820663, -33497.07516556292)
(18, 2.9417009353637695, -33497.212461371135, -33497.07516556292)
(19, 3.154078245162964, -33497.116354302074, -33497.0751655629)
(20, 3.3640029430389404, -33497.087522184425, -33497.0751655629)
(21, 3.5807275772094727, -33497.087522184425, -33497.075165562914)
