(1, 0.017630815505981445, -131739.0, -10033.0)
(2, 0.033899784088134766, -131739.0, -10033.0)
(3, 0.049944162368774414, -131739.0, -10033.0)
(4, 0.06589293479919434, -131739.0, -10033.0)
(5, 0.08199691772460938, -131739.0, -10033.0)
(6, 0.09816122055053711, -131739.0, -10033.0)
(7, 0.11388993263244629, -131739.0, -10033.0)
(8, 0.12967991828918457, -131739.0, -10033.0)
(9, 0.14574646949768066, -131739.0, -10033.0)
(10, 0.1615293025970459, -131739.0, -10033.0)
(11, 0.1772444248199463, -131739.0, -10033.0)
(12, 0.1925678253173828, -123905.0, -10033.0)
(13, 0.20831918716430664, -123905.0, -10033.0)
(14, 0.22354650497436523, -123905.0, -10033.0)
(15, 0.2388458251953125, -123905.0, -10033.0)
(16, 0.25420594215393066, -123905.0, -10033.0)
(17, 0.26923108100891113, -109040.66666666666, -10033.0)
(18, 0.28458404541015625, -93281.44444444444, -10033.0)
(19, 0.3004424571990967, -76892.33333333333, -10033.0)
(20, 0.317108154296875, -66968.33333333333, -10033.0)
(21, 0.3335905075073242, -50418.22222222222, -10033.0)
(22, 0.35099148750305176, -41415.33333333333, -10033.0)
(23, 0.36907291412353516, -40416.444444444445, -10033.0)
(24, 0.3882126808166504, -23386.333333333336, -10033.0)
(25, 0.407015323638916, -18643.888888888887, -10033.0)
(26, 0.42595958709716797, -15280.555555555555, -10033.0)
(27, 0.4459550380706787, -14390.0, -14388.0)
(28, 0.4646782875061035, -14388.0, -14388.0)
(29, 0.48326659202575684, -14388.0, -14388.0)
