(1, 0.18162894248962402, -541918.0, -71887.0)
(2, 0.3304882049560547, -541918.0, -71887.0)
(3, 0.47335362434387207, -541918.0, -71887.0)
(4, 0.6196227073669434, -541918.0, -71887.0)
(5, 0.763094425201416, -541918.0, -71887.0)
(6, 0.9031877517700195, -541918.0, -71887.0)
(7, 1.0475738048553467, -541918.0, -71887.0)
(8, 1.1894288063049316, -541918.0, -71887.0)
(9, 1.3287298679351807, -541918.0, -71887.0)
(10, 1.4751780033111572, -541918.0, -71887.0)
(11, 1.618541955947876, -541918.0, -71887.0)
(12, 1.7616970539093018, -541918.0, -71887.0)
(13, 1.9004864692687988, -541918.0, -71887.0)
(14, 2.049825429916382, -541918.0, -71887.0)
(15, 2.190941333770752, -541918.0, -71887.0)
(16, 2.3277037143707275, -541918.0, -71887.0)
(17, 2.47619366645813, -541918.0, -71887.0)
(18, 2.617194652557373, -541918.0, -71887.0)
(19, 2.7637879848480225, -541918.0, -71887.0)
(20, 2.9121603965759277, -541918.0, -71887.0)
(21, 3.0499396324157715, -541918.0, -71887.0)
(22, 3.1948068141937256, -541918.0, -71887.0)
(23, 3.335770606994629, -541918.0, -71887.0)
(24, 3.4877116680145264, -541918.0, -71887.0)
(25, 3.6337506771087646, -541918.0, -71887.0)
(26, 3.7759134769439697, -541918.0, -71887.0)
(27, 3.9180617332458496, -541918.0, -71887.0)
(28, 4.067821264266968, -541918.0, -71887.0)
(29, 4.204591274261475, -541918.0, -71887.0)
(30, 4.340705871582031, -541918.0, -71887.0)
(31, 4.487111568450928, -541918.0, -71887.0)
(32, 4.6280248165130615, -541918.0, -71887.0)
(33, 4.782034873962402, -541918.0, -71887.0)
(34, 4.927561521530151, -541918.0, -71887.0)
(35, 5.071290016174316, -541918.0, -71887.0)
(36, 5.22086501121521, -541918.0, -71887.0)
(37, 5.367119073867798, -541918.0, -71887.0)
(38, 5.514694690704346, -541918.0, -71887.0)
(39, 5.6552605628967285, -541918.0, -71887.0)
(40, 5.792986631393433, -541918.0, -71887.0)
(41, 5.934159278869629, -541918.0, -71887.0)
(42, 6.080168962478638, -541918.0, -71887.0)
(43, 6.224201202392578, -541918.0, -71887.0)
(44, 6.371469497680664, -541918.0, -71887.0)
(45, 6.515258550643921, -541918.0, -71887.0)
(46, 6.65747857093811, -541918.0, -71887.0)
(47, 6.803579330444336, -541918.0, -71887.0)
(48, 6.955071926116943, -541918.0, -71887.0)
(49, 7.1106109619140625, -541918.0, -71887.0)
(50, 7.259824514389038, -541918.0, -71887.0)
(51, 7.399800539016724, -541918.0, -71887.0)
(52, 7.553735971450806, -541918.0, -71887.0)
(53, 7.699766635894775, -541918.0, -71887.0)
(54, 7.867959022521973, -541918.0, -71887.0)
(55, 8.028507947921753, -541918.0, -71887.0)
(56, 8.17726469039917, -541918.0, -71887.0)
(57, 8.324394941329956, -541918.0, -71887.0)
(58, 8.471508264541626, -541918.0, -71887.0)
(59, 8.619865417480469, -541918.0, -71887.0)
(60, 8.76110315322876, -541918.0, -71887.0)
(61, 8.91338324546814, -541918.0, -71887.0)
(62, 9.061586380004883, -541918.0, -71887.0)
(63, 9.203235387802124, -541918.0, -71887.0)
(64, 9.353033065795898, -541918.0, -71887.0)
(65, 9.502217531204224, -541918.0, -71887.0)
(66, 9.655391216278076, -541918.0, -71887.0)
(67, 9.801311016082764, -541918.0, -71887.0)
(68, 9.95008897781372, -541918.0, -71887.0)
(69, 10.097261905670166, -541918.0, -71887.0)
(70, 10.247139692306519, -541918.0, -71887.0)
(71, 10.393693208694458, -541918.0, -71887.0)
(72, 10.542130470275879, -541918.0, -71887.0)
(73, 10.687899827957153, -541918.0, -71887.0)
(74, 10.835229635238647, -541918.0, -71887.0)
(75, 10.985885620117188, -541918.0, -71887.0)
(76, 11.131604433059692, -541918.0, -71887.0)
(77, 11.27811050415039, -541918.0, -71887.0)
(78, 11.432902336120605, -541918.0, -71887.0)
(79, 11.579827070236206, -541918.0, -71887.0)
(80, 11.730759382247925, -541918.0, -71887.0)
(81, 11.87922191619873, -541918.0, -71887.0)
(82, 12.02377724647522, -541918.0, -71887.0)
(83, 12.168018817901611, -541918.0, -71887.0)
(84, 12.322725534439087, -541918.0, -71887.0)
(85, 12.470361232757568, -541918.0, -71887.0)
(86, 12.618897676467896, -541918.0, -71887.0)
(87, 12.76421594619751, -541918.0, -71887.0)
(88, 12.922479152679443, -541918.0, -71887.0)
(89, 13.070717573165894, -541918.0, -71887.0)
(90, 13.227717399597168, -541918.0, -71887.0)
(91, 13.373741865158081, -541918.0, -71887.0)
(92, 13.534742832183838, -541918.0, -71887.0)
(93, 13.694823026657104, -541918.0, -71887.0)
(94, 13.859905481338501, -541918.0, -71887.0)
(95, 14.013821125030518, -541918.0, -71887.0)
(96, 14.168094635009766, -541918.0, -71887.0)
(97, 14.327147483825684, -541918.0, -71887.0)
(98, 14.500550508499146, -541918.0, -71887.0)
(99, 14.647559404373169, -541918.0, -71887.0)
(100, 14.794326782226562, -541918.0, -71887.0)
(101, 14.9481942653656, -541918.0, -71887.0)
(102, 15.110146522521973, -541918.0, -71887.0)
(103, 15.285159826278687, -541918.0, -71887.0)
(104, 15.451263904571533, -541918.0, -71887.0)
(105, 15.619115591049194, -541918.0, -71887.0)
(106, 15.779516458511353, -541918.0, -71887.0)
(107, 15.941850423812866, -541918.0, -71887.0)
(108, 16.098150730133057, -541918.0, -71887.0)
(109, 16.25829005241394, -541918.0, -71887.0)
(110, 16.415088415145874, -541918.0, -71887.0)
(111, 16.575777292251587, -541918.0, -71887.0)
(112, 16.732805967330933, -541918.0, -71887.0)
(113, 16.892521858215332, -541918.0, -71887.0)
(114, 17.052225828170776, -541918.0, -71887.0)
(115, 17.211316347122192, -541918.0, -71887.0)
(116, 17.372981071472168, -541918.0, -71887.0)
(117, 17.52724528312683, -541918.0, -71887.0)
(118, 17.684837579727173, -541918.0, -71887.0)
(119, 17.84487009048462, -541918.0, -71887.0)
(120, 18.006451845169067, -541918.0, -71887.0)
(121, 18.1590256690979, -541918.0, -71887.0)
(122, 18.3149893283844, -541918.0, -71887.0)
(123, 18.477384328842163, -541918.0, -71887.0)
(124, 18.627286911010742, -541918.0, -71887.0)
(125, 18.77751326560974, -541918.0, -71887.0)
(126, 18.93038272857666, -541918.0, -71887.0)
(127, 19.08084797859192, -541918.0, -71887.0)
(128, 19.262123584747314, -541918.0, -71887.0)
(129, 19.443058490753174, -541918.0, -71887.0)
(130, 19.608781337738037, -541918.0, -71887.0)
(131, 19.77195644378662, -541918.0, -71887.0)
(132, 19.940359830856323, -541918.0, -71887.0)
(133, 20.104362726211548, -541918.0, -71887.0)
(134, 20.26792883872986, -541918.0, -71887.0)
(135, 20.428691387176514, -541918.0, -71887.0)
(136, 20.58487558364868, -541918.0, -71887.0)
(137, 20.74624514579773, -541918.0, -71887.0)
(138, 20.922113180160522, -541918.0, -71887.0)
(139, 21.093587160110474, -541918.0, -71887.0)
(140, 21.261717796325684, -541918.0, -71887.0)
(141, 21.42963194847107, -541918.0, -71887.0)
(142, 21.59673810005188, -541918.0, -71887.0)
(143, 21.75886106491089, -541918.0, -71887.0)
(144, 21.923810958862305, -541918.0, -71887.0)
(145, 22.091453313827515, -541918.0, -71887.0)
(146, 22.25182557106018, -541918.0, -71887.0)
(147, 22.420169591903687, -541918.0, -71887.0)
(148, 22.592614889144897, -541918.0, -71887.0)
(149, 22.759162664413452, -541918.0, -71887.0)
(150, 22.931634426116943, -541918.0, -71887.0)
(151, 23.093870162963867, -541918.0, -71887.0)
(152, 23.263932704925537, -541918.0, -71887.0)
(153, 23.428802490234375, -541918.0, -71887.0)
(154, 23.596205234527588, -541918.0, -71887.0)
(155, 23.758343935012817, -541918.0, -71887.0)
(156, 23.920847177505493, -541918.0, -71887.0)
(157, 24.084988355636597, -541918.0, -71887.0)
(158, 24.249414920806885, -541918.0, -71887.0)
(159, 24.413493394851685, -541918.0, -71887.0)
(160, 24.57691216468811, -541918.0, -71887.0)
(161, 24.74494981765747, -541918.0, -71887.0)
(162, 24.905000686645508, -541918.0, -71887.0)
(163, 25.06938338279724, -541918.0, -71887.0)
(164, 25.23908758163452, -541918.0, -71887.0)
(165, 25.396620512008667, -541918.0, -71887.0)
(166, 25.553882837295532, -541918.0, -71887.0)
(167, 25.722055435180664, -541918.0, -71887.0)
(168, 25.881680250167847, -541918.0, -71887.0)
(169, 26.047487020492554, -541918.0, -71887.0)
(170, 26.215083122253418, -541918.0, -71887.0)
(171, 26.38256311416626, -541918.0, -71887.0)
(172, 26.5496244430542, -541918.0, -71887.0)
(173, 26.72228169441223, -541918.0, -71887.0)
(174, 26.887314081192017, -541918.0, -71887.0)
(175, 27.05343770980835, -541918.0, -71887.0)
(176, 27.214484214782715, -541918.0, -71887.0)
(177, 27.384109258651733, -541918.0, -71887.0)
(178, 27.559216260910034, -541918.0, -71887.0)
(179, 27.729268074035645, -541918.0, -71887.0)
(180, 27.89596152305603, -541918.0, -71887.0)
(181, 28.060306072235107, -541918.0, -71887.0)
(182, 28.229849576950073, -541918.0, -71887.0)
(183, 28.40139102935791, -541918.0, -71887.0)
(184, 28.57162594795227, -541918.0, -71887.0)
(185, 28.73194122314453, -541918.0, -71887.0)
(186, 28.900058031082153, -541918.0, -71887.0)
(187, 29.067903518676758, -541918.0, -71887.0)
(188, 29.237318992614746, -541918.0, -71887.0)
(189, 29.408753156661987, -541918.0, -71887.0)
(190, 29.572205066680908, -541918.0, -71887.0)
(191, 29.74140501022339, -541918.0, -71887.0)
(192, 29.90995478630066, -541918.0, -71887.0)
(193, 30.076752424240112, -541918.0, -71887.0)
(194, 30.247835397720337, -541918.0, -71887.0)
(195, 30.418583154678345, -541918.0, -71887.0)
(196, 30.57869029045105, -541918.0, -71887.0)
(197, 30.749906539916992, -541918.0, -71887.0)
(198, 30.92436909675598, -541918.0, -71887.0)
(199, 31.104528188705444, -541918.0, -71887.0)
(200, 31.272751331329346, -541918.0, -71887.0)
(201, 31.443666696548462, -541918.0, -71887.0)
(202, 31.61268711090088, -541918.0, -71887.0)
(203, 31.79582929611206, -541918.0, -71887.0)
(204, 31.972375869750977, -541918.0, -71887.0)
(205, 32.15397500991821, -541918.0, -71887.0)
(206, 32.33471918106079, -541918.0, -71887.0)
(207, 32.50635480880737, -541918.0, -71887.0)
(208, 32.67385768890381, -541918.0, -71887.0)
(209, 32.84907793998718, -541918.0, -71887.0)
(210, 33.02523493766785, -541918.0, -71887.0)
(211, 33.20359969139099, -541918.0, -71887.0)
(212, 33.38373780250549, -541918.0, -71887.0)
(213, 33.55486440658569, -541918.0, -71887.0)
(214, 33.72287845611572, -541918.0, -71887.0)
(215, 33.89867830276489, -541918.0, -71887.0)
(216, 34.06489586830139, -541918.0, -71887.0)
(217, 34.23972511291504, -541918.0, -71887.0)
(218, 34.41708207130432, -541918.0, -71887.0)
(219, 34.58101511001587, -541918.0, -71887.0)
(220, 34.75032114982605, -541918.0, -71887.0)
(221, 34.930437088012695, -541918.0, -71887.0)
(222, 35.10876226425171, -541918.0, -71887.0)
(223, 35.290220499038696, -541918.0, -71887.0)
(224, 35.46156287193298, -541918.0, -71887.0)
(225, 35.62825036048889, -541918.0, -71887.0)
(226, 35.81242346763611, -541918.0, -71887.0)
(227, 35.982924938201904, -541918.0, -71887.0)
(228, 36.14842510223389, -541918.0, -71887.0)
(229, 36.325639963150024, -541918.0, -71887.0)
(230, 36.49699020385742, -541918.0, -71887.0)
(231, 36.675944566726685, -541918.0, -71887.0)
(232, 36.84974527359009, -541918.0, -71887.0)
(233, 37.024587631225586, -541918.0, -71887.0)
(234, 37.20607280731201, -541918.0, -71887.0)
(235, 37.38913822174072, -541918.0, -71887.0)
(236, 37.57126760482788, -541918.0, -71887.0)
(237, 37.75960612297058, -541918.0, -71887.0)
(238, 37.94589853286743, -541918.0, -71887.0)
(239, 38.120667934417725, -541918.0, -71887.0)
(240, 38.308799028396606, -541918.0, -71887.0)
(241, 38.4895658493042, -541918.0, -71887.0)
(242, 38.65570640563965, -541918.0, -71887.0)
(243, 38.82989573478699, -541918.0, -71887.0)
(244, 39.01000666618347, -541918.0, -71887.0)
(245, 39.20820164680481, -541918.0, -71887.0)
(246, 39.434324502944946, -541918.0, -71887.0)
(247, 39.617496728897095, -541918.0, -71887.0)
(248, 39.811662673950195, -541918.0, -71887.0)
(249, 40.008525133132935, -541918.0, -71887.0)
(250, 40.19145750999451, -541918.0, -71887.0)
(251, 40.38146090507507, -541918.0, -71887.0)
(252, 40.56219267845154, -541918.0, -71887.0)
(253, 40.74940752983093, -541918.0, -71887.0)
(254, 40.93193483352661, -541918.0, -71887.0)
(255, 41.12328028678894, -541918.0, -71887.0)
(256, 41.30845284461975, -541918.0, -71887.0)
(257, 41.48822379112244, -541918.0, -71887.0)
(258, 41.675182580947876, -541918.0, -71887.0)
(259, 41.853376388549805, -541918.0, -71887.0)
(260, 42.03420639038086, -541918.0, -71887.0)
(261, 42.22792458534241, -541918.0, -71887.0)
(262, 42.40995216369629, -541918.0, -71887.0)
(263, 42.591999530792236, -541918.0, -71887.0)
(264, 42.77522420883179, -541918.0, -71887.0)
(265, 42.96446681022644, -541918.0, -71887.0)
(266, 43.15815353393555, -541918.0, -71887.0)
(267, 43.336766719818115, -541918.0, -71887.0)
(268, 43.51467323303223, -541918.0, -71887.0)
(269, 43.70283603668213, -541918.0, -71887.0)
(270, 43.912033796310425, -541918.0, -71887.0)
(271, 44.09971356391907, -541918.0, -71887.0)
(272, 44.286396980285645, -541918.0, -71887.0)
(273, 44.4628050327301, -541918.0, -71887.0)
(274, 44.653146266937256, -541918.0, -71887.0)
(275, 44.834073543548584, -541918.0, -71887.0)
(276, 45.01364064216614, -541918.0, -71887.0)
(277, 45.195839405059814, -541918.0, -71887.0)
(278, 45.39305138587952, -541918.0, -71887.0)
(279, 45.57860016822815, -541918.0, -71887.0)
(280, 45.76252627372742, -541918.0, -71887.0)
(281, 45.94568395614624, -541918.0, -71887.0)
(282, 46.139036417007446, -541918.0, -71887.0)
(283, 46.32753586769104, -541918.0, -71887.0)
(284, 46.518101930618286, -541918.0, -71887.0)
(285, 46.70485043525696, -541918.0, -71887.0)
(286, 46.8845911026001, -541918.0, -71887.0)
(287, 47.06427717208862, -541918.0, -71887.0)
(288, 47.25060701370239, -541918.0, -71887.0)
(289, 47.42766094207764, -541918.0, -71887.0)
(290, 47.61859893798828, -541918.0, -71887.0)
(291, 47.81105589866638, -541918.0, -71887.0)
(292, 48.035207748413086, -541918.0, -71887.0)
(293, 48.22995686531067, -541918.0, -71887.0)
(294, 48.424933671951294, -541918.0, -71887.0)
(295, 48.62219834327698, -541918.0, -71887.0)
(296, 48.81540298461914, -541918.0, -71887.0)
(297, 49.01040267944336, -541918.0, -71887.0)
(298, 49.198434591293335, -541918.0, -71887.0)
(299, 49.40786027908325, -541918.0, -71887.0)
(300, 49.60143160820007, -541918.0, -71887.0)
(301, 49.78739833831787, -541918.0, -71887.0)
(302, 49.99310922622681, -541918.0, -71887.0)
(303, 50.19003510475159, -541918.0, -71887.0)
(304, 50.38553166389465, -541918.0, -71887.0)
(305, 50.58527159690857, -541918.0, -71887.0)
(306, 50.80375027656555, -541918.0, -71887.0)
(307, 51.008716344833374, -541918.0, -71887.0)
(308, 51.20475935935974, -541918.0, -71887.0)
(309, 51.39713501930237, -541918.0, -71887.0)
(310, 51.5897479057312, -541918.0, -71887.0)
(311, 51.77025628089905, -541918.0, -71887.0)
(312, 51.95387506484985, -541918.0, -71887.0)
(313, 52.15830326080322, -541918.0, -71887.0)
(314, 52.33897519111633, -541918.0, -71887.0)
(315, 52.53415584564209, -541918.0, -71887.0)
(316, 52.72062373161316, -541918.0, -71887.0)
(317, 52.920658826828, -541918.0, -71887.0)
(318, 53.109490394592285, -541918.0, -71887.0)
(319, 53.30758285522461, -541918.0, -71887.0)
(320, 53.49627161026001, -541918.0, -71887.0)
(321, 53.6838641166687, -541918.0, -71887.0)
(322, 53.87208032608032, -541918.0, -71887.0)
(323, 54.068697929382324, -541918.0, -71887.0)
(324, 54.261932611465454, -541918.0, -71887.0)
(325, 54.4555926322937, -541918.0, -71887.0)
(326, 54.66231393814087, -541918.0, -71887.0)
(327, 54.85531663894653, -541918.0, -71887.0)
(328, 55.05975079536438, -541918.0, -71887.0)
(329, 55.253419160842896, -541918.0, -71887.0)
(330, 55.44369125366211, -541918.0, -71887.0)
(331, 55.64691138267517, -541918.0, -71887.0)
(332, 55.85227584838867, -541918.0, -71887.0)
(333, 56.0525918006897, -541918.0, -71887.0)
(334, 56.248958110809326, -541918.0, -71887.0)
(335, 56.44085717201233, -541918.0, -71887.0)
(336, 56.628440618515015, -541918.0, -71887.0)
(337, 56.82499599456787, -541918.0, -71887.0)
(338, 57.03572416305542, -541918.0, -71887.0)
(339, 57.242652893066406, -541918.0, -71887.0)
(340, 57.44948220252991, -541918.0, -71887.0)
(341, 57.6365692615509, -541918.0, -71887.0)
(342, 57.82923865318298, -541918.0, -71887.0)
(343, 58.01804208755493, -541918.0, -71887.0)
(344, 58.221832275390625, -541918.0, -71887.0)
(345, 58.42118215560913, -541918.0, -71887.0)
(346, 58.6194372177124, -541918.0, -71887.0)
(347, 58.81186556816101, -541918.0, -71887.0)
(348, 59.01319622993469, -541918.0, -71887.0)
(349, 59.20463418960571, -541918.0, -71887.0)
(350, 59.40041542053223, -541918.0, -71887.0)
(351, 59.60871124267578, -541918.0, -71887.0)
(352, 59.82447695732117, -541918.0, -71887.0)
(353, 60.01493191719055, -541918.0, -71887.0)
(354, 60.21302318572998, -541918.0, -71887.0)
(355, 60.41751289367676, -541918.0, -71887.0)
(356, 60.60883188247681, -541918.0, -71887.0)
(357, 60.7996563911438, -541918.0, -71887.0)
(358, 60.99801182746887, -541918.0, -71887.0)
(359, 61.19618558883667, -541918.0, -71887.0)
(360, 61.38768243789673, -541918.0, -71887.0)
(361, 61.576624155044556, -541918.0, -71887.0)
(362, 61.760388135910034, -541918.0, -71887.0)
(363, 61.944355964660645, -541918.0, -71887.0)
(364, 62.1308753490448, -541918.0, -71887.0)
(365, 62.31328582763672, -541918.0, -71887.0)
(366, 62.49679780006409, -541918.0, -71887.0)
(367, 62.68048167228699, -541918.0, -71887.0)
(368, 62.87040638923645, -541918.0, -71887.0)
(369, 63.052114486694336, -541918.0, -71887.0)
(370, 63.23796606063843, -541918.0, -71887.0)
(371, 63.42594385147095, -541918.0, -71887.0)
(372, 63.61648964881897, -541918.0, -71887.0)
(373, 63.80205726623535, -541918.0, -71887.0)
(374, 64.01166129112244, -541918.0, -71887.0)
(375, 64.20510935783386, -541918.0, -71887.0)
(376, 64.39768695831299, -541918.0, -71887.0)
(377, 64.58718180656433, -541918.0, -71887.0)
(378, 64.78194618225098, -541918.0, -71887.0)
(379, 64.97105956077576, -541918.0, -71887.0)
(380, 65.1595516204834, -541918.0, -71887.0)
(381, 65.35853600502014, -541918.0, -71887.0)
(382, 65.56440019607544, -541918.0, -71887.0)
(383, 65.77260065078735, -541918.0, -71887.0)
(384, 65.96704459190369, -541918.0, -71887.0)
(385, 66.16290712356567, -541918.0, -71887.0)
(386, 66.3707754611969, -541918.0, -71887.0)
(387, 66.57886624336243, -541918.0, -71887.0)
(388, 66.77972507476807, -541918.0, -71887.0)
(389, 66.99827480316162, -541918.0, -71887.0)
(390, 67.19098997116089, -541918.0, -71887.0)
(391, 67.39123249053955, -541918.0, -71887.0)
(392, 67.59351539611816, -541918.0, -71887.0)
(393, 67.80888080596924, -541918.0, -71887.0)
(394, 68.01382613182068, -541918.0, -71887.0)
(395, 68.21206498146057, -541918.0, -71887.0)
(396, 68.41314148902893, -541918.0, -71887.0)
(397, 68.61802768707275, -541918.0, -71887.0)
(398, 68.83624386787415, -541918.0, -71887.0)
(399, 69.05588126182556, -541918.0, -71887.0)
(400, 69.25780773162842, -541918.0, -71887.0)
(401, 69.45713758468628, -541918.0, -71887.0)
(402, 69.65771102905273, -541918.0, -71887.0)
(403, 69.86286783218384, -541918.0, -71887.0)
(404, 70.06675028800964, -541918.0, -71887.0)
(405, 70.2805323600769, -541918.0, -71887.0)
(406, 70.48820734024048, -541918.0, -71887.0)
(407, 70.7065076828003, -541918.0, -71887.0)
(408, 70.9292778968811, -541918.0, -71887.0)
(409, 71.14959955215454, -541918.0, -71887.0)
(410, 71.37161064147949, -541918.0, -71887.0)
(411, 71.57586216926575, -541918.0, -71887.0)
(412, 71.78324246406555, -541918.0, -71887.0)
(413, 71.99125719070435, -541918.0, -71887.0)
(414, 72.20674705505371, -541918.0, -71887.0)
(415, 72.40186333656311, -541918.0, -71887.0)
(416, 72.60178828239441, -541918.0, -71887.0)
(417, 72.81884145736694, -541918.0, -71887.0)
(418, 73.01428055763245, -541918.0, -71887.0)
(419, 73.21411681175232, -541918.0, -71887.0)
(420, 73.44291543960571, -541918.0, -71887.0)
(421, 73.66437482833862, -541918.0, -71887.0)
(422, 73.88512921333313, -541918.0, -71887.0)
(423, 74.11085844039917, -541918.0, -71887.0)
(424, 74.33583617210388, -541918.0, -71887.0)
(425, 74.55510759353638, -541918.0, -71887.0)
(426, 74.78563189506531, -541918.0, -71887.0)
(427, 75.01482677459717, -541918.0, -71887.0)
(428, 75.26253461837769, -541918.0, -71887.0)
(429, 75.52155137062073, -541918.0, -71887.0)
(430, 75.75515627861023, -541918.0, -71887.0)
(431, 75.98736763000488, -541918.0, -71887.0)
(432, 76.20956611633301, -541918.0, -71887.0)
(433, 76.42901515960693, -541918.0, -71887.0)
(434, 76.65532755851746, -541918.0, -71887.0)
(435, 76.90754199028015, -541918.0, -71887.0)
(436, 77.14637088775635, -541918.0, -71887.0)
(437, 77.37941122055054, -541918.0, -71887.0)
(438, 77.61170554161072, -541918.0, -71887.0)
(439, 77.85534048080444, -541918.0, -71887.0)
(440, 78.10569906234741, -541918.0, -71887.0)
(441, 78.34557104110718, -541918.0, -71887.0)
(442, 78.57954120635986, -541918.0, -71887.0)
(443, 78.79953026771545, -541918.0, -71887.0)
(444, 79.02601051330566, -541918.0, -71887.0)
(445, 79.25507187843323, -541918.0, -71887.0)
(446, 79.4873571395874, -541918.0, -71887.0)
(447, 79.70752549171448, -541918.0, -71887.0)
(448, 79.92633962631226, -541918.0, -71887.0)
(449, 80.16822719573975, -541918.0, -71887.0)
(450, 80.4049961566925, -541918.0, -71887.0)
(451, 80.64088273048401, -541918.0, -71887.0)
(452, 80.87266802787781, -541918.0, -71887.0)
(453, 81.12072849273682, -541918.0, -71887.0)
(454, 81.3642909526825, -541918.0, -71887.0)
(455, 81.58991694450378, -541918.0, -71887.0)
(456, 81.85237741470337, -541918.0, -71887.0)
(457, 82.06170654296875, -541918.0, -71887.0)
(458, 82.2826886177063, -541918.0, -71887.0)
(459, 82.49203252792358, -541918.0, -71887.0)
(460, 82.71205425262451, -541918.0, -71887.0)
(461, 82.93479347229004, -541918.0, -71887.0)
(462, 83.17833852767944, -541918.0, -71887.0)
(463, 83.4307267665863, -541918.0, -71887.0)
(464, 83.65624117851257, -541918.0, -71887.0)
(465, 83.8854558467865, -541918.0, -71887.0)
(466, 84.15028524398804, -541918.0, -71887.0)
(467, 84.39228463172913, -541918.0, -71887.0)
(468, 84.64176273345947, -541918.0, -71887.0)
(469, 84.89558267593384, -541918.0, -71887.0)
(470, 85.14223313331604, -541918.0, -71887.0)
(471, 85.43004488945007, -541918.0, -71887.0)
(472, 85.67419338226318, -541918.0, -71887.0)
(473, 85.92939877510071, -541918.0, -71887.0)
(474, 86.17822289466858, -541918.0, -71887.0)
(475, 86.45573163032532, -541918.0, -71887.0)
(476, 86.69539308547974, -541918.0, -71887.0)
(477, 86.93240356445312, -541918.0, -71887.0)
(478, 87.17354726791382, -541918.0, -71887.0)
(479, 87.40725088119507, -541918.0, -71887.0)
(480, 87.67177510261536, -541918.0, -71887.0)
(481, 87.92929339408875, -541918.0, -71887.0)
(482, 88.17340183258057, -541918.0, -71887.0)
(483, 88.4246129989624, -541918.0, -71887.0)
(484, 88.68103456497192, -541918.0, -71887.0)
(485, 88.92865705490112, -541918.0, -71887.0)
(486, 89.18675637245178, -541918.0, -71887.0)
(487, 89.46368074417114, -541918.0, -71887.0)
(488, 89.71730995178223, -541918.0, -71887.0)
(489, 89.96976351737976, -541918.0, -71887.0)
(490, 90.22632074356079, -541918.0, -71887.0)
(491, 90.4641981124878, -541918.0, -71887.0)
(492, 90.71912050247192, -541918.0, -71887.0)
(493, 90.95733594894409, -541918.0, -71887.0)
(494, 91.2064197063446, -541918.0, -71887.0)
(495, 91.43888878822327, -541918.0, -71887.0)
(496, 91.69481801986694, -541918.0, -71887.0)
(497, 91.9542784690857, -541918.0, -71887.0)
(498, 92.20063066482544, -541918.0, -71887.0)
(499, 92.47984647750854, -541918.0, -71887.0)
(500, 92.74626088142395, -541918.0, -71887.0)
(501, 92.98641061782837, -541918.0, -71887.0)
(502, 93.23173236846924, -541918.0, -71887.0)
(503, 93.4663028717041, -541918.0, -71887.0)
(504, 93.72470331192017, -541918.0, -71887.0)
(505, 93.98914074897766, -541918.0, -71887.0)
(506, 94.23776364326477, -541918.0, -71887.0)
(507, 94.47500610351562, -541918.0, -71887.0)
(508, 94.68489670753479, -541918.0, -71887.0)
(509, 94.93103981018066, -541918.0, -71887.0)
(510, 95.19301748275757, -541918.0, -71887.0)
(511, 95.47782254219055, -541918.0, -71887.0)
(512, 95.73619318008423, -541918.0, -71887.0)
(513, 95.9585177898407, -541918.0, -71887.0)
(514, 96.18229627609253, -541918.0, -71887.0)
(515, 96.42833399772644, -541918.0, -71887.0)
(516, 96.67754125595093, -541918.0, -71887.0)
(517, 96.94346475601196, -541918.0, -71887.0)
(518, 97.19476556777954, -541918.0, -71887.0)
(519, 97.44292211532593, -541918.0, -71887.0)
(520, 97.7064859867096, -541918.0, -71887.0)
(521, 97.99249744415283, -541918.0, -71887.0)
(522, 98.25527095794678, -541918.0, -71887.0)
(523, 98.55543851852417, -541918.0, -71887.0)
(524, 98.82784485816956, -541918.0, -71887.0)
(525, 99.09147906303406, -541918.0, -71887.0)
(526, 99.34940266609192, -541918.0, -71887.0)
(527, 99.56834197044373, -541918.0, -71887.0)
(528, 99.81888175010681, -541918.0, -71887.0)
(529, 100.07821798324585, -541918.0, -71887.0)
(530, 100.32818174362183, -541918.0, -71887.0)
(531, 100.59380102157593, -541918.0, -71887.0)
(532, 100.84297299385071, -541918.0, -71887.0)
(533, 101.09593605995178, -541918.0, -71887.0)
(534, 101.36618661880493, -541918.0, -71887.0)
(535, 101.62397789955139, -541918.0, -71887.0)
(536, 101.86507511138916, -541918.0, -71887.0)
(537, 102.12569832801819, -541918.0, -71887.0)
(538, 102.38328814506531, -541918.0, -71887.0)
(539, 102.60306644439697, -541918.0, -71887.0)
(540, 102.8359432220459, -541918.0, -71887.0)
(541, 103.09371781349182, -541918.0, -71887.0)
(542, 103.34269547462463, -541918.0, -71887.0)
(543, 103.59304404258728, -541918.0, -71887.0)
(544, 103.8220283985138, -541918.0, -71887.0)
(545, 104.0819845199585, -541918.0, -71887.0)
(546, 104.3433518409729, -541918.0, -71887.0)
(547, 104.60441303253174, -541918.0, -71887.0)
(548, 104.86004400253296, -541918.0, -71887.0)
(549, 105.11269497871399, -541918.0, -71887.0)
(550, 105.37768340110779, -541918.0, -71887.0)
(551, 105.64064311981201, -541918.0, -71887.0)
(552, 105.914142370224, -541918.0, -71887.0)
(553, 106.18232488632202, -541918.0, -71887.0)
(554, 106.45578074455261, -541918.0, -71887.0)
(555, 106.70870637893677, -541918.0, -71887.0)
(556, 106.97223401069641, -541918.0, -71887.0)
(557, 107.22870755195618, -541918.0, -71887.0)
(558, 107.4904670715332, -541918.0, -71887.0)
(559, 107.74703049659729, -541918.0, -71887.0)
(560, 108.00615859031677, -541918.0, -71887.0)
(561, 108.27135848999023, -541918.0, -71887.0)
(562, 108.53989458084106, -541918.0, -71887.0)
(563, 108.79432344436646, -541918.0, -71887.0)
(564, 109.06962704658508, -541918.0, -71887.0)
(565, 109.32825756072998, -541918.0, -71887.0)
(566, 109.59518241882324, -541918.0, -71887.0)
(567, 109.86656069755554, -541918.0, -71887.0)
(568, 110.13100528717041, -541918.0, -71887.0)
(569, 110.38952851295471, -541918.0, -71887.0)
(570, 110.67749309539795, -541918.0, -71887.0)
(571, 110.94600629806519, -541918.0, -71887.0)
(572, 111.19706106185913, -541918.0, -71887.0)
(573, 111.45758628845215, -541918.0, -71887.0)
(574, 111.7317967414856, -541918.0, -71887.0)
(575, 111.99394345283508, -541918.0, -71887.0)
(576, 112.26233863830566, -541918.0, -71887.0)
(577, 112.51280355453491, -541918.0, -71887.0)
(578, 112.7769525051117, -541918.0, -71887.0)
(579, 113.03104615211487, -541918.0, -71887.0)
(580, 113.29941654205322, -541918.0, -71887.0)
(581, 113.59862852096558, -541918.0, -71887.0)
(582, 113.87228417396545, -541918.0, -71887.0)
(583, 114.16952109336853, -541918.0, -71887.0)
(584, 114.45211577415466, -541918.0, -71887.0)
(585, 114.73443984985352, -541918.0, -71887.0)
(586, 115.0356183052063, -541918.0, -71887.0)
(587, 115.3012306690216, -541918.0, -71887.0)
(588, 115.5456976890564, -541918.0, -71887.0)
(589, 115.7977283000946, -541918.0, -71887.0)
(590, 116.08180212974548, -541918.0, -71887.0)
(591, 116.34254622459412, -541918.0, -71887.0)
(592, 116.61180281639099, -541918.0, -71887.0)
(593, 116.90351295471191, -541918.0, -71887.0)
(594, 117.18748664855957, -541918.0, -71887.0)
(595, 117.46468019485474, -541918.0, -71887.0)
(596, 117.7424008846283, -541918.0, -71887.0)
(597, 118.00950622558594, -541918.0, -71887.0)
(598, 118.27963709831238, -541918.0, -71887.0)
(599, 118.53649139404297, -541918.0, -71887.0)
(600, 118.80085825920105, -541918.0, -71887.0)
(601, 119.06783962249756, -541918.0, -71887.0)
(602, 119.33377456665039, -541918.0, -71887.0)
(603, 119.60451698303223, -541918.0, -71887.0)
(604, 119.86488437652588, -541918.0, -71887.0)
(605, 120.14532160758972, -541918.0, -71887.0)
(606, 120.43647336959839, -541918.0, -71887.0)
(607, 120.71743822097778, -541918.0, -71887.0)
(608, 120.9737868309021, -541918.0, -71887.0)
(609, 121.28426933288574, -541918.0, -71887.0)
(610, 121.5459475517273, -541918.0, -71887.0)
(611, 121.82606291770935, -541918.0, -71887.0)
(612, 122.14080476760864, -541918.0, -71887.0)
(613, 122.4529345035553, -541918.0, -71887.0)
(614, 122.76000928878784, -541918.0, -71887.0)
(615, 123.03239965438843, -541918.0, -71887.0)
(616, 123.30350184440613, -541918.0, -71887.0)
(617, 123.5840392112732, -541918.0, -71887.0)
(618, 123.85317540168762, -541918.0, -71887.0)
(619, 124.14521479606628, -541918.0, -71887.0)
(620, 124.47397303581238, -541918.0, -71887.0)
(621, 124.73757195472717, -541918.0, -71887.0)
(622, 125.02967309951782, -541918.0, -71887.0)
(623, 125.33863234519958, -541918.0, -71887.0)
(624, 125.57682132720947, -541918.0, -71887.0)
(625, 125.84068298339844, -541918.0, -71887.0)
(626, 126.13547444343567, -541918.0, -71887.0)
(627, 126.39050555229187, -541918.0, -71887.0)
(628, 126.66119384765625, -541918.0, -71887.0)
(629, 126.93076014518738, -541918.0, -71887.0)
(630, 127.22013211250305, -541918.0, -71887.0)
(631, 127.50086760520935, -541918.0, -71887.0)
(632, 127.78091764450073, -541918.0, -71887.0)
(633, 128.06210017204285, -541918.0, -71887.0)
(634, 128.3691189289093, -541918.0, -71887.0)
(635, 128.65506172180176, -541918.0, -71887.0)
(636, 128.96568727493286, -541918.0, -71887.0)
(637, 129.2350151538849, -541918.0, -71887.0)
(638, 129.54069900512695, -541918.0, -71887.0)
(639, 129.8474998474121, -541918.0, -71887.0)
(640, 130.16028571128845, -541918.0, -71887.0)
(641, 130.4563329219818, -541918.0, -71887.0)
(642, 130.75170731544495, -541918.0, -71887.0)
(643, 131.02117395401, -541918.0, -71887.0)
(644, 131.31445598602295, -541918.0, -71887.0)
(645, 131.65211153030396, -541918.0, -71887.0)
(646, 131.95816206932068, -541918.0, -71887.0)
(647, 132.27131414413452, -541918.0, -71887.0)
(648, 132.58463430404663, -541918.0, -71887.0)
(649, 132.90987610816956, -541918.0, -71887.0)
(650, 133.23708534240723, -541918.0, -71887.0)
(651, 133.58006691932678, -541918.0, -71887.0)
(652, 133.86925220489502, -541918.0, -71887.0)
(653, 134.14681959152222, -541918.0, -71887.0)
(654, 134.4459457397461, -541918.0, -71887.0)
(655, 134.74435782432556, -541918.0, -71887.0)
(656, 135.08856439590454, -541918.0, -71887.0)
(657, 135.4112892150879, -541918.0, -71887.0)
(658, 135.64952683448792, -541918.0, -71887.0)
(659, 135.9013910293579, -541918.0, -71887.0)
(660, 136.18918228149414, -541918.0, -71887.0)
(661, 136.48175168037415, -541918.0, -71887.0)
(662, 136.80060267448425, -541918.0, -71887.0)
(663, 137.10241532325745, -541918.0, -71887.0)
(664, 137.40732336044312, -541918.0, -71887.0)
(665, 137.72806763648987, -541918.0, -71887.0)
(666, 138.0367374420166, -541918.0, -71887.0)
(667, 138.3488574028015, -541918.0, -71887.0)
(668, 138.6236686706543, -541918.0, -71887.0)
(669, 138.93834328651428, -541918.0, -71887.0)
(670, 139.28718972206116, -541918.0, -71887.0)
(671, 139.58535957336426, -541918.0, -71887.0)
(672, 139.8503930568695, -541918.0, -71887.0)
(673, 140.17104935646057, -541918.0, -71887.0)
(674, 140.52839851379395, -541918.0, -71887.0)
(675, 140.8665988445282, -541918.0, -71887.0)
(676, 141.15454602241516, -541918.0, -71887.0)
(677, 141.44456839561462, -541918.0, -71887.0)
(678, 141.72646927833557, -541918.0, -71887.0)
(679, 142.02191853523254, -541918.0, -71887.0)
(680, 142.30329298973083, -541918.0, -71887.0)
(681, 142.59782481193542, -541918.0, -71887.0)
(682, 142.8878457546234, -541918.0, -71887.0)
(683, 143.1907126903534, -541918.0, -71887.0)
(684, 143.44386839866638, -541918.0, -71887.0)
(685, 143.70391130447388, -541918.0, -71887.0)
(686, 144.0016782283783, -541918.0, -71887.0)
(687, 144.23376274108887, -541918.0, -71887.0)
(688, 144.4635145664215, -541918.0, -71887.0)
(689, 144.73965001106262, -541918.0, -71887.0)
(690, 144.97493624687195, -541918.0, -71887.0)
(691, 145.2319631576538, -541918.0, -71887.0)
(692, 145.48860955238342, -541918.0, -71887.0)
(693, 145.78940796852112, -541918.0, -71887.0)
(694, 146.0325789451599, -541918.0, -71887.0)
(695, 146.3454086780548, -541918.0, -71887.0)
(696, 146.58699750900269, -541918.0, -71887.0)
(697, 146.88372349739075, -541918.0, -71887.0)
(698, 147.1726303100586, -541918.0, -71887.0)
(699, 147.45885944366455, -541918.0, -71887.0)
(700, 147.70053911209106, -541918.0, -71887.0)
(701, 147.9844045639038, -541918.0, -71887.0)
(702, 148.28293824195862, -541918.0, -71887.0)
(703, 148.5101764202118, -541918.0, -71887.0)
(704, 148.79173135757446, -541918.0, -71887.0)
(705, 149.04801487922668, -541918.0, -71887.0)
(706, 149.29444575309753, -541918.0, -71887.0)
(707, 149.56099224090576, -541918.0, -71887.0)
(708, 149.8710286617279, -541918.0, -71887.0)
(709, 150.1959855556488, -541918.0, -71887.0)
(710, 150.4363820552826, -541918.0, -71887.0)
(711, 150.75129103660583, -541918.0, -71887.0)
(712, 150.99484515190125, -541918.0, -71887.0)
(713, 151.30133271217346, -541918.0, -71887.0)
(714, 151.59157347679138, -541918.0, -71887.0)
(715, 151.8998966217041, -541918.0, -71887.0)
(716, 152.20223736763, -541918.0, -71887.0)
(717, 152.46503973007202, -541918.0, -71887.0)
(718, 152.76961970329285, -541918.0, -71887.0)
(719, 153.06976056098938, -541918.0, -71887.0)
(720, 153.33196473121643, -541918.0, -71887.0)
(721, 153.582688331604, -541918.0, -71887.0)
(722, 153.89008212089539, -541918.0, -71887.0)
(723, 154.19607853889465, -541918.0, -71887.0)
(724, 154.4890480041504, -541918.0, -71887.0)
(725, 154.79325532913208, -541918.0, -71887.0)
(726, 155.1043779850006, -541918.0, -71887.0)
(727, 155.42425084114075, -541918.0, -71887.0)
(728, 155.7434639930725, -541918.0, -71887.0)
(729, 156.07738137245178, -541918.0, -71887.0)
(730, 156.3898355960846, -541918.0, -71887.0)
(731, 156.6947705745697, -541918.0, -71887.0)
(732, 157.01067185401917, -541918.0, -71887.0)
(733, 157.31704473495483, -541918.0, -71887.0)
(734, 157.64406657218933, -541918.0, -71887.0)
(735, 157.9581925868988, -541918.0, -71887.0)
(736, 158.28986978530884, -541918.0, -71887.0)
(737, 158.597017288208, -541918.0, -71887.0)
(738, 158.908842086792, -541918.0, -71887.0)
(739, 159.230801820755, -541918.0, -71887.0)
(740, 159.55581903457642, -541918.0, -71887.0)
(741, 159.87293934822083, -541918.0, -71887.0)
(742, 160.20338821411133, -541918.0, -71887.0)
(743, 160.52278113365173, -541918.0, -71887.0)
(744, 160.84136700630188, -541918.0, -71887.0)
(745, 161.1491675376892, -541918.0, -71887.0)
(746, 161.4480264186859, -541918.0, -71887.0)
(747, 161.78386449813843, -541918.0, -71887.0)
(748, 162.11568331718445, -541918.0, -71887.0)
(749, 162.45784640312195, -541918.0, -71887.0)
(750, 162.78692626953125, -541918.0, -71887.0)
(751, 163.1270899772644, -541918.0, -71887.0)
(752, 163.4518837928772, -541918.0, -71887.0)
(753, 163.75515413284302, -541918.0, -71887.0)
(754, 164.07647681236267, -541918.0, -71887.0)
(755, 164.38809299468994, -541918.0, -71887.0)
(756, 164.76074075698853, -541918.0, -71887.0)
(757, 165.0904381275177, -541918.0, -71887.0)
(758, 165.44236540794373, -541918.0, -71887.0)
(759, 165.7989320755005, -541918.0, -71887.0)
(760, 166.16794681549072, -541918.0, -71887.0)
(761, 166.4954001903534, -541918.0, -71887.0)
(762, 166.81016182899475, -541918.0, -71887.0)
(763, 167.17240619659424, -541918.0, -71887.0)
(764, 167.52884101867676, -541918.0, -71887.0)
(765, 167.8826220035553, -541918.0, -71887.0)
(766, 168.20514702796936, -541918.0, -71887.0)
(767, 168.54665184020996, -541918.0, -71887.0)
(768, 168.87404799461365, -541918.0, -71887.0)
(769, 169.21254205703735, -541918.0, -71887.0)
(770, 169.5400562286377, -541918.0, -71887.0)
(771, 169.88646697998047, -541918.0, -71887.0)
(772, 170.2144227027893, -541918.0, -71887.0)
(773, 170.6164996623993, -541918.0, -71887.0)
(774, 170.97367334365845, -541918.0, -71887.0)
(775, 171.3097836971283, -541918.0, -71887.0)
(776, 171.6711869239807, -541918.0, -71887.0)
(777, 172.02931904792786, -541918.0, -71887.0)
(778, 172.42875599861145, -541918.0, -71887.0)
(779, 172.81849789619446, -541918.0, -71887.0)
(780, 173.17342352867126, -541918.0, -71887.0)
(781, 173.53029227256775, -541918.0, -71887.0)
(782, 173.868145942688, -541918.0, -71887.0)
(783, 174.23545217514038, -541918.0, -71887.0)
(784, 174.5829827785492, -541918.0, -71887.0)
(785, 174.96006059646606, -541918.0, -71887.0)
(786, 175.3258581161499, -541918.0, -71887.0)
(787, 175.6778519153595, -541918.0, -71887.0)
(788, 176.05584502220154, -541918.0, -71887.0)
(789, 176.32806754112244, -541918.0, -71887.0)
(790, 176.6419017314911, -541918.0, -71887.0)
(791, 176.94229364395142, -541918.0, -71887.0)
(792, 177.18636536598206, -541918.0, -71887.0)
(793, 177.52162337303162, -541918.0, -71887.0)
(794, 177.8879725933075, -541918.0, -71887.0)
(795, 178.24821019172668, -541918.0, -71887.0)
(796, 178.60382914543152, -541918.0, -71887.0)
(797, 178.9639754295349, -541918.0, -71887.0)
(798, 179.31412649154663, -541918.0, -71887.0)
(799, 179.69240140914917, -541918.0, -71887.0)
(800, 180.05038475990295, -541918.0, -71887.0)
(801, 180.3794150352478, -541918.0, -71887.0)
(802, 180.73157906532288, -541918.0, -71887.0)
(803, 181.07646822929382, -541918.0, -71887.0)
(804, 181.4577875137329, -541918.0, -71887.0)
(805, 181.8002860546112, -541918.0, -71887.0)
(806, 182.1632559299469, -541918.0, -71887.0)
(807, 182.43459296226501, -541918.0, -71887.0)
(808, 182.796719789505, -541918.0, -71887.0)
(809, 183.15987277030945, -541918.0, -71887.0)
(810, 183.53580284118652, -541918.0, -71887.0)
(811, 183.86493301391602, -541918.0, -71887.0)
(812, 184.19819736480713, -541918.0, -71887.0)
(813, 184.53466629981995, -541918.0, -71887.0)
(814, 184.90296864509583, -541918.0, -71887.0)
(815, 185.23495149612427, -541918.0, -71887.0)
(816, 185.6289665699005, -541918.0, -71887.0)
(817, 185.9111201763153, -541918.0, -71887.0)
(818, 186.25262999534607, -541918.0, -71887.0)
(819, 186.65814185142517, -541918.0, -71887.0)
(820, 187.01592779159546, -541918.0, -71887.0)
(821, 187.42248272895813, -541918.0, -71887.0)
(822, 187.77225518226624, -541918.0, -71887.0)
(823, 188.11321306228638, -541918.0, -71887.0)
(824, 188.47476816177368, -541918.0, -71887.0)
(825, 188.8589768409729, -541918.0, -71887.0)
(826, 189.2531578540802, -541918.0, -71887.0)
(827, 189.52499866485596, -541918.0, -71887.0)
(828, 189.89401578903198, -541918.0, -71887.0)
(829, 190.23763608932495, -541918.0, -71887.0)
(830, 190.64656019210815, -541918.0, -71887.0)
(831, 190.92024111747742, -541918.0, -71887.0)
(832, 191.20417976379395, -541918.0, -71887.0)
(833, 191.5312373638153, -541918.0, -71887.0)
(834, 191.78257298469543, -541918.0, -71887.0)
(835, 192.1169068813324, -541918.0, -71887.0)
(836, 192.47889065742493, -541918.0, -71887.0)
(837, 192.8138289451599, -541918.0, -71887.0)
(838, 193.1382758617401, -541918.0, -71887.0)
(839, 193.49999833106995, -541918.0, -71887.0)
(840, 193.77733087539673, -541918.0, -71887.0)
(841, 194.1430914402008, -541918.0, -71887.0)
(842, 194.5111746788025, -541918.0, -71887.0)
(843, 194.882009267807, -541918.0, -71887.0)
(844, 195.2611677646637, -541918.0, -71887.0)
(845, 195.61745190620422, -541918.0, -71887.0)
(846, 195.91325521469116, -541918.0, -71887.0)
(847, 196.28801369667053, -541918.0, -71887.0)
(848, 196.65695309638977, -541918.0, -71887.0)
(849, 197.00696539878845, -541918.0, -71887.0)
(850, 197.35109853744507, -541918.0, -71887.0)
(851, 197.73186588287354, -541918.0, -71887.0)
(852, 198.12558579444885, -541918.0, -71887.0)
(853, 198.47516417503357, -541918.0, -71887.0)
(854, 198.82281374931335, -541918.0, -71887.0)
(855, 199.17154693603516, -541918.0, -71887.0)
(856, 199.6547064781189, -541918.0, -71887.0)
(857, 199.984224319458, -541918.0, -71887.0)
(858, 200.24647188186646, -541918.0, -71887.0)
(859, 200.49334573745728, -541918.0, -71887.0)
(860, 200.83918619155884, -541918.0, -71887.0)
(861, 201.1982638835907, -541918.0, -71887.0)
(862, 201.58928775787354, -541918.0, -71887.0)
(863, 201.9544038772583, -541918.0, -71887.0)
(864, 202.326265335083, -541918.0, -71887.0)
(865, 202.56539177894592, -541918.0, -71887.0)
(866, 202.90078353881836, -541918.0, -71887.0)
(867, 203.27264714241028, -541918.0, -71887.0)
(868, 203.6648814678192, -541918.0, -71887.0)
(869, 204.04493808746338, -541918.0, -71887.0)
(870, 204.39250135421753, -541918.0, -71887.0)
(871, 204.76548433303833, -541918.0, -71887.0)
(872, 204.99282932281494, -541918.0, -71887.0)
(873, 205.24638390541077, -541918.0, -71887.0)
(874, 205.61974668502808, -541918.0, -71887.0)
(875, 205.97051525115967, -541918.0, -71887.0)
(876, 206.33520340919495, -541918.0, -71887.0)
(877, 206.5965518951416, -541918.0, -71887.0)
(878, 206.95112681388855, -541918.0, -71887.0)
(879, 207.36449337005615, -541918.0, -71887.0)
(880, 207.7560646533966, -541918.0, -71887.0)
(881, 208.11445713043213, -541918.0, -71887.0)
(882, 208.43344354629517, -541918.0, -71887.0)
(883, 208.82121205329895, -541918.0, -71887.0)
(884, 209.18660473823547, -541918.0, -71887.0)
(885, 209.52810406684875, -541918.0, -71887.0)
(886, 209.89021348953247, -541918.0, -71887.0)
(887, 210.15971207618713, -541918.0, -71887.0)
(888, 210.43375539779663, -541918.0, -71887.0)
(889, 210.78473830223083, -541918.0, -71887.0)
(890, 211.14058542251587, -541918.0, -71887.0)
(891, 211.50466513633728, -541918.0, -71887.0)
(892, 211.86626601219177, -541918.0, -71887.0)
(893, 212.27442240715027, -541918.0, -71887.0)
(894, 212.52996826171875, -541918.0, -71887.0)
(895, 212.88026189804077, -541918.0, -71887.0)
(896, 213.26129245758057, -541918.0, -71887.0)
(897, 213.70916056632996, -541918.0, -71887.0)
(898, 214.09787774085999, -541918.0, -71887.0)
(899, 214.37290167808533, -541918.0, -71887.0)
(900, 214.76475143432617, -541918.0, -71887.0)
(901, 215.13975548744202, -541918.0, -71887.0)
(902, 215.37627863883972, -541918.0, -71887.0)
(903, 215.71243500709534, -541918.0, -71887.0)
(904, 216.0378828048706, -541918.0, -71887.0)
(905, 216.42311024665833, -541918.0, -71887.0)
(906, 216.7937297821045, -541918.0, -71887.0)
(907, 217.18517518043518, -541918.0, -71887.0)
(908, 217.54754900932312, -541918.0, -71887.0)
(909, 217.8997187614441, -541918.0, -71887.0)
(910, 218.28444623947144, -541918.0, -71887.0)
(911, 218.61202549934387, -541918.0, -71887.0)
(912, 219.01024770736694, -541918.0, -71887.0)
(913, 219.45475482940674, -541918.0, -71887.0)
(914, 219.72223591804504, -541918.0, -71887.0)
(915, 219.9902002811432, -541918.0, -71887.0)
(916, 220.33720064163208, -541918.0, -71887.0)
(917, 220.67676210403442, -541918.0, -71887.0)
(918, 221.04807591438293, -541918.0, -71887.0)
(919, 221.4246473312378, -541918.0, -71887.0)
(920, 221.84393310546875, -541918.0, -71887.0)
(921, 222.25799465179443, -541918.0, -71887.0)
(922, 222.583557844162, -541918.0, -71887.0)
(923, 222.91708421707153, -541918.0, -71887.0)
(924, 223.2537305355072, -541918.0, -71887.0)
(925, 223.65540313720703, -541918.0, -71887.0)
(926, 223.92187881469727, -541918.0, -71887.0)
(927, 224.26077437400818, -541918.0, -71887.0)
(928, 224.5291247367859, -541918.0, -71887.0)
(929, 224.86410689353943, -541918.0, -71887.0)
(930, 225.1979489326477, -541918.0, -71887.0)
(931, 225.56074619293213, -541918.0, -71887.0)
(932, 225.8838529586792, -541918.0, -71887.0)
(933, 226.22502613067627, -541918.0, -71887.0)
(934, 226.57245135307312, -541918.0, -71887.0)
(935, 226.93185687065125, -541918.0, -71887.0)
(936, 227.21543526649475, -541918.0, -71887.0)
(937, 227.6339976787567, -541918.0, -71887.0)
(938, 228.05504083633423, -541918.0, -71887.0)
(939, 228.29849314689636, -541918.0, -71887.0)
(940, 228.5460662841797, -541918.0, -71887.0)
(941, 228.78468918800354, -541918.0, -71887.0)
(942, 229.0116889476776, -541918.0, -71887.0)
(943, 229.4624376296997, -541918.0, -71887.0)
(944, 229.81333565711975, -541918.0, -71887.0)
(945, 230.13741540908813, -541918.0, -71887.0)
(946, 230.50487995147705, -541918.0, -71887.0)
(947, 230.7467656135559, -541918.0, -71887.0)
(948, 230.98826336860657, -541918.0, -71887.0)
(949, 231.33059215545654, -541918.0, -71887.0)
(950, 231.65784096717834, -541918.0, -71887.0)
(951, 231.93974924087524, -541918.0, -71887.0)
(952, 232.22801327705383, -541918.0, -71887.0)
(953, 232.65202498435974, -541918.0, -71887.0)
(954, 233.0178680419922, -541918.0, -71887.0)
(955, 233.37512183189392, -541918.0, -71887.0)
(956, 233.7376470565796, -541918.0, -71887.0)
(957, 234.17316675186157, -541918.0, -71887.0)
(958, 234.55493092536926, -541918.0, -71887.0)
(959, 234.9550268650055, -541918.0, -71887.0)
(960, 235.30004596710205, -541918.0, -71887.0)
(961, 235.63498330116272, -541918.0, -71887.0)
(962, 236.03090167045593, -541918.0, -71887.0)
(963, 236.43233013153076, -541918.0, -71887.0)
(964, 236.6953465938568, -541918.0, -71887.0)
(965, 237.08033394813538, -541918.0, -71887.0)
(966, 237.46667623519897, -541918.0, -71887.0)
(967, 237.7999131679535, -541918.0, -71887.0)
(968, 238.15752506256104, -541918.0, -71887.0)
(969, 238.52940940856934, -541918.0, -71887.0)
(970, 238.89440655708313, -541918.0, -71887.0)
(971, 239.2500193119049, -541918.0, -71887.0)
(972, 239.6075427532196, -541918.0, -71887.0)
(973, 239.96325993537903, -541918.0, -71887.0)
(974, 240.32167959213257, -541918.0, -71887.0)
(975, 240.68902039527893, -541918.0, -71887.0)
(976, 241.0823938846588, -541918.0, -71887.0)
(977, 241.4441065788269, -541918.0, -71887.0)
(978, 241.7231249809265, -541918.0, -71887.0)
(979, 242.0116057395935, -541918.0, -71887.0)
(980, 242.37984132766724, -541918.0, -71887.0)
(981, 242.7715585231781, -541918.0, -71887.0)
(982, 243.1151900291443, -541918.0, -71887.0)
(983, 243.47390961647034, -541918.0, -71887.0)
(984, 243.83029222488403, -541918.0, -71887.0)
(985, 244.25929522514343, -541918.0, -71887.0)
(986, 244.64060759544373, -541918.0, -71887.0)
(987, 245.08905863761902, -541918.0, -71887.0)
(988, 245.47267150878906, -541918.0, -71887.0)
(989, 245.84605932235718, -541918.0, -71887.0)
(990, 246.1996636390686, -541918.0, -71887.0)
(991, 246.57022404670715, -541918.0, -71887.0)
(992, 246.925119638443, -541918.0, -71887.0)
(993, 247.27231884002686, -541918.0, -71887.0)
(994, 247.64690732955933, -541918.0, -71887.0)
(995, 248.0591742992401, -541918.0, -71887.0)
(996, 248.437570810318, -541918.0, -71887.0)
(997, 248.82190990447998, -541918.0, -71887.0)
(998, 249.23324251174927, -541918.0, -71887.0)
(999, 249.6205337047577, -541918.0, -71887.0)
(1000, 250.01712250709534, -541918.0, -71887.0)
