(1, 0.02758622169494629, -194146.0, -8944.0)
(2, 0.0701291561126709, -85908.67819824211, -8944.0)
(3, 0.1077263355255127, -38898.508891985315, -8944.0)
(4, 0.14794921875, -27819.83897218186, -8944.0)
(5, 0.1927652359008789, -19606.52127242053, -8944.0)
(6, 0.24023103713989258, -17372.185372204607, -8944.0)
(7, 0.28682827949523926, -13658.59995393089, -11733.0)
(8, 0.33406519889831543, -12310.679986178675, -11733.0)
(9, 0.3868746757507324, -11906.3039958534, -11733.0)
(10, 0.44278788566589355, -11784.99119875609, -11733.0)
(11, 0.49791717529296875, -11748.59735962608, -11733.0)
(12, 0.5516133308410645, -11737.679207886102, -11733.0)
(13, 0.606067419052124, -11734.403762365433, -11733.0)
(14, 0.65924072265625, -11733.421128700053, -11733.0)
(15, 0.7127082347869873, -11733.126338608938, -11733.0)
(16, 0.7683618068695068, -11733.037901561298, -11733.0)
(17, 0.8212406635284424, -11733.00864523017, -11733.0)
(18, 0.8773055076599121, -11733.002593135669, -11733.0)
