(1, 0.13207292556762695, -153660.0, -9518.0)
(2, 0.2506980895996094, -153660.0, -9518.0)
(3, 0.36994433403015137, -152044.17647058822, -9518.0)
(4, 0.4902200698852539, -146934.17647058822, -9518.0)
(5, 0.6092076301574707, -139024.17647058822, -9518.0)
(6, 0.7293610572814941, -132969.17647058822, -9518.0)
(7, 0.8513000011444092, -132969.17647058822, -9518.0)
(8, 0.9717257022857666, -131886.48484848486, -9518.0)
(9, 1.092472791671753, -114380.66666666667, -9518.0)
(10, 1.2127571105957031, -109847.3103448276, -9518.0)
(11, 1.3321120738983154, -104456.75, -9518.0)
(12, 1.4512882232666016, -97179.6, -9518.0)
(13, 1.5704710483551025, -89639.6, -9518.0)
(14, 1.6895084381103516, -82151.6, -9518.0)
(15, 1.8086466789245605, -75818.0, -9518.0)
(16, 1.928727149963379, -74072.0, -9518.0)
(17, 2.048255443572998, -72804.29166666667, -9518.0)
(18, 2.1694095134735107, -66810.58333333333, -9518.0)
(19, 2.2910284996032715, -66810.58333333333, -9518.0)
(20, 2.432008981704712, -66810.58333333333, -9518.0)
(21, 2.5561442375183105, -66687.70833333333, -9518.0)
(22, 2.679023027420044, -66687.70833333333, -9518.0)
(23, 2.8024404048919678, -61448.708333333336, -9518.0)
(24, 2.9257936477661133, -61448.708333333336, -9518.0)
(25, 3.0496363639831543, -61448.708333333336, -9518.0)
(26, 3.173194169998169, -61448.708333333336, -9518.0)
(27, 3.2987747192382812, -61448.708333333336, -9518.0)
(28, 3.424663782119751, -59800.708333333336, -9518.0)
(29, 3.5500175952911377, -59800.708333333336, -9518.0)
(30, 3.6758008003234863, -59800.708333333336, -9518.0)
(31, 3.801372528076172, -59800.708333333336, -9518.0)
(32, 3.928762674331665, -56396.666666666664, -9518.0)
(33, 4.0558435916900635, -53689.58333333333, -9518.0)
(34, 4.1836700439453125, -53689.58333333333, -9518.0)
(35, 4.3115644454956055, -51423.66666666667, -9518.0)
(36, 4.440518379211426, -50116.79166666667, -9518.0)
(37, 4.569672346115112, -50116.79166666667, -9518.0)
(38, 4.699036359786987, -50116.79166666667, -9518.0)
(39, 4.828356504440308, -47909.08333333333, -9518.0)
(40, 4.959943532943726, -47909.08333333333, -9518.0)
(41, 5.091984510421753, -44485.20833333333, -9518.0)
(42, 5.223963737487793, -44485.20833333333, -9518.0)
(43, 5.3571836948394775, -37779.125, -9518.0)
(44, 5.4898681640625, -34410.208333333336, -9518.0)
(45, 5.6239094734191895, -34103.125, -9518.0)
(46, 5.757436752319336, -30683.125, -9518.0)
(47, 5.891894340515137, -29448.041666666664, -9518.0)
(48, 6.027074337005615, -27240.333333333336, -9518.0)
(49, 6.163447856903076, -26708.333333333336, -9518.0)
(50, 6.299769639968872, -22195.541666666664, -9518.0)
(51, 6.43761134147644, -22195.541666666664, -9518.0)
(52, 6.5753490924835205, -22195.541666666664, -9518.0)
(53, 6.713263511657715, -22195.541666666664, -9518.0)
(54, 6.851028680801392, -22195.541666666664, -9518.0)
(55, 6.989258289337158, -17263.0, -9518.0)
(56, 7.15168833732605, -17263.0, -9518.0)
(57, 7.353174924850464, -10263.0, -10263.0)
(58, 7.480613470077515, -10263.0, -10263.0)
