(1, 0.347515344619751, -358273.0, -88866.0)
(2, 0.759427547454834, -227979.3319235706, -88866.0)
(3, 1.105236530303955, -217649.81570202322, -88866.0)
(4, 1.4789555072784424, -211463.961424871, -88866.0)
(5, 1.9246010780334473, -211463.961424871, -88866.0)
(6, 2.3567543029785156, -211463.961424871, -88866.0)
(7, 2.844666004180908, -211463.961424871, -88866.0)
(8, 3.278604507446289, -211463.961424871, -88866.0)
(9, 3.7098474502563477, -211463.961424871, -88866.0)
(10, 4.1568498611450195, -211463.961424871, -88866.0)
(11, 4.586493015289307, -211463.961424871, -88866.0)
(12, 5.032914638519287, -211463.961424871, -88866.0)
(13, 5.4856626987457275, -211463.961424871, -88866.0)
(14, 5.92944598197937, -211463.961424871, -88866.0)
(15, 6.406173467636108, -211463.961424871, -88866.0)
(16, 6.800689458847046, -211463.961424871, -88866.0)
(17, 7.191303968429565, -211463.961424871, -88866.0)
(18, 7.686405181884766, -211463.961424871, -88866.0)
(19, 8.145633220672607, -211463.961424871, -88866.0)
(20, 8.658201694488525, -211463.961424871, -88866.0)
(21, 9.167206048965454, -211463.961424871, -88866.0)
(22, 9.735951662063599, -211463.961424871, -88866.0)
(23, 10.203311204910278, -211180.97761634074, -88866.0)
(24, 10.716694593429565, -206531.75076044732, -88866.0)
(25, 11.254585981369019, -195614.6212223967, -88866.0)
(26, 11.832710266113281, -183799.9773555487, -88866.0)
(27, 12.496202230453491, -167193.60659491544, -88866.0)
(28, 13.263391256332397, -145934.56209603182, -88866.0)
(29, 14.037077188491821, -131403.8536049148, -88866.0)
(30, 15.1044180393219, -116539.36544157428, -88866.0)
(31, 16.195952892303467, -109913.44356107482, -101017.96013091877)
(32, 17.391597509384155, -108733.43555613577, -101032.42924362734)
(33, 18.637038469314575, -106364.03515789963, -101050.20629601323)
(34, 20.028348207473755, -104814.16549334428, -101079.00590277667)
(35, 21.507109880447388, -103476.81045328415, -101084.457318478)
(36, 23.080970764160156, -102798.95948262882, -101103.22824476498)
(37, 24.733789682388306, -102603.79936973333, -101118.04176577629)
(38, 26.473289728164673, -102322.43843048107, -101137.47264438623)
(39, 28.38482427597046, -101985.90390962409, -101157.41473128376)
(40, 30.294023036956787, -101833.6557605736, -101166.18317386748)
(41, 32.36982178688049, -101726.43582436918, -101171.26623620103)
(42, 34.552167654037476, -101726.43582436918, -101177.86311001361)
(43, 36.806201219558716, -101547.25086213682, -101180.16180431264)
(44, 39.28083872795105, -101464.76326262557, -101186.90500929637)
(45, 41.96572995185852, -101454.94865410298, -101190.68097652862)
(46, 44.784647703170776, -101365.17309824405, -101192.87860941615)
(47, 48.07103896141052, -101318.09182518686, -101194.23022269114)
(48, 51.37948989868164, -101256.79865849909, -101194.9839890971)
(49, 54.53351283073425, -101216.71053140747, -101199.52990714244)
(50, 57.73530697822571, -101205.0604147669, -101200.06748537226)
(51, 61.397125482559204, -101201.59823270101, -101200.11451942654)
(52, 64.91714143753052, -101200.56011696767, -101200.11451942731)
