(1, 0.06236076354980469, -268066.0, -13980.0)
(2, 0.11822819709777832, -260512.91666666666, -13980.0)
(3, 0.17449069023132324, -255743.58333333334, -13980.0)
(4, 0.23152637481689453, -254349.91666666666, -13980.0)
(5, 0.2882497310638428, -252768.66666666666, -13980.0)
(6, 0.3450326919555664, -252291.41666666666, -13980.0)
(7, 0.4033079147338867, -227253.83333333334, -13980.0)
(8, 0.4626443386077881, -200101.91666666666, -13980.0)
(9, 0.5220656394958496, -198212.75, -13980.0)
(10, 0.5827059745788574, -173840.5, -13980.0)
(11, 0.6447834968566895, -146713.375, -13980.0)
(12, 0.7070600986480713, -145232.20833333334, -13980.0)
(13, 0.7696735858917236, -131598.95833333334, -13980.0)
(14, 0.8324625492095947, -122863.70833333333, -13980.0)
(15, 0.8970551490783691, -95798.79166666667, -13980.0)
(16, 0.9626784324645996, -69797.625, -13980.0)
(17, 1.0281755924224854, -69797.625, -13980.0)
(18, 1.0939898490905762, -68108.25, -13980.0)
(19, 1.1609597206115723, -42007.0, -13980.0)
(20, 1.229008436203003, -28330.208333333336, -13980.0)
(21, 1.297339916229248, -18686.500000000004, -13980.0)
(22, 1.365997314453125, -17420.0, -13980.0)
(23, 1.4363124370574951, -15880.0, -15880.0)
(24, 1.5035459995269775, -15880.0, -15880.0)
