(1, 0.06413984298706055, -256959.0, -14667.0)
(2, 0.12144875526428223, -256959.0, -14667.0)
(3, 0.1788163185119629, -256959.0, -14667.0)
(4, 0.23679447174072266, -245754.16666666666, -14667.0)
(5, 0.29563212394714355, -223263.95833333334, -14667.0)
(6, 0.3560206890106201, -198883.16666666666, -14667.0)
(7, 0.41631627082824707, -194542.75, -14667.0)
(8, 0.477769136428833, -171641.29166666666, -14667.0)
(9, 0.5398106575012207, -155719.58333333334, -14667.0)
(10, 0.6018977165222168, -146888.91666666666, -14667.0)
(11, 0.6655097007751465, -122470.66666666667, -14667.0)
(12, 0.7290976047515869, -120561.25, -14667.0)
(13, 0.7932155132293701, -103505.16666666667, -14667.0)
(14, 0.8578217029571533, -103337.29166666667, -14667.0)
(15, 0.9224135875701904, -102825.16666666667, -14667.0)
(16, 0.988131046295166, -78745.375, -14667.0)
(17, 1.0537958145141602, -77151.125, -14667.0)
(18, 1.1208992004394531, -57546.25, -14667.0)
(19, 1.1880974769592285, -44954.333333333336, -14667.0)
(20, 1.2714858055114746, -22534.0, -14667.0)
(21, 1.3412868976593018, -18267.291666666668, -14667.0)
(22, 1.410139560699463, -17187.09090909091, -14667.0)
(23, 1.480050802230835, -15945.0, -15945.0)
(24, 1.5479857921600342, -15945.0, -15945.0)
