(1, 0.02060413360595703, -175015.0, -28127.0)
(2, 0.042205810546875, -145739.52510228648, -28127.0)
(3, 0.06650114059448242, -127144.78368387814, -28127.0)
(4, 0.09188604354858398, -86554.82336396177, -28127.0)
(5, 0.11878514289855957, -64023.48347630944, -28127.0)
(6, 0.14981341361999512, -59870.80460492536, -28127.0)
(7, 0.18261504173278809, -56551.602009748065, -32698.333333333332)
(8, 0.22413349151611328, -42847.32431883485, -32704.071428571428)
(9, 0.27353668212890625, -38282.310219348095, -32711.05714285714)
(10, 0.33829522132873535, -35562.05449034231, -32723.0695652174)
(11, 0.39658117294311523, -35304.89805614801, -32752.941176470595)
(12, 0.45830392837524414, -34426.90510373663, -32774.00609756097)
(13, 0.5182962417602539, -33995.63003234919, -32793.18048780487)
(14, 0.5860118865966797, -33635.39335828204, -32833.011495648665)
(15, 0.6627073287963867, -33557.767804822426, -32856.63734570145)
(16, 0.7511968612670898, -33245.83027844391, -32899.261334964314)
(17, 0.8400750160217285, -33140.24394264231, -32918.003455857026)
(18, 0.9292182922363281, -33081.59005744645, -32963.068278607956)
(19, 1.0354084968566895, -33046.702521903346, -32977.556005381135)
(20, 1.1437580585479736, -33046.702521903346, -32982.52509764514)
(21, 1.2645530700683594, -33013.09736342281, -32988.92368765906)
(22, 1.3929407596588135, -33002.74494269828, -32989.13253698474)
(23, 1.510833978652954, -33002.74494269828, -32989.44540426574)
(24, 1.6386542320251465, -32999.53688908965, -32991.87194237419)
(25, 1.760812520980835, -32995.28408595135, -32992.522060460644)
(26, 1.881591558456421, -32994.357135482285, -32992.563003493764)
(27, 2.005650758743286, -32993.319561605356, -32992.87488708675)
(28, 2.129011392593384, -32993.319561605356, -32992.87488708674)
(29, 2.255729913711548, -32993.00903111782, -32992.87594662353)
(30, 2.384556770324707, -32992.91587197179, -32992.875946623535)
(31, 2.5058107376098633, -32992.887924227914, -32992.87594662353)
(32, 2.630493640899658, -32992.879539904825, -32992.87594662351)
