(1, 0.013778209686279297, -77872.0, -11431.0)
(2, 0.02724003791809082, -57154.81880517521, -11431.0)
(3, 0.042189598083496094, -37487.20343755776, -11431.0)
(4, 0.058622121810913086, -27274.199165461323, -11431.0)
(5, 0.07695174217224121, -22577.670805969195, -11431.0)
(6, 0.09729242324829102, -18170.893961913614, -11431.0)
(7, 0.12074565887451172, -16059.385087718629, -14891.838235294123)
(8, 0.1454150676727295, -15585.271958958563, -14897.123966942145)
(9, 0.17251324653625488, -15212.228546481872, -14911.46031746032)
(10, 0.20102214813232422, -15043.000211045204, -14922.923076923076)
(11, 0.2320261001586914, -15018.918375353223, -14951.971428571429)
(12, 0.26478052139282227, -14976.366421697301, -14958.12987012987)
(13, 0.29935574531555176, -14963.600835599958, -14958.129870129871)
(14, 0.33336830139160156, -14959.771159770587, -14958.129870129871)
(15, 0.368091344833374, -14958.622257022103, -14958.12987012987)
(16, 0.4054403305053711, -14958.622257022103, -14958.129870129871)
(17, 0.444674015045166, -14958.43667710552, -14958.357142857143)
(18, 0.4827382564544678, -14958.381003131659, -14958.357142857145)
(19, 0.520275354385376, -14958.364300939515, -14958.357142857145)
(20, 0.558582067489624, -14958.35929028144, -14958.357142857143)
