(1, 0.026684284210205078, -222333.0, -8398.0)
(2, 0.06695890426635742, -111942.21748647625, -8398.0)
(3, 0.10420989990234375, -49761.57146221843, -8398.0)
(4, 0.14170360565185547, -32452.756170801455, -8398.0)
(5, 0.1828601360321045, -23060.45882880518, -8398.0)
(6, 0.22610712051391602, -19214.360504126947, -8398.0)
(7, 0.27048683166503906, -15356.958827812874, -13462.0)
(8, 0.3147878646850586, -14030.487648343931, -13462.0)
(9, 0.36180543899536133, -13632.54629450304, -13462.0)
(10, 0.4100992679595947, -13513.163888350991, -13462.0)
(11, 0.45777153968811035, -13477.349166505197, -13462.0)
(12, 0.5057470798492432, -13466.604749951468, -13462.0)
(13, 0.5542516708374023, -13463.381424984942, -13462.0)
(14, 0.6033022403717041, -13462.414427494568, -13462.0)
(15, 0.6519548892974854, -13462.124328244763, -13462.0)
(16, 0.7002794742584229, -13462.037298473015, -13462.0)
(17, 0.7505950927734375, -13462.011189530609, -13462.0)
(18, 0.801239013671875, -13462.003356800478, -13462.0)
