(1, 0.025676488876342773, -53251.0, -10153.0)
(2, 0.049587249755859375, -48630.15789473684, -10153.0)
(3, 0.07303738594055176, -48630.15789473684, -10153.0)
(4, 0.0966794490814209, -48630.15789473684, -10153.0)
(5, 0.11966896057128906, -48630.15789473684, -10153.0)
(6, 0.14252877235412598, -48630.15789473684, -10153.0)
(7, 0.16532683372497559, -48630.15789473684, -10153.0)
(8, 0.18803048133850098, -48630.15789473684, -10153.0)
(9, 0.21167850494384766, -48630.15789473684, -10153.0)
(10, 0.234877347946167, -48630.15789473684, -10153.0)
(11, 0.25718235969543457, -48630.15789473684, -10153.0)
(12, 0.27909255027770996, -48630.15789473684, -10153.0)
(13, 0.3009660243988037, -48630.15789473684, -10153.0)
(14, 0.3238248825073242, -48630.15789473684, -10153.0)
(15, 0.34586548805236816, -48630.15789473684, -10153.0)
(16, 0.3675870895385742, -48630.15789473684, -10153.0)
(17, 0.3888709545135498, -48630.15789473684, -10153.0)
(18, 0.4100329875946045, -48630.15789473684, -10153.0)
(19, 0.4319932460784912, -48630.15789473684, -10153.0)
(20, 0.4539477825164795, -48630.15789473684, -10153.0)
(21, 0.47534918785095215, -48630.15789473684, -10153.0)
(22, 0.4960947036743164, -36554.02702702703, -10153.0)
(23, 0.5175511837005615, -36263.1, -10153.0)
(24, 0.537635087966919, -35942.05882352941, -10153.0)
(25, 0.5578572750091553, -35942.05882352941, -10153.0)
(26, 0.5775282382965088, -31365.235294117647, -10153.0)
(27, 0.5975120067596436, -31365.235294117647, -10153.0)
(28, 0.6180374622344971, -31365.235294117647, -10153.0)
(29, 0.6377828121185303, -31365.235294117647, -10153.0)
(30, 0.6573793888092041, -31365.235294117647, -10153.0)
(31, 0.6782553195953369, -31365.235294117647, -10153.0)
(32, 0.6977088451385498, -25675.933333333334, -10153.0)
(33, 0.7183959484100342, -22798.047619047622, -10153.0)
(34, 0.7398707866668701, -22798.047619047622, -10153.0)
(35, 0.7614140510559082, -22798.047619047622, -10153.0)
(36, 0.7822864055633545, -22798.047619047622, -10153.0)
(37, 0.803490161895752, -14563.0, -10153.0)
(38, 0.8223528861999512, -14563.0, -10153.0)
(39, 0.841301441192627, -14563.0, -10153.0)
(40, 0.8602211475372314, -14563.0, -10153.0)
(41, 0.8791830539703369, -14563.0, -10153.0)
(42, 0.8981139659881592, -14563.0, -10153.0)
(43, 0.9172062873840332, -14563.0, -10153.0)
(44, 0.9363338947296143, -14563.0, -10153.0)
(45, 0.9556035995483398, -14563.0, -10153.0)
(46, 0.9747443199157715, -14563.0, -10153.0)
(47, 0.9938857555389404, -13841.0, -10153.0)
(48, 1.0129420757293701, -13841.0, -10153.0)
(49, 1.0322258472442627, -13841.0, -10153.0)
(50, 1.0515310764312744, -13841.0, -10153.0)
(51, 1.0706851482391357, -13841.0, -10153.0)
(52, 1.0900375843048096, -13841.0, -10153.0)
(53, 1.1123125553131104, -13841.0, -10153.0)
(54, 1.1329247951507568, -13841.0, -10153.0)
(55, 1.1523065567016602, -13841.0, -10153.0)
(56, 1.1716077327728271, -13841.0, -10153.0)
(57, 1.1908364295959473, -13841.0, -10153.0)
(58, 1.2128691673278809, -13841.0, -10153.0)
(59, 1.234525442123413, -13197.0, -10153.0)
(60, 1.2538447380065918, -12545.0, -10153.0)
(61, 1.2735309600830078, -11893.0, -10153.0)
(62, 1.2931857109069824, -11893.0, -10153.0)
(63, 1.3126318454742432, -11893.0, -10153.0)
(64, 1.3321731090545654, -11893.0, -10153.0)
(65, 1.3517916202545166, -11893.0, -10153.0)
(66, 1.371523141860962, -11893.0, -10153.0)
(67, 1.3912262916564941, -11893.0, -10153.0)
(68, 1.4111270904541016, -11893.0, -10153.0)
(69, 1.4308130741119385, -11893.0, -10153.0)
(70, 1.4506664276123047, -11893.0, -10153.0)
(71, 1.4703211784362793, -11893.0, -10153.0)
(72, 1.4901375770568848, -11893.0, -10153.0)
(73, 1.5099711418151855, -11893.0, -10153.0)
(74, 1.5301620960235596, -11023.0, -11023.0)
(75, 1.5494499206542969, -11023.0, -11023.0)
