(1, 0.27555298805236816, -2531298.0, -76055.0)
(2, 0.5345792770385742, -2531298.0, -76055.0)
(3, 0.7941827774047852, -2531298.0, -76055.0)
(4, 1.0524451732635498, -2531298.0, -76055.0)
(5, 1.3134300708770752, -2531298.0, -76055.0)
(6, 1.57450270652771, -2531298.0, -76055.0)
(7, 1.8350515365600586, -2531298.0, -76055.0)
(8, 2.0966920852661133, -2531298.0, -76055.0)
(9, 2.3601067066192627, -2531298.0, -76055.0)
(10, 2.636953115463257, -2531298.0, -76055.0)
(11, 2.902818441390991, -2531298.0, -76055.0)
(12, 3.1695451736450195, -2531298.0, -76055.0)
(13, 3.436507225036621, -2531298.0, -76055.0)
(14, 3.703735589981079, -2531298.0, -76055.0)
(15, 3.9725160598754883, -2531298.0, -76055.0)
(16, 4.240363836288452, -2531298.0, -76055.0)
(17, 4.508955955505371, -2531298.0, -76055.0)
(18, 4.777908086776733, -2531298.0, -76055.0)
(19, 5.048926591873169, -2531298.0, -76055.0)
(20, 5.320863723754883, -2531298.0, -76055.0)
(21, 5.594100713729858, -2531298.0, -76055.0)
(22, 5.867143630981445, -2531298.0, -76055.0)
(23, 6.142056465148926, -2531298.0, -76055.0)
(24, 6.417457580566406, -2531298.0, -76055.0)
(25, 6.694569826126099, -2531298.0, -76055.0)
(26, 6.970393896102905, -2531298.0, -76055.0)
(27, 7.247370958328247, -2531298.0, -76055.0)
(28, 7.526086807250977, -2531298.0, -76055.0)
(29, 7.804159641265869, -2531298.0, -76055.0)
(30, 8.08274531364441, -2531298.0, -76055.0)
(31, 8.362349271774292, -2531298.0, -76055.0)
(32, 8.642972230911255, -2531298.0, -76055.0)
(33, 8.924851655960083, -2531298.0, -76055.0)
(34, 9.209046840667725, -2531298.0, -76055.0)
(35, 9.494452714920044, -2531298.0, -76055.0)
(36, 9.781430959701538, -2531298.0, -76055.0)
(37, 10.065346002578735, -2531298.0, -76055.0)
(38, 10.35206389427185, -2531298.0, -76055.0)
(39, 10.640751838684082, -2531298.0, -76055.0)
(40, 10.929091215133667, -2531298.0, -76055.0)
(41, 11.219150066375732, -2531298.0, -76055.0)
(42, 11.511279344558716, -2531298.0, -76055.0)
(43, 11.8032066822052, -2531298.0, -76055.0)
(44, 12.096603155136108, -2531298.0, -76055.0)
(45, 12.391720294952393, -2531298.0, -76055.0)
(46, 12.6876540184021, -2531298.0, -76055.0)
(47, 12.984644174575806, -2531298.0, -76055.0)
(48, 13.281584024429321, -2531298.0, -76055.0)
(49, 13.579088687896729, -2531298.0, -76055.0)
(50, 13.8781898021698, -2531298.0, -76055.0)
(51, 14.177383184432983, -2531298.0, -76055.0)
(52, 14.477965831756592, -2531298.0, -76055.0)
(53, 14.78035593032837, -2531298.0, -76055.0)
(54, 15.081241607666016, -2531298.0, -76055.0)
(55, 15.385174989700317, -2531298.0, -76055.0)
(56, 15.690431356430054, -2531298.0, -76055.0)
(57, 15.996932744979858, -2531298.0, -76055.0)
(58, 16.303511381149292, -2531298.0, -76055.0)
(59, 16.611782550811768, -2531298.0, -76055.0)
(60, 16.920308113098145, -2531298.0, -76055.0)
(61, 17.23121738433838, -2531298.0, -76055.0)
(62, 17.540467262268066, -2531298.0, -76055.0)
(63, 17.855099201202393, -2531298.0, -76055.0)
(64, 18.169773817062378, -2531298.0, -76055.0)
(65, 18.48755431175232, -2531298.0, -76055.0)
(66, 18.801436185836792, -2478328.205128205, -76055.0)
(67, 19.11388349533081, -2478328.205128205, -76055.0)
(68, 19.421273469924927, -2478328.205128205, -76055.0)
(69, 19.730342149734497, -2478328.205128205, -76055.0)
(70, 20.044111728668213, -2478328.205128205, -76055.0)
(71, 20.355681657791138, -2478328.205128205, -76055.0)
(72, 20.669925689697266, -2478328.205128205, -76055.0)
(73, 20.983941555023193, -2478328.205128205, -76055.0)
(74, 21.29999303817749, -2478328.205128205, -76055.0)
(75, 21.61366558074951, -2478328.205128205, -76055.0)
(76, 21.929457664489746, -2478328.205128205, -76055.0)
(77, 22.250416040420532, -2478328.205128205, -76055.0)
(78, 22.568780183792114, -2478328.205128205, -76055.0)
(79, 22.89027190208435, -2478328.205128205, -76055.0)
(80, 23.214125394821167, -2478328.205128205, -76055.0)
(81, 23.536327123641968, -2478328.205128205, -76055.0)
(82, 23.860849380493164, -2478328.205128205, -76055.0)
(83, 24.187126874923706, -2478328.205128205, -76055.0)
(84, 24.512985467910767, -2478328.205128205, -76055.0)
(85, 24.838489294052124, -2478328.205128205, -76055.0)
(86, 25.168477773666382, -2478328.205128205, -76055.0)
(87, 25.497780561447144, -2478328.205128205, -76055.0)
(88, 25.827688217163086, -2478328.205128205, -76055.0)
(89, 26.158564567565918, -2478328.205128205, -76055.0)
(90, 26.489505529403687, -2478328.205128205, -76055.0)
(91, 26.820416927337646, -2478328.205128205, -76055.0)
(92, 27.154346227645874, -2478328.205128205, -76055.0)
(93, 27.48850679397583, -2478328.205128205, -76055.0)
(94, 27.821842670440674, -2478328.205128205, -76055.0)
(95, 28.15530300140381, -2478328.205128205, -76055.0)
(96, 28.48503613471985, -2478328.205128205, -76055.0)
(97, 28.824336051940918, -2478328.205128205, -76055.0)
(98, 29.16339373588562, -2478328.205128205, -76055.0)
(99, 29.50204086303711, -2478328.205128205, -76055.0)
(100, 29.837231636047363, -2478328.205128205, -76055.0)
(101, 30.177510976791382, -2478328.205128205, -76055.0)
(102, 30.51839566230774, -2478328.205128205, -76055.0)
(103, 30.864621877670288, -2478328.205128205, -76055.0)
(104, 31.208560705184937, -2478328.205128205, -76055.0)
(105, 31.5544536113739, -2478328.205128205, -76055.0)
(106, 31.89944577217102, -2478328.205128205, -76055.0)
(107, 32.242873191833496, -2478328.205128205, -76055.0)
(108, 32.58922481536865, -2478328.205128205, -76055.0)
(109, 32.94215106964111, -2478328.205128205, -76055.0)
(110, 33.29035687446594, -2478328.205128205, -76055.0)
(111, 33.64088320732117, -2478328.205128205, -76055.0)
(112, 33.989720582962036, -2478328.205128205, -76055.0)
(113, 34.34144473075867, -2478328.205128205, -76055.0)
(114, 34.692667961120605, -2478328.205128205, -76055.0)
(115, 35.047290325164795, -2478328.205128205, -76055.0)
(116, 35.40336990356445, -2478328.205128205, -76055.0)
(117, 35.75573921203613, -2478328.205128205, -76055.0)
(118, 36.1100857257843, -2478328.205128205, -76055.0)
(119, 36.46564531326294, -2478328.205128205, -76055.0)
(120, 36.819109201431274, -2478328.205128205, -76055.0)
(121, 37.17459726333618, -2478328.205128205, -76055.0)
(122, 37.53421425819397, -2368467.358974359, -76055.0)
(123, 37.88809275627136, -2368467.358974359, -76055.0)
(124, 38.24107789993286, -2368467.358974359, -76055.0)
(125, 38.592101097106934, -2368467.358974359, -76055.0)
(126, 38.94008827209473, -2368467.358974359, -76055.0)
(127, 39.29444432258606, -2368467.358974359, -76055.0)
(128, 39.647881746292114, -2368467.358974359, -76055.0)
(129, 40.004178285598755, -2368467.358974359, -76055.0)
(130, 40.361674785614014, -2368467.358974359, -76055.0)
(131, 40.71333837509155, -2368467.358974359, -76055.0)
(132, 41.07254505157471, -2368467.358974359, -76055.0)
(133, 41.432738304138184, -2368467.358974359, -76055.0)
(134, 41.78893995285034, -2368467.358974359, -76055.0)
(135, 42.14824032783508, -2368467.358974359, -76055.0)
(136, 42.509783029556274, -2368467.358974359, -76055.0)
(137, 42.873796701431274, -2368467.358974359, -76055.0)
(138, 43.242238998413086, -2368467.358974359, -76055.0)
(139, 43.60818600654602, -2368467.358974359, -76055.0)
(140, 43.97265672683716, -2368467.358974359, -76055.0)
(141, 44.33811974525452, -2368467.358974359, -76055.0)
(142, 44.70815348625183, -2368467.358974359, -76055.0)
(143, 45.073158502578735, -2368467.358974359, -76055.0)
(144, 45.446242809295654, -2368467.358974359, -76055.0)
(145, 45.81702780723572, -2368467.358974359, -76055.0)
(146, 46.19002962112427, -2368467.358974359, -76055.0)
(147, 46.55992007255554, -2368467.358974359, -76055.0)
(148, 46.9312207698822, -2368467.358974359, -76055.0)
(149, 47.30562448501587, -2368467.358974359, -76055.0)
(150, 47.6778347492218, -2368467.358974359, -76055.0)
(151, 48.0538547039032, -2368467.358974359, -76055.0)
(152, 48.42756962776184, -2368467.358974359, -76055.0)
(153, 48.80114960670471, -2368467.358974359, -76055.0)
(154, 49.17527675628662, -2368467.358974359, -76055.0)
(155, 49.55280017852783, -2368467.358974359, -76055.0)
(156, 49.93497109413147, -2368467.358974359, -76055.0)
(157, 50.32316064834595, -2368467.358974359, -76055.0)
(158, 50.70297574996948, -2368467.358974359, -76055.0)
(159, 51.08890724182129, -2368467.358974359, -76055.0)
(160, 51.47737789154053, -2368467.358974359, -76055.0)
(161, 51.87496328353882, -2368467.358974359, -76055.0)
(162, 52.26428270339966, -2368467.358974359, -76055.0)
(163, 52.6551570892334, -2368467.358974359, -76055.0)
(164, 53.04804253578186, -2368467.358974359, -76055.0)
(165, 53.43700051307678, -2368467.358974359, -76055.0)
(166, 53.81732225418091, -2368467.358974359, -76055.0)
(167, 54.251577854156494, -2368467.358974359, -76055.0)
(168, 54.646254539489746, -2368467.358974359, -76055.0)
(169, 55.041346073150635, -2368467.358974359, -76055.0)
(170, 55.43672490119934, -2368467.358974359, -76055.0)
(171, 55.85113787651062, -2368467.358974359, -76055.0)
(172, 56.251708984375, -2368467.358974359, -76055.0)
(173, 56.65614461898804, -2368467.358974359, -76055.0)
(174, 57.0584454536438, -2368467.358974359, -76055.0)
(175, 57.46036100387573, -2368467.358974359, -76055.0)
(176, 57.86707377433777, -2368467.358974359, -76055.0)
(177, 58.27316379547119, -2368467.358974359, -76055.0)
(178, 58.683287143707275, -2368467.358974359, -76055.0)
(179, 59.093714475631714, -2368467.358974359, -76055.0)
(180, 59.5052535533905, -2368467.358974359, -76055.0)
(181, 59.916165590286255, -2368467.358974359, -76055.0)
(182, 60.33474826812744, -2368467.358974359, -76055.0)
(183, 60.746915340423584, -2368467.358974359, -76055.0)
(184, 61.15567064285278, -2272528.512820513, -76055.0)
(185, 61.57002234458923, -2272528.512820513, -76055.0)
(186, 61.971312046051025, -2272528.512820513, -76055.0)
(187, 62.37455606460571, -2272528.512820513, -76055.0)
(188, 62.777878284454346, -2272528.512820513, -76055.0)
(189, 63.187538146972656, -2272528.512820513, -76055.0)
(190, 63.594947814941406, -2272528.512820513, -76055.0)
(191, 63.99914789199829, -2272528.512820513, -76055.0)
(192, 64.41038203239441, -2272528.512820513, -76055.0)
(193, 64.8154628276825, -2272528.512820513, -76055.0)
(194, 65.22880506515503, -2272528.512820513, -76055.0)
(195, 65.64727830886841, -2272528.512820513, -76055.0)
(196, 66.06900811195374, -2272528.512820513, -76055.0)
(197, 66.489737033844, -2272528.512820513, -76055.0)
(198, 66.90261483192444, -2272528.512820513, -76055.0)
(199, 67.31779313087463, -2272528.512820513, -76055.0)
(200, 67.74307298660278, -2272528.512820513, -76055.0)
(201, 68.16499757766724, -2272528.512820513, -76055.0)
(202, 68.59654569625854, -2272528.512820513, -76055.0)
(203, 69.02486062049866, -2272528.512820513, -76055.0)
(204, 69.45814561843872, -2272528.512820513, -76055.0)
(205, 69.8892650604248, -2272528.512820513, -76055.0)
(206, 70.31590533256531, -2272528.512820513, -76055.0)
(207, 70.73914670944214, -2272528.512820513, -76055.0)
(208, 71.17312669754028, -2272528.512820513, -76055.0)
(209, 71.61560726165771, -2272528.512820513, -76055.0)
(210, 72.04761624336243, -2272528.512820513, -76055.0)
(211, 72.48963284492493, -2272528.512820513, -76055.0)
(212, 72.93178915977478, -2272528.512820513, -76055.0)
(213, 73.37117767333984, -2272528.512820513, -76055.0)
(214, 73.80914068222046, -2272528.512820513, -76055.0)
(215, 74.25341534614563, -2272528.512820513, -76055.0)
(216, 74.69971227645874, -2272528.512820513, -76055.0)
(217, 75.13716554641724, -2272528.512820513, -76055.0)
(218, 75.582599401474, -2272528.512820513, -76055.0)
(219, 76.02641320228577, -2272528.512820513, -76055.0)
(220, 76.46949768066406, -2272528.512820513, -76055.0)
(221, 76.91287612915039, -2272528.512820513, -76055.0)
(222, 77.35921692848206, -2272528.512820513, -76055.0)
(223, 77.81111717224121, -2272528.512820513, -76055.0)
(224, 78.26995587348938, -2272528.512820513, -76055.0)
(225, 78.72731494903564, -2272528.512820513, -76055.0)
(226, 79.19104623794556, -2272528.512820513, -76055.0)
(227, 79.64704036712646, -2174284.564102564, -76055.0)
(228, 80.10101985931396, -2174284.564102564, -76055.0)
(229, 80.55167365074158, -2174284.564102564, -76055.0)
(230, 80.99937343597412, -2174284.564102564, -76055.0)
(231, 81.44309258460999, -2174284.564102564, -76055.0)
(232, 81.8918137550354, -2174284.564102564, -76055.0)
(233, 82.34776449203491, -2174284.564102564, -76055.0)
(234, 82.80716180801392, -2174284.564102564, -76055.0)
(235, 83.26619219779968, -2174284.564102564, -76055.0)
(236, 83.72751140594482, -2174284.564102564, -76055.0)
(237, 84.18298435211182, -2174284.564102564, -76055.0)
(238, 84.6790862083435, -2174284.564102564, -76055.0)
(239, 85.13791275024414, -2174284.564102564, -76055.0)
(240, 85.60291028022766, -2174284.564102564, -76055.0)
(241, 86.06022071838379, -2174284.564102564, -76055.0)
(242, 86.52236104011536, -2174284.564102564, -76055.0)
(243, 86.9896399974823, -2174284.564102564, -76055.0)
(244, 87.46001124382019, -2174284.564102564, -76055.0)
(245, 87.92751240730286, -2174284.564102564, -76055.0)
(246, 88.42541718482971, -2174284.564102564, -76055.0)
(247, 88.89898729324341, -2174284.564102564, -76055.0)
(248, 89.36745715141296, -2174284.564102564, -76055.0)
(249, 89.83872270584106, -2174284.564102564, -76055.0)
(250, 90.31548833847046, -2174284.564102564, -76055.0)
(251, 90.79832673072815, -2174284.564102564, -76055.0)
(252, 91.27365827560425, -2174284.564102564, -76055.0)
(253, 91.75026178359985, -2174284.564102564, -76055.0)
(254, 92.22743940353394, -2174284.564102564, -76055.0)
(255, 92.70529890060425, -2174284.564102564, -76055.0)
(256, 93.19338417053223, -2174284.564102564, -76055.0)
(257, 93.68679785728455, -2092855.9340659352, -76055.0)
(258, 94.19509196281433, -2092855.9340659352, -76055.0)
(259, 94.67380547523499, -2092855.9340659352, -76055.0)
(260, 95.14702033996582, -2092855.9340659352, -76055.0)
(261, 95.623211145401, -2092855.9340659352, -76055.0)
(262, 96.10455751419067, -2092855.9340659352, -76055.0)
(263, 96.58242440223694, -2092855.9340659352, -76055.0)
(264, 97.05666184425354, -2092855.9340659352, -76055.0)
(265, 97.53742504119873, -2092855.9340659352, -76055.0)
(266, 98.01452875137329, -2092855.9340659352, -76055.0)
(267, 98.50171184539795, -2092855.9340659352, -76055.0)
(268, 98.99888873100281, -2092855.9340659352, -76055.0)
(269, 99.48672437667847, -2092855.9340659352, -76055.0)
(270, 99.97362351417542, -2092855.9340659352, -76055.0)
(271, 100.45909571647644, -2092855.9340659352, -76055.0)
(272, 100.95289969444275, -2092855.9340659352, -76055.0)
(273, 101.45374727249146, -2092855.9340659352, -76055.0)
(274, 101.95854759216309, -2092855.9340659352, -76055.0)
(275, 102.4662709236145, -2092855.9340659352, -76055.0)
(276, 102.97335529327393, -2092855.9340659352, -76055.0)
(277, 103.50841689109802, -2092855.9340659352, -76055.0)
(278, 104.04373121261597, -2092855.9340659352, -76055.0)
(279, 104.54226756095886, -2092855.9340659352, -76055.0)
(280, 105.05315375328064, -2092855.9340659352, -76055.0)
(281, 105.56570434570312, -2092855.9340659352, -76055.0)
(282, 106.06532907485962, -2092855.9340659352, -76055.0)
(283, 106.58481645584106, -2092855.9340659352, -76055.0)
(284, 107.10154056549072, -2092855.9340659352, -76055.0)
(285, 107.60341358184814, -2092855.9340659352, -76055.0)
(286, 108.12524795532227, -2092855.9340659352, -76055.0)
(287, 108.64048409461975, -2092855.9340659352, -76055.0)
(288, 109.19434118270874, -2092855.9340659352, -76055.0)
(289, 109.78774619102478, -2092855.9340659352, -76055.0)
(290, 110.36201572418213, -2092855.9340659352, -76055.0)
(291, 110.9037094116211, -2092855.9340659352, -76055.0)
(292, 111.4723858833313, -2092855.9340659352, -76055.0)
(293, 112.03449296951294, -2092855.9340659352, -76055.0)
(294, 112.63727879524231, -2092855.9340659352, -76055.0)
(295, 113.20780873298645, -2092855.9340659352, -76055.0)
(296, 113.79633736610413, -2092855.9340659352, -76055.0)
(297, 114.39559817314148, -2092855.9340659352, -76055.0)
(298, 114.97317028045654, -2092855.9340659352, -76055.0)
(299, 115.56270146369934, -2092855.9340659352, -76055.0)
(300, 116.14647889137268, -2092855.9340659352, -76055.0)
(301, 116.72590732574463, -2092855.9340659352, -76055.0)
(302, 117.35254001617432, -2092855.9340659352, -76055.0)
(303, 117.92383170127869, -2092855.9340659352, -76055.0)
(304, 118.51119089126587, -2092855.9340659352, -76055.0)
(305, 119.07608914375305, -2092855.9340659352, -76055.0)
(306, 119.6521999835968, -2092855.9340659352, -76055.0)
(307, 120.21799111366272, -2092855.9340659352, -76055.0)
(308, 120.7999312877655, -2092855.9340659352, -76055.0)
(309, 121.36724948883057, -2092855.9340659352, -76055.0)
(310, 121.95146298408508, -2092855.9340659352, -76055.0)
(311, 122.53682565689087, -2092855.9340659352, -76055.0)
(312, 123.0952000617981, -2092855.9340659352, -76055.0)
(313, 123.69483256340027, -2092855.9340659352, -76055.0)
(314, 124.29948616027832, -2092855.9340659352, -76055.0)
(315, 124.88043165206909, -2092855.9340659352, -76055.0)
(316, 125.47391748428345, -2092855.9340659352, -76055.0)
(317, 126.07443928718567, -2092855.9340659352, -76055.0)
(318, 126.6601254940033, -2092855.9340659352, -76055.0)
(319, 127.26098155975342, -2092855.9340659352, -76055.0)
(320, 127.85018277168274, -2092855.9340659352, -76055.0)
(321, 128.43969702720642, -2092855.9340659352, -76055.0)
(322, 129.03062415122986, -2092855.9340659352, -76055.0)
(323, 129.63889598846436, -2092855.9340659352, -76055.0)
(324, 130.24997472763062, -2092855.9340659352, -76055.0)
(325, 130.8615915775299, -2092855.9340659352, -76055.0)
(326, 131.54290199279785, -2092855.9340659352, -76055.0)
(327, 132.14944052696228, -2092855.9340659352, -76055.0)
(328, 132.7419891357422, -1979416.8974358975, -76055.0)
(329, 133.34043669700623, -1979416.8974358975, -76055.0)
(330, 133.9238703250885, -1979416.8974358975, -76055.0)
(331, 134.50836992263794, -1979416.8974358975, -76055.0)
(332, 135.05248308181763, -1979416.8974358975, -76055.0)
(333, 135.61569905281067, -1979416.8974358975, -76055.0)
(334, 136.16767001152039, -1979416.8974358975, -76055.0)
(335, 136.7646505832672, -1979416.8974358975, -76055.0)
(336, 137.365709066391, -1979416.8974358975, -76055.0)
(337, 137.95181369781494, -1979416.8974358975, -76055.0)
(338, 138.54415249824524, -1979416.8974358975, -76055.0)
(339, 139.1633780002594, -1979416.8974358975, -76055.0)
(340, 139.7714729309082, -1979416.8974358975, -76055.0)
(341, 140.3742072582245, -1979416.8974358975, -76055.0)
(342, 140.9712474346161, -1979416.8974358975, -76055.0)
(343, 141.56046342849731, -1979416.8974358975, -76055.0)
(344, 142.1623890399933, -1979416.8974358975, -76055.0)
(345, 142.76870846748352, -1979416.8974358975, -76055.0)
(346, 143.35657382011414, -1979416.8974358975, -76055.0)
(347, 143.98254990577698, -1979416.8974358975, -76055.0)
(348, 144.6043565273285, -1979416.8974358975, -76055.0)
(349, 145.2207760810852, -1979416.8974358975, -76055.0)
(350, 145.85329151153564, -1979416.8974358975, -76055.0)
(351, 146.4820692539215, -1979416.8974358975, -76055.0)
(352, 147.11525654792786, -1979416.8974358975, -76055.0)
(353, 147.7424819469452, -1979416.8974358975, -76055.0)
(354, 148.37424516677856, -1979416.8974358975, -76055.0)
(355, 148.99624943733215, -1979416.8974358975, -76055.0)
(356, 149.61247754096985, -1979416.8974358975, -76055.0)
(357, 150.2359173297882, -1979416.8974358975, -76055.0)
(358, 150.84829688072205, -1979416.8974358975, -76055.0)
(359, 151.45813083648682, -1979416.8974358975, -76055.0)
(360, 152.07425689697266, -1979416.8974358975, -76055.0)
(361, 152.69693088531494, -1979416.8974358975, -76055.0)
(362, 153.32572293281555, -1979416.8974358975, -76055.0)
(363, 153.92589926719666, -1979416.8974358975, -76055.0)
(364, 154.51234817504883, -1979416.8974358975, -76055.0)
(365, 155.10643362998962, -1979416.8974358975, -76055.0)
(366, 155.7333779335022, -1979416.8974358975, -76055.0)
(367, 156.35153698921204, -1979416.8974358975, -76055.0)
(368, 156.9654839038849, -1979416.8974358975, -76055.0)
(369, 157.55745649337769, -1979416.8974358975, -76055.0)
(370, 158.15147972106934, -1979416.8974358975, -76055.0)
(371, 158.75861525535583, -1979416.8974358975, -76055.0)
(372, 159.3706316947937, -1979416.8974358975, -76055.0)
(373, 160.04859137535095, -1979416.8974358975, -76055.0)
(374, 160.7268373966217, -1979416.8974358975, -76055.0)
(375, 161.35780382156372, -1979416.8974358975, -76055.0)
(376, 162.0058708190918, -1979416.8974358975, -76055.0)
(377, 162.65282249450684, -1979416.8974358975, -76055.0)
(378, 163.3163549900055, -1979416.8974358975, -76055.0)
(379, 163.98449063301086, -1979416.8974358975, -76055.0)
(380, 164.62626147270203, -1979416.8974358975, -76055.0)
(381, 165.30704283714294, -1979416.8974358975, -76055.0)
(382, 165.9724931716919, -1979416.8974358975, -76055.0)
(383, 166.59563183784485, -1979416.8974358975, -76055.0)
(384, 167.24891805648804, -1979416.8974358975, -76055.0)
(385, 167.85959768295288, -1878813.6923076923, -76055.0)
(386, 168.51094555854797, -1878813.6923076923, -76055.0)
(387, 169.11728835105896, -1878813.6923076923, -76055.0)
(388, 169.75795435905457, -1878813.6923076923, -76055.0)
(389, 170.39083695411682, -1878813.6923076923, -76055.0)
(390, 171.034161567688, -1878813.6923076923, -76055.0)
(391, 171.68070030212402, -1878813.6923076923, -76055.0)
(392, 172.3122365474701, -1878813.6923076923, -76055.0)
(393, 172.95459032058716, -1878813.6923076923, -76055.0)
(394, 173.61913442611694, -1878813.6923076923, -76055.0)
(395, 174.28713202476501, -1878813.6923076923, -76055.0)
(396, 174.9502739906311, -1878813.6923076923, -76055.0)
(397, 175.60581707954407, -1878813.6923076923, -76055.0)
(398, 176.27425622940063, -1878813.6923076923, -76055.0)
(399, 176.9502558708191, -1878813.6923076923, -76055.0)
(400, 177.60615825653076, -1878813.6923076923, -76055.0)
(401, 178.2929379940033, -1878813.6923076923, -76055.0)
(402, 178.97693729400635, -1878813.6923076923, -76055.0)
(403, 179.64607310295105, -1878813.6923076923, -76055.0)
(404, 180.3182361125946, -1878813.6923076923, -76055.0)
(405, 180.98711109161377, -1878813.6923076923, -76055.0)
(406, 181.6581130027771, -1878813.6923076923, -76055.0)
(407, 182.3365762233734, -1878813.6923076923, -76055.0)
(408, 183.00693941116333, -1878813.6923076923, -76055.0)
(409, 183.68113946914673, -1878813.6923076923, -76055.0)
(410, 184.38142442703247, -1878813.6923076923, -76055.0)
(411, 185.06361508369446, -1878813.6923076923, -76055.0)
(412, 185.75369668006897, -1878813.6923076923, -76055.0)
(413, 186.42714667320251, -1878813.6923076923, -76055.0)
(414, 187.1247901916504, -1878813.6923076923, -76055.0)
(415, 187.82618808746338, -1878813.6923076923, -76055.0)
(416, 188.51707220077515, -1878813.6923076923, -76055.0)
(417, 189.21206736564636, -1878813.6923076923, -76055.0)
(418, 189.93165373802185, -1878813.6923076923, -76055.0)
(419, 190.63228487968445, -1878813.6923076923, -76055.0)
(420, 191.30837202072144, -1878813.6923076923, -76055.0)
(421, 191.9895486831665, -1878813.6923076923, -76055.0)
(422, 192.68871688842773, -1878813.6923076923, -76055.0)
(423, 193.3850383758545, -1878813.6923076923, -76055.0)
(424, 194.09282565116882, -1878813.6923076923, -76055.0)
(425, 194.79582834243774, -1878813.6923076923, -76055.0)
(426, 195.49920892715454, -1878813.6923076923, -76055.0)
(427, 196.2006974220276, -1878813.6923076923, -76055.0)
(428, 196.8933665752411, -1878813.6923076923, -76055.0)
(429, 197.62114310264587, -1878813.6923076923, -76055.0)
(430, 198.34565591812134, -1878813.6923076923, -76055.0)
(431, 199.06090545654297, -1878813.6923076923, -76055.0)
(432, 199.80198073387146, -1878813.6923076923, -76055.0)
(433, 200.49963212013245, -1878813.6923076923, -76055.0)
(434, 201.21650457382202, -1878813.6923076923, -76055.0)
(435, 202.0211935043335, -1878813.6923076923, -76055.0)
(436, 202.7728853225708, -1878813.6923076923, -76055.0)
(437, 203.44988441467285, -1878813.6923076923, -76055.0)
(438, 204.18514156341553, -1878813.6923076923, -76055.0)
(439, 204.89422845840454, -1878813.6923076923, -76055.0)
(440, 205.6396288871765, -1782405.282051282, -76055.0)
(441, 206.34127640724182, -1782405.282051282, -76055.0)
(442, 207.05047798156738, -1782405.282051282, -76055.0)
(443, 207.7477126121521, -1782405.282051282, -76055.0)
(444, 208.46347665786743, -1782405.282051282, -76055.0)
(445, 209.15209436416626, -1782405.282051282, -76055.0)
(446, 209.88046717643738, -1782405.282051282, -76055.0)
(447, 210.59070897102356, -1782405.282051282, -76055.0)
(448, 211.32905888557434, -1782405.282051282, -76055.0)
(449, 212.03307962417603, -1782405.282051282, -76055.0)
(450, 212.73843431472778, -1782405.282051282, -76055.0)
(451, 213.4910945892334, -1782405.282051282, -76055.0)
(452, 214.22861528396606, -1782405.282051282, -76055.0)
(453, 214.96680188179016, -1782405.282051282, -76055.0)
(454, 215.7281322479248, -1782405.282051282, -76055.0)
(455, 216.46223211288452, -1782405.282051282, -76055.0)
(456, 217.22170066833496, -1782405.282051282, -76055.0)
(457, 217.9202527999878, -1782405.282051282, -76055.0)
(458, 218.6688711643219, -1782405.282051282, -76055.0)
(459, 219.36311316490173, -1782405.282051282, -76055.0)
(460, 220.1121425628662, -1782405.282051282, -76055.0)
(461, 220.82692790031433, -1782405.282051282, -76055.0)
(462, 221.58946466445923, -1782405.282051282, -76055.0)
(463, 222.32336139678955, -1782405.282051282, -76055.0)
(464, 223.10382294654846, -1782405.282051282, -76055.0)
(465, 223.86944913864136, -1782405.282051282, -76055.0)
(466, 224.63510727882385, -1782405.282051282, -76055.0)
(467, 225.39471340179443, -1782405.282051282, -76055.0)
(468, 226.15637850761414, -1782405.282051282, -76055.0)
(469, 226.930810213089, -1782405.282051282, -76055.0)
(470, 227.70306611061096, -1782405.282051282, -76055.0)
(471, 228.40288162231445, -1782405.282051282, -76055.0)
(472, 229.1672327518463, -1782405.282051282, -76055.0)
(473, 229.93294024467468, -1782405.282051282, -76055.0)
(474, 230.715078830719, -1782405.282051282, -76055.0)
(475, 231.47881937026978, -1782405.282051282, -76055.0)
(476, 232.26223492622375, -1782405.282051282, -76055.0)
(477, 233.0704185962677, -1782405.282051282, -76055.0)
(478, 233.86014008522034, -1782405.282051282, -76055.0)
(479, 234.6362190246582, -1782405.282051282, -76055.0)
(480, 235.41767120361328, -1782405.282051282, -76055.0)
(481, 236.21996784210205, -1782405.282051282, -76055.0)
(482, 237.01970958709717, -1782405.282051282, -76055.0)
(483, 237.7986958026886, -1782405.282051282, -76055.0)
(484, 238.60389709472656, -1782405.282051282, -76055.0)
(485, 239.42126321792603, -1782405.282051282, -76055.0)
(486, 240.2483115196228, -1782405.282051282, -76055.0)
(487, 241.05288219451904, -1782405.282051282, -76055.0)
(488, 241.82664608955383, -1782405.282051282, -76055.0)
(489, 242.63344073295593, -1782405.282051282, -76055.0)
(490, 243.4139051437378, -1782405.282051282, -76055.0)
(491, 244.22388553619385, -1782405.282051282, -76055.0)
(492, 244.98243188858032, -1782405.282051282, -76055.0)
(493, 245.77739644050598, -1782405.282051282, -76055.0)
(494, 246.55733251571655, -1782405.282051282, -76055.0)
(495, 247.3419795036316, -1686269.8974358975, -76055.0)
(496, 248.14425325393677, -1686269.8974358975, -76055.0)
(497, 248.95978260040283, -1686269.8974358975, -76055.0)
(498, 249.80809664726257, -1686269.8974358975, -76055.0)
(499, 250.6087691783905, -1686269.8974358975, -76055.0)
(500, 251.40731835365295, -1686269.8974358975, -76055.0)
(501, 252.1845142841339, -1686269.8974358975, -76055.0)
(502, 252.95143127441406, -1686269.8974358975, -76055.0)
(503, 253.7392737865448, -1686269.8974358975, -76055.0)
(504, 254.5153193473816, -1686269.8974358975, -76055.0)
(505, 255.31241154670715, -1686269.8974358975, -76055.0)
(506, 256.13491344451904, -1686269.8974358975, -76055.0)
(507, 256.9554419517517, -1686269.8974358975, -76055.0)
(508, 257.75779604911804, -1686269.8974358975, -76055.0)
(509, 258.53830218315125, -1686269.8974358975, -76055.0)
(510, 259.31543159484863, -1686269.8974358975, -76055.0)
(511, 260.0974967479706, -1686269.8974358975, -76055.0)
(512, 260.9277548789978, -1686269.8974358975, -76055.0)
(513, 261.7580952644348, -1686269.8974358975, -76055.0)
(514, 262.57325744628906, -1686269.8974358975, -76055.0)
(515, 263.4136576652527, -1686269.8974358975, -76055.0)
(516, 264.2594561576843, -1686269.8974358975, -76055.0)
(517, 265.0879786014557, -1686269.8974358975, -76055.0)
(518, 265.8858690261841, -1686269.8974358975, -76055.0)
(519, 266.70410084724426, -1686269.8974358975, -76055.0)
(520, 267.48423290252686, -1686269.8974358975, -76055.0)
(521, 268.2760019302368, -1686269.8974358975, -76055.0)
(522, 269.07470202445984, -1686269.8974358975, -76055.0)
(523, 269.9042880535126, -1686269.8974358975, -76055.0)
(524, 270.71538734436035, -1686269.8974358975, -76055.0)
(525, 271.53038930892944, -1686269.8974358975, -76055.0)
(526, 272.41017413139343, -1686269.8974358975, -76055.0)
(527, 273.24673199653625, -1686269.8974358975, -76055.0)
(528, 274.06734132766724, -1652272.2307692308, -76055.0)
(529, 274.93364930152893, -1652272.2307692308, -76055.0)
(530, 275.7809808254242, -1652272.2307692308, -76055.0)
(531, 276.64090967178345, -1652272.2307692308, -76055.0)
(532, 277.469345331192, -1652272.2307692308, -76055.0)
(533, 278.3093183040619, -1652272.2307692308, -76055.0)
(534, 279.2845370769501, -1652272.2307692308, -76055.0)
(535, 280.1637547016144, -1652272.2307692308, -76055.0)
(536, 280.9773676395416, -1652272.2307692308, -76055.0)
(537, 281.86617279052734, -1652272.2307692308, -76055.0)
(538, 282.6979923248291, -1652272.2307692308, -76055.0)
(539, 283.5631694793701, -1652272.2307692308, -76055.0)
(540, 284.4944043159485, -1652272.2307692308, -76055.0)
(541, 285.32324743270874, -1652272.2307692308, -76055.0)
(542, 286.1949348449707, -1652272.2307692308, -76055.0)
(543, 287.04258704185486, -1652272.2307692308, -76055.0)
(544, 287.8903422355652, -1652272.2307692308, -76055.0)
(545, 288.7748267650604, -1652272.2307692308, -76055.0)
(546, 289.70305013656616, -1652272.2307692308, -76055.0)
(547, 290.5687737464905, -1652272.2307692308, -76055.0)
(548, 291.43736720085144, -1652272.2307692308, -76055.0)
(549, 292.2478005886078, -1652272.2307692308, -76055.0)
(550, 293.06400871276855, -1652272.2307692308, -76055.0)
(551, 293.91563725471497, -1652272.2307692308, -76055.0)
(552, 294.8462550640106, -1652272.2307692308, -76055.0)
(553, 295.7114267349243, -1652272.2307692308, -76055.0)
(554, 296.5628306865692, -1652272.2307692308, -76055.0)
(555, 297.37034606933594, -1652272.2307692308, -76055.0)
(556, 298.214138507843, -1652272.2307692308, -76055.0)
(557, 299.0576500892639, -1652272.2307692308, -76055.0)
(558, 299.9015166759491, -1652272.2307692308, -76055.0)
(559, 300.71849298477173, -1652272.2307692308, -76055.0)
(560, 301.58317136764526, -1652272.2307692308, -76055.0)
(561, 302.44611978530884, -1652272.2307692308, -76055.0)
(562, 303.29233741760254, -1652272.2307692308, -76055.0)
(563, 304.1497254371643, -1652272.2307692308, -76055.0)
(564, 304.9903657436371, -1652272.2307692308, -76055.0)
(565, 305.8145294189453, -1652272.2307692308, -76055.0)
(566, 306.6745867729187, -1652272.2307692308, -76055.0)
(567, 307.53625321388245, -1652272.2307692308, -76055.0)
(568, 308.44294333457947, -1652272.2307692308, -76055.0)
(569, 309.29085206985474, -1652272.2307692308, -76055.0)
(570, 310.1547544002533, -1652272.2307692308, -76055.0)
(571, 311.04486107826233, -1652272.2307692308, -76055.0)
(572, 312.0334198474884, -1652272.2307692308, -76055.0)
(573, 312.889121055603, -1652272.2307692308, -76055.0)
(574, 313.7519075870514, -1652272.2307692308, -76055.0)
(575, 314.63777136802673, -1652272.2307692308, -76055.0)
(576, 315.67493963241577, -1652272.2307692308, -76055.0)
(577, 316.5917558670044, -1652272.2307692308, -76055.0)
(578, 317.49126076698303, -1652272.2307692308, -76055.0)
(579, 318.36473846435547, -1652272.2307692308, -76055.0)
(580, 319.22586154937744, -1652272.2307692308, -76055.0)
(581, 320.0733416080475, -1652272.2307692308, -76055.0)
(582, 320.9265351295471, -1652272.2307692308, -76055.0)
(583, 321.81159138679504, -1652272.2307692308, -76055.0)
(584, 322.68715476989746, -1652272.2307692308, -76055.0)
(585, 323.583758354187, -1652272.2307692308, -76055.0)
(586, 324.4575471878052, -1652272.2307692308, -76055.0)
(587, 325.40691685676575, -1652272.2307692308, -76055.0)
(588, 326.3047754764557, -1652272.2307692308, -76055.0)
(589, 327.24422550201416, -1652272.2307692308, -76055.0)
(590, 328.07358145713806, -1652272.2307692308, -76055.0)
(591, 328.96325278282166, -1652272.2307692308, -76055.0)
(592, 329.8370957374573, -1485800.282051282, -76055.0)
(593, 330.67482471466064, -1485800.282051282, -76055.0)
(594, 331.51690578460693, -1485800.282051282, -76055.0)
(595, 332.33001494407654, -1485800.282051282, -76055.0)
(596, 333.16638565063477, -1485800.282051282, -76055.0)
(597, 334.03409075737, -1485800.282051282, -76055.0)
(598, 334.9013557434082, -1485800.282051282, -76055.0)
(599, 335.7488360404968, -1485800.282051282, -76055.0)
(600, 336.60005283355713, -1485800.282051282, -76055.0)
(601, 337.4357647895813, -1485800.282051282, -76055.0)
(602, 338.2672564983368, -1485800.282051282, -76055.0)
(603, 339.11174058914185, -1485800.282051282, -76055.0)
(604, 339.97819924354553, -1485800.282051282, -76055.0)
(605, 340.86411356925964, -1485800.282051282, -76055.0)
(606, 341.70890831947327, -1485800.282051282, -76055.0)
(607, 342.5817677974701, -1485800.282051282, -76055.0)
(608, 343.44466638565063, -1485800.282051282, -76055.0)
(609, 344.33520579338074, -1485800.282051282, -76055.0)
(610, 345.17738938331604, -1485800.282051282, -76055.0)
(611, 346.0560054779053, -1485800.282051282, -76055.0)
(612, 346.9410951137543, -1485800.282051282, -76055.0)
(613, 347.78747296333313, -1485800.282051282, -76055.0)
(614, 348.6515326499939, -1485800.282051282, -76055.0)
(615, 349.54205298423767, -1485800.282051282, -76055.0)
(616, 350.4320628643036, -1485800.282051282, -76055.0)
(617, 351.3544833660126, -1485270.527777778, -76055.0)
(618, 352.22876381874084, -1485270.527777778, -76055.0)
(619, 353.19098806381226, -1485270.527777778, -76055.0)
(620, 354.1171934604645, -1485270.527777778, -76055.0)
(621, 354.9894325733185, -1485270.527777778, -76055.0)
(622, 355.8940238952637, -1485270.527777778, -76055.0)
(623, 356.783748626709, -1485270.527777778, -76055.0)
(624, 357.6565086841583, -1485270.527777778, -76055.0)
(625, 358.5221302509308, -1485270.527777778, -76055.0)
(626, 359.39189052581787, -1485270.527777778, -76055.0)
(627, 360.280814409256, -1485270.527777778, -76055.0)
(628, 361.19985604286194, -1485270.527777778, -76055.0)
(629, 362.156866312027, -1485270.527777778, -76055.0)
(630, 363.05346155166626, -1485270.527777778, -76055.0)
(631, 363.97998428344727, -1485270.527777778, -76055.0)
(632, 364.9598832130432, -1485270.527777778, -76055.0)
(633, 365.89107751846313, -1485270.527777778, -76055.0)
(634, 366.8206753730774, -1485270.527777778, -76055.0)
(635, 367.7899806499481, -1485270.527777778, -76055.0)
(636, 368.76286792755127, -1485270.527777778, -76055.0)
(637, 369.68599462509155, -1485270.527777778, -76055.0)
(638, 370.62845492362976, -1485270.527777778, -76055.0)
(639, 371.57411098480225, -1485270.527777778, -76055.0)
(640, 372.5232243537903, -1485270.527777778, -76055.0)
(641, 373.4616026878357, -1485270.527777778, -76055.0)
(642, 374.35710620880127, -1485270.527777778, -76055.0)
(643, 375.30667996406555, -1485270.527777778, -76055.0)
(644, 376.2568247318268, -1382377.205128205, -76055.0)
(645, 377.1641607284546, -1382377.205128205, -76055.0)
(646, 378.07146286964417, -1382377.205128205, -76055.0)
(647, 378.9638659954071, -1382377.205128205, -76055.0)
(648, 379.8511347770691, -1382377.205128205, -76055.0)
(649, 380.74713015556335, -1382377.205128205, -76055.0)
(650, 381.6354341506958, -1382377.205128205, -76055.0)
(651, 382.5402591228485, -1382377.205128205, -76055.0)
(652, 383.47168016433716, -1382377.205128205, -76055.0)
(653, 384.40186858177185, -1382377.205128205, -76055.0)
(654, 385.3227858543396, -1382377.205128205, -76055.0)
(655, 386.25318026542664, -1382377.205128205, -76055.0)
(656, 387.14275097846985, -1382377.205128205, -76055.0)
(657, 388.03280425071716, -1382377.205128205, -76055.0)
(658, 388.97857999801636, -1382377.205128205, -76055.0)
(659, 389.92167258262634, -1382377.205128205, -76055.0)
(660, 390.8696320056915, -1382377.205128205, -76055.0)
(661, 391.75626969337463, -1382377.205128205, -76055.0)
(662, 392.6874599456787, -1382377.205128205, -76055.0)
(663, 393.59769773483276, -1382377.205128205, -76055.0)
(664, 394.5189049243927, -1382377.205128205, -76055.0)
(665, 395.51420879364014, -1382377.205128205, -76055.0)
(666, 396.47239422798157, -1382377.205128205, -76055.0)
(667, 397.41305232048035, -1382377.205128205, -76055.0)
(668, 398.3259358406067, -1382377.205128205, -76055.0)
(669, 399.26948738098145, -1382377.205128205, -76055.0)
(670, 400.19196796417236, -1382377.205128205, -76055.0)
(671, 401.1251678466797, -1382377.205128205, -76055.0)
(672, 402.05115818977356, -1382377.205128205, -76055.0)
(673, 402.98181223869324, -1382377.205128205, -76055.0)
(674, 403.9080274105072, -1382377.205128205, -76055.0)
(675, 404.81037068367004, -1382377.205128205, -76055.0)
(676, 405.73410749435425, -1382377.205128205, -76055.0)
(677, 406.71369099617004, -1382377.205128205, -76055.0)
(678, 407.7015643119812, -1382377.205128205, -76055.0)
(679, 408.7084712982178, -1382377.205128205, -76055.0)
(680, 409.66610836982727, -1382377.205128205, -76055.0)
(681, 410.6263921260834, -1382377.205128205, -76055.0)
(682, 411.56739616394043, -1382377.205128205, -76055.0)
(683, 412.51078033447266, -1382377.205128205, -76055.0)
(684, 413.4576725959778, -1382377.205128205, -76055.0)
(685, 414.3928020000458, -1382377.205128205, -76055.0)
(686, 415.3265380859375, -1382377.205128205, -76055.0)
(687, 416.27012944221497, -1382377.205128205, -76055.0)
(688, 417.2058322429657, -1382377.205128205, -76055.0)
(689, 418.13627099990845, -1382377.205128205, -76055.0)
(690, 419.04296612739563, -1382377.205128205, -76055.0)
(691, 419.94803380966187, -1382377.205128205, -76055.0)
(692, 420.88458132743835, -1382377.205128205, -76055.0)
(693, 421.84287118911743, -1382377.205128205, -76055.0)
(694, 422.81497502326965, -1382377.205128205, -76055.0)
(695, 423.7861874103546, -1382377.205128205, -76055.0)
(696, 424.69052720069885, -1382377.205128205, -76055.0)
(697, 425.6423966884613, -1382377.205128205, -76055.0)
(698, 426.60628747940063, -1382377.205128205, -76055.0)
(699, 427.62567353248596, -1382377.205128205, -76055.0)
(700, 428.65203332901, -1382377.205128205, -76055.0)
(701, 429.6425356864929, -1382377.205128205, -76055.0)
(702, 430.6352355480194, -1382377.205128205, -76055.0)
(703, 431.6164846420288, -1382377.205128205, -76055.0)
(704, 432.5638675689697, -1382377.205128205, -76055.0)
(705, 433.5650737285614, -1382377.205128205, -76055.0)
(706, 434.5825095176697, -1382377.205128205, -76055.0)
(707, 435.57077264785767, -1382377.205128205, -76055.0)
(708, 436.5593342781067, -1382377.205128205, -76055.0)
(709, 437.53306317329407, -1280701.4615384615, -76055.0)
(710, 438.5003707408905, -1280701.4615384615, -76055.0)
(711, 439.4279408454895, -1280701.4615384615, -76055.0)
(712, 440.3554849624634, -1280701.4615384615, -76055.0)
(713, 441.2805669307709, -1280701.4615384615, -76055.0)
(714, 442.2095077037811, -1280701.4615384615, -76055.0)
(715, 443.170156955719, -1280701.4615384615, -76055.0)
(716, 444.1441195011139, -1280701.4615384615, -76055.0)
(717, 445.12477588653564, -1280701.4615384615, -76055.0)
(718, 446.08258390426636, -1280701.4615384615, -76055.0)
(719, 447.0647871494293, -1280701.4615384615, -76055.0)
(720, 448.01061630249023, -1280701.4615384615, -76055.0)
(721, 448.9537959098816, -1280701.4615384615, -76055.0)
(722, 449.9022328853607, -1280701.4615384615, -76055.0)
(723, 450.9111785888672, -1280701.4615384615, -76055.0)
(724, 451.9000611305237, -1280701.4615384615, -76055.0)
(725, 452.9018003940582, -1280701.4615384615, -76055.0)
(726, 453.894104719162, -1280701.4615384615, -76055.0)
(727, 454.9119703769684, -1280701.4615384615, -76055.0)
(728, 455.8948953151703, -1280701.4615384615, -76055.0)
(729, 456.91612362861633, -1280701.4615384615, -76055.0)
(730, 457.96223878860474, -1280701.4615384615, -76055.0)
(731, 458.96334886550903, -1280701.4615384615, -76055.0)
(732, 459.96392583847046, -1280701.4615384615, -76055.0)
(733, 460.96252393722534, -1280701.4615384615, -76055.0)
(734, 461.9847092628479, -1280701.4615384615, -76055.0)
(735, 463.01516103744507, -1280701.4615384615, -76055.0)
(736, 464.0397927761078, -1280701.4615384615, -76055.0)
(737, 465.06085658073425, -1280701.4615384615, -76055.0)
(738, 466.0350294113159, -1280701.4615384615, -76055.0)
(739, 467.0396959781647, -1280701.4615384615, -76055.0)
(740, 467.99033212661743, -1280701.4615384615, -76055.0)
(741, 469.0076811313629, -1280701.4615384615, -76055.0)
(742, 470.0101668834686, -1280701.4615384615, -76055.0)
(743, 471.15088272094727, -1280701.4615384615, -76055.0)
(744, 472.21738862991333, -1280701.4615384615, -76055.0)
(745, 473.2363324165344, -1280701.4615384615, -76055.0)
(746, 474.3059620857239, -1280701.4615384615, -76055.0)
(747, 475.36209082603455, -1280701.4615384615, -76055.0)
(748, 476.37135076522827, -1280701.4615384615, -76055.0)
(749, 477.34747862815857, -1280701.4615384615, -76055.0)
(750, 478.3751299381256, -1280701.4615384615, -76055.0)
(751, 479.3990125656128, -1280701.4615384615, -76055.0)
(752, 480.4378981590271, -1280701.4615384615, -76055.0)
(753, 481.5064570903778, -1280701.4615384615, -76055.0)
(754, 482.54418182373047, -1280701.4615384615, -76055.0)
(755, 483.7725417613983, -1280701.4615384615, -76055.0)
(756, 484.92185282707214, -1280701.4615384615, -76055.0)
(757, 485.99685645103455, -1280701.4615384615, -76055.0)
(758, 487.0609390735626, -1280701.4615384615, -76055.0)
(759, 488.1264235973358, -1280701.4615384615, -76055.0)
(760, 489.23258328437805, -1280701.4615384615, -76055.0)
(761, 490.3208611011505, -1280701.4615384615, -76055.0)
(762, 491.40510964393616, -1280701.4615384615, -76055.0)
(763, 492.5160322189331, -1280701.4615384615, -76055.0)
(764, 493.5822196006775, -1189059.7631578948, -76055.0)
(765, 494.61606097221375, -1189059.7631578948, -76055.0)
(766, 495.6139256954193, -1189059.7631578948, -76055.0)
(767, 496.61984491348267, -1189059.7631578948, -76055.0)
(768, 497.6188325881958, -1189059.7631578948, -76055.0)
(769, 498.6463804244995, -1189059.7631578948, -76055.0)
(770, 499.66871333122253, -1189059.7631578948, -76055.0)
(771, 500.6770701408386, -1189059.7631578948, -76055.0)
(772, 501.70042634010315, -1189059.7631578948, -76055.0)
(773, 502.7411632537842, -1189059.7631578948, -76055.0)
(774, 503.78351879119873, -1189059.7631578948, -76055.0)
(775, 504.8394820690155, -1189059.7631578948, -76055.0)
(776, 505.8433299064636, -1189059.7631578948, -76055.0)
(777, 506.86436891555786, -1189059.7631578948, -76055.0)
(778, 507.89377546310425, -1189059.7631578948, -76055.0)
(779, 508.9438512325287, -1189059.7631578948, -76055.0)
(780, 510.01462745666504, -1189059.7631578948, -76055.0)
(781, 511.0588159561157, -1189059.7631578948, -76055.0)
(782, 512.1024084091187, -1189059.7631578948, -76055.0)
(783, 513.2236671447754, -1189059.7631578948, -76055.0)
(784, 514.3727841377258, -1189059.7631578948, -76055.0)
(785, 515.4594337940216, -1189059.7631578948, -76055.0)
(786, 516.512781381607, -1189059.7631578948, -76055.0)
(787, 517.5912475585938, -1189059.7631578948, -76055.0)
(788, 518.6458268165588, -1189059.7631578948, -76055.0)
(789, 519.7046592235565, -1189059.7631578948, -76055.0)
(790, 520.750571012497, -1189059.7631578948, -76055.0)
(791, 521.7749638557434, -1189059.7631578948, -76055.0)
(792, 522.8261661529541, -1189059.7631578948, -76055.0)
(793, 523.9269270896912, -1189059.7631578948, -76055.0)
(794, 524.9990952014923, -1189059.7631578948, -76055.0)
(795, 526.028037071228, -1189059.7631578948, -76055.0)
(796, 527.1422297954559, -1189059.7631578948, -76055.0)
(797, 528.2396113872528, -1189059.7631578948, -76055.0)
(798, 529.3016662597656, -1189059.7631578948, -76055.0)
(799, 530.3554389476776, -1189059.7631578948, -76055.0)
(800, 531.4109470844269, -1189059.7631578948, -76055.0)
(801, 532.4890947341919, -1189059.7631578948, -76055.0)
(802, 533.5847985744476, -1189059.7631578948, -76055.0)
(803, 534.7113659381866, -1189059.7631578948, -76055.0)
(804, 535.8108563423157, -1093951.1842105263, -76055.0)
(805, 536.971893787384, -1093951.1842105263, -76055.0)
(806, 538.1375787258148, -1093951.1842105263, -76055.0)
(807, 539.2372207641602, -1093951.1842105263, -76055.0)
(808, 540.2722408771515, -1093951.1842105263, -76055.0)
(809, 541.3761510848999, -1093951.1842105263, -76055.0)
(810, 542.4987614154816, -1093951.1842105263, -76055.0)
(811, 543.542886018753, -1093951.1842105263, -76055.0)
(812, 544.607302904129, -1093951.1842105263, -76055.0)
(813, 545.711884021759, -1093951.1842105263, -76055.0)
(814, 546.7948801517487, -1093951.1842105263, -76055.0)
(815, 547.8283381462097, -1093951.1842105263, -76055.0)
(816, 548.9443209171295, -1093951.1842105263, -76055.0)
(817, 550.0445513725281, -1093951.1842105263, -76055.0)
(818, 551.0990357398987, -1093951.1842105263, -76055.0)
(819, 552.228170633316, -1093951.1842105263, -76055.0)
(820, 553.3423171043396, -1093951.1842105263, -76055.0)
(821, 554.4510610103607, -1093951.1842105263, -76055.0)
(822, 555.5355906486511, -1093951.1842105263, -76055.0)
(823, 556.6499481201172, -1093951.1842105263, -76055.0)
(824, 557.7436785697937, -1093951.1842105263, -76055.0)
(825, 558.8722689151764, -1093951.1842105263, -76055.0)
(826, 559.9470899105072, -1093951.1842105263, -76055.0)
(827, 561.0036005973816, -1093951.1842105263, -76055.0)
(828, 562.1267194747925, -1093951.1842105263, -76055.0)
(829, 563.2170562744141, -1093951.1842105263, -76055.0)
(830, 564.4821441173553, -1093951.1842105263, -76055.0)
(831, 565.8790948390961, -1093951.1842105263, -76055.0)
(832, 567.197625875473, -1093951.1842105263, -76055.0)
(833, 568.5473506450653, -1093951.1842105263, -76055.0)
(834, 569.9024388790131, -1093951.1842105263, -76055.0)
(835, 571.2374107837677, -1093951.1842105263, -76055.0)
(836, 572.6573579311371, -1093951.1842105263, -76055.0)
(837, 573.8860061168671, -1093951.1842105263, -76055.0)
(838, 575.2716119289398, -1093951.1842105263, -76055.0)
(839, 576.5920758247375, -1093951.1842105263, -76055.0)
(840, 577.8894221782684, -1093951.1842105263, -76055.0)
(841, 579.189701795578, -1011816.2105263157, -76055.0)
(842, 580.3847811222076, -1011816.2105263157, -76055.0)
(843, 581.5463364124298, -1011816.2105263157, -76055.0)
(844, 582.6212909221649, -1011816.2105263157, -76055.0)
(845, 583.6975684165955, -1011816.2105263157, -76055.0)
(846, 584.7959227561951, -1011816.2105263157, -76055.0)
(847, 585.8942472934723, -1011816.2105263157, -76055.0)
(848, 587.0004823207855, -1011816.2105263157, -76055.0)
(849, 588.1314330101013, -1011816.2105263157, -76055.0)
(850, 589.2695395946503, -1011816.2105263157, -76055.0)
(851, 590.4306445121765, -1011816.2105263157, -76055.0)
(852, 591.5304691791534, -1011816.2105263157, -76055.0)
(853, 592.6715979576111, -1011816.2105263157, -76055.0)
(854, 593.8062517642975, -1011816.2105263157, -76055.0)
(855, 594.9518353939056, -1011816.2105263157, -76055.0)
(856, 596.063773393631, -1011816.2105263157, -76055.0)
(857, 597.1535093784332, -1011816.2105263157, -76055.0)
(858, 598.2737729549408, -1011816.2105263157, -76055.0)
(859, 599.3780183792114, -1011816.2105263157, -76055.0)
(860, 600.5250036716461, -1011816.2105263157, -76055.0)
(861, 601.6865789890289, -1011816.2105263157, -76055.0)
(862, 602.8613684177399, -1011816.2105263157, -76055.0)
(863, 604.0274395942688, -1011816.2105263157, -76055.0)
(864, 605.3160452842712, -1011816.2105263157, -76055.0)
(865, 606.472400188446, -1011816.2105263157, -76055.0)
(866, 607.650847196579, -1011816.2105263157, -76055.0)
(867, 608.844053030014, -910262.5, -76055.0)
(868, 609.9900300502777, -910262.5, -76055.0)
(869, 611.099399805069, -910262.5, -76055.0)
(870, 612.2235884666443, -910262.5, -76055.0)
(871, 613.3573203086853, -910262.5, -76055.0)
(872, 614.4874641895294, -910262.5, -76055.0)
(873, 615.6148467063904, -910262.5, -76055.0)
(874, 616.7410380840302, -910262.5, -76055.0)
(875, 617.8741455078125, -910262.5, -76055.0)
(876, 619.0190477371216, -910262.5, -76055.0)
(877, 620.1587166786194, -910262.5, -76055.0)
(878, 621.3322563171387, -910262.5, -76055.0)
(879, 622.518444776535, -910262.5, -76055.0)
(880, 623.7134068012238, -910262.5, -76055.0)
(881, 624.911248922348, -910262.5, -76055.0)
(882, 626.1024708747864, -910262.5, -76055.0)
(883, 627.3487324714661, -910262.5, -76055.0)
(884, 628.5563039779663, -910262.5, -76055.0)
(885, 629.7606549263, -910262.5, -76055.0)
(886, 630.9130926132202, -910262.5, -76055.0)
(887, 632.0342674255371, -910262.5, -76055.0)
(888, 633.2157824039459, -910262.5, -76055.0)
(889, 634.3957147598267, -910262.5, -76055.0)
(890, 635.6010239124298, -910262.5, -76055.0)
(891, 636.80708360672, -910262.5, -76055.0)
(892, 638.0022583007812, -910262.5, -76055.0)
(893, 639.1756401062012, -910262.5, -76055.0)
(894, 640.3478364944458, -910262.5, -76055.0)
(895, 641.5273625850677, -910262.5, -76055.0)
(896, 642.6940534114838, -910262.5, -76055.0)
(897, 643.8234913349152, -910262.5, -76055.0)
(898, 645.0015263557434, -910262.5, -76055.0)
(899, 646.2581074237823, -910262.5, -76055.0)
(900, 647.4369568824768, -910262.5, -76055.0)
(901, 648.6518106460571, -910262.5, -76055.0)
(902, 649.8416693210602, -910262.5, -76055.0)
(903, 651.030267238617, -910262.5, -76055.0)
(904, 652.2423956394196, -910262.5, -76055.0)
(905, 653.5047574043274, -910262.5, -76055.0)
(906, 654.6679503917694, -910262.5, -76055.0)
(907, 655.8519833087921, -910262.5, -76055.0)
(908, 657.118515253067, -910262.5, -76055.0)
(909, 658.3437495231628, -910262.5, -76055.0)
(910, 659.4613728523254, -910262.5, -76055.0)
(911, 660.6784045696259, -910262.5, -76055.0)
(912, 661.9008464813232, -910262.5, -76055.0)
(913, 663.1523442268372, -910262.5, -76055.0)
(914, 664.3984005451202, -910262.5, -76055.0)
(915, 665.8222267627716, -910262.5, -76055.0)
(916, 667.0902857780457, -910262.5, -76055.0)
(917, 668.3599388599396, -910262.5, -76055.0)
(918, 669.6139771938324, -815331.0, -76055.0)
(919, 670.8240082263947, -815331.0, -76055.0)
(920, 672.0276885032654, -815331.0, -76055.0)
(921, 673.1967713832855, -815331.0, -76055.0)
(922, 674.3506093025208, -815331.0, -76055.0)
(923, 675.5098938941956, -815331.0, -76055.0)
(924, 676.6690747737885, -815331.0, -76055.0)
(925, 677.8348109722137, -815331.0, -76055.0)
(926, 679.0240170955658, -815331.0, -76055.0)
(927, 680.2259604930878, -815331.0, -76055.0)
(928, 681.5022361278534, -815331.0, -76055.0)
(929, 682.7325258255005, -815331.0, -76055.0)
(930, 683.9556751251221, -815331.0, -76055.0)
(931, 685.2175414562225, -815331.0, -76055.0)
(932, 686.5496876239777, -815331.0, -76055.0)
(933, 687.7722907066345, -815331.0, -76055.0)
(934, 688.9929597377777, -815331.0, -76055.0)
(935, 690.2323458194733, -815331.0, -76055.0)
(936, 691.5220582485199, -815331.0, -76055.0)
(937, 692.7622909545898, -815331.0, -76055.0)
(938, 693.988085269928, -815331.0, -76055.0)
(939, 695.3235318660736, -815331.0, -76055.0)
(940, 696.6459357738495, -815331.0, -76055.0)
(941, 697.8804633617401, -815331.0, -76055.0)
(942, 699.1234755516052, -815331.0, -76055.0)
(943, 700.4057965278625, -815331.0, -76055.0)
(944, 701.6545946598053, -815331.0, -76055.0)
(945, 702.9032912254333, -815331.0, -76055.0)
(946, 704.195392370224, -815331.0, -76055.0)
(947, 705.476113319397, -815331.0, -76055.0)
(948, 706.7756552696228, -815331.0, -76055.0)
(949, 708.041424036026, -815331.0, -76055.0)
(950, 709.282163143158, -815331.0, -76055.0)
(951, 710.56689620018, -815331.0, -76055.0)
(952, 711.7767386436462, -815331.0, -76055.0)
(953, 712.978631734848, -815331.0, -76055.0)
(954, 714.2302422523499, -815331.0, -76055.0)
(955, 715.5810947418213, -751305.1842105263, -76055.0)
(956, 717.1613924503326, -751305.1842105263, -76055.0)
(957, 718.6483736038208, -751305.1842105263, -76055.0)
(958, 720.0312869548798, -751305.1842105263, -76055.0)
(959, 721.4967184066772, -751305.1842105263, -76055.0)
(960, 722.9310302734375, -751305.1842105263, -76055.0)
(961, 724.2933268547058, -751305.1842105263, -76055.0)
(962, 725.5600197315216, -751305.1842105263, -76055.0)
(963, 726.830126285553, -751305.1842105263, -76055.0)
(964, 728.145548582077, -751305.1842105263, -76055.0)
(965, 729.3941597938538, -751305.1842105263, -76055.0)
(966, 730.6191391944885, -751305.1842105263, -76055.0)
(967, 731.8613805770874, -751305.1842105263, -76055.0)
(968, 733.1331360340118, -751305.1842105263, -76055.0)
(969, 734.3674006462097, -751305.1842105263, -76055.0)
(970, 735.5746493339539, -751305.1842105263, -76055.0)
(971, 736.7691209316254, -751305.1842105263, -76055.0)
(972, 738.0384118556976, -751305.1842105263, -76055.0)
(973, 739.3153805732727, -751305.1842105263, -76055.0)
(974, 740.6810131072998, -751305.1842105263, -76055.0)
(975, 742.084424495697, -751305.1842105263, -76055.0)
(976, 743.4210741519928, -751305.1842105263, -76055.0)
(977, 744.6294212341309, -751305.1842105263, -76055.0)
(978, 745.9212837219238, -751305.1842105263, -76055.0)
(979, 747.2197244167328, -751305.1842105263, -76055.0)
(980, 748.4571208953857, -751305.1842105263, -76055.0)
(981, 749.7409300804138, -751305.1842105263, -76055.0)
(982, 750.9787747859955, -751305.1842105263, -76055.0)
(983, 752.2544250488281, -751305.1842105263, -76055.0)
(984, 753.5463523864746, -751305.1842105263, -76055.0)
(985, 754.8513267040253, -751305.1842105263, -76055.0)
(986, 756.2181813716888, -751305.1842105263, -76055.0)
(987, 757.5977694988251, -751305.1842105263, -76055.0)
(988, 759.210412979126, -731719.1000000001, -76055.0)
(989, 760.5788309574127, -625337.9189189189, -76055.0)
(990, 761.8563275337219, -625337.9189189189, -76055.0)
(991, 763.1193120479584, -625337.9189189189, -76055.0)
(992, 764.3501195907593, -625337.9189189189, -76055.0)
(993, 765.5977289676666, -625337.9189189189, -76055.0)
(994, 766.8538813591003, -625337.9189189189, -76055.0)
(995, 768.1113333702087, -625337.9189189189, -76055.0)
(996, 769.4030482769012, -625337.9189189189, -76055.0)
(997, 770.6843502521515, -625337.9189189189, -76055.0)
(998, 772.0116145610809, -625337.9189189189, -76055.0)
(999, 773.3075993061066, -625337.9189189189, -76055.0)
(1000, 774.6617166996002, -566703.53125, -76055.0)
