(1, 0.01758718490600586, -126906.0, -9863.0)
(2, 0.03329944610595703, -126906.0, -9863.0)
(3, 0.04915785789489746, -126906.0, -9863.0)
(4, 0.06482362747192383, -126906.0, -9863.0)
(5, 0.08042097091674805, -126906.0, -9863.0)
(6, 0.09586191177368164, -126906.0, -9863.0)
(7, 0.11146950721740723, -126906.0, -9863.0)
(8, 0.12671351432800293, -126906.0, -9863.0)
(9, 0.14184212684631348, -126906.0, -9863.0)
(10, 0.15697169303894043, -126906.0, -9863.0)
(11, 0.17234206199645996, -126906.0, -9863.0)
(12, 0.18738436698913574, -126906.0, -9863.0)
(13, 0.20253801345825195, -126906.0, -9863.0)
(14, 0.21773982048034668, -126906.0, -9863.0)
(15, 0.23285889625549316, -126906.0, -9863.0)
(16, 0.24791288375854492, -98052.66666666667, -9863.0)
(17, 0.263469934463501, -82267.22222222222, -9863.0)
(18, 0.2792694568634033, -69608.88888888889, -9863.0)
(19, 0.29543352127075195, -61339.77777777778, -9863.0)
(20, 0.31172752380371094, -51508.0, -9863.0)
(21, 0.32898998260498047, -41853.33333333333, -9863.0)
(22, 0.3466315269470215, -32633.777777777777, -9863.0)
(23, 0.3645789623260498, -23251.88888888889, -9863.0)
(24, 0.3833348751068115, -16294.222222222223, -9863.0)
(25, 0.40338802337646484, -14876.0, -14242.0)
(26, 0.4219834804534912, -14298.25, -14298.25)
(27, 0.4404177665710449, -14298.25, -14298.25)
