(1, 0.06455516815185547, -364326.0, -51608.0)
(2, 0.11019682884216309, -302329.4103179988, -51608.0)
(3, 0.1567223072052002, -284266.85969874857, -51608.0)
(4, 0.20316100120544434, -211487.7264034402, -51608.0)
(5, 0.25078320503234863, -157327.53321472372, -51608.0)
(6, 0.3006911277770996, -137785.61323003034, -51608.0)
(7, 0.37155771255493164, -137785.61323003034, -51608.0)
(8, 0.4937920570373535, -122402.45776721899, -66549.14285714284)
(9, 0.6097536087036133, -98889.92090789364, -66549.14285714287)
(10, 0.7153913974761963, -90737.77611609951, -66549.14285714284)
(11, 0.8319048881530762, -82579.4639189254, -66549.14285714287)
(12, 0.9892308712005615, -75551.12264502331, -66549.14285714288)
(13, 1.113257884979248, -72665.9980484731, -66549.1428571429)
(14, 1.277925968170166, -71823.0297098876, -66549.1428571429)
(15, 1.4728450775146484, -71255.86016413718, -66551.36548223355)
(16, 1.6447970867156982, -70443.0080010818, -66566.48148148147)
(17, 1.8368768692016602, -70233.14085705658, -66570.92952275249)
(18, 2.025019884109497, -69200.20284600729, -66591.42276416994)
(19, 2.245272159576416, -69200.20284600729, -66605.74522334452)
(20, 2.469512701034546, -68371.77662039727, -66624.07697976682)
(21, 2.6577632427215576, -68371.77662039727, -66653.58712477455)
(22, 2.878459930419922, -67974.68112875333, -66684.35858559137)
(23, 3.0919718742370605, -67974.68112875333, -66716.78839561372)
(24, 3.325330972671509, -67688.90569944645, -66767.88593188804)
(25, 3.581414222717285, -67688.90569944645, -66799.03218476848)
(26, 3.8665497303009033, -67409.09755210098, -66835.41674290481)
(27, 4.154449701309204, -67409.09755210098, -66861.69818997511)
(28, 4.4503419399261475, -67228.45285303597, -66881.00268122164)
(29, 4.773374080657959, -67228.45285303597, -66900.09876587422)
(30, 5.130139350891113, -67126.70433543525, -66921.52487576373)
(31, 5.514055252075195, -67126.70433543525, -66925.71719866981)
(32, 5.905728816986084, -67044.82215783847, -66936.88726518281)
(33, 6.317917585372925, -67044.82215783847, -66937.66097539994)
(34, 6.72885799407959, -67044.82215783847, -66951.29780565201)
(35, 7.157089471817017, -66998.16912323343, -66954.13382185229)
(36, 7.59915828704834, -66998.16912323343, -66956.04052686381)
(37, 8.079548120498657, -66998.16912323343, -66971.2254666886)
(38, 8.567297220230103, -66996.65399120099, -66972.22290703646)
(39, 9.072759628295898, -66984.97285293862, -66972.25423728813)
(40, 9.618303775787354, -66984.5112071977, -66972.25423728813)
(41, 10.185704231262207, -66978.91014135687, -66972.25423728814)
(42, 10.751393795013428, -66976.42597681007, -66972.2542372882)
(43, 11.3704195022583, -66975.20341874313, -66972.25423728814)
(44, 11.93613338470459, -66973.87717324425, -66972.25423728807)
(45, 12.457535743713379, -66973.87717324425, -66972.25423728809)
(46, 13.107762813568115, -66972.89981380051, -66972.25423728813)
(47, 13.784162759780884, -66972.787179269, -66972.2542372881)
(48, 14.411514282226562, -66972.5382867216, -66972.25423728814)
(49, 15.128975868225098, -66972.44101502348, -66972.25423728817)
(50, 15.862698793411255, -66972.34761369813, -66972.2542372881)
(51, 16.552534580230713, -66972.29356293127, -66972.25423728816)
(52, 17.21586847305298, -66972.26603498722, -66972.2542372881)
