(1, 0.1725478172302246, -580188.0, -78388.0)
(2, 0.3457632064819336, -438728.6311081666, -78388.0)
(3, 0.5136122703552246, -426272.8148404898, -78388.0)
(4, 0.6911377906799316, -407445.1108703554, -78388.0)
(5, 0.820556640625, -384591.5829244823, -78388.0)
(6, 0.9524626731872559, -322596.221792503, -78388.0)
(7, 1.0873312950134277, -260860.48816116393, -78388.0)
(8, 1.2252967357635498, -213789.22076710488, -78388.0)
(9, 1.3760874271392822, -186634.4982819359, -78388.0)
(10, 1.5549607276916504, -186634.4982819359, -78388.0)
(11, 1.7765858173370361, -186634.4982819359, -92461.80602409641)
(12, 2.051948308944702, -149757.36592711214, -92468.43043478258)
(13, 2.367703914642334, -121655.75171395809, -92468.4304347826)
(14, 2.7383532524108887, -107150.46881326259, -92475.68559956882)
(15, 3.117166757583618, -104055.17449190066, -92475.68559956875)
(16, 3.5250091552734375, -100212.17029333494, -92476.64618244505)
(17, 3.9917681217193604, -100212.17029333494, -92477.34435007695)
(18, 4.522272825241089, -98063.76843331939, -92505.45139848004)
(19, 5.020853757858276, -98063.76843331939, -92534.32018745774)
(20, 5.61287784576416, -96367.29713934331, -92586.2014640504)
(21, 6.282285690307617, -96367.29713934331, -92605.21670508444)
(22, 7.008925676345825, -95025.50707380587, -92634.25655420325)
(23, 7.82658839225769, -95025.50707380587, -92654.59012564308)
(24, 8.730358362197876, -94676.60368622505, -92683.4395418457)
(25, 9.81723165512085, -94054.85375097737, -92755.52850776618)
(26, 10.964776277542114, -94054.85375097737, -92769.72129672336)
(27, 12.29091477394104, -93626.91747824656, -92806.68156462348)
(28, 13.855789422988892, -93626.91747824656, -92825.56378976208)
(29, 15.413623809814453, -93375.33032083206, -92832.97095450215)
(30, 17.094775915145874, -93375.33032083206, -92856.20368485)
(31, 19.08991551399231, -93190.2630613965, -92865.062050972)
(32, 21.041156768798828, -93190.2630613965, -92872.19930294395)
(33, 23.250107288360596, -93063.50381889897, -92885.06440914673)
(34, 25.658451795578003, -93063.50381889897, -92888.91550143751)
(35, 27.820820331573486, -93003.8770201069, -92904.2643331801)
(36, 30.25639510154724, -93003.8770201069, -92908.69419262279)
(37, 33.27703356742859, -92960.20423013154, -92912.67723398881)
(38, 35.562743186950684, -92927.57435299674, -92913.59011992264)
(39, 38.43487286567688, -92927.57435299674, -92914.07901721065)
(40, 41.295905351638794, -92918.41692392906, -92914.10615155379)
(41, 44.1665096282959, -92915.40018035288, -92914.10729023385)
(42, 46.941184282302856, -92914.49515727824, -92914.10729023383)
(43, 50.01896095275879, -92914.22365034626, -92914.10729023341)
(44, 53.2639262676239, -92914.14219826667, -92914.10729023388)
(45, 56.492024421691895, -92914.11776264345, -92914.10729023383)
