(1, 0.03550887107849121, -137738.0, -11730.0)
(2, 0.07624578475952148, -82710.01101523123, -11730.0)
(3, 0.11091017723083496, -45873.84366218385, -11730.0)
(4, 0.14703607559204102, -28361.182525237353, -11730.0)
(5, 0.19152188301086426, -21460.052237657237, -11730.0)
(6, 0.24698758125305176, -17523.779201958296, -11730.0)
(7, 0.3049745559692383, -16180.400295976482, -15534.25)
(8, 0.36767125129699707, -15735.007588792882, -15544.125)
(9, 0.431549072265625, -15601.389776637332, -15544.125)
(10, 0.4909982681274414, -15561.30443299036, -15544.125)
(11, 0.5551090240478516, -15549.278829897035, -15544.125)
(12, 0.621845006942749, -15545.671148969122, -15544.125)
(13, 0.6908884048461914, -15544.588844690881, -15544.125)
(14, 0.759737491607666, -15544.264153401735, -15544.125)
(15, 0.829470157623291, -15544.166746019358, -15544.125)
(16, 0.9002819061279297, -15544.137523805914, -15544.125)
(17, 0.9709348678588867, -15544.128757141745, -15544.125)
