(1, 0.03491616249084473, -204823.0, -27051.0)
(2, 0.06818890571594238, -204823.0, -27051.0)
(3, 0.10171389579772949, -204823.0, -27051.0)
(4, 0.13541626930236816, -204823.0, -27051.0)
(5, 0.1690840721130371, -204823.0, -27051.0)
(6, 0.20264005661010742, -204823.0, -27051.0)
(7, 0.23592805862426758, -204823.0, -27051.0)
(8, 0.26903772354125977, -204823.0, -27051.0)
(9, 0.30226874351501465, -204823.0, -27051.0)
(10, 0.33562397956848145, -204823.0, -27051.0)
(11, 0.36903882026672363, -204823.0, -27051.0)
(12, 0.4032011032104492, -204823.0, -27051.0)
(13, 0.4369840621948242, -204823.0, -27051.0)
(14, 0.47042059898376465, -204823.0, -27051.0)
(15, 0.5039141178131104, -204823.0, -27051.0)
(16, 0.5374915599822998, -204823.0, -27051.0)
(17, 0.571497917175293, -204823.0, -27051.0)
(18, 0.6050958633422852, -204823.0, -27051.0)
(19, 0.6392529010772705, -204823.0, -27051.0)
(20, 0.6736500263214111, -204823.0, -27051.0)
(21, 0.706749677658081, -204823.0, -27051.0)
(22, 0.7411959171295166, -204823.0, -27051.0)
(23, 0.775486946105957, -204823.0, -27051.0)
(24, 0.8089191913604736, -204823.0, -27051.0)
(25, 0.8412051200866699, -204823.0, -27051.0)
(26, 0.8755824565887451, -204823.0, -27051.0)
(27, 0.9097990989685059, -204823.0, -27051.0)
(28, 0.9439337253570557, -204823.0, -27051.0)
(29, 0.9779326915740967, -204823.0, -27051.0)
(30, 1.0123484134674072, -204823.0, -27051.0)
(31, 1.0463690757751465, -204823.0, -27051.0)
(32, 1.0814037322998047, -204823.0, -27051.0)
(33, 1.1153910160064697, -204823.0, -27051.0)
(34, 1.150343418121338, -204823.0, -27051.0)
(35, 1.1842453479766846, -204823.0, -27051.0)
(36, 1.2185413837432861, -204823.0, -27051.0)
(37, 1.2518186569213867, -204823.0, -27051.0)
(38, 1.2848405838012695, -204823.0, -27051.0)
(39, 1.3178300857543945, -204823.0, -27051.0)
(40, 1.3511848449707031, -204823.0, -27051.0)
(41, 1.3843352794647217, -204823.0, -27051.0)
(42, 1.4191036224365234, -204823.0, -27051.0)
(43, 1.4520978927612305, -204823.0, -27051.0)
(44, 1.4857335090637207, -204823.0, -27051.0)
(45, 1.5193231105804443, -204823.0, -27051.0)
(46, 1.5526177883148193, -204823.0, -27051.0)
(47, 1.5862147808074951, -204823.0, -27051.0)
(48, 1.6213655471801758, -204823.0, -27051.0)
(49, 1.6594443321228027, -204823.0, -27051.0)
(50, 1.6953811645507812, -204823.0, -27051.0)
(51, 1.7309532165527344, -204823.0, -27051.0)
(52, 1.7661919593811035, -204823.0, -27051.0)
(53, 1.801309585571289, -204823.0, -27051.0)
(54, 1.8370957374572754, -204823.0, -27051.0)
(55, 1.8724396228790283, -204823.0, -27051.0)
(56, 1.9084806442260742, -204823.0, -27051.0)
(57, 1.9435853958129883, -204823.0, -27051.0)
(58, 1.9788188934326172, -204823.0, -27051.0)
(59, 2.01418399810791, -204823.0, -27051.0)
(60, 2.0493085384368896, -204823.0, -27051.0)
(61, 2.0848841667175293, -204823.0, -27051.0)
(62, 2.1196203231811523, -204823.0, -27051.0)
(63, 2.1548984050750732, -204823.0, -27051.0)
(64, 2.189821243286133, -204823.0, -27051.0)
(65, 2.224294424057007, -204823.0, -27051.0)
(66, 2.2605395317077637, -204823.0, -27051.0)
(67, 2.295416831970215, -204823.0, -27051.0)
(68, 2.330982208251953, -204823.0, -27051.0)
(69, 2.3678810596466064, -204823.0, -27051.0)
(70, 2.404061794281006, -204823.0, -27051.0)
(71, 2.439488172531128, -204823.0, -27051.0)
(72, 2.475605010986328, -204823.0, -27051.0)
(73, 2.5116515159606934, -204823.0, -27051.0)
(74, 2.5475573539733887, -204823.0, -27051.0)
(75, 2.5835235118865967, -204823.0, -27051.0)
(76, 2.6194710731506348, -204823.0, -27051.0)
(77, 2.6550846099853516, -204823.0, -27051.0)
(78, 2.6905508041381836, -204823.0, -27051.0)
(79, 2.7261080741882324, -204823.0, -27051.0)
(80, 2.761213779449463, -204823.0, -27051.0)
(81, 2.7963037490844727, -204823.0, -27051.0)
(82, 2.836721658706665, -204823.0, -27051.0)
(83, 2.8728060722351074, -204823.0, -27051.0)
(84, 2.9086546897888184, -204823.0, -27051.0)
(85, 2.945903778076172, -204823.0, -27051.0)
(86, 2.9832351207733154, -204823.0, -27051.0)
(87, 3.019717216491699, -204823.0, -27051.0)
(88, 3.056411027908325, -204823.0, -27051.0)
(89, 3.0940449237823486, -204823.0, -27051.0)
(90, 3.132345676422119, -204823.0, -27051.0)
(91, 3.168628215789795, -204823.0, -27051.0)
(92, 3.2051234245300293, -204823.0, -27051.0)
(93, 3.2424395084381104, -204823.0, -27051.0)
(94, 3.2795534133911133, -204823.0, -27051.0)
(95, 3.3161990642547607, -204823.0, -27051.0)
(96, 3.353179931640625, -204823.0, -27051.0)
(97, 3.3907763957977295, -204823.0, -27051.0)
(98, 3.4270923137664795, -204823.0, -27051.0)
(99, 3.4636595249176025, -204823.0, -27051.0)
(100, 3.502171039581299, -204823.0, -27051.0)
(101, 3.540966272354126, -204823.0, -27051.0)
(102, 3.578469753265381, -204823.0, -27051.0)
(103, 3.6155083179473877, -204823.0, -27051.0)
(104, 3.6542680263519287, -204823.0, -27051.0)
(105, 3.69150710105896, -204823.0, -27051.0)
(106, 3.730844259262085, -204823.0, -27051.0)
(107, 3.769925355911255, -204823.0, -27051.0)
(108, 3.808025598526001, -204823.0, -27051.0)
(109, 3.8464527130126953, -204823.0, -27051.0)
(110, 3.884593963623047, -204823.0, -27051.0)
(111, 3.922333002090454, -204823.0, -27051.0)
(112, 3.9605038166046143, -204823.0, -27051.0)
(113, 3.998375654220581, -204823.0, -27051.0)
(114, 4.035407304763794, -204823.0, -27051.0)
(115, 4.073115110397339, -204823.0, -27051.0)
(116, 4.111119985580444, -204823.0, -27051.0)
(117, 4.148413419723511, -204823.0, -27051.0)
(118, 4.188268423080444, -204823.0, -27051.0)
(119, 4.225484848022461, -204823.0, -27051.0)
(120, 4.264533042907715, -204823.0, -27051.0)
(121, 4.30485725402832, -204823.0, -27051.0)
(122, 4.344727039337158, -204823.0, -27051.0)
(123, 4.383365869522095, -204823.0, -27051.0)
(124, 4.422651529312134, -204823.0, -27051.0)
(125, 4.460753679275513, -204823.0, -27051.0)
(126, 4.500685214996338, -204823.0, -27051.0)
(127, 4.539592266082764, -204823.0, -27051.0)
(128, 4.57889986038208, -204823.0, -27051.0)
(129, 4.619102239608765, -204823.0, -27051.0)
(130, 4.6604790687561035, -204823.0, -27051.0)
(131, 4.700077772140503, -204823.0, -27051.0)
(132, 4.740660667419434, -204823.0, -27051.0)
(133, 4.780155181884766, -204823.0, -27051.0)
(134, 4.818777799606323, -204823.0, -27051.0)
(135, 4.858231544494629, -204823.0, -27051.0)
(136, 4.8990318775177, -204823.0, -27051.0)
(137, 4.939215898513794, -204823.0, -27051.0)
(138, 4.979689121246338, -204823.0, -27051.0)
(139, 5.019956827163696, -204823.0, -27051.0)
(140, 5.060245990753174, -204823.0, -27051.0)
(141, 5.0998475551605225, -204823.0, -27051.0)
(142, 5.140421628952026, -204823.0, -27051.0)
(143, 5.1802380084991455, -204823.0, -27051.0)
(144, 5.22011923789978, -204823.0, -27051.0)
(145, 5.26246452331543, -204823.0, -27051.0)
(146, 5.301666498184204, -204823.0, -27051.0)
(147, 5.342014312744141, -204823.0, -27051.0)
(148, 5.380846738815308, -204823.0, -27051.0)
(149, 5.42128586769104, -204823.0, -27051.0)
(150, 5.462740898132324, -204823.0, -27051.0)
(151, 5.502448558807373, -204823.0, -27051.0)
(152, 5.544111728668213, -204823.0, -27051.0)
(153, 5.5852766036987305, -204823.0, -27051.0)
(154, 5.626963138580322, -204823.0, -27051.0)
(155, 5.669420480728149, -204823.0, -27051.0)
(156, 5.711352825164795, -204823.0, -27051.0)
(157, 5.751192808151245, -204823.0, -27051.0)
(158, 5.791902780532837, -204823.0, -27051.0)
(159, 5.832128286361694, -204823.0, -27051.0)
(160, 5.871905088424683, -204823.0, -27051.0)
(161, 5.910896062850952, -204823.0, -27051.0)
(162, 5.9506165981292725, -204823.0, -27051.0)
(163, 5.992006301879883, -204823.0, -27051.0)
(164, 6.03406548500061, -204823.0, -27051.0)
(165, 6.075700998306274, -204823.0, -27051.0)
(166, 6.115942001342773, -204823.0, -27051.0)
(167, 6.156931400299072, -204823.0, -27051.0)
(168, 6.199837684631348, -204823.0, -27051.0)
(169, 6.242042303085327, -204823.0, -27051.0)
(170, 6.2828688621521, -204823.0, -27051.0)
(171, 6.326004981994629, -204823.0, -27051.0)
(172, 6.364271640777588, -174609.44444444444, -27051.0)
(173, 6.402350425720215, -174609.44444444444, -27051.0)
(174, 6.439970970153809, -174609.44444444444, -27051.0)
(175, 6.477797508239746, -174609.44444444444, -27051.0)
(176, 6.515782833099365, -174609.44444444444, -27051.0)
(177, 6.553560972213745, -174609.44444444444, -27051.0)
(178, 6.5905914306640625, -174609.44444444444, -27051.0)
(179, 6.628088712692261, -174609.44444444444, -27051.0)
(180, 6.666816711425781, -174609.44444444444, -27051.0)
(181, 6.704707860946655, -174609.44444444444, -27051.0)
(182, 6.741972208023071, -174609.44444444444, -27051.0)
(183, 6.777724742889404, -174609.44444444444, -27051.0)
(184, 6.819034099578857, -174609.44444444444, -27051.0)
(185, 6.857297897338867, -174609.44444444444, -27051.0)
(186, 6.89497709274292, -174609.44444444444, -27051.0)
(187, 6.932877063751221, -174609.44444444444, -27051.0)
(188, 6.970209360122681, -174609.44444444444, -27051.0)
(189, 7.0085289478302, -174609.44444444444, -27051.0)
(190, 7.04866361618042, -174609.44444444444, -27051.0)
(191, 7.087289571762085, -174609.44444444444, -27051.0)
(192, 7.125551223754883, -174609.44444444444, -27051.0)
(193, 7.163262128829956, -174609.44444444444, -27051.0)
(194, 7.202894687652588, -174609.44444444444, -27051.0)
(195, 7.242023944854736, -174609.44444444444, -27051.0)
(196, 7.282087802886963, -174609.44444444444, -27051.0)
(197, 7.320067405700684, -174609.44444444444, -27051.0)
(198, 7.358661890029907, -174609.44444444444, -27051.0)
(199, 7.396981954574585, -174609.44444444444, -27051.0)
(200, 7.4362428188323975, -174609.44444444444, -27051.0)
(201, 7.473388195037842, -174609.44444444444, -27051.0)
(202, 7.512160062789917, -174609.44444444444, -27051.0)
(203, 7.549199819564819, -174609.44444444444, -27051.0)
(204, 7.591298580169678, -174609.44444444444, -27051.0)
(205, 7.631951093673706, -174609.44444444444, -27051.0)
(206, 7.672880172729492, -174609.44444444444, -27051.0)
(207, 7.7121665477752686, -174609.44444444444, -27051.0)
(208, 7.751055955886841, -174609.44444444444, -27051.0)
(209, 7.7887043952941895, -174609.44444444444, -27051.0)
(210, 7.827517032623291, -174609.44444444444, -27051.0)
(211, 7.865764379501343, -174609.44444444444, -27051.0)
(212, 7.904557704925537, -174609.44444444444, -27051.0)
(213, 7.942838191986084, -174609.44444444444, -27051.0)
(214, 7.981533765792847, -174609.44444444444, -27051.0)
(215, 8.019259691238403, -174609.44444444444, -27051.0)
(216, 8.057581901550293, -174609.44444444444, -27051.0)
(217, 8.100476026535034, -174609.44444444444, -27051.0)
(218, 8.14154601097107, -174609.44444444444, -27051.0)
(219, 8.181354999542236, -174609.44444444444, -27051.0)
(220, 8.221033573150635, -174609.44444444444, -27051.0)
(221, 8.259995222091675, -174609.44444444444, -27051.0)
(222, 8.298137903213501, -174609.44444444444, -27051.0)
(223, 8.341336965560913, -174609.44444444444, -27051.0)
(224, 8.383718729019165, -174609.44444444444, -27051.0)
(225, 8.426231384277344, -174609.44444444444, -27051.0)
(226, 8.468686580657959, -174609.44444444444, -27051.0)
(227, 8.509403944015503, -174609.44444444444, -27051.0)
(228, 8.552939414978027, -174609.44444444444, -27051.0)
(229, 8.59481143951416, -174609.44444444444, -27051.0)
(230, 8.636012077331543, -174609.44444444444, -27051.0)
(231, 8.679063081741333, -174609.44444444444, -27051.0)
(232, 8.71921706199646, -174609.44444444444, -27051.0)
(233, 8.759799480438232, -174609.44444444444, -27051.0)
(234, 8.80198335647583, -174609.44444444444, -27051.0)
(235, 8.843178987503052, -174609.44444444444, -27051.0)
(236, 8.887845039367676, -174609.44444444444, -27051.0)
(237, 8.930536031723022, -174609.44444444444, -27051.0)
(238, 8.975040674209595, -174609.44444444444, -27051.0)
(239, 9.017586469650269, -174609.44444444444, -27051.0)
(240, 9.060048580169678, -174609.44444444444, -27051.0)
(241, 9.101294994354248, -174609.44444444444, -27051.0)
(242, 9.14463472366333, -174609.44444444444, -27051.0)
(243, 9.186714887619019, -174609.44444444444, -27051.0)
(244, 9.228940963745117, -174609.44444444444, -27051.0)
(245, 9.271573066711426, -174609.44444444444, -27051.0)
(246, 9.315500020980835, -174609.44444444444, -27051.0)
(247, 9.357210159301758, -174609.44444444444, -27051.0)
(248, 9.398207664489746, -174609.44444444444, -27051.0)
(249, 9.441735744476318, -174609.44444444444, -27051.0)
(250, 9.48259711265564, -174609.44444444444, -27051.0)
(251, 9.523824691772461, -174609.44444444444, -27051.0)
(252, 9.566215753555298, -174609.44444444444, -27051.0)
(253, 9.607439517974854, -174609.44444444444, -27051.0)
(254, 9.647887706756592, -174609.44444444444, -27051.0)
(255, 9.691051959991455, -174609.44444444444, -27051.0)
(256, 9.73457670211792, -174609.44444444444, -27051.0)
(257, 9.779275178909302, -174609.44444444444, -27051.0)
(258, 9.82260274887085, -174609.44444444444, -27051.0)
(259, 9.864235162734985, -174609.44444444444, -27051.0)
(260, 9.907963037490845, -174609.44444444444, -27051.0)
(261, 9.95245885848999, -174609.44444444444, -27051.0)
(262, 9.99374794960022, -174609.44444444444, -27051.0)
(263, 10.034923791885376, -174609.44444444444, -27051.0)
(264, 10.08013367652893, -156731.35477582848, -27051.0)
(265, 10.132215738296509, -156731.35477582848, -27051.0)
(266, 10.177136659622192, -156731.35477582848, -27051.0)
(267, 10.228439331054688, -156731.35477582848, -27051.0)
(268, 10.273379564285278, -156731.35477582848, -27051.0)
(269, 10.31412672996521, -156731.35477582848, -27051.0)
(270, 10.363190650939941, -156731.35477582848, -27051.0)
(271, 10.4084312915802, -156731.35477582848, -27051.0)
(272, 10.453463315963745, -156731.35477582848, -27051.0)
(273, 10.514251470565796, -156731.35477582848, -27051.0)
(274, 10.561177492141724, -156731.35477582848, -27051.0)
(275, 10.6061692237854, -156731.35477582848, -27051.0)
(276, 10.651329278945923, -156731.35477582848, -27051.0)
(277, 10.693435668945312, -156731.35477582848, -27051.0)
(278, 10.736436367034912, -156731.35477582848, -27051.0)
(279, 10.774670362472534, -156731.35477582848, -27051.0)
(280, 10.818262100219727, -156731.35477582848, -27051.0)
(281, 10.866100311279297, -156731.35477582848, -27051.0)
(282, 10.90490174293518, -156731.35477582848, -27051.0)
(283, 10.955171346664429, -156731.35477582848, -27051.0)
(284, 10.999134302139282, -156731.35477582848, -27051.0)
(285, 11.038620948791504, -156731.35477582848, -27051.0)
(286, 11.07886791229248, -156731.35477582848, -27051.0)
(287, 11.1178297996521, -156731.35477582848, -27051.0)
(288, 11.158367395401001, -156731.35477582848, -27051.0)
(289, 11.197806596755981, -156731.35477582848, -27051.0)
(290, 11.236125707626343, -156731.35477582848, -27051.0)
(291, 11.279495239257812, -156731.35477582848, -27051.0)
(292, 11.321155309677124, -156731.35477582848, -27051.0)
(293, 11.362449645996094, -156731.35477582848, -27051.0)
(294, 11.401365041732788, -156731.35477582848, -27051.0)
(295, 11.444532871246338, -156731.35477582848, -27051.0)
(296, 11.490535974502563, -156731.35477582848, -27051.0)
(297, 11.533618450164795, -156731.35477582848, -27051.0)
(298, 11.57499623298645, -156731.35477582848, -27051.0)
(299, 11.617532968521118, -156731.35477582848, -27051.0)
(300, 11.658408641815186, -156731.35477582848, -27051.0)
(301, 11.703064680099487, -156731.35477582848, -27051.0)
(302, 11.744452238082886, -156731.35477582848, -27051.0)
(303, 11.782639741897583, -156731.35477582848, -27051.0)
(304, 11.823691368103027, -156731.35477582848, -27051.0)
(305, 11.862626791000366, -156731.35477582848, -27051.0)
(306, 11.929261207580566, -156731.35477582848, -27051.0)
(307, 11.98174238204956, -156731.35477582848, -27051.0)
(308, 12.048741102218628, -156731.35477582848, -27051.0)
(309, 12.113367080688477, -156731.35477582848, -27051.0)
(310, 12.180840730667114, -156731.35477582848, -27051.0)
(311, 12.233050107955933, -156731.35477582848, -27051.0)
(312, 12.282438278198242, -156731.35477582848, -27051.0)
(313, 12.334917068481445, -156731.35477582848, -27051.0)
(314, 12.38968539237976, -156731.35477582848, -27051.0)
(315, 12.441201210021973, -156731.35477582848, -27051.0)
(316, 12.488990545272827, -156731.35477582848, -27051.0)
(317, 12.533461570739746, -156731.35477582848, -27051.0)
(318, 12.582074880599976, -156731.35477582848, -27051.0)
(319, 12.627980470657349, -156731.35477582848, -27051.0)
(320, 12.673165559768677, -156731.35477582848, -27051.0)
(321, 12.715626001358032, -156731.35477582848, -27051.0)
(322, 12.758259296417236, -156731.35477582848, -27051.0)
(323, 12.805849313735962, -156731.35477582848, -27051.0)
(324, 12.852338552474976, -156731.35477582848, -27051.0)
(325, 12.894288539886475, -156731.35477582848, -27051.0)
(326, 12.937833070755005, -156731.35477582848, -27051.0)
(327, 12.98378038406372, -156731.35477582848, -27051.0)
(328, 13.029999256134033, -156731.35477582848, -27051.0)
(329, 13.074277639389038, -156731.35477582848, -27051.0)
(330, 13.116720199584961, -156731.35477582848, -27051.0)
(331, 13.164052724838257, -156731.35477582848, -27051.0)
(332, 13.213514566421509, -156731.35477582848, -27051.0)
(333, 13.259362697601318, -156731.35477582848, -27051.0)
(334, 13.307587385177612, -156731.35477582848, -27051.0)
(335, 13.352900505065918, -156731.35477582848, -27051.0)
(336, 13.404794692993164, -156731.35477582848, -27051.0)
(337, 13.45386004447937, -156731.35477582848, -27051.0)
(338, 13.502408504486084, -156731.35477582848, -27051.0)
(339, 13.550790548324585, -156731.35477582848, -27051.0)
(340, 13.596741914749146, -156731.35477582848, -27051.0)
(341, 13.643171072006226, -156731.35477582848, -27051.0)
(342, 13.691608428955078, -156731.35477582848, -27051.0)
(343, 13.737035036087036, -156731.35477582848, -27051.0)
(344, 13.783689975738525, -156731.35477582848, -27051.0)
(345, 13.831912755966187, -156731.35477582848, -27051.0)
(346, 13.877865314483643, -156731.35477582848, -27051.0)
(347, 13.925057888031006, -156731.35477582848, -27051.0)
(348, 13.969036102294922, -156731.35477582848, -27051.0)
(349, 14.021286487579346, -156731.35477582848, -27051.0)
(350, 14.069370031356812, -156731.35477582848, -27051.0)
(351, 14.112300634384155, -156731.35477582848, -27051.0)
(352, 14.155584573745728, -156731.35477582848, -27051.0)
(353, 14.20662260055542, -156731.35477582848, -27051.0)
(354, 14.252140283584595, -156731.35477582848, -27051.0)
(355, 14.300674438476562, -156731.35477582848, -27051.0)
(356, 14.350763320922852, -156731.35477582848, -27051.0)
(357, 14.39479684829712, -156731.35477582848, -27051.0)
(358, 14.445092916488647, -156731.35477582848, -27051.0)
(359, 14.49282455444336, -156731.35477582848, -27051.0)
(360, 14.537582635879517, -156731.35477582848, -27051.0)
(361, 14.587047815322876, -156731.35477582848, -27051.0)
(362, 14.640310049057007, -156731.35477582848, -27051.0)
(363, 14.691176891326904, -156731.35477582848, -27051.0)
(364, 14.733787059783936, -118295.58823529413, -27051.0)
(365, 14.779336214065552, -118295.58823529413, -27051.0)
(366, 14.839778900146484, -118295.58823529413, -27051.0)
(367, 14.88593602180481, -118295.58823529413, -27051.0)
(368, 14.929518461227417, -118295.58823529413, -27051.0)
(369, 14.972979068756104, -118295.58823529413, -27051.0)
(370, 15.016335248947144, -118295.58823529413, -27051.0)
(371, 15.058886289596558, -118295.58823529413, -27051.0)
(372, 15.101424932479858, -118295.58823529413, -27051.0)
(373, 15.14749550819397, -118295.58823529413, -27051.0)
(374, 15.192757844924927, -118295.58823529413, -27051.0)
(375, 15.243204593658447, -118295.58823529413, -27051.0)
(376, 15.288984060287476, -118295.58823529413, -27051.0)
(377, 15.33220648765564, -118295.58823529413, -27051.0)
(378, 15.376262664794922, -118295.58823529413, -27051.0)
(379, 15.422484159469604, -118295.58823529413, -27051.0)
(380, 15.468367099761963, -118295.58823529413, -27051.0)
(381, 15.513736724853516, -118295.58823529413, -27051.0)
(382, 15.557960271835327, -118295.58823529413, -27051.0)
(383, 15.60096025466919, -118295.58823529413, -27051.0)
(384, 15.648906230926514, -118295.58823529413, -27051.0)
(385, 15.693945169448853, -118295.58823529413, -27051.0)
(386, 15.738373041152954, -118295.58823529413, -27051.0)
(387, 15.787647247314453, -118295.58823529413, -27051.0)
(388, 15.83232855796814, -118295.58823529413, -27051.0)
(389, 15.879986047744751, -118295.58823529413, -27051.0)
(390, 15.947015762329102, -118295.58823529413, -27051.0)
(391, 16.013034343719482, -118295.58823529413, -27051.0)
(392, 16.071362495422363, -118295.58823529413, -27051.0)
(393, 16.13381266593933, -118295.58823529413, -27051.0)
(394, 16.19984745979309, -118295.58823529413, -27051.0)
(395, 16.2567241191864, -118295.58823529413, -27051.0)
(396, 16.307749271392822, -118295.58823529413, -27051.0)
(397, 16.35919499397278, -118295.58823529413, -27051.0)
(398, 16.411966800689697, -118295.58823529413, -27051.0)
(399, 16.463359355926514, -118295.58823529413, -27051.0)
(400, 16.519171953201294, -118295.58823529413, -27051.0)
(401, 16.576900243759155, -118295.58823529413, -27051.0)
(402, 16.627495527267456, -118295.58823529413, -27051.0)
(403, 16.676383018493652, -118295.58823529413, -27051.0)
(404, 16.725342273712158, -118295.58823529413, -27051.0)
(405, 16.77455496788025, -118295.58823529413, -27051.0)
(406, 16.82031512260437, -118295.58823529413, -27051.0)
(407, 16.871421098709106, -118295.58823529413, -27051.0)
(408, 16.922993659973145, -118295.58823529413, -27051.0)
(409, 16.969902992248535, -118295.58823529413, -27051.0)
(410, 17.01644229888916, -118295.58823529413, -27051.0)
(411, 17.06583333015442, -118295.58823529413, -27051.0)
(412, 17.113552808761597, -118295.58823529413, -27051.0)
(413, 17.162139892578125, -118295.58823529413, -27051.0)
(414, 17.213866233825684, -118295.58823529413, -27051.0)
(415, 17.268665313720703, -118295.58823529413, -27051.0)
(416, 17.32152795791626, -118295.58823529413, -27051.0)
(417, 17.37286686897278, -118295.58823529413, -27051.0)
(418, 17.42520809173584, -118295.58823529413, -27051.0)
(419, 17.475979804992676, -118295.58823529413, -27051.0)
(420, 17.52694606781006, -118295.58823529413, -27051.0)
(421, 17.57527184486389, -118295.58823529413, -27051.0)
(422, 17.623026847839355, -118295.58823529413, -27051.0)
(423, 17.67813229560852, -118295.58823529413, -27051.0)
(424, 17.728736400604248, -118295.58823529413, -27051.0)
(425, 17.777886152267456, -118295.58823529413, -27051.0)
(426, 17.829085111618042, -118295.58823529413, -27051.0)
(427, 17.88506054878235, -118295.58823529413, -27051.0)
(428, 17.936283588409424, -118295.58823529413, -27051.0)
(429, 17.990949869155884, -118295.58823529413, -27051.0)
(430, 18.044151782989502, -118295.58823529413, -27051.0)
(431, 18.098034858703613, -118295.58823529413, -27051.0)
(432, 18.14561438560486, -118295.58823529413, -27051.0)
(433, 18.19466805458069, -118295.58823529413, -27051.0)
(434, 18.245375156402588, -118295.58823529413, -27051.0)
(435, 18.301321506500244, -118295.58823529413, -27051.0)
(436, 18.350197553634644, -118295.58823529413, -27051.0)
(437, 18.40177035331726, -118295.58823529413, -27051.0)
(438, 18.461403846740723, -118295.58823529413, -27051.0)
(439, 18.510478734970093, -118295.58823529413, -27051.0)
(440, 18.557374715805054, -118295.58823529413, -27051.0)
(441, 18.60999345779419, -118295.58823529413, -27051.0)
(442, 18.665157556533813, -118295.58823529413, -27051.0)
(443, 18.71431612968445, -118295.58823529413, -27051.0)
(444, 18.765073776245117, -118295.58823529413, -27051.0)
(445, 18.81992769241333, -118295.58823529413, -27051.0)
(446, 18.871415615081787, -118295.58823529413, -27051.0)
(447, 18.9210045337677, -118295.58823529413, -27051.0)
(448, 18.971900463104248, -118295.58823529413, -27051.0)
(449, 19.02438759803772, -118295.58823529413, -27051.0)
(450, 19.07911443710327, -118295.58823529413, -27051.0)
(451, 19.1307373046875, -118295.58823529413, -27051.0)
(452, 19.181913137435913, -118295.58823529413, -27051.0)
(453, 19.23054003715515, -118295.58823529413, -27051.0)
(454, 19.288071393966675, -118295.58823529413, -27051.0)
(455, 19.35447406768799, -118295.58823529413, -27051.0)
(456, 19.410778999328613, -118295.58823529413, -27051.0)
(457, 19.463845252990723, -118295.58823529413, -27051.0)
(458, 19.51461386680603, -118295.58823529413, -27051.0)
(459, 19.56935429573059, -118295.58823529413, -27051.0)
(460, 19.627305269241333, -118295.58823529413, -27051.0)
(461, 19.689022541046143, -118295.58823529413, -27051.0)
(462, 19.74826145172119, -118295.58823529413, -27051.0)
(463, 19.81391406059265, -118295.58823529413, -27051.0)
(464, 19.873133420944214, -118295.58823529413, -27051.0)
(465, 19.92995047569275, -118295.58823529413, -27051.0)
(466, 19.97856831550598, -118295.58823529413, -27051.0)
(467, 20.033432006835938, -118295.58823529413, -27051.0)
(468, 20.083598136901855, -118295.58823529413, -27051.0)
(469, 20.13932752609253, -118295.58823529413, -27051.0)
(470, 20.197162628173828, -118295.58823529413, -27051.0)
(471, 20.252102851867676, -118295.58823529413, -27051.0)
(472, 20.315417289733887, -118295.58823529413, -27051.0)
(473, 20.382137537002563, -118295.58823529413, -27051.0)
(474, 20.438844680786133, -118295.58823529413, -27051.0)
(475, 20.491294384002686, -118295.58823529413, -27051.0)
(476, 20.553258657455444, -118295.58823529413, -27051.0)
(477, 20.607587575912476, -118295.58823529413, -27051.0)
(478, 20.669994592666626, -118295.58823529413, -27051.0)
(479, 20.729729175567627, -118295.58823529413, -27051.0)
(480, 20.795045137405396, -118295.58823529413, -27051.0)
(481, 20.852933883666992, -118295.58823529413, -27051.0)
(482, 20.906737327575684, -118295.58823529413, -27051.0)
(483, 20.966599225997925, -118295.58823529413, -27051.0)
(484, 21.028387308120728, -118295.58823529413, -27051.0)
(485, 21.08865237236023, -118295.58823529413, -27051.0)
(486, 21.148287773132324, -118295.58823529413, -27051.0)
(487, 21.197829723358154, -118295.58823529413, -27051.0)
(488, 21.249345541000366, -118295.58823529413, -27051.0)
(489, 21.301637172698975, -118295.58823529413, -27051.0)
(490, 21.356690168380737, -118295.58823529413, -27051.0)
(491, 21.40974187850952, -118295.58823529413, -27051.0)
(492, 21.46113419532776, -118295.58823529413, -27051.0)
(493, 21.51957607269287, -118295.58823529413, -27051.0)
(494, 21.578160524368286, -118295.58823529413, -27051.0)
(495, 21.633187532424927, -118295.58823529413, -27051.0)
(496, 21.68606209754944, -118295.58823529413, -27051.0)
(497, 21.73956847190857, -118295.58823529413, -27051.0)
(498, 21.792160034179688, -118295.58823529413, -27051.0)
(499, 21.848518133163452, -118295.58823529413, -27051.0)
(500, 21.904800415039062, -118295.58823529413, -27051.0)
(501, 21.961633920669556, -118295.58823529413, -27051.0)
(502, 22.01745343208313, -118295.58823529413, -27051.0)
(503, 22.072685480117798, -118295.58823529413, -27051.0)
(504, 22.13281488418579, -118295.58823529413, -27051.0)
(505, 22.184842824935913, -118295.58823529413, -27051.0)
(506, 22.24460482597351, -118295.58823529413, -27051.0)
(507, 22.30357027053833, -93796.88571428573, -27051.0)
(508, 22.372021436691284, -93796.88571428573, -27051.0)
(509, 22.437411785125732, -93796.88571428573, -27051.0)
(510, 22.497408151626587, -93796.88571428573, -27051.0)
(511, 22.564789533615112, -93796.88571428573, -27051.0)
(512, 22.643471479415894, -93796.88571428573, -27051.0)
(513, 22.707621812820435, -93796.88571428573, -27051.0)
(514, 22.763399362564087, -93796.88571428573, -27051.0)
(515, 22.812257766723633, -93796.88571428573, -27051.0)
(516, 22.862674474716187, -93796.88571428573, -27051.0)
(517, 22.913522243499756, -93796.88571428573, -27051.0)
(518, 22.973819732666016, -93796.88571428573, -27051.0)
(519, 23.028883457183838, -93796.88571428573, -27051.0)
(520, 23.07864761352539, -93796.88571428573, -27051.0)
(521, 23.126617193222046, -93796.88571428573, -27051.0)
(522, 23.17800760269165, -93796.88571428573, -27051.0)
(523, 23.238938570022583, -93796.88571428573, -27051.0)
(524, 23.296156644821167, -93796.88571428573, -27051.0)
(525, 23.35127902030945, -93796.88571428573, -27051.0)
(526, 23.405224800109863, -93796.88571428573, -27051.0)
(527, 23.458862781524658, -93796.88571428573, -27051.0)
(528, 23.511847019195557, -93796.88571428573, -27051.0)
(529, 23.608757257461548, -93796.88571428573, -27051.0)
(530, 23.685876607894897, -93796.88571428573, -27051.0)
(531, 23.7489275932312, -93796.88571428573, -27051.0)
(532, 23.845845699310303, -93796.88571428573, -27051.0)
(533, 23.921054363250732, -93796.88571428573, -27051.0)
(534, 23.995413303375244, -93796.88571428573, -27051.0)
(535, 24.081371307373047, -93796.88571428573, -27051.0)
(536, 24.199649810791016, -93796.88571428573, -27051.0)
(537, 24.284644842147827, -93796.88571428573, -27051.0)
(538, 24.374261379241943, -93796.88571428573, -27051.0)
(539, 24.450966835021973, -93796.88571428573, -27051.0)
(540, 24.5506649017334, -93796.88571428573, -27051.0)
(541, 24.648881673812866, -93796.88571428573, -27051.0)
(542, 24.719849348068237, -93796.88571428573, -27051.0)
(543, 24.794419765472412, -93796.88571428573, -27051.0)
(544, 24.866177797317505, -93796.88571428573, -27051.0)
(545, 24.913116931915283, -73946.0, -27051.0)
(546, 24.967122316360474, -73946.0, -27051.0)
(547, 25.0208580493927, -73946.0, -27051.0)
(548, 25.081116199493408, -73946.0, -27051.0)
(549, 25.15065860748291, -73946.0, -27051.0)
(550, 25.222090244293213, -73946.0, -27051.0)
(551, 25.293167114257812, -73946.0, -27051.0)
(552, 25.36014676094055, -73946.0, -27051.0)
(553, 25.454294204711914, -73946.0, -27051.0)
(554, 25.548753261566162, -73946.0, -27051.0)
(555, 25.620266675949097, -73945.99999999999, -27051.0)
(556, 26.0522677898407, -73945.99999999999, -27051.0)
(557, 26.601277351379395, -67782.36542557785, -27051.0)
(558, 27.068854570388794, -56712.61149267075, -27051.0)
(559, 27.528223276138306, -56712.61149267075, -27051.0)
(560, 27.93835973739624, -56186.72094703511, -27051.0)
(561, 28.385207414627075, -53435.289656190194, -27051.0)
(562, 28.833662748336792, -48569.22550301384, -27051.0)
(563, 29.2868013381958, -43108.19463946755, -27051.0)
(564, 29.682453632354736, -38838.15811205653, -27051.0)
(565, 30.18301033973694, -35918.55724125041, -35772.97366290194)
(566, 30.316671133041382, -35812.956388086925, -35786.82608091697)
(567, 30.414233922958374, -35794.95244590769, -35788.52080866809)
(568, 30.49590253829956, -35790.37998039113, -35788.86233455651)
(569, 30.577656745910645, -35789.21278016907, -35789.025670026305)
(570, 30.650482177734375, -35789.03425729143, -35789.0342572914)
(571, 30.712547302246094, -35789.03425729143, -35789.03425729142)
