(1, 0.1709144115447998, -583907.0, -83179.0)
(2, 0.302227258682251, -454132.29323090176, -83179.0)
(3, 0.4225423336029053, -440925.84009516647, -83179.0)
(4, 0.5513761043548584, -424754.3318680925, -83179.0)
(5, 0.680117130279541, -399477.1011549654, -83179.0)
(6, 0.8184657096862793, -344353.0234401604, -83179.0)
(7, 0.9578349590301514, -282344.6588315682, -83179.0)
(8, 1.1034972667694092, -236006.29752992824, -83179.0)
(9, 1.2457504272460938, -200551.6747269879, -83179.0)
(10, 1.411881685256958, -200551.6747269879, -83179.0)
(11, 1.6706161499023438, -200551.6747269879, -95086.79201101925)
(12, 1.9524943828582764, -161821.38924380147, -95097.39213643)
(13, 2.3228955268859863, -127756.49972346869, -95097.39213643)
(14, 2.7041096687316895, -110886.90945806615, -95119.94996264043)
(15, 3.1326606273651123, -104399.43271808662, -95119.94996264046)
(16, 3.6092498302459717, -104399.43271808662, -95120.68711501194)
(17, 4.137639999389648, -101359.4736596076, -95120.68711501197)
(18, 4.670940160751343, -101359.4736596076, -95131.48915103692)
(19, 5.217820644378662, -99627.96951831109, -95161.32329578037)
(20, 5.892108678817749, -99627.96951831109, -95170.06841248387)
(21, 6.644757509231567, -97858.45582489627, -95202.2137370635)
(22, 7.446262836456299, -97858.45582489627, -95215.09028486731)
(23, 8.314485549926758, -97706.73957218611, -95259.96552687607)
(24, 9.231147527694702, -97402.76278860532, -95273.78050284467)
(25, 10.276772737503052, -96989.258799104, -95286.05837810236)
(26, 11.348068475723267, -96792.32566110093, -95304.79488598106)
(27, 12.564674377441406, -96519.03750235008, -95322.6766360241)
(28, 13.878187656402588, -96406.54298342425, -95338.73226005909)
(29, 15.37268614768982, -96100.16818483302, -95347.26272420213)
(30, 16.98173761367798, -95920.46286891092, -95355.46973781756)
(31, 18.90601873397827, -95716.94326740419, -95375.5849934657)
(32, 20.886424779891968, -95716.94326740419, -95385.54921478278)
(33, 22.986505031585693, -95628.49558026806, -95393.65502846194)
(34, 25.189115285873413, -95503.15380295982, -95405.37203550502)
(35, 27.630155563354492, -95503.15380295982, -95411.3116562218)
(36, 29.81484866142273, -95503.0671272336, -95417.11111506943)
(37, 32.95210099220276, -95458.71748942137, -95418.44582356501)
(38, 35.84935760498047, -95430.9461035251, -95419.04408039387)
(39, 38.60685324668884, -95422.94048793834, -95419.50950950966)
(40, 41.45470643043518, -95420.5388030381, -95419.50950950947)
(41, 44.39372229576111, -95419.81829757385, -95419.50950950946)
(42, 46.94589805603027, -95419.60214592902, -95419.50950950953)
(43, 49.57975888252258, -95419.53730046726, -95419.50950950693)
