(1, 0.014780998229980469, -82955.0, -29093.0)
(2, 0.02939581871032715, -82955.0, -29093.0)
(3, 0.04363870620727539, -82955.0, -29093.0)
(4, 0.057471513748168945, -82955.0, -29093.0)
(5, 0.07143354415893555, -82955.0, -29093.0)
(6, 0.08535122871398926, -82955.0, -29093.0)
(7, 0.09920430183410645, -82955.0, -29093.0)
(8, 0.11302709579467773, -82955.0, -29093.0)
(9, 0.12715697288513184, -82955.0, -29093.0)
(10, 0.1413097381591797, -82955.0, -29093.0)
(11, 0.155289888381958, -82955.0, -29093.0)
(12, 0.16907024383544922, -82955.0, -29093.0)
(13, 0.18299317359924316, -82955.0, -29093.0)
(14, 0.19678139686584473, -82955.0, -29093.0)
(15, 0.21061348915100098, -82955.0, -29093.0)
(16, 0.2247333526611328, -82955.0, -29093.0)
(17, 0.23836445808410645, -82955.0, -29093.0)
(18, 0.25227999687194824, -82955.0, -29093.0)
(19, 0.2661898136138916, -82955.0, -29093.0)
(20, 0.2806999683380127, -82955.0, -29093.0)
(21, 0.2949659824371338, -82955.0, -29093.0)
(22, 0.3090085983276367, -82955.0, -29093.0)
(23, 0.32334113121032715, -82955.0, -29093.0)
(24, 0.33745789527893066, -82955.0, -29093.0)
(25, 0.3517582416534424, -82955.0, -29093.0)
(26, 0.3659653663635254, -82955.0, -29093.0)
(27, 0.3806285858154297, -82955.0, -29093.0)
(28, 0.39485907554626465, -82955.0, -29093.0)
(29, 0.4099411964416504, -82955.0, -29093.0)
(30, 0.42392778396606445, -82955.0, -29093.0)
(31, 0.43823957443237305, -82955.0, -29093.0)
(32, 0.4526524543762207, -82955.0, -29093.0)
(33, 0.4671926498413086, -82955.0, -29093.0)
(34, 0.4813506603240967, -82955.0, -29093.0)
(35, 0.49538493156433105, -82955.0, -29093.0)
(36, 0.5107903480529785, -82955.0, -29093.0)
(37, 0.5251519680023193, -82955.0, -29093.0)
(38, 0.540278434753418, -82955.0, -29093.0)
(39, 0.5561037063598633, -82955.0, -29093.0)
(40, 0.5714304447174072, -82955.0, -29093.0)
(41, 0.5869362354278564, -82955.0, -29093.0)
(42, 0.6030552387237549, -82955.0, -29093.0)
(43, 0.6196279525756836, -82955.0, -29093.0)
(44, 0.6356339454650879, -82955.0, -29093.0)
(45, 0.651625394821167, -82955.0, -29093.0)
(46, 0.6671912670135498, -82955.0, -29093.0)
(47, 0.6819841861724854, -82955.0, -29093.0)
(48, 0.6975009441375732, -82955.0, -29093.0)
(49, 0.7132444381713867, -82955.0, -29093.0)
(50, 0.7286467552185059, -82955.0, -29093.0)
(51, 0.7453961372375488, -82955.0, -29093.0)
(52, 0.7619264125823975, -82955.0, -29093.0)
(53, 0.77809739112854, -82955.0, -29093.0)
(54, 0.7944698333740234, -82955.0, -29093.0)
(55, 0.8103275299072266, -82955.0, -29093.0)
(56, 0.8266646862030029, -82955.0, -29093.0)
(57, 0.8418903350830078, -82955.0, -29093.0)
(58, 0.8571619987487793, -82955.0, -29093.0)
(59, 0.872206449508667, -82955.0, -29093.0)
(60, 0.8873105049133301, -82955.0, -29093.0)
(61, 0.9018819332122803, -82955.0, -29093.0)
(62, 0.9164330959320068, -82955.0, -29093.0)
(63, 0.9328525066375732, -82955.0, -29093.0)
(64, 0.9486253261566162, -82955.0, -29093.0)
(65, 0.9650375843048096, -82955.0, -29093.0)
(66, 0.980241060256958, -82955.0, -29093.0)
(67, 0.9954993724822998, -82955.0, -29093.0)
(68, 1.011493444442749, -82955.0, -29093.0)
(69, 1.0273942947387695, -82955.0, -29093.0)
(70, 1.043360948562622, -82955.0, -29093.0)
(71, 1.059929609298706, -82955.0, -29093.0)
(72, 1.076892375946045, -82955.0, -29093.0)
(73, 1.0943877696990967, -82955.0, -29093.0)
(74, 1.1114323139190674, -82955.0, -29093.0)
(75, 1.1280429363250732, -82955.0, -29093.0)
(76, 1.1431093215942383, -82955.0, -29093.0)
(77, 1.1597023010253906, -82955.0, -29093.0)
(78, 1.1756553649902344, -82955.0, -29093.0)
(79, 1.1906943321228027, -82955.0, -29093.0)
(80, 1.2067227363586426, -82955.0, -29093.0)
(81, 1.2225580215454102, -82955.0, -29093.0)
(82, 1.2390506267547607, -82955.0, -29093.0)
(83, 1.2546875476837158, -82955.0, -29093.0)
(84, 1.2709686756134033, -82955.0, -29093.0)
(85, 1.2871425151824951, -82955.0, -29093.0)
(86, 1.3037657737731934, -82955.0, -29093.0)
(87, 1.3214430809020996, -82955.0, -29093.0)
(88, 1.3382196426391602, -82955.0, -29093.0)
(89, 1.355078935623169, -82955.0, -29093.0)
(90, 1.37272047996521, -82955.0, -29093.0)
(91, 1.3895964622497559, -82955.0, -29093.0)
(92, 1.4073402881622314, -82955.0, -29093.0)
(93, 1.4252831935882568, -82955.0, -29093.0)
(94, 1.4423549175262451, -82955.0, -29093.0)
(95, 1.4594154357910156, -82955.0, -29093.0)
(96, 1.4773240089416504, -82955.0, -29093.0)
(97, 1.4935319423675537, -82955.0, -29093.0)
(98, 1.5115430355072021, -82955.0, -29093.0)
(99, 1.5290837287902832, -82955.0, -29093.0)
(100, 1.5470867156982422, -82955.0, -29093.0)
(101, 1.5638298988342285, -82955.0, -29093.0)
(102, 1.5816915035247803, -82955.0, -29093.0)
(103, 1.5993390083312988, -82955.0, -29093.0)
(104, 1.619119644165039, -82955.0, -29093.0)
(105, 1.6374237537384033, -82955.0, -29093.0)
(106, 1.6555302143096924, -82955.0, -29093.0)
(107, 1.67551851272583, -82955.0, -29093.0)
(108, 1.6925666332244873, -82955.0, -29093.0)
(109, 1.7109334468841553, -82955.0, -29093.0)
(110, 1.7298882007598877, -82955.0, -29093.0)
(111, 1.7474589347839355, -82955.0, -29093.0)
(112, 1.7664844989776611, -82955.0, -29093.0)
(113, 1.7848453521728516, -82955.0, -29093.0)
(114, 1.8033616542816162, -82955.0, -29093.0)
(115, 1.8222277164459229, -82955.0, -29093.0)
(116, 1.8414993286132812, -82955.0, -29093.0)
(117, 1.8605916500091553, -82955.0, -29093.0)
(118, 1.879626750946045, -82955.0, -29093.0)
(119, 1.899566888809204, -82955.0, -29093.0)
(120, 1.9180374145507812, -82955.0, -29093.0)
(121, 1.9371891021728516, -82955.0, -29093.0)
(122, 1.9574081897735596, -82955.0, -29093.0)
(123, 1.976409912109375, -82955.0, -29093.0)
(124, 1.9957151412963867, -82955.0, -29093.0)
(125, 2.0148205757141113, -82955.0, -29093.0)
(126, 2.0346198081970215, -82955.0, -29093.0)
(127, 2.054018974304199, -82955.0, -29093.0)
(128, 2.0749518871307373, -82955.0, -29093.0)
(129, 2.0953593254089355, -82955.0, -29093.0)
(130, 2.116485595703125, -82955.0, -29093.0)
(131, 2.1360020637512207, -82955.0, -29093.0)
(132, 2.1554811000823975, -82955.0, -29093.0)
(133, 2.1743886470794678, -82955.0, -29093.0)
(134, 2.194875717163086, -82955.0, -29093.0)
(135, 2.216977119445801, -82955.0, -29093.0)
(136, 2.237476110458374, -82955.0, -29093.0)
(137, 2.2558889389038086, -82955.0, -29093.0)
(138, 2.275101661682129, -82955.0, -29093.0)
(139, 2.2959530353546143, -82955.0, -29093.0)
(140, 2.3162240982055664, -82955.0, -29093.0)
(141, 2.33585786819458, -82955.0, -29093.0)
(142, 2.353752851486206, -82955.0, -29093.0)
(143, 2.3731205463409424, -82955.0, -29093.0)
(144, 2.3984110355377197, -82955.0, -29093.0)
(145, 2.417598247528076, -82955.0, -29093.0)
(146, 2.439974069595337, -82955.0, -29093.0)
(147, 2.459519863128662, -82955.0, -29093.0)
(148, 2.479159116744995, -82955.0, -29093.0)
(149, 2.5004825592041016, -82955.0, -29093.0)
(150, 2.51969838142395, -82955.0, -29093.0)
(151, 2.539888620376587, -82955.0, -29093.0)
(152, 2.5601818561553955, -82955.0, -29093.0)
(153, 2.580183982849121, -82955.0, -29093.0)
(154, 2.602440357208252, -82955.0, -29093.0)
(155, 2.623419761657715, -82955.0, -29093.0)
(156, 2.643684148788452, -82955.0, -29093.0)
(157, 2.6637606620788574, -82955.0, -29093.0)
(158, 2.684274435043335, -82955.0, -29093.0)
(159, 2.7072463035583496, -82955.0, -29093.0)
(160, 2.727860927581787, -82955.0, -29093.0)
(161, 2.7464945316314697, -82955.0, -29093.0)
(162, 2.767547607421875, -82955.0, -29093.0)
(163, 2.787614583969116, -82955.0, -29093.0)
(164, 2.8092494010925293, -82955.0, -29093.0)
(165, 2.834909677505493, -82955.0, -29093.0)
(166, 2.8555428981781006, -82955.0, -29093.0)
(167, 2.8773298263549805, -82955.0, -29093.0)
(168, 2.896057605743408, -82955.0, -29093.0)
(169, 2.9141905307769775, -82955.0, -29093.0)
(170, 2.9336915016174316, -82955.0, -29093.0)
(171, 2.9532907009124756, -82955.0, -29093.0)
(172, 2.971994638442993, -82955.0, -29093.0)
(173, 2.9911701679229736, -82955.0, -29093.0)
(174, 3.0111045837402344, -82955.0, -29093.0)
(175, 3.029975175857544, -82955.0, -29093.0)
(176, 3.04954195022583, -82955.0, -29093.0)
(177, 3.0689661502838135, -82955.0, -29093.0)
(178, 3.088881254196167, -82955.0, -29093.0)
(179, 3.109896659851074, -82955.0, -29093.0)
(180, 3.131037950515747, -82955.0, -29093.0)
(181, 3.149207353591919, -82955.0, -29093.0)
(182, 3.1714906692504883, -82955.0, -29093.0)
(183, 3.1907496452331543, -82955.0, -29093.0)
(184, 3.2137935161590576, -82955.0, -29093.0)
(185, 3.2337820529937744, -82955.0, -29093.0)
(186, 3.2544219493865967, -82955.0, -29093.0)
(187, 3.2748610973358154, -82955.0, -29093.0)
(188, 3.297482967376709, -82955.0, -29093.0)
(189, 3.319946527481079, -82955.0, -29093.0)
(190, 3.341376304626465, -82955.0, -29093.0)
(191, 3.358905792236328, -82955.0, -29093.0)
(192, 3.3789727687835693, -82955.0, -29093.0)
(193, 3.3994081020355225, -82955.0, -29093.0)
(194, 3.4211716651916504, -82955.0, -29093.0)
(195, 3.445539712905884, -82955.0, -29093.0)
(196, 3.4692351818084717, -82955.0, -29093.0)
(197, 3.4900801181793213, -82955.0, -29093.0)
(198, 3.5118730068206787, -82955.0, -29093.0)
(199, 3.5338478088378906, -82955.0, -29093.0)
(200, 3.554115056991577, -82955.0, -29093.0)
(201, 3.575472116470337, -82955.0, -29093.0)
(202, 3.599755048751831, -82955.0, -29093.0)
(203, 3.6240880489349365, -82955.0, -29093.0)
(204, 3.6455204486846924, -82955.0, -29093.0)
(205, 3.6672768592834473, -82955.0, -29093.0)
(206, 3.6886627674102783, -82955.0, -29093.0)
(207, 3.710021734237671, -82955.0, -29093.0)
(208, 3.7322487831115723, -82955.0, -29093.0)
(209, 3.754378080368042, -82955.0, -29093.0)
(210, 3.7753989696502686, -82955.0, -29093.0)
(211, 3.803051471710205, -82955.0, -29093.0)
(212, 3.8264520168304443, -82955.0, -29093.0)
(213, 3.8479413986206055, -82955.0, -29093.0)
(214, 3.86980938911438, -82955.0, -29093.0)
(215, 3.891817808151245, -82955.0, -29093.0)
(216, 3.912782907485962, -82955.0, -29093.0)
(217, 3.9328689575195312, -82955.0, -29093.0)
(218, 3.954531669616699, -82955.0, -29093.0)
(219, 3.9775166511535645, -82955.0, -29093.0)
(220, 3.998544454574585, -82955.0, -29093.0)
(221, 4.019765853881836, -82955.0, -29093.0)
(222, 4.041283369064331, -82955.0, -29093.0)
(223, 4.064798831939697, -82955.0, -29093.0)
(224, 4.087776184082031, -82955.0, -29093.0)
(225, 4.11100697517395, -82955.0, -29093.0)
(226, 4.1366541385650635, -82955.0, -29093.0)
(227, 4.163585901260376, -82955.0, -29093.0)
(228, 4.189683437347412, -82955.0, -29093.0)
(229, 4.215121030807495, -82955.0, -29093.0)
(230, 4.23763370513916, -82955.0, -29093.0)
(231, 4.25963830947876, -82955.0, -29093.0)
(232, 4.288491487503052, -82955.0, -29093.0)
(233, 4.313343524932861, -82955.0, -29093.0)
(234, 4.335753679275513, -82955.0, -29093.0)
(235, 4.358240365982056, -82955.0, -29093.0)
(236, 4.379901170730591, -82955.0, -29093.0)
(237, 4.398911952972412, -82955.0, -29093.0)
(238, 4.418874740600586, -82955.0, -29093.0)
(239, 4.439577102661133, -82955.0, -29093.0)
(240, 4.464999437332153, -82955.0, -29093.0)
(241, 4.484816551208496, -82955.0, -29093.0)
(242, 4.508042812347412, -82955.0, -29093.0)
(243, 4.534450054168701, -82955.0, -29093.0)
(244, 4.560132741928101, -82955.0, -29093.0)
(245, 4.583674907684326, -82955.0, -29093.0)
(246, 4.608275413513184, -82955.0, -29093.0)
(247, 4.632234811782837, -82955.0, -29093.0)
(248, 4.656635761260986, -82955.0, -29093.0)
(249, 4.681195974349976, -82955.0, -29093.0)
(250, 4.7083210945129395, -82955.0, -29093.0)
(251, 4.733834743499756, -82955.0, -29093.0)
(252, 4.753917932510376, -82955.0, -29093.0)
(253, 4.7764623165130615, -82955.0, -29093.0)
(254, 4.8004419803619385, -82955.0, -29093.0)
(255, 4.823557138442993, -82955.0, -29093.0)
(256, 4.849469900131226, -82955.0, -29093.0)
(257, 4.872999668121338, -82955.0, -29093.0)
(258, 4.902966260910034, -82955.0, -29093.0)
(259, 4.927063226699829, -82955.0, -29093.0)
(260, 4.956350326538086, -82955.0, -29093.0)
(261, 4.986067533493042, -82955.0, -29093.0)
(262, 5.0157859325408936, -82955.0, -29093.0)
(263, 5.042141437530518, -82955.0, -29093.0)
(264, 5.073140382766724, -82955.0, -29093.0)
(265, 5.103829383850098, -82955.0, -29093.0)
(266, 5.134634017944336, -82955.0, -29093.0)
(267, 5.165884971618652, -82955.0, -29093.0)
(268, 5.195733547210693, -82955.0, -29093.0)
(269, 5.2246012687683105, -82955.0, -29093.0)
(270, 5.256275415420532, -82955.0, -29093.0)
(271, 5.2800538539886475, -82955.0, -29093.0)
(272, 5.305619716644287, -82955.0, -29093.0)
(273, 5.329762935638428, -82955.0, -29093.0)
(274, 5.356074810028076, -82955.0, -29093.0)
(275, 5.386027574539185, -82955.0, -29093.0)
(276, 5.414872407913208, -82955.0, -29093.0)
(277, 5.4436399936676025, -82955.0, -29093.0)
(278, 5.4771668910980225, -82955.0, -29093.0)
(279, 5.513025760650635, -82955.0, -29093.0)
(280, 5.550949335098267, -82955.0, -29093.0)
(281, 5.580841064453125, -82955.0, -29093.0)
(282, 5.608663320541382, -82955.0, -29093.0)
(283, 5.650483846664429, -82955.0, -29093.0)
(284, 5.684659957885742, -82955.0, -29093.0)
(285, 5.712236404418945, -82955.0, -29093.0)
(286, 5.738964319229126, -82955.0, -29093.0)
(287, 5.766201734542847, -82955.0, -29093.0)
(288, 5.7932679653167725, -82955.0, -29093.0)
(289, 5.819572448730469, -82955.0, -29093.0)
(290, 5.847108602523804, -82955.0, -29093.0)
(291, 5.874755620956421, -82955.0, -29093.0)
(292, 5.900843143463135, -82955.0, -29093.0)
(293, 5.926510572433472, -82955.0, -29093.0)
(294, 5.959690809249878, -82955.0, -29093.0)
(295, 5.990499019622803, -82955.0, -29093.0)
(296, 6.022733449935913, -82955.0, -29093.0)
(297, 6.0570104122161865, -82955.0, -29093.0)
(298, 6.100695371627808, -82955.0, -29093.0)
(299, 6.138872385025024, -82955.0, -29093.0)
(300, 6.160635948181152, -82955.0, -29093.0)
(301, 6.18572473526001, -82955.0, -29093.0)
(302, 6.209621429443359, -82955.0, -29093.0)
(303, 6.23535680770874, -82955.0, -29093.0)
(304, 6.258941411972046, -82955.0, -29093.0)
(305, 6.284355163574219, -82955.0, -29093.0)
(306, 6.308496475219727, -82955.0, -29093.0)
(307, 6.330124139785767, -82955.0, -29093.0)
(308, 6.351898193359375, -82955.0, -29093.0)
(309, 6.379537105560303, -82955.0, -29093.0)
(310, 6.408353805541992, -82955.0, -29093.0)
(311, 6.438047647476196, -82955.0, -29093.0)
(312, 6.465604543685913, -82955.0, -29093.0)
(313, 6.493701934814453, -82955.0, -29093.0)
(314, 6.524311304092407, -82955.0, -29093.0)
(315, 6.552215099334717, -82955.0, -29093.0)
(316, 6.58371376991272, -82955.0, -29093.0)
(317, 6.617058515548706, -82955.0, -29093.0)
(318, 6.645994663238525, -82955.0, -29093.0)
(319, 6.678728818893433, -82955.0, -29093.0)
(320, 6.707087993621826, -82955.0, -29093.0)
(321, 6.741641044616699, -82955.0, -29093.0)
(322, 6.7761311531066895, -82955.0, -29093.0)
(323, 6.811769008636475, -82955.0, -29093.0)
(324, 6.841833591461182, -82955.0, -29093.0)
(325, 6.875452518463135, -82955.0, -29093.0)
(326, 6.912400007247925, -82955.0, -29093.0)
(327, 6.949904441833496, -82955.0, -29093.0)
(328, 6.995134115219116, -82955.0, -29093.0)
(329, 7.0282883644104, -82955.0, -29093.0)
(330, 7.058006763458252, -82955.0, -29093.0)
(331, 7.084838628768921, -82955.0, -29093.0)
(332, 7.1075439453125, -82955.0, -29093.0)
(333, 7.130387306213379, -82955.0, -29093.0)
(334, 7.156512975692749, -82955.0, -29093.0)
(335, 7.18022084236145, -82955.0, -29093.0)
(336, 7.200924873352051, -82955.0, -29093.0)
(337, 7.226994037628174, -82955.0, -29093.0)
(338, 7.253724575042725, -82955.0, -29093.0)
(339, 7.2842419147491455, -82955.0, -29093.0)
(340, 7.315376043319702, -82955.0, -29093.0)
(341, 7.350513696670532, -82955.0, -29093.0)
(342, 7.38048243522644, -82955.0, -29093.0)
(343, 7.407182216644287, -82955.0, -29093.0)
(344, 7.434586763381958, -82955.0, -29093.0)
(345, 7.464831352233887, -82955.0, -29093.0)
(346, 7.496724605560303, -82955.0, -29093.0)
(347, 7.5259459018707275, -82955.0, -29093.0)
(348, 7.556518793106079, -82955.0, -29093.0)
(349, 7.5828821659088135, -82955.0, -29093.0)
(350, 7.613648891448975, -82955.0, -29093.0)
(351, 7.642920255661011, -82955.0, -29093.0)
(352, 7.677557706832886, -82955.0, -29093.0)
(353, 7.709283828735352, -82955.0, -29093.0)
(354, 7.7490551471710205, -82955.0, -29093.0)
(355, 7.7842183113098145, -82955.0, -29093.0)
(356, 7.817866086959839, -82955.0, -29093.0)
(357, 7.853792190551758, -82955.0, -29093.0)
(358, 7.891223669052124, -82955.0, -29093.0)
(359, 7.921942710876465, -82955.0, -29093.0)
(360, 7.9540510177612305, -82955.0, -29093.0)
(361, 7.984908580780029, -82955.0, -29093.0)
(362, 8.020442962646484, -82955.0, -29093.0)
(363, 8.054161310195923, -82955.0, -29093.0)
(364, 8.090216159820557, -82955.0, -29093.0)
(365, 8.124729633331299, -82955.0, -29093.0)
(366, 8.15859341621399, -82955.0, -29093.0)
(367, 8.182724475860596, -82955.0, -29093.0)
(368, 8.213420152664185, -82955.0, -29093.0)
(369, 8.244639873504639, -82955.0, -29093.0)
(370, 8.27684497833252, -82955.0, -29093.0)
(371, 8.3070387840271, -82955.0, -29093.0)
(372, 8.338395833969116, -82955.0, -29093.0)
(373, 8.369627714157104, -82955.0, -29093.0)
(374, 8.402712106704712, -82955.0, -29093.0)
(375, 8.43525218963623, -82955.0, -29093.0)
(376, 8.47203278541565, -82955.0, -29093.0)
(377, 8.503248929977417, -82955.0, -29093.0)
(378, 8.532181739807129, -82955.0, -29093.0)
(379, 8.554968357086182, -82955.0, -29093.0)
(380, 8.584360837936401, -82955.0, -29093.0)
(381, 8.609745502471924, -82955.0, -29093.0)
(382, 8.638542413711548, -82955.0, -29093.0)
(383, 8.661893367767334, -82955.0, -29093.0)
(384, 8.690853357315063, -82955.0, -29093.0)
(385, 8.713667154312134, -82955.0, -29093.0)
(386, 8.750785827636719, -82955.0, -29093.0)
(387, 8.783888101577759, -82955.0, -29093.0)
(388, 8.812216997146606, -82955.0, -29093.0)
(389, 8.840215682983398, -82955.0, -29093.0)
(390, 8.873813152313232, -82955.0, -29093.0)
(391, 8.906180620193481, -82955.0, -29093.0)
(392, 8.947715520858765, -82955.0, -29093.0)
(393, 8.984188318252563, -82955.0, -29093.0)
(394, 9.020668983459473, -82955.0, -29093.0)
(395, 9.08811902999878, -82955.0, -29093.0)
(396, 9.131294250488281, -82955.0, -29093.0)
(397, 9.171875238418579, -82955.0, -29093.0)
(398, 9.206295013427734, -82955.0, -29093.0)
(399, 9.238052368164062, -82955.0, -29093.0)
(400, 9.268869400024414, -82955.0, -29093.0)
(401, 9.299802303314209, -82955.0, -29093.0)
(402, 9.333699703216553, -82955.0, -29093.0)
(403, 9.367035150527954, -82955.0, -29093.0)
(404, 9.3980712890625, -82955.0, -29093.0)
(405, 9.428847551345825, -82955.0, -29093.0)
(406, 9.455652713775635, -82955.0, -29093.0)
(407, 9.487688779830933, -82955.0, -29093.0)
(408, 9.512956380844116, -82955.0, -29093.0)
(409, 9.53842043876648, -82955.0, -29093.0)
(410, 9.568055868148804, -82955.0, -29093.0)
(411, 9.600661277770996, -82955.0, -29093.0)
(412, 9.638014554977417, -82955.0, -29093.0)
(413, 9.664145708084106, -82955.0, -29093.0)
(414, 9.694274187088013, -82955.0, -29093.0)
(415, 9.727199792861938, -82955.0, -29093.0)
(416, 9.763249397277832, -82955.0, -29093.0)
(417, 9.795439958572388, -82955.0, -29093.0)
(418, 9.829487323760986, -82955.0, -29093.0)
(419, 9.875562191009521, -82955.0, -29093.0)
(420, 9.917370796203613, -82955.0, -29093.0)
(421, 9.958104372024536, -82955.0, -29093.0)
(422, 9.990902662277222, -82955.0, -29093.0)
(423, 10.02510118484497, -82955.0, -29093.0)
(424, 10.081388473510742, -82955.0, -29093.0)
(425, 10.124947786331177, -82955.0, -29093.0)
(426, 10.159038305282593, -82955.0, -29093.0)
(427, 10.190010070800781, -82955.0, -29093.0)
(428, 10.223418235778809, -82955.0, -29093.0)
(429, 10.260188341140747, -82955.0, -29093.0)
(430, 10.29681658744812, -82955.0, -29093.0)
(431, 10.335802793502808, -82955.0, -29093.0)
(432, 10.372422456741333, -82955.0, -29093.0)
(433, 10.412508487701416, -82955.0, -29093.0)
(434, 10.466780662536621, -82955.0, -29093.0)
(435, 10.509812831878662, -82955.0, -29093.0)
(436, 10.54826021194458, -82955.0, -29093.0)
(437, 10.586980104446411, -82955.0, -29093.0)
(438, 10.63364839553833, -82955.0, -29093.0)
(439, 10.667382717132568, -82955.0, -29093.0)
(440, 10.710989952087402, -82955.0, -29093.0)
(441, 10.748467445373535, -82955.0, -29093.0)
(442, 10.796831607818604, -82955.0, -29093.0)
(443, 10.84048843383789, -82955.0, -29093.0)
(444, 10.892193794250488, -82955.0, -29093.0)
(445, 10.939626455307007, -82955.0, -29093.0)
(446, 10.984351396560669, -82955.0, -29093.0)
(447, 11.02125597000122, -82955.0, -29093.0)
(448, 11.052239656448364, -82955.0, -29093.0)
(449, 11.085869073867798, -82955.0, -29093.0)
(450, 11.127282619476318, -82955.0, -29093.0)
(451, 11.16097354888916, -82955.0, -29093.0)
(452, 11.194674730300903, -82955.0, -29093.0)
(453, 11.230415105819702, -82955.0, -29093.0)
(454, 11.267704963684082, -82955.0, -29093.0)
(455, 11.306845903396606, -82955.0, -29093.0)
(456, 11.351711750030518, -82955.0, -29093.0)
(457, 11.387493133544922, -82955.0, -29093.0)
(458, 11.42291808128357, -82955.0, -29093.0)
(459, 11.465141773223877, -82955.0, -29093.0)
(460, 11.519443273544312, -82955.0, -29093.0)
(461, 11.559545040130615, -82955.0, -29093.0)
(462, 11.600106477737427, -82955.0, -29093.0)
(463, 11.628740072250366, -82955.0, -29093.0)
(464, 11.661266803741455, -82955.0, -29093.0)
(465, 11.697868347167969, -82955.0, -29093.0)
(466, 11.732948064804077, -82955.0, -29093.0)
(467, 11.766438245773315, -82955.0, -29093.0)
(468, 11.8018057346344, -82955.0, -29093.0)
(469, 11.845341205596924, -82955.0, -29093.0)
(470, 11.90149188041687, -82955.0, -29093.0)
(471, 11.940675497055054, -82955.0, -29093.0)
(472, 11.97711443901062, -82955.0, -29093.0)
(473, 12.010925769805908, -82955.0, -29093.0)
(474, 12.039822340011597, -82955.0, -29093.0)
(475, 12.072080135345459, -82955.0, -29093.0)
(476, 12.101109504699707, -82955.0, -29093.0)
(477, 12.135482788085938, -82955.0, -29093.0)
(478, 12.1703462600708, -82955.0, -29093.0)
(479, 12.204444646835327, -82955.0, -29093.0)
(480, 12.244772672653198, -82955.0, -29093.0)
(481, 12.2825767993927, -82955.0, -29093.0)
(482, 12.319995164871216, -82955.0, -29093.0)
(483, 12.359252452850342, -82955.0, -29093.0)
(484, 12.40491008758545, -82955.0, -29093.0)
(485, 12.443079471588135, -82955.0, -29093.0)
(486, 12.487402439117432, -82955.0, -29093.0)
(487, 12.52667784690857, -82955.0, -29093.0)
(488, 12.566701889038086, -82955.0, -29093.0)
(489, 12.611426591873169, -82955.0, -29093.0)
(490, 12.662040710449219, -82955.0, -29093.0)
(491, 12.706529378890991, -82955.0, -29093.0)
(492, 12.77046823501587, -82955.0, -29093.0)
(493, 12.825048685073853, -82955.0, -29093.0)
(494, 12.872480630874634, -82955.0, -29093.0)
(495, 12.911974668502808, -82955.0, -29093.0)
(496, 12.946218729019165, -82955.0, -29093.0)
(497, 12.979102849960327, -82955.0, -29093.0)
(498, 13.012150764465332, -82955.0, -29093.0)
(499, 13.039892673492432, -82955.0, -29093.0)
(500, 13.073697566986084, -82955.0, -29093.0)
(501, 13.108312845230103, -82955.0, -29093.0)
(502, 13.151142120361328, -82955.0, -29093.0)
(503, 13.184377431869507, -82955.0, -29093.0)
(504, 13.214324951171875, -82955.0, -29093.0)
(505, 13.252928018569946, -82955.0, -29093.0)
(506, 13.291335344314575, -82955.0, -29093.0)
(507, 13.33031702041626, -82955.0, -29093.0)
(508, 13.371715068817139, -82955.0, -29093.0)
(509, 13.414685010910034, -82955.0, -29093.0)
(510, 13.463097333908081, -82955.0, -29093.0)
(511, 13.50783896446228, -82955.0, -29093.0)
(512, 13.5582275390625, -82955.0, -29093.0)
(513, 13.615138292312622, -82955.0, -29093.0)
(514, 13.679996967315674, -82955.0, -29093.0)
(515, 13.741960287094116, -82955.0, -29093.0)
(516, 13.789173364639282, -82955.0, -29093.0)
(517, 13.828649044036865, -82955.0, -29093.0)
(518, 13.883039236068726, -82955.0, -29093.0)
(519, 13.943426132202148, -82955.0, -29093.0)
(520, 13.998751401901245, -82955.0, -29093.0)
(521, 14.060235977172852, -82955.0, -29093.0)
(522, 14.135396480560303, -82955.0, -29093.0)
(523, 14.185331583023071, -82955.0, -29093.0)
(524, 14.227549314498901, -82955.0, -29093.0)
(525, 14.266506433486938, -82955.0, -29093.0)
(526, 14.319334506988525, -82955.0, -29093.0)
(527, 14.37757921218872, -82955.0, -29093.0)
(528, 14.42325210571289, -82955.0, -29093.0)
(529, 14.46646785736084, -82955.0, -29093.0)
(530, 14.505759716033936, -82955.0, -29093.0)
(531, 14.544276475906372, -82955.0, -29093.0)
(532, 14.584484577178955, -82955.0, -29093.0)
(533, 14.631613492965698, -82955.0, -29093.0)
(534, 14.675841808319092, -82955.0, -29093.0)
(535, 14.718390226364136, -82955.0, -29093.0)
(536, 14.770968437194824, -82955.0, -29093.0)
(537, 14.814477443695068, -82955.0, -29093.0)
(538, 14.866060256958008, -82955.0, -29093.0)
(539, 14.917739391326904, -82955.0, -29093.0)
(540, 14.971706867218018, -82955.0, -29093.0)
(541, 15.020580768585205, -82955.0, -29093.0)
(542, 15.065735816955566, -82955.0, -29093.0)
(543, 15.115585803985596, -82955.0, -29093.0)
(544, 15.168128967285156, -82955.0, -29093.0)
(545, 15.222692012786865, -82955.0, -29093.0)
(546, 15.272801399230957, -82955.0, -29093.0)
(547, 15.312927722930908, -82955.0, -29093.0)
(548, 15.380996227264404, -82955.0, -29093.0)
(549, 15.446763753890991, -82955.0, -29093.0)
(550, 15.489517450332642, -82955.0, -29093.0)
(551, 15.532885789871216, -82955.0, -29093.0)
(552, 15.582840204238892, -82955.0, -29093.0)
(553, 15.628520965576172, -82955.0, -29093.0)
(554, 15.679417848587036, -82955.0, -29093.0)
(555, 15.722621202468872, -82955.0, -29093.0)
(556, 15.767290830612183, -82955.0, -29093.0)
(557, 15.81067705154419, -82955.0, -29093.0)
(558, 15.855072259902954, -82955.0, -29093.0)
(559, 15.909389734268188, -82955.0, -29093.0)
(560, 15.966063737869263, -82955.0, -29093.0)
(561, 16.023746252059937, -82955.0, -29093.0)
(562, 16.08462405204773, -82955.0, -29093.0)
(563, 16.13138747215271, -82955.0, -29093.0)
(564, 16.175198316574097, -82955.0, -29093.0)
(565, 16.220245361328125, -82955.0, -29093.0)
(566, 16.261316061019897, -82955.0, -29093.0)
(567, 16.308127403259277, -82955.0, -29093.0)
(568, 16.357627868652344, -82955.0, -29093.0)
(569, 16.402567148208618, -82955.0, -29093.0)
(570, 16.446125507354736, -82955.0, -29093.0)
(571, 16.483782529830933, -82955.0, -29093.0)
(572, 16.53012490272522, -82955.0, -29093.0)
(573, 16.579498052597046, -82955.0, -29093.0)
(574, 16.62439775466919, -82955.0, -29093.0)
(575, 16.671284198760986, -82955.0, -29093.0)
(576, 16.722916841506958, -82955.0, -29093.0)
(577, 16.76846957206726, -82955.0, -29093.0)
(578, 16.83006978034973, -82955.0, -29093.0)
(579, 16.882935285568237, -82955.0, -29093.0)
(580, 16.946834087371826, -82955.0, -29093.0)
(581, 16.992066383361816, -82955.0, -29093.0)
(582, 17.06584858894348, -82955.0, -29093.0)
(583, 17.129587173461914, -82955.0, -29093.0)
(584, 17.19034504890442, -82955.0, -29093.0)
(585, 17.258418560028076, -82955.0, -29093.0)
(586, 17.304749250411987, -82955.0, -29093.0)
(587, 17.362221240997314, -82955.0, -29093.0)
(588, 17.40132188796997, -82955.0, -29093.0)
(589, 17.444499731063843, -82955.0, -29093.0)
(590, 17.48718547821045, -82955.0, -29093.0)
(591, 17.53658103942871, -82955.0, -29093.0)
(592, 17.57656979560852, -82955.0, -29093.0)
(593, 17.631383657455444, -82955.0, -29093.0)
(594, 17.683889627456665, -82955.0, -29093.0)
(595, 17.74208950996399, -82955.0, -29093.0)
(596, 17.829477310180664, -82955.0, -29093.0)
(597, 17.933886528015137, -82955.0, -29093.0)
(598, 18.002800703048706, -82955.0, -29093.0)
(599, 18.067025423049927, -82955.0, -29093.0)
(600, 18.119126558303833, -82955.0, -29093.0)
(601, 18.16012191772461, -82955.0, -29093.0)
(602, 18.20020031929016, -82955.0, -29093.0)
(603, 18.23141837120056, -82955.0, -29093.0)
(604, 18.26750087738037, -82955.0, -29093.0)
(605, 18.308611631393433, -82955.0, -29093.0)
(606, 18.35640025138855, -82955.0, -29093.0)
(607, 18.398120403289795, -82955.0, -29093.0)
(608, 18.438202381134033, -82955.0, -29093.0)
(609, 18.485294103622437, -82955.0, -29093.0)
(610, 18.535610675811768, -82955.0, -29093.0)
(611, 18.587074279785156, -82955.0, -29093.0)
(612, 18.63721251487732, -82955.0, -29093.0)
(613, 18.69590950012207, -82955.0, -29093.0)
(614, 18.75405502319336, -82955.0, -29093.0)
(615, 18.79825472831726, -82955.0, -29093.0)
(616, 18.842889308929443, -82955.0, -29093.0)
(617, 18.87744641304016, -82955.0, -29093.0)
(618, 18.917932510375977, -82955.0, -29093.0)
(619, 18.974156618118286, -82955.0, -29093.0)
(620, 19.03395700454712, -82955.0, -29093.0)
(621, 19.097790479660034, -82955.0, -29093.0)
(622, 19.158554315567017, -82955.0, -29093.0)
(623, 19.218486785888672, -82955.0, -29093.0)
(624, 19.276870727539062, -82955.0, -29093.0)
(625, 19.342198133468628, -82955.0, -29093.0)
(626, 19.418282747268677, -82955.0, -29093.0)
(627, 19.484780073165894, -82955.0, -29093.0)
(628, 19.549576997756958, -82955.0, -29093.0)
(629, 19.604129552841187, -82955.0, -29093.0)
(630, 19.64914846420288, -82955.0, -29093.0)
(631, 19.699415922164917, -82955.0, -29093.0)
(632, 19.750574588775635, -82955.0, -29093.0)
(633, 19.81380844116211, -82955.0, -29093.0)
(634, 19.879672527313232, -82955.0, -29093.0)
(635, 19.976529359817505, -82955.0, -29093.0)
(636, 20.03170895576477, -82955.0, -29093.0)
(637, 20.10516119003296, -82955.0, -29093.0)
(638, 20.163121461868286, -82955.0, -29093.0)
(639, 20.222331047058105, -82955.0, -29093.0)
(640, 20.30365538597107, -82955.0, -29093.0)
(641, 20.357977151870728, -82955.0, -29093.0)
(642, 20.41354274749756, -82955.0, -29093.0)
(643, 20.458221673965454, -82955.0, -29093.0)
(644, 20.545420169830322, -82955.0, -29093.0)
(645, 20.626763343811035, -82955.0, -29093.0)
(646, 20.675126552581787, -82955.0, -29093.0)
(647, 20.77229380607605, -82955.0, -29093.0)
(648, 20.836415767669678, -82955.0, -29093.0)
(649, 20.95833420753479, -82455.49737876802, -29093.0)
(650, 21.07767915725708, -82455.49737876802, -29093.0)
(651, 21.21808958053589, -80976.41914934499, -29093.0)
(652, 21.380226612091064, -62829.28743831147, -31948.47443419934)
(653, 21.538589000701904, -33721.6454335356, -32386.925743749922)
(654, 21.656656980514526, -32964.62349312917, -32429.445609859533)
(655, 21.756948709487915, -32794.761296581884, -32450.396778491133)
(656, 21.841902017593384, -32573.021377444064, -32460.571385481257)
(657, 21.925107955932617, -32545.849268545844, -32463.530670270757)
(658, 21.987837553024292, -32484.856466265595, -32465.344921543332)
(659, 22.02798342704773, -32465.825531915016, -32465.825531914896)
(660, 22.05230450630188, -32465.825531915016, -32465.8255319149)
