(1, 0.1032412052154541, -759217.0, -54283.0)
(2, 0.20172929763793945, -759217.0, -54283.0)
(3, 0.30104923248291016, -759217.0, -54283.0)
(4, 0.3995332717895508, -759217.0, -54283.0)
(5, 0.498201847076416, -759217.0, -54283.0)
(6, 0.5965056419372559, -759217.0, -54283.0)
(7, 0.694932222366333, -759217.0, -54283.0)
(8, 0.7939653396606445, -759217.0, -54283.0)
(9, 0.8924920558929443, -759217.0, -54283.0)
(10, 0.9924323558807373, -759217.0, -54283.0)
(11, 1.0927042961120605, -759217.0, -54283.0)
(12, 1.1915175914764404, -759217.0, -54283.0)
(13, 1.2899374961853027, -759217.0, -54283.0)
(14, 1.3883554935455322, -759217.0, -54283.0)
(15, 1.4857141971588135, -759217.0, -54283.0)
(16, 1.586245059967041, -759217.0, -54283.0)
(17, 1.684152603149414, -759217.0, -54283.0)
(18, 1.7825720310211182, -759217.0, -54283.0)
(19, 1.8802714347839355, -759217.0, -54283.0)
(20, 1.9780573844909668, -759217.0, -54283.0)
(21, 2.076201915740967, -759217.0, -54283.0)
(22, 2.1766326427459717, -759217.0, -54283.0)
(23, 2.27862548828125, -759217.0, -54283.0)
(24, 2.382246255874634, -759217.0, -54283.0)
(25, 2.485755443572998, -759217.0, -54283.0)
(26, 2.5881705284118652, -759217.0, -54283.0)
(27, 2.689868450164795, -759217.0, -54283.0)
(28, 2.7906410694122314, -759217.0, -54283.0)
(29, 2.8922054767608643, -759217.0, -54283.0)
(30, 2.9942123889923096, -759217.0, -54283.0)
(31, 3.095921516418457, -759217.0, -54283.0)
(32, 3.197054624557495, -759217.0, -54283.0)
(33, 3.298588514328003, -759217.0, -54283.0)
(34, 3.3990225791931152, -759217.0, -54283.0)
(35, 3.5000998973846436, -759217.0, -54283.0)
(36, 3.6016557216644287, -759217.0, -54283.0)
(37, 3.702115535736084, -759217.0, -54283.0)
(38, 3.8033828735351562, -759217.0, -54283.0)
(39, 3.9280970096588135, -759217.0, -54283.0)
(40, 4.036062955856323, -759217.0, -54283.0)
(41, 4.1413140296936035, -759217.0, -54283.0)
(42, 4.246461868286133, -759217.0, -54283.0)
(43, 4.350034952163696, -759217.0, -54283.0)
(44, 4.454942464828491, -759217.0, -54283.0)
(45, 4.55884861946106, -759217.0, -54283.0)
(46, 4.663625955581665, -759217.0, -54283.0)
(47, 4.768764972686768, -759217.0, -54283.0)
(48, 4.873637676239014, -759217.0, -54283.0)
(49, 4.978637218475342, -759217.0, -54283.0)
(50, 5.082519769668579, -759217.0, -54283.0)
(51, 5.185527563095093, -759217.0, -54283.0)
(52, 5.289993524551392, -759217.0, -54283.0)
(53, 5.396692514419556, -759217.0, -54283.0)
(54, 5.50415301322937, -759217.0, -54283.0)
(55, 5.611038446426392, -759217.0, -54283.0)
(56, 5.718539476394653, -759217.0, -54283.0)
(57, 5.82555365562439, -759217.0, -54283.0)
(58, 5.9330713748931885, -759217.0, -54283.0)
(59, 6.041395425796509, -759217.0, -54283.0)
(60, 6.149693012237549, -759217.0, -54283.0)
(61, 6.25653076171875, -759217.0, -54283.0)
(62, 6.363802671432495, -759217.0, -54283.0)
(63, 6.471173524856567, -759217.0, -54283.0)
(64, 6.578211307525635, -759217.0, -54283.0)
(65, 6.684615612030029, -759217.0, -54283.0)
(66, 6.791491508483887, -759217.0, -54283.0)
(67, 6.904240131378174, -759217.0, -54283.0)
(68, 7.0156731605529785, -759217.0, -54283.0)
(69, 7.1259846687316895, -759217.0, -54283.0)
(70, 7.236062049865723, -759217.0, -54283.0)
(71, 7.346889495849609, -759217.0, -54283.0)
(72, 7.458377838134766, -759217.0, -54283.0)
(73, 7.571747064590454, -759217.0, -54283.0)
(74, 7.682957410812378, -759217.0, -54283.0)
(75, 7.794968605041504, -759217.0, -54283.0)
(76, 7.905428171157837, -759217.0, -54283.0)
(77, 8.014846563339233, -759217.0, -54283.0)
(78, 8.126834154129028, -759217.0, -54283.0)
(79, 8.236073970794678, -759217.0, -54283.0)
(80, 8.34847092628479, -759217.0, -54283.0)
(81, 8.458003997802734, -759217.0, -54283.0)
(82, 8.573535680770874, -759217.0, -54283.0)
(83, 8.687255859375, -759217.0, -54283.0)
(84, 8.802249908447266, -759217.0, -54283.0)
(85, 8.916940689086914, -759217.0, -54283.0)
(86, 9.030175924301147, -759217.0, -54283.0)
(87, 9.144254684448242, -759217.0, -54283.0)
(88, 9.258427858352661, -759217.0, -54283.0)
(89, 9.373883962631226, -759217.0, -54283.0)
(90, 9.487067699432373, -759217.0, -54283.0)
(91, 9.60421633720398, -759217.0, -54283.0)
(92, 9.719578504562378, -759217.0, -54283.0)
(93, 9.836613655090332, -759217.0, -54283.0)
(94, 9.953845977783203, -759217.0, -54283.0)
(95, 10.067135572433472, -759217.0, -54283.0)
(96, 10.183583498001099, -759217.0, -54283.0)
(97, 10.296555995941162, -759217.0, -54283.0)
(98, 10.412755250930786, -759217.0, -54283.0)
(99, 10.531565189361572, -759217.0, -54283.0)
(100, 10.64947247505188, -759217.0, -54283.0)
(101, 10.766039848327637, -759217.0, -54283.0)
(102, 10.885949611663818, -759217.0, -54283.0)
(103, 11.005545139312744, -759217.0, -54283.0)
(104, 11.120723962783813, -759217.0, -54283.0)
(105, 11.241597414016724, -759217.0, -54283.0)
(106, 11.363011121749878, -759217.0, -54283.0)
(107, 11.481277227401733, -759217.0, -54283.0)
(108, 11.606769800186157, -759217.0, -54283.0)
(109, 11.730124473571777, -759217.0, -54283.0)
(110, 11.85497760772705, -759217.0, -54283.0)
(111, 11.977672815322876, -759217.0, -54283.0)
(112, 12.102628707885742, -759217.0, -54283.0)
(113, 12.225912809371948, -759217.0, -54283.0)
(114, 12.347881317138672, -759217.0, -54283.0)
(115, 12.471498966217041, -759217.0, -54283.0)
(116, 12.59415054321289, -759217.0, -54283.0)
(117, 12.720158815383911, -759217.0, -54283.0)
(118, 12.841381072998047, -759217.0, -54283.0)
(119, 12.965561389923096, -759217.0, -54283.0)
(120, 13.090276002883911, -759217.0, -54283.0)
(121, 13.218468427658081, -759217.0, -54283.0)
(122, 13.34419322013855, -759217.0, -54283.0)
(123, 13.465754985809326, -759217.0, -54283.0)
(124, 13.595820426940918, -759217.0, -54283.0)
(125, 13.722841501235962, -759217.0, -54283.0)
(126, 13.850183963775635, -759217.0, -54283.0)
(127, 13.979926347732544, -759217.0, -54283.0)
(128, 14.106370449066162, -759217.0, -54283.0)
(129, 14.235147953033447, -759217.0, -54283.0)
(130, 14.364144325256348, -759217.0, -54283.0)
(131, 14.494385242462158, -759217.0, -54283.0)
(132, 14.629469394683838, -759217.0, -54283.0)
(133, 14.763495206832886, -759217.0, -54283.0)
(134, 14.89391541481018, -759217.0, -54283.0)
(135, 15.023754835128784, -759217.0, -54283.0)
(136, 15.152310848236084, -759217.0, -54283.0)
(137, 15.27873945236206, -759217.0, -54283.0)
(138, 15.410268068313599, -759217.0, -54283.0)
(139, 15.541553497314453, -759217.0, -54283.0)
(140, 15.673039436340332, -759217.0, -54283.0)
(141, 15.80565881729126, -759217.0, -54283.0)
(142, 15.940343379974365, -759217.0, -54283.0)
(143, 16.07101821899414, -759217.0, -54283.0)
(144, 16.203948736190796, -759217.0, -54283.0)
(145, 16.33539843559265, -759217.0, -54283.0)
(146, 16.46857261657715, -759217.0, -54283.0)
(147, 16.60482907295227, -759217.0, -54283.0)
(148, 16.735382318496704, -759217.0, -54283.0)
(149, 16.868900060653687, -759217.0, -54283.0)
(150, 17.004617929458618, -759217.0, -54283.0)
(151, 17.14707899093628, -759217.0, -54283.0)
(152, 17.2818341255188, -759217.0, -54283.0)
(153, 17.41724681854248, -759217.0, -54283.0)
(154, 17.553314447402954, -759217.0, -54283.0)
(155, 17.689135789871216, -759217.0, -54283.0)
(156, 17.829960584640503, -759217.0, -54283.0)
(157, 17.96992802619934, -759217.0, -54283.0)
(158, 18.10746479034424, -759217.0, -54283.0)
(159, 18.246498823165894, -759217.0, -54283.0)
(160, 18.385572910308838, -759217.0, -54283.0)
(161, 18.527029991149902, -759217.0, -54283.0)
(162, 18.66504955291748, -759217.0, -54283.0)
(163, 18.80418848991394, -759217.0, -54283.0)
(164, 18.942893266677856, -759217.0, -54283.0)
(165, 19.08392310142517, -759217.0, -54283.0)
(166, 19.225809574127197, -759217.0, -54283.0)
(167, 19.36924648284912, -759217.0, -54283.0)
(168, 19.511111974716187, -759217.0, -54283.0)
(169, 19.653530597686768, -759217.0, -54283.0)
(170, 19.79409432411194, -759217.0, -54283.0)
(171, 19.93955969810486, -759217.0, -54283.0)
(172, 20.080297470092773, -759217.0, -54283.0)
(173, 20.222848176956177, -759217.0, -54283.0)
(174, 20.368345737457275, -759217.0, -54283.0)
(175, 20.51064682006836, -759217.0, -54283.0)
(176, 20.656995058059692, -759217.0, -54283.0)
(177, 20.80157494544983, -759217.0, -54283.0)
(178, 20.943657636642456, -759217.0, -54283.0)
(179, 21.086403608322144, -759217.0, -54283.0)
(180, 21.22738814353943, -759217.0, -54283.0)
(181, 21.371790409088135, -759217.0, -54283.0)
(182, 21.528490781784058, -759217.0, -54283.0)
(183, 21.68511176109314, -759217.0, -54283.0)
(184, 21.834864139556885, -759217.0, -54283.0)
(185, 21.997395753860474, -759217.0, -54283.0)
(186, 22.151809692382812, -759217.0, -54283.0)
(187, 22.306930541992188, -759217.0, -54283.0)
(188, 22.459859609603882, -759217.0, -54283.0)
(189, 22.61240553855896, -759217.0, -54283.0)
(190, 22.768519401550293, -759217.0, -54283.0)
(191, 22.921579360961914, -759217.0, -54283.0)
(192, 23.093749284744263, -759217.0, -54283.0)
(193, 23.24922490119934, -759217.0, -54283.0)
(194, 23.396771907806396, -759217.0, -54283.0)
(195, 23.572938919067383, -759217.0, -54283.0)
(196, 23.725699186325073, -759217.0, -54283.0)
(197, 23.916476488113403, -759217.0, -54283.0)
(198, 24.07987070083618, -759217.0, -54283.0)
(199, 24.238951683044434, -759217.0, -54283.0)
(200, 24.398221254348755, -759217.0, -54283.0)
(201, 24.5587100982666, -759217.0, -54283.0)
(202, 24.712287425994873, -759217.0, -54283.0)
(203, 24.871577262878418, -759217.0, -54283.0)
(204, 25.027408599853516, -759217.0, -54283.0)
(205, 25.191975355148315, -759217.0, -54283.0)
(206, 25.35834574699402, -759217.0, -54283.0)
(207, 25.52232551574707, -759217.0, -54283.0)
(208, 25.68922710418701, -759217.0, -54283.0)
(209, 25.853090524673462, -759217.0, -54283.0)
(210, 26.02921414375305, -759217.0, -54283.0)
(211, 26.194491147994995, -759217.0, -54283.0)
(212, 26.35594916343689, -759217.0, -54283.0)
(213, 26.518884420394897, -759217.0, -54283.0)
(214, 26.679924488067627, -759217.0, -54283.0)
(215, 26.84319543838501, -759217.0, -54283.0)
(216, 27.048152685165405, -759217.0, -54283.0)
(217, 27.21246838569641, -759217.0, -54283.0)
(218, 27.3779776096344, -759217.0, -54283.0)
(219, 27.557053804397583, -759217.0, -54283.0)
(220, 27.73209261894226, -759217.0, -54283.0)
(221, 27.90583086013794, -759217.0, -54283.0)
(222, 28.108203172683716, -759217.0, -54283.0)
(223, 28.29032611846924, -759217.0, -54283.0)
(224, 28.478697776794434, -759217.0, -54283.0)
(225, 28.663496017456055, -759217.0, -54283.0)
(226, 28.83534264564514, -759217.0, -54283.0)
(227, 29.00856113433838, -759217.0, -54283.0)
(228, 29.187239170074463, -759217.0, -54283.0)
(229, 29.34334444999695, -759217.0, -54283.0)
(230, 29.511884450912476, -759217.0, -54283.0)
(231, 29.697679042816162, -759217.0, -54283.0)
(232, 29.87033247947693, -759217.0, -54283.0)
(233, 30.03938102722168, -759217.0, -54283.0)
(234, 30.218358039855957, -759217.0, -54283.0)
(235, 30.38107419013977, -759217.0, -54283.0)
(236, 30.55064558982849, -759217.0, -54283.0)
(237, 30.7121844291687, -759217.0, -54283.0)
(238, 30.878977298736572, -759217.0, -54283.0)
(239, 31.047176122665405, -759217.0, -54283.0)
(240, 31.218162059783936, -759217.0, -54283.0)
(241, 31.375213146209717, -759217.0, -54283.0)
(242, 31.539165496826172, -759217.0, -54283.0)
(243, 31.7039897441864, -759217.0, -54283.0)
(244, 31.8708553314209, -759217.0, -54283.0)
(245, 32.0349760055542, -759217.0, -54283.0)
(246, 32.198617458343506, -759217.0, -54283.0)
(247, 32.43440008163452, -759217.0, -54283.0)
(248, 32.641101360321045, -759217.0, -54283.0)
(249, 32.8279914855957, -759217.0, -54283.0)
(250, 33.02111196517944, -759217.0, -54283.0)
(251, 33.20761728286743, -759217.0, -54283.0)
(252, 33.38453984260559, -759217.0, -54283.0)
(253, 33.569775342941284, -759217.0, -54283.0)
(254, 33.75669622421265, -759217.0, -54283.0)
(255, 33.934775590896606, -759217.0, -54283.0)
(256, 34.12591099739075, -759217.0, -54283.0)
(257, 34.31924533843994, -759217.0, -54283.0)
(258, 34.49524283409119, -759217.0, -54283.0)
(259, 34.67896270751953, -759217.0, -54283.0)
(260, 34.87403106689453, -759217.0, -54283.0)
(261, 35.075669050216675, -759217.0, -54283.0)
(262, 35.28599786758423, -759217.0, -54283.0)
(263, 35.49691414833069, -759217.0, -54283.0)
(264, 35.69491481781006, -672596.0689655172, -54283.0)
(265, 35.88780903816223, -672596.0689655172, -54283.0)
(266, 36.06516218185425, -672596.0689655172, -54283.0)
(267, 36.2801308631897, -672596.0689655172, -54283.0)
(268, 36.464242458343506, -672596.0689655172, -54283.0)
(269, 36.63701629638672, -672596.0689655172, -54283.0)
(270, 36.80588412284851, -672596.0689655172, -54283.0)
(271, 36.978991985321045, -672596.0689655172, -54283.0)
(272, 37.15315794944763, -672596.0689655172, -54283.0)
(273, 37.333120822906494, -672596.0689655172, -54283.0)
(274, 37.50248622894287, -672596.0689655172, -54283.0)
(275, 37.67446732521057, -672596.0689655172, -54283.0)
(276, 37.84483814239502, -672596.0689655172, -54283.0)
(277, 38.02100110054016, -672596.0689655172, -54283.0)
(278, 38.23634958267212, -672596.0689655172, -54283.0)
(279, 38.4419162273407, -672596.0689655172, -54283.0)
(280, 38.645095109939575, -672596.0689655172, -54283.0)
(281, 38.83904457092285, -672596.0689655172, -54283.0)
(282, 39.03935647010803, -672596.0689655172, -54283.0)
(283, 39.241283893585205, -672596.0689655172, -54283.0)
(284, 39.42517137527466, -672596.0689655172, -54283.0)
(285, 39.7017560005188, -672596.0689655172, -54283.0)
(286, 39.88780927658081, -672596.0689655172, -54283.0)
(287, 40.09896159172058, -672596.0689655172, -54283.0)
(288, 40.286051988601685, -672596.0689655172, -54283.0)
(289, 40.49788999557495, -672596.0689655172, -54283.0)
(290, 40.71540904045105, -672596.0689655172, -54283.0)
(291, 40.92398810386658, -672596.0689655172, -54283.0)
(292, 41.120792865753174, -672596.0689655172, -54283.0)
(293, 41.31440019607544, -672596.0689655172, -54283.0)
(294, 41.51732683181763, -672596.0689655172, -54283.0)
(295, 41.71359586715698, -672596.0689655172, -54283.0)
(296, 41.98690915107727, -672596.0689655172, -54283.0)
(297, 42.1946074962616, -672596.0689655172, -54283.0)
(298, 42.38084650039673, -672596.0689655172, -54283.0)
(299, 42.57973766326904, -672596.0689655172, -54283.0)
(300, 42.780439376831055, -672596.0689655172, -54283.0)
(301, 42.974913120269775, -672596.0689655172, -54283.0)
(302, 43.155014753341675, -672596.0689655172, -54283.0)
(303, 43.33909749984741, -672596.0689655172, -54283.0)
(304, 43.51078462600708, -672596.0689655172, -54283.0)
(305, 43.68479681015015, -672596.0689655172, -54283.0)
(306, 43.85621953010559, -672596.0689655172, -54283.0)
(307, 44.07554841041565, -672596.0689655172, -54283.0)
(308, 44.2722442150116, -672596.0689655172, -54283.0)
(309, 44.5074257850647, -672596.0689655172, -54283.0)
(310, 44.70572113990784, -672596.0689655172, -54283.0)
(311, 44.89862012863159, -672596.0689655172, -54283.0)
(312, 45.10059881210327, -672596.0689655172, -54283.0)
(313, 45.31904220581055, -672596.0689655172, -54283.0)
(314, 45.54430794715881, -672596.0689655172, -54283.0)
(315, 45.725029706954956, -672596.0689655172, -54283.0)
(316, 45.9211962223053, -672596.0689655172, -54283.0)
(317, 46.121501445770264, -672596.0689655172, -54283.0)
(318, 46.33207821846008, -672596.0689655172, -54283.0)
(319, 46.53514838218689, -672596.0689655172, -54283.0)
(320, 46.723084688186646, -672596.0689655172, -54283.0)
(321, 46.89903473854065, -672596.0689655172, -54283.0)
(322, 47.07675051689148, -672596.0689655172, -54283.0)
(323, 47.2509560585022, -672596.0689655172, -54283.0)
(324, 47.42875599861145, -672596.0689655172, -54283.0)
(325, 47.610533475875854, -672596.0689655172, -54283.0)
(326, 47.78418970108032, -672596.0689655172, -54283.0)
(327, 47.966228723526, -672596.0689655172, -54283.0)
(328, 48.14610147476196, -672596.0689655172, -54283.0)
(329, 48.3339958190918, -672596.0689655172, -54283.0)
(330, 48.520976305007935, -672596.0689655172, -54283.0)
(331, 48.69994306564331, -672596.0689655172, -54283.0)
(332, 48.88374042510986, -672596.0689655172, -54283.0)
(333, 49.069626808166504, -672596.0689655172, -54283.0)
(334, 49.24587345123291, -672596.0689655172, -54283.0)
(335, 49.41895127296448, -672596.0689655172, -54283.0)
(336, 49.61750602722168, -672596.0689655172, -54283.0)
(337, 49.79909825325012, -672596.0689655172, -54283.0)
(338, 50.02744507789612, -672596.0689655172, -54283.0)
(339, 50.233224391937256, -672596.0689655172, -54283.0)
(340, 50.42187142372131, -672596.0689655172, -54283.0)
(341, 50.6021933555603, -672596.0689655172, -54283.0)
(342, 50.78726840019226, -672596.0689655172, -54283.0)
(343, 50.970877170562744, -672596.0689655172, -54283.0)
(344, 51.15591764450073, -672596.0689655172, -54283.0)
(345, 51.34713888168335, -672596.0689655172, -54283.0)
(346, 51.55472493171692, -672596.0689655172, -54283.0)
(347, 51.747302770614624, -672596.0689655172, -54283.0)
(348, 51.944289445877075, -672596.0689655172, -54283.0)
(349, 52.13344073295593, -672596.0689655172, -54283.0)
(350, 52.32792520523071, -672596.0689655172, -54283.0)
(351, 52.523443937301636, -672596.0689655172, -54283.0)
(352, 52.71154284477234, -672596.0689655172, -54283.0)
(353, 52.910985469818115, -672596.0689655172, -54283.0)
(354, 53.10549187660217, -672596.0689655172, -54283.0)
(355, 53.2950382232666, -672596.0689655172, -54283.0)
(356, 53.49398136138916, -672596.0689655172, -54283.0)
(357, 53.6877076625824, -672596.0689655172, -54283.0)
(358, 53.88578152656555, -672596.0689655172, -54283.0)
(359, 54.07764220237732, -672596.0689655172, -54283.0)
(360, 54.28159427642822, -672596.0689655172, -54283.0)
(361, 54.47736120223999, -672596.0689655172, -54283.0)
(362, 54.67545223236084, -672596.0689655172, -54283.0)
(363, 54.86062550544739, -672596.0689655172, -54283.0)
(364, 55.05768299102783, -672596.0689655172, -54283.0)
(365, 55.24980306625366, -672596.0689655172, -54283.0)
(366, 55.43537878990173, -672596.0689655172, -54283.0)
(367, 55.62309956550598, -672596.0689655172, -54283.0)
(368, 55.80623936653137, -672596.0689655172, -54283.0)
(369, 55.99063849449158, -672596.0689655172, -54283.0)
(370, 56.175793409347534, -672596.0689655172, -54283.0)
(371, 56.364938735961914, -672596.0689655172, -54283.0)
(372, 56.567218542099, -672596.0689655172, -54283.0)
(373, 56.78119707107544, -672596.0689655172, -54283.0)
(374, 56.98646330833435, -672596.0689655172, -54283.0)
(375, 57.18841576576233, -672596.0689655172, -54283.0)
(376, 57.38700461387634, -672596.0689655172, -54283.0)
(377, 57.57996869087219, -672596.0689655172, -54283.0)
(378, 57.77509117126465, -672596.0689655172, -54283.0)
(379, 57.97589826583862, -672596.0689655172, -54283.0)
(380, 58.16776657104492, -672596.0689655172, -54283.0)
(381, 58.37921929359436, -672596.0689655172, -54283.0)
(382, 58.57757806777954, -672596.0689655172, -54283.0)
(383, 58.77317667007446, -672596.0689655172, -54283.0)
(384, 58.983436584472656, -672596.0689655172, -54283.0)
(385, 59.18575644493103, -672596.0689655172, -54283.0)
(386, 59.389411211013794, -672596.0689655172, -54283.0)
(387, 59.59154915809631, -672596.0689655172, -54283.0)
(388, 59.79524064064026, -672596.0689655172, -54283.0)
(389, 59.99906349182129, -672596.0689655172, -54283.0)
(390, 60.21024036407471, -672596.0689655172, -54283.0)
(391, 60.422874212265015, -672596.0689655172, -54283.0)
(392, 60.650293588638306, -672596.0689655172, -54283.0)
(393, 60.86239171028137, -672596.0689655172, -54283.0)
(394, 61.07767915725708, -672596.0689655172, -54283.0)
(395, 61.29464554786682, -672596.0689655172, -54283.0)
(396, 61.50085806846619, -672596.0689655172, -54283.0)
(397, 61.70736336708069, -672596.0689655172, -54283.0)
(398, 61.91646862030029, -672596.0689655172, -54283.0)
(399, 62.13080286979675, -672596.0689655172, -54283.0)
(400, 62.34538006782532, -672596.0689655172, -54283.0)
(401, 62.56383657455444, -672596.0689655172, -54283.0)
(402, 62.77935004234314, -672596.0689655172, -54283.0)
(403, 62.98678159713745, -672596.0689655172, -54283.0)
(404, 63.199251651763916, -672596.0689655172, -54283.0)
(405, 63.41279125213623, -672596.0689655172, -54283.0)
(406, 63.630149126052856, -672596.0689655172, -54283.0)
(407, 63.83357286453247, -672596.0689655172, -54283.0)
(408, 64.04849481582642, -672596.0689655172, -54283.0)
(409, 64.26085090637207, -672596.0689655172, -54283.0)
(410, 64.47452569007874, -672596.0689655172, -54283.0)
(411, 64.6936902999878, -672596.0689655172, -54283.0)
(412, 64.90914797782898, -672596.0689655172, -54283.0)
(413, 65.11128067970276, -672596.0689655172, -54283.0)
(414, 65.32846021652222, -672596.0689655172, -54283.0)
(415, 65.55178761482239, -672596.0689655172, -54283.0)
(416, 65.78400087356567, -672596.0689655172, -54283.0)
(417, 65.99810814857483, -672596.0689655172, -54283.0)
(418, 66.2097487449646, -672596.0689655172, -54283.0)
(419, 66.42658615112305, -672596.0689655172, -54283.0)
(420, 66.63497185707092, -672596.0689655172, -54283.0)
(421, 66.84458899497986, -672596.0689655172, -54283.0)
(422, 67.054203748703, -672596.0689655172, -54283.0)
(423, 67.2593150138855, -672596.0689655172, -54283.0)
(424, 67.46606492996216, -672596.0689655172, -54283.0)
(425, 67.67709541320801, -672596.0689655172, -54283.0)
(426, 67.8818109035492, -672596.0689655172, -54283.0)
(427, 68.09178757667542, -672596.0689655172, -54283.0)
(428, 68.3083655834198, -672596.0689655172, -54283.0)
(429, 68.51663661003113, -672596.0689655172, -54283.0)
(430, 68.7346134185791, -672596.0689655172, -54283.0)
(431, 68.95215034484863, -672596.0689655172, -54283.0)
(432, 69.16810774803162, -672596.0689655172, -54283.0)
(433, 69.38421940803528, -672596.0689655172, -54283.0)
(434, 69.59568333625793, -672596.0689655172, -54283.0)
(435, 69.80733275413513, -672596.0689655172, -54283.0)
(436, 70.02931499481201, -672596.0689655172, -54283.0)
(437, 70.24217200279236, -672596.0689655172, -54283.0)
(438, 70.45173501968384, -672596.0689655172, -54283.0)
(439, 70.66450619697571, -672596.0689655172, -54283.0)
(440, 70.89601802825928, -672596.0689655172, -54283.0)
(441, 71.11288785934448, -672596.0689655172, -54283.0)
(442, 71.32920241355896, -672596.0689655172, -54283.0)
(443, 71.5490140914917, -672596.0689655172, -54283.0)
(444, 71.77705574035645, -672596.0689655172, -54283.0)
(445, 71.99456977844238, -672596.0689655172, -54283.0)
(446, 72.22636604309082, -672596.0689655172, -54283.0)
(447, 72.46245241165161, -672596.0689655172, -54283.0)
(448, 72.69199180603027, -672596.0689655172, -54283.0)
(449, 72.90958213806152, -672596.0689655172, -54283.0)
(450, 73.1246280670166, -672596.0689655172, -54283.0)
(451, 73.34227585792542, -672596.0689655172, -54283.0)
(452, 73.57954955101013, -672596.0689655172, -54283.0)
(453, 73.81582403182983, -672596.0689655172, -54283.0)
(454, 74.03563356399536, -672596.0689655172, -54283.0)
(455, 74.27578520774841, -672596.0689655172, -54283.0)
(456, 74.50492572784424, -672596.0689655172, -54283.0)
(457, 74.71938800811768, -672596.0689655172, -54283.0)
(458, 74.95068717002869, -672596.0689655172, -54283.0)
(459, 75.17756056785583, -672596.0689655172, -54283.0)
(460, 75.40322971343994, -672596.0689655172, -54283.0)
(461, 75.63475441932678, -672596.0689655172, -54283.0)
(462, 75.86860585212708, -672596.0689655172, -54283.0)
(463, 76.10226559638977, -672596.0689655172, -54283.0)
(464, 76.32354259490967, -672596.0689655172, -54283.0)
(465, 76.54926013946533, -672596.0689655172, -54283.0)
(466, 76.78757905960083, -672596.0689655172, -54283.0)
(467, 77.02324414253235, -672596.0689655172, -54283.0)
(468, 77.27006149291992, -672596.0689655172, -54283.0)
(469, 77.50317764282227, -672596.0689655172, -54283.0)
(470, 77.7471182346344, -672596.0689655172, -54283.0)
(471, 77.98315930366516, -672596.0689655172, -54283.0)
(472, 78.21324634552002, -672596.0689655172, -54283.0)
(473, 78.44873380661011, -672596.0689655172, -54283.0)
(474, 78.67692565917969, -672596.0689655172, -54283.0)
(475, 78.90121340751648, -672596.0689655172, -54283.0)
(476, 79.13135576248169, -672596.0689655172, -54283.0)
(477, 79.36418843269348, -672596.0689655172, -54283.0)
(478, 79.59496855735779, -672596.0689655172, -54283.0)
(479, 79.82554984092712, -672596.0689655172, -54283.0)
(480, 80.06464791297913, -672596.0689655172, -54283.0)
(481, 80.29281902313232, -672596.0689655172, -54283.0)
(482, 80.51665806770325, -672596.0689655172, -54283.0)
(483, 80.74570155143738, -672596.0689655172, -54283.0)
(484, 81.00187468528748, -672596.0689655172, -54283.0)
(485, 81.23539710044861, -672596.0689655172, -54283.0)
(486, 81.47569608688354, -672596.0689655172, -54283.0)
(487, 81.7322165966034, -672596.0689655172, -54283.0)
(488, 81.97149872779846, -672596.0689655172, -54283.0)
(489, 82.20053791999817, -672596.0689655172, -54283.0)
(490, 82.42612862586975, -672596.0689655172, -54283.0)
(491, 82.66927456855774, -672596.0689655172, -54283.0)
(492, 82.89605331420898, -672596.0689655172, -54283.0)
(493, 83.15316867828369, -672596.0689655172, -54283.0)
(494, 83.3873872756958, -672596.0689655172, -54283.0)
(495, 83.62498641014099, -672596.0689655172, -54283.0)
(496, 83.84974455833435, -672596.0689655172, -54283.0)
(497, 84.09696221351624, -672596.0689655172, -54283.0)
(498, 84.33183097839355, -672596.0689655172, -54283.0)
(499, 84.56786799430847, -672596.0689655172, -54283.0)
(500, 84.81989026069641, -672596.0689655172, -54283.0)
(501, 85.07153248786926, -672596.0689655172, -54283.0)
(502, 85.30558609962463, -672596.0689655172, -54283.0)
(503, 85.56847834587097, -672596.0689655172, -54283.0)
(504, 85.81735682487488, -672596.0689655172, -54283.0)
(505, 86.077876329422, -672596.0689655172, -54283.0)
(506, 86.34298324584961, -672596.0689655172, -54283.0)
(507, 86.59795260429382, -672596.0689655172, -54283.0)
(508, 86.8467538356781, -672596.0689655172, -54283.0)
(509, 87.09240555763245, -672596.0689655172, -54283.0)
(510, 87.33089685440063, -672596.0689655172, -54283.0)
(511, 87.56738591194153, -672596.0689655172, -54283.0)
(512, 87.8074734210968, -672596.0689655172, -54283.0)
(513, 88.06934905052185, -672596.0689655172, -54283.0)
(514, 88.31130504608154, -672596.0689655172, -54283.0)
(515, 88.55086779594421, -672596.0689655172, -54283.0)
(516, 88.79169082641602, -672596.0689655172, -54283.0)
(517, 89.02588820457458, -672596.0689655172, -54283.0)
(518, 89.28347587585449, -672596.0689655172, -54283.0)
(519, 89.52535104751587, -672596.0689655172, -54283.0)
(520, 89.78165602684021, -672596.0689655172, -54283.0)
(521, 90.03310656547546, -672596.0689655172, -54283.0)
(522, 90.28343605995178, -672596.0689655172, -54283.0)
(523, 90.53364872932434, -672596.0689655172, -54283.0)
(524, 90.78737735748291, -672596.0689655172, -54283.0)
(525, 91.02784299850464, -672596.0689655172, -54283.0)
(526, 91.26049184799194, -672596.0689655172, -54283.0)
(527, 91.50491857528687, -672596.0689655172, -54283.0)
(528, 91.76179337501526, -672596.0689655172, -54283.0)
(529, 92.01159834861755, -672596.0689655172, -54283.0)
(530, 92.27586627006531, -672596.0689655172, -54283.0)
(531, 92.52832841873169, -672596.0689655172, -54283.0)
(532, 92.78581166267395, -672596.0689655172, -54283.0)
(533, 93.0446605682373, -672596.0689655172, -54283.0)
(534, 93.29080104827881, -672596.0689655172, -54283.0)
(535, 93.5526385307312, -672596.0689655172, -54283.0)
(536, 93.82880520820618, -672596.0689655172, -54283.0)
(537, 94.08347821235657, -672596.0689655172, -54283.0)
(538, 94.33262801170349, -672596.0689655172, -54283.0)
(539, 94.58290338516235, -672596.0689655172, -54283.0)
(540, 94.82404017448425, -672596.0689655172, -54283.0)
(541, 95.06101131439209, -672596.0689655172, -54283.0)
(542, 95.32705616950989, -672596.0689655172, -54283.0)
(543, 95.58416223526001, -672596.0689655172, -54283.0)
(544, 95.84436702728271, -672596.0689655172, -54283.0)
(545, 96.10925197601318, -672596.0689655172, -54283.0)
(546, 96.35859942436218, -672596.0689655172, -54283.0)
(547, 96.6331684589386, -672596.0689655172, -54283.0)
(548, 96.88428568840027, -672596.0689655172, -54283.0)
(549, 97.16280436515808, -672596.0689655172, -54283.0)
(550, 97.43260264396667, -672596.0689655172, -54283.0)
(551, 97.68839049339294, -672596.0689655172, -54283.0)
(552, 97.96360993385315, -672596.0689655172, -54283.0)
(553, 98.23206877708435, -672596.0689655172, -54283.0)
(554, 98.48744797706604, -672596.0689655172, -54283.0)
(555, 98.75184321403503, -672596.0689655172, -54283.0)
(556, 99.00945591926575, -672596.0689655172, -54283.0)
(557, 99.26193165779114, -672596.0689655172, -54283.0)
(558, 99.52498745918274, -672596.0689655172, -54283.0)
(559, 99.78195571899414, -672596.0689655172, -54283.0)
(560, 100.04024267196655, -672596.0689655172, -54283.0)
(561, 100.3038284778595, -672596.0689655172, -54283.0)
(562, 100.57079839706421, -672596.0689655172, -54283.0)
(563, 100.83387589454651, -672596.0689655172, -54283.0)
(564, 101.08736205101013, -672596.0689655172, -54283.0)
(565, 101.34515500068665, -672596.0689655172, -54283.0)
(566, 101.61995387077332, -672596.0689655172, -54283.0)
(567, 101.88165283203125, -672596.0689655172, -54283.0)
(568, 102.14257621765137, -672596.0689655172, -54283.0)
(569, 102.40165686607361, -672596.0689655172, -54283.0)
(570, 102.65244436264038, -672596.0689655172, -54283.0)
(571, 102.94569635391235, -672596.0689655172, -54283.0)
(572, 103.23715591430664, -672596.0689655172, -54283.0)
(573, 103.52331066131592, -672596.0689655172, -54283.0)
(574, 103.79807734489441, -672596.0689655172, -54283.0)
(575, 104.07561540603638, -672596.0689655172, -54283.0)
(576, 104.37297630310059, -672596.0689655172, -54283.0)
(577, 104.64889597892761, -672596.0689655172, -54283.0)
(578, 104.92248916625977, -672596.0689655172, -54283.0)
(579, 105.18403840065002, -672596.0689655172, -54283.0)
(580, 105.45265674591064, -672596.0689655172, -54283.0)
(581, 105.70923495292664, -672596.0689655172, -54283.0)
(582, 105.96946501731873, -672596.0689655172, -54283.0)
(583, 106.23316264152527, -672596.0689655172, -54283.0)
(584, 106.50006580352783, -672596.0689655172, -54283.0)
(585, 106.77021050453186, -672596.0689655172, -54283.0)
(586, 107.04658603668213, -672596.0689655172, -54283.0)
(587, 107.33103942871094, -672596.0689655172, -54283.0)
(588, 107.60287356376648, -672596.0689655172, -54283.0)
(589, 107.91713976860046, -672596.0689655172, -54283.0)
(590, 108.22000980377197, -672596.0689655172, -54283.0)
(591, 108.52180695533752, -672596.0689655172, -54283.0)
(592, 108.83279418945312, -672596.0689655172, -54283.0)
(593, 109.13609147071838, -672596.0689655172, -54283.0)
(594, 109.43420624732971, -672596.0689655172, -54283.0)
(595, 109.72567844390869, -672596.0689655172, -54283.0)
(596, 109.99348855018616, -672596.0689655172, -54283.0)
(597, 110.27668929100037, -672596.0689655172, -54283.0)
(598, 110.56780815124512, -672596.0689655172, -54283.0)
(599, 110.85398435592651, -672596.0689655172, -54283.0)
(600, 111.1419026851654, -672596.0689655172, -54283.0)
(601, 111.43520998954773, -672596.0689655172, -54283.0)
(602, 111.72988200187683, -672596.0689655172, -54283.0)
(603, 112.03853940963745, -672596.0689655172, -54283.0)
(604, 112.35288500785828, -672596.0689655172, -54283.0)
(605, 112.63485169410706, -672596.0689655172, -54283.0)
(606, 112.91802859306335, -672596.0689655172, -54283.0)
(607, 113.2033703327179, -672596.0689655172, -54283.0)
(608, 113.47958183288574, -672596.0689655172, -54283.0)
(609, 113.74232888221741, -672596.0689655172, -54283.0)
(610, 114.00995182991028, -672596.0689655172, -54283.0)
(611, 114.31162118911743, -672596.0689655172, -54283.0)
(612, 114.63013339042664, -672596.0689655172, -54283.0)
(613, 114.92238235473633, -672596.0689655172, -54283.0)
(614, 115.21197199821472, -672596.0689655172, -54283.0)
(615, 115.50579857826233, -672596.0689655172, -54283.0)
(616, 115.77764177322388, -672596.0689655172, -54283.0)
(617, 116.06798458099365, -672596.0689655172, -54283.0)
(618, 116.33442950248718, -569012.2413793104, -54283.0)
(619, 116.6066038608551, -569012.2413793104, -54283.0)
(620, 116.87010669708252, -569012.2413793104, -54283.0)
(621, 117.13060092926025, -569012.2413793104, -54283.0)
(622, 117.39567446708679, -569012.2413793104, -54283.0)
(623, 117.65932726860046, -569012.2413793104, -54283.0)
(624, 117.92950892448425, -569012.2413793104, -54283.0)
(625, 118.19447469711304, -569012.2413793104, -54283.0)
(626, 118.46891355514526, -569012.2413793104, -54283.0)
(627, 118.74319076538086, -569012.2413793104, -54283.0)
(628, 119.02103161811829, -569012.2413793104, -54283.0)
(629, 119.29247641563416, -569012.2413793104, -54283.0)
(630, 119.57380032539368, -569012.2413793104, -54283.0)
(631, 119.85460805892944, -569012.2413793104, -54283.0)
(632, 120.13555407524109, -569012.2413793104, -54283.0)
(633, 120.41096878051758, -569012.2413793104, -54283.0)
(634, 120.68497037887573, -569012.2413793104, -54283.0)
(635, 120.97426080703735, -569012.2413793104, -54283.0)
(636, 121.25338578224182, -569012.2413793104, -54283.0)
(637, 121.53360915184021, -569012.2413793104, -54283.0)
(638, 121.80747842788696, -569012.2413793104, -54283.0)
(639, 122.08050584793091, -569012.2413793104, -54283.0)
(640, 122.36335062980652, -569012.2413793104, -54283.0)
(641, 122.66405296325684, -569012.2413793104, -54283.0)
(642, 122.9413275718689, -569012.2413793104, -54283.0)
(643, 123.21890020370483, -569012.2413793104, -54283.0)
(644, 123.51513242721558, -569012.2413793104, -54283.0)
(645, 123.81230020523071, -569012.2413793104, -54283.0)
(646, 124.10602974891663, -569012.2413793104, -54283.0)
(647, 124.41043496131897, -569012.2413793104, -54283.0)
(648, 124.69114279747009, -569012.2413793104, -54283.0)
(649, 124.9692063331604, -569012.2413793104, -54283.0)
(650, 125.25301599502563, -569012.2413793104, -54283.0)
(651, 125.53596425056458, -569012.2413793104, -54283.0)
(652, 125.82021570205688, -569012.2413793104, -54283.0)
(653, 126.09475040435791, -569012.2413793104, -54283.0)
(654, 126.39827013015747, -569012.2413793104, -54283.0)
(655, 126.67865824699402, -569012.2413793104, -54283.0)
(656, 126.9533166885376, -569012.2413793104, -54283.0)
(657, 127.23952174186707, -569012.2413793104, -54283.0)
(658, 127.52341938018799, -569012.2413793104, -54283.0)
(659, 127.80455708503723, -569012.2413793104, -54283.0)
(660, 128.1272430419922, -569012.2413793104, -54283.0)
(661, 128.42314076423645, -569012.2413793104, -54283.0)
(662, 128.7292239665985, -569012.2413793104, -54283.0)
(663, 129.02310299873352, -569012.2413793104, -54283.0)
(664, 129.30899357795715, -569012.2413793104, -54283.0)
(665, 129.58864331245422, -569012.2413793104, -54283.0)
(666, 129.89207124710083, -569012.2413793104, -54283.0)
(667, 130.19778776168823, -569012.2413793104, -54283.0)
(668, 130.48382449150085, -569012.2413793104, -54283.0)
(669, 130.78374314308167, -569012.2413793104, -54283.0)
(670, 131.08725762367249, -569012.2413793104, -54283.0)
(671, 131.38695645332336, -569012.2413793104, -54283.0)
(672, 131.69877934455872, -569012.2413793104, -54283.0)
(673, 131.98753833770752, -569012.2413793104, -54283.0)
(674, 132.29619693756104, -569012.2413793104, -54283.0)
(675, 132.59022879600525, -569012.2413793104, -54283.0)
(676, 132.91999912261963, -569012.2413793104, -54283.0)
(677, 133.22531819343567, -569012.2413793104, -54283.0)
(678, 133.52604866027832, -569012.2413793104, -54283.0)
(679, 133.8256220817566, -569012.2413793104, -54283.0)
(680, 134.14572525024414, -569012.2413793104, -54283.0)
(681, 134.4493956565857, -569012.2413793104, -54283.0)
(682, 134.76550149917603, -569012.2413793104, -54283.0)
(683, 135.0640058517456, -569012.2413793104, -54283.0)
(684, 135.39174604415894, -569012.2413793104, -54283.0)
(685, 135.69132280349731, -569012.2413793104, -54283.0)
(686, 135.98917198181152, -569012.2413793104, -54283.0)
(687, 136.2973985671997, -569012.2413793104, -54283.0)
(688, 136.59768319129944, -569012.2413793104, -54283.0)
(689, 136.89432907104492, -569012.2413793104, -54283.0)
(690, 137.18551659584045, -569012.2413793104, -54283.0)
(691, 137.50745820999146, -569012.2413793104, -54283.0)
(692, 137.82015776634216, -569012.2413793104, -54283.0)
(693, 138.1449556350708, -569012.2413793104, -54283.0)
(694, 138.4764699935913, -569012.2413793104, -54283.0)
(695, 138.79320287704468, -569012.2413793104, -54283.0)
(696, 139.12851095199585, -569012.2413793104, -54283.0)
(697, 139.4616289138794, -569012.2413793104, -54283.0)
(698, 139.77273559570312, -569012.2413793104, -54283.0)
(699, 140.06961965560913, -569012.2413793104, -54283.0)
(700, 140.37493467330933, -569012.2413793104, -54283.0)
(701, 140.6846354007721, -569012.2413793104, -54283.0)
(702, 140.98291516304016, -569012.2413793104, -54283.0)
(703, 141.29491567611694, -569012.2413793104, -54283.0)
(704, 141.60851407051086, -569012.2413793104, -54283.0)
(705, 141.92022728919983, -569012.2413793104, -54283.0)
(706, 142.2350368499756, -569012.2413793104, -54283.0)
(707, 142.5401828289032, -569012.2413793104, -54283.0)
(708, 142.84493494033813, -569012.2413793104, -54283.0)
(709, 143.15282368659973, -569012.2413793104, -54283.0)
(710, 143.48410415649414, -569012.2413793104, -54283.0)
(711, 143.80514788627625, -569012.2413793104, -54283.0)
(712, 144.14208602905273, -569012.2413793104, -54283.0)
(713, 144.45410704612732, -569012.2413793104, -54283.0)
(714, 144.7867271900177, -569012.2413793104, -54283.0)
(715, 145.139155626297, -569012.2413793104, -54283.0)
(716, 145.4651393890381, -569012.2413793104, -54283.0)
(717, 145.7843954563141, -569012.2413793104, -54283.0)
(718, 146.11645984649658, -569012.2413793104, -54283.0)
(719, 146.4396402835846, -569012.2413793104, -54283.0)
(720, 146.74939703941345, -569012.2413793104, -54283.0)
(721, 147.08695578575134, -569012.2413793104, -54283.0)
(722, 147.45998167991638, -569012.2413793104, -54283.0)
(723, 147.7832431793213, -569012.2413793104, -54283.0)
(724, 148.09702062606812, -569012.2413793104, -54283.0)
(725, 148.4018828868866, -569012.2413793104, -54283.0)
(726, 148.7269787788391, -569012.2413793104, -54283.0)
(727, 149.06351280212402, -569012.2413793104, -54283.0)
(728, 149.40353155136108, -569012.2413793104, -54283.0)
(729, 149.73137879371643, -569012.2413793104, -54283.0)
(730, 150.03568696975708, -569012.2413793104, -54283.0)
(731, 150.3843424320221, -569012.2413793104, -54283.0)
(732, 150.73422265052795, -569012.2413793104, -54283.0)
(733, 151.0755512714386, -569012.2413793104, -54283.0)
(734, 151.4356083869934, -569012.2413793104, -54283.0)
(735, 151.7621521949768, -569012.2413793104, -54283.0)
(736, 152.0994188785553, -569012.2413793104, -54283.0)
(737, 152.4459526538849, -569012.2413793104, -54283.0)
(738, 152.80099654197693, -569012.2413793104, -54283.0)
(739, 153.1559693813324, -569012.2413793104, -54283.0)
(740, 153.4987781047821, -569012.2413793104, -54283.0)
(741, 153.85445737838745, -569012.2413793104, -54283.0)
(742, 154.20343279838562, -569012.2413793104, -54283.0)
(743, 154.54684853553772, -569012.2413793104, -54283.0)
(744, 154.8869969844818, -569012.2413793104, -54283.0)
(745, 155.22404384613037, -569012.2413793104, -54283.0)
(746, 155.57536840438843, -569012.2413793104, -54283.0)
(747, 155.91521859169006, -569012.2413793104, -54283.0)
(748, 156.25541067123413, -569012.2413793104, -54283.0)
(749, 156.58264207839966, -514250.6896551724, -54283.0)
(750, 156.92281007766724, -514250.6896551724, -54283.0)
(751, 157.23455142974854, -514250.6896551724, -54283.0)
(752, 157.5450723171234, -514250.6896551724, -54283.0)
(753, 157.8608419895172, -514250.6896551724, -54283.0)
(754, 158.18174171447754, -514250.6896551724, -54283.0)
(755, 158.4945251941681, -514250.6896551724, -54283.0)
(756, 158.80997467041016, -514250.6896551724, -54283.0)
(757, 159.13719391822815, -514250.6896551724, -54283.0)
(758, 159.45408987998962, -514250.6896551724, -54283.0)
(759, 159.77319955825806, -514250.6896551724, -54283.0)
(760, 160.09632539749146, -514250.6896551724, -54283.0)
(761, 160.41137862205505, -514250.6896551724, -54283.0)
(762, 160.72879791259766, -514250.6896551724, -54283.0)
(763, 161.05960154533386, -514250.6896551724, -54283.0)
(764, 161.37942099571228, -514250.6896551724, -54283.0)
(765, 161.71770763397217, -514250.6896551724, -54283.0)
(766, 162.05774569511414, -514250.6896551724, -54283.0)
(767, 162.38466000556946, -514250.6896551724, -54283.0)
(768, 162.71325874328613, -514250.6896551724, -54283.0)
(769, 163.0550467967987, -514250.6896551724, -54283.0)
(770, 163.39284777641296, -514250.6896551724, -54283.0)
(771, 163.74989008903503, -514250.6896551724, -54283.0)
(772, 164.07133889198303, -514250.6896551724, -54283.0)
(773, 164.3973617553711, -514250.6896551724, -54283.0)
(774, 164.73979830741882, -514250.6896551724, -54283.0)
(775, 165.07751488685608, -514250.6896551724, -54283.0)
(776, 165.4035542011261, -514250.6896551724, -54283.0)
(777, 165.73501873016357, -514250.6896551724, -54283.0)
(778, 166.0785849094391, -514250.6896551724, -54283.0)
(779, 166.40213346481323, -514250.6896551724, -54283.0)
(780, 166.75181818008423, -514250.6896551724, -54283.0)
(781, 167.09118556976318, -514250.6896551724, -54283.0)
(782, 167.4310302734375, -514250.6896551724, -54283.0)
(783, 167.77880573272705, -514250.6896551724, -54283.0)
(784, 168.1018989086151, -514250.6896551724, -54283.0)
(785, 168.44037222862244, -514250.6896551724, -54283.0)
(786, 168.7927668094635, -514250.6896551724, -54283.0)
(787, 169.12726974487305, -514250.6896551724, -54283.0)
(788, 169.47139978408813, -514250.6896551724, -54283.0)
(789, 169.82114434242249, -514250.6896551724, -54283.0)
(790, 170.17384362220764, -514250.6896551724, -54283.0)
(791, 170.50253653526306, -514250.6896551724, -54283.0)
(792, 170.82489204406738, -514250.6896551724, -54283.0)
(793, 171.171861410141, -514250.6896551724, -54283.0)
(794, 171.5047709941864, -514250.6896551724, -54283.0)
(795, 171.85884022712708, -514250.6896551724, -54283.0)
(796, 172.2008855342865, -514250.6896551724, -54283.0)
(797, 172.5331106185913, -514250.6896551724, -54283.0)
(798, 172.8704628944397, -514250.6896551724, -54283.0)
(799, 173.21239972114563, -514250.6896551724, -54283.0)
(800, 173.5433065891266, -514250.6896551724, -54283.0)
(801, 173.88128066062927, -514250.6896551724, -54283.0)
(802, 174.2172224521637, -514250.6896551724, -54283.0)
(803, 174.56181573867798, -514250.6896551724, -54283.0)
(804, 174.89220571517944, -514250.6896551724, -54283.0)
(805, 175.24669313430786, -514250.6896551724, -54283.0)
(806, 175.59156918525696, -514250.6896551724, -54283.0)
(807, 175.9141743183136, -514250.6896551724, -54283.0)
(808, 176.2982177734375, -514250.6896551724, -54283.0)
(809, 176.67026925086975, -514250.6896551724, -54283.0)
(810, 177.02782607078552, -514250.6896551724, -54283.0)
(811, 177.39499306678772, -514250.6896551724, -54283.0)
(812, 177.78886246681213, -514250.6896551724, -54283.0)
(813, 178.1429169178009, -514250.6896551724, -54283.0)
(814, 178.484614610672, -514250.6896551724, -54283.0)
(815, 178.83497285842896, -514250.6896551724, -54283.0)
(816, 179.17484831809998, -514250.6896551724, -54283.0)
(817, 179.51374197006226, -514250.6896551724, -54283.0)
(818, 179.856262922287, -514250.6896551724, -54283.0)
(819, 180.2062029838562, -514250.6896551724, -54283.0)
(820, 180.5514132976532, -514250.6896551724, -54283.0)
(821, 180.88526439666748, -514250.6896551724, -54283.0)
(822, 181.2572786808014, -514250.6896551724, -54283.0)
(823, 181.61278128623962, -514250.6896551724, -54283.0)
(824, 181.98705792427063, -514250.6896551724, -54283.0)
(825, 182.3379511833191, -514250.6896551724, -54283.0)
(826, 182.70722794532776, -514250.6896551724, -54283.0)
(827, 183.07285356521606, -514250.6896551724, -54283.0)
(828, 183.43096089363098, -514250.6896551724, -54283.0)
(829, 183.77092051506042, -514250.6896551724, -54283.0)
(830, 184.1264684200287, -514250.6896551724, -54283.0)
(831, 184.46967959403992, -514250.6896551724, -54283.0)
(832, 184.8464057445526, -514250.6896551724, -54283.0)
(833, 185.2306706905365, -514250.6896551724, -54283.0)
(834, 185.61055159568787, -514250.6896551724, -54283.0)
(835, 185.9714548587799, -514250.6896551724, -54283.0)
(836, 186.32790064811707, -514250.6896551724, -54283.0)
(837, 186.70176529884338, -514250.6896551724, -54283.0)
(838, 187.0653510093689, -514250.6896551724, -54283.0)
(839, 187.4241669178009, -514250.6896551724, -54283.0)
(840, 187.7778353691101, -514250.6896551724, -54283.0)
(841, 188.14179134368896, -514250.6896551724, -54283.0)
(842, 188.49446201324463, -514250.6896551724, -54283.0)
(843, 188.845223903656, -514250.6896551724, -54283.0)
(844, 189.22230052947998, -514250.6896551724, -54283.0)
(845, 189.57971000671387, -514250.6896551724, -54283.0)
(846, 189.93787956237793, -514250.6896551724, -54283.0)
(847, 190.301265001297, -514250.6896551724, -54283.0)
(848, 190.652822971344, -514250.6896551724, -54283.0)
(849, 191.03695821762085, -514250.6896551724, -54283.0)
(850, 191.3947672843933, -514250.6896551724, -54283.0)
(851, 191.79264616966248, -514250.6896551724, -54283.0)
(852, 192.15358018875122, -514250.6896551724, -54283.0)
(853, 192.57595896720886, -514250.6896551724, -54283.0)
(854, 192.9707498550415, -514250.6896551724, -54283.0)
(855, 193.35600781440735, -514250.6896551724, -54283.0)
(856, 193.7538137435913, -514250.6896551724, -54283.0)
(857, 194.12188982963562, -514250.6896551724, -54283.0)
(858, 194.513032913208, -514250.6896551724, -54283.0)
(859, 194.88636302947998, -514250.6896551724, -54283.0)
(860, 195.33988094329834, -514250.6896551724, -54283.0)
(861, 195.7533824443817, -514250.6896551724, -54283.0)
(862, 196.12633800506592, -514250.6896551724, -54283.0)
(863, 196.49918842315674, -514250.6896551724, -54283.0)
(864, 196.8681926727295, -514250.6896551724, -54283.0)
(865, 197.23177194595337, -514250.6896551724, -54283.0)
(866, 197.61065196990967, -514250.6896551724, -54283.0)
(867, 197.9865918159485, -514250.6896551724, -54283.0)
(868, 198.3623342514038, -514250.6896551724, -54283.0)
(869, 198.738267660141, -514250.6896551724, -54283.0)
(870, 199.10597729682922, -514250.6896551724, -54283.0)
(871, 199.47239518165588, -514250.6896551724, -54283.0)
(872, 199.84755682945251, -514250.6896551724, -54283.0)
(873, 200.2150285243988, -514250.6896551724, -54283.0)
(874, 200.56542420387268, -514250.6896551724, -54283.0)
(875, 200.92956614494324, -514250.6896551724, -54283.0)
(876, 201.32578253746033, -514250.6896551724, -54283.0)
(877, 201.7229347229004, -514250.6896551724, -54283.0)
(878, 202.08254289627075, -514250.6896551724, -54283.0)
(879, 202.4556760787964, -514250.6896551724, -54283.0)
(880, 202.87985491752625, -514250.6896551724, -54283.0)
(881, 203.25572061538696, -514250.6896551724, -54283.0)
(882, 203.6533613204956, -514250.6896551724, -54283.0)
(883, 204.03285264968872, -514250.6896551724, -54283.0)
(884, 204.40046048164368, -514250.6896551724, -54283.0)
(885, 204.75752353668213, -514250.6896551724, -54283.0)
(886, 205.1405565738678, -514250.6896551724, -54283.0)
(887, 205.501305103302, -514250.6896551724, -54283.0)
(888, 205.89305138587952, -514250.6896551724, -54283.0)
(889, 206.29239559173584, -514250.6896551724, -54283.0)
(890, 206.68308448791504, -514250.6896551724, -54283.0)
(891, 207.0987832546234, -514250.6896551724, -54283.0)
(892, 207.4839894771576, -514250.6896551724, -54283.0)
(893, 207.93120336532593, -514250.6896551724, -54283.0)
(894, 208.3224537372589, -514250.6896551724, -54283.0)
(895, 208.68479871749878, -514250.6896551724, -54283.0)
(896, 209.09875202178955, -514250.6896551724, -54283.0)
(897, 209.50704860687256, -514250.6896551724, -54283.0)
(898, 209.9127242565155, -514250.6896551724, -54283.0)
(899, 210.32690834999084, -514250.6896551724, -54283.0)
(900, 210.76138281822205, -514250.6896551724, -54283.0)
(901, 211.18939661979675, -514250.6896551724, -54283.0)
(902, 211.61315035820007, -514250.6896551724, -54283.0)
(903, 211.99812841415405, -514250.6896551724, -54283.0)
(904, 212.37753748893738, -514250.6896551724, -54283.0)
(905, 212.76721620559692, -514250.6896551724, -54283.0)
(906, 213.21254134178162, -514250.6896551724, -54283.0)
(907, 213.59611749649048, -514250.6896551724, -54283.0)
(908, 213.9859004020691, -514250.6896551724, -54283.0)
(909, 214.38027596473694, -514250.6896551724, -54283.0)
(910, 214.77144074440002, -514250.6896551724, -54283.0)
(911, 215.15023374557495, -514250.6896551724, -54283.0)
(912, 215.55214381217957, -514250.6896551724, -54283.0)
(913, 215.93096327781677, -514250.6896551724, -54283.0)
(914, 216.3149721622467, -514250.6896551724, -54283.0)
(915, 216.72871255874634, -514250.6896551724, -54283.0)
(916, 217.14048099517822, -514250.6896551724, -54283.0)
(917, 217.5246820449829, -514250.6896551724, -54283.0)
(918, 217.8996069431305, -514250.6896551724, -54283.0)
(919, 218.33450412750244, -514250.6896551724, -54283.0)
(920, 218.8755214214325, -514250.6896551724, -54283.0)
(921, 219.3595597743988, -514250.6896551724, -54283.0)
(922, 219.8360993862152, -514250.6896551724, -54283.0)
(923, 220.37354373931885, -514250.6896551724, -54283.0)
(924, 220.92652463912964, -514250.6896551724, -54283.0)
(925, 221.4676706790924, -514250.6896551724, -54283.0)
(926, 221.90950965881348, -514250.6896551724, -54283.0)
(927, 222.4438190460205, -514250.6896551724, -54283.0)
(928, 222.9075756072998, -514250.6896551724, -54283.0)
(929, 223.42563581466675, -514250.6896551724, -54283.0)
(930, 223.9355125427246, -514250.6896551724, -54283.0)
(931, 224.42143273353577, -514250.6896551724, -54283.0)
(932, 224.88955640792847, -514250.6896551724, -54283.0)
(933, 225.38840341567993, -514250.6896551724, -54283.0)
(934, 225.9278781414032, -514250.6896551724, -54283.0)
(935, 226.4180760383606, -514250.6896551724, -54283.0)
(936, 226.88125801086426, -514250.6896551724, -54283.0)
(937, 227.35656428337097, -514250.6896551724, -54283.0)
(938, 227.86737418174744, -514250.6896551724, -54283.0)
(939, 228.3560073375702, -514250.6896551724, -54283.0)
(940, 228.82648372650146, -514250.6896551724, -54283.0)
(941, 229.29215550422668, -514250.6896551724, -54283.0)
(942, 229.76687479019165, -514250.6896551724, -54283.0)
(943, 230.23568654060364, -514250.6896551724, -54283.0)
(944, 230.71129751205444, -514250.6896551724, -54283.0)
(945, 231.16198897361755, -514250.6896551724, -54283.0)
(946, 231.55767345428467, -514250.6896551724, -54283.0)
(947, 231.98094964027405, -514250.6896551724, -54283.0)
(948, 232.4493567943573, -514250.6896551724, -54283.0)
(949, 232.90531635284424, -514250.6896551724, -54283.0)
(950, 233.32074356079102, -514250.6896551724, -54283.0)
(951, 233.75288248062134, -514250.6896551724, -54283.0)
(952, 234.19180345535278, -514250.6896551724, -54283.0)
(953, 234.6685709953308, -514250.6896551724, -54283.0)
(954, 235.16021037101746, -514250.6896551724, -54283.0)
(955, 235.70488834381104, -514250.6896551724, -54283.0)
(956, 236.2524917125702, -514250.6896551724, -54283.0)
(957, 236.7170181274414, -514250.6896551724, -54283.0)
(958, 237.22492289543152, -514250.6896551724, -54283.0)
(959, 237.64729690551758, -514250.6896551724, -54283.0)
(960, 238.12897777557373, -514250.6896551724, -54283.0)
(961, 238.8080747127533, -514250.6896551724, -54283.0)
(962, 239.31564021110535, -514250.6896551724, -54283.0)
(963, 239.80584979057312, -514250.6896551724, -54283.0)
(964, 240.2007281780243, -514250.6896551724, -54283.0)
(965, 240.8458788394928, -514250.6896551724, -54283.0)
(966, 241.38762497901917, -514250.6896551724, -54283.0)
(967, 241.94501113891602, -514250.6896551724, -54283.0)
(968, 242.41768622398376, -514250.6896551724, -54283.0)
(969, 243.01130414009094, -514250.6896551724, -54283.0)
(970, 243.51453018188477, -514250.6896551724, -54283.0)
(971, 244.01185750961304, -514250.6896551724, -54283.0)
(972, 244.53549122810364, -514250.6896551724, -54283.0)
(973, 245.02819061279297, -514250.6896551724, -54283.0)
(974, 245.48276734352112, -514250.6896551724, -54283.0)
(975, 245.8846790790558, -514250.6896551724, -54283.0)
(976, 246.38859367370605, -514250.6896551724, -54283.0)
(977, 246.89819765090942, -514250.6896551724, -54283.0)
(978, 247.32328081130981, -514250.6896551724, -54283.0)
(979, 247.75874042510986, -514250.6896551724, -54283.0)
(980, 248.1490924358368, -514250.6896551724, -54283.0)
(981, 248.5526580810547, -514250.6896551724, -54283.0)
(982, 248.99747490882874, -514250.6896551724, -54283.0)
(983, 249.4125199317932, -514250.6896551724, -54283.0)
(984, 249.81045246124268, -514250.6896551724, -54283.0)
(985, 250.26097297668457, -514250.6896551724, -54283.0)
(986, 250.66690587997437, -514250.6896551724, -54283.0)
(987, 251.1135733127594, -514250.6896551724, -54283.0)
(988, 251.53992176055908, -514250.6896551724, -54283.0)
(989, 251.9854986667633, -514250.6896551724, -54283.0)
(990, 252.4047794342041, -514250.6896551724, -54283.0)
(991, 252.80288791656494, -514250.6896551724, -54283.0)
(992, 253.2181658744812, -514250.6896551724, -54283.0)
(993, 253.62586379051208, -514250.6896551724, -54283.0)
(994, 253.99679946899414, -514250.6896551724, -54283.0)
(995, 254.40970015525818, -514250.6896551724, -54283.0)
(996, 254.79950284957886, -514250.6896551724, -54283.0)
(997, 255.19862842559814, -514250.6896551724, -54283.0)
(998, 255.58807682991028, -514250.6896551724, -54283.0)
(999, 256.0076596736908, -514250.6896551724, -54283.0)
(1000, 256.40645027160645, -514250.6896551724, -54283.0)
