(1, 0.16577839851379395, -1116042.0, -77999.0)
(2, 0.3403761386871338, -856517.765858715, -77999.0)
(3, 0.5338132381439209, -713536.212248586, -77999.0)
(4, 0.7498986721038818, -461908.28114051395, -77999.0)
(5, 0.9964661598205566, -278168.64239101333, -77999.0)
(6, 1.244497299194336, -207458.47847154696, -77999.0)
(7, 1.5153703689575195, -207458.47847154696, -77999.0)
(8, 1.8525242805480957, -170990.90849026613, -100599.3005239521)
(9, 2.264249086380005, -131639.37898124987, -100604.28366496213)
(10, 2.8128297328948975, -116390.79917231915, -100626.48538277161)
(11, 3.44610333442688, -109014.81402376221, -100663.69691860338)
(12, 4.2363197803497314, -109014.81402376221, -100706.33966234626)
(13, 5.296926975250244, -104996.82560158522, -100767.26039147923)
(14, 6.541398525238037, -104996.82560158522, -100835.41007046777)
(15, 8.053389072418213, -103133.70518281886, -100883.86398501192)
(16, 9.511312484741211, -103130.88638499507, -100926.26475563266)
(17, 11.048946142196655, -101828.07894427997, -100978.38048783614)
(18, 11.76553463935852, -101828.07894427997, -101025.06760667393)
(19, 12.500864267349243, -101593.84045088314, -101072.03351425196)
(20, 13.378597736358643, -101362.68426464593, -101089.18809766765)
(21, 14.294751167297363, -101340.25705148063, -101106.84993342402)
(22, 15.221056938171387, -101199.6809552919, -101127.64609256653)
(23, 16.22659993171692, -101152.46645413786, -101132.23166790986)
(24, 17.242509603500366, -101138.38675705095, -101132.35260115618)
(25, 18.28159260749817, -101134.16284792559, -101132.35260115612)
(26, 19.352741241455078, -101132.89567518697, -101132.35260115618)
(27, 20.4456787109375, -101132.51552336595, -101132.35260115606)
(28, 21.536983013153076, -101132.4014778195, -101132.35260115625)
(29, 22.674875497817993, -101132.36726415639, -101132.35260115602)
