(1, 0.09703254699707031, -205850.0, -14280.0)
(2, 0.183884859085083, -205850.0, -14280.0)
(3, 0.2712087631225586, -205850.0, -14280.0)
(4, 0.35841917991638184, -203745.62962962964, -14280.0)
(5, 0.44606733322143555, -202293.45833333334, -14280.0)
(6, 0.533524751663208, -200687.625, -14280.0)
(7, 0.6214592456817627, -187472.08333333334, -14280.0)
(8, 0.7101550102233887, -180217.875, -14280.0)
(9, 0.7992355823516846, -165308.70833333334, -14280.0)
(10, 0.8893861770629883, -151652.375, -14280.0)
(11, 0.995934009552002, -151652.375, -14280.0)
(12, 1.0885367393493652, -146085.20833333334, -14280.0)
(13, 1.1802423000335693, -146085.20833333334, -14280.0)
(14, 1.2720530033111572, -146085.20833333334, -14280.0)
(15, 1.363661527633667, -146085.20833333334, -14280.0)
(16, 1.4560492038726807, -132925.20833333334, -14280.0)
(17, 1.5488409996032715, -120997.0, -14280.0)
(18, 1.6426150798797607, -108754.25, -14280.0)
(19, 1.7370281219482422, -106847.625, -14280.0)
(20, 1.8318445682525635, -99515.79166666667, -14280.0)
(21, 1.9272561073303223, -89040.625, -14280.0)
(22, 2.022752285003662, -86340.45833333333, -14280.0)
(23, 2.1192071437835693, -80725.83333333333, -14280.0)
(24, 2.215876340866089, -80674.83333333333, -14280.0)
(25, 2.312668561935425, -80674.83333333333, -14280.0)
(26, 2.410738229751587, -79259.16666666667, -14280.0)
(27, 2.507822275161743, -79259.16666666667, -14280.0)
(28, 2.606139659881592, -65527.375, -14280.0)
(29, 2.705056667327881, -53228.208333333336, -14280.0)
(30, 2.804361343383789, -53228.208333333336, -14280.0)
(31, 2.906545877456665, -28164.375, -14280.0)
(32, 3.0073728561401367, -22259.0, -14280.0)
(33, 3.109327554702759, -18286.333333333332, -14280.0)
(34, 3.211117744445801, -17987.25, -14280.0)
(35, 3.3131067752838135, -16832.25, -14280.0)
(36, 3.415607213973999, -16367.166666666666, -14280.0)
(37, 3.523195505142212, -14871.0, -14853.0)
(38, 3.6252987384796143, -14859.0, -14859.0)
(39, 3.7253735065460205, -14859.0, -14859.0)
