(1, 0.08332943916320801, -705911.0, -52931.0)
(2, 0.1711277961730957, -539327.2699065306, -52931.0)
(3, 0.2858133316040039, -394648.63616137253, -52931.0)
(4, 0.3934898376464844, -227668.83451099726, -52931.0)
(5, 0.5156850814819336, -146122.50484415638, -52931.0)
(6, 0.6531429290771484, -124674.44690847992, -52931.0)
(7, 0.8127620220184326, -124674.44690847992, -52931.0)
(8, 1.0140159130096436, -95740.044728958, -66038.86206896552)
(9, 1.2416844367980957, -79998.98991401443, -66059.53899137523)
(10, 1.528066635131836, -72613.0492008567, -66139.72709765396)
(11, 1.8895549774169922, -70801.72875325968, -66205.89318582953)
(12, 2.329228639602661, -69377.61320802005, -66280.69439503468)
(13, 2.804987907409668, -68781.17240468733, -66301.31852378594)
(14, 3.337390899658203, -67596.95688499292, -66351.93908947142)
(15, 3.9350008964538574, -67249.37782367937, -66406.25792314966)
(16, 4.592476844787598, -66901.27334805588, -66427.3675465581)
(17, 5.3421854972839355, -66717.82156862732, -66457.8726307176)
(18, 6.165682554244995, -66588.44706768628, -66469.41564974723)
(19, 7.081240177154541, -66511.37765691329, -66471.66080137226)
(20, 8.070924282073975, -66492.67110740671, -66474.79737034548)
(21, 9.021410942077637, -66483.08573264803, -66476.47791569655)
(22, 10.034861087799072, -66481.31493994078, -66477.35733693354)
(23, 10.9941565990448, -66478.82404005232, -66477.74986584803)
(24, 11.970934391021729, -66478.07386801932, -66477.75236571932)
(25, 12.947921991348267, -66477.91508383548, -66477.75365356715)
(26, 13.965657711029053, -66477.82306160129, -66477.75478787669)
(27, 14.99851655960083, -66477.77718232638, -66477.75592957114)
(28, 16.032410383224487, -66477.76230928485, -66477.75593512562)
