(1, 0.03808712959289551, -86526.0, -11057.0)
(2, 0.0729665756225586, -84963.02631578948, -11057.0)
(3, 0.10790419578552246, -80363.93548387097, -11057.0)
(4, 0.14305639266967773, -80363.93548387097, -11057.0)
(5, 0.17754077911376953, -80363.93548387097, -11057.0)
(6, 0.2124767303466797, -80363.93548387097, -11057.0)
(7, 0.24779152870178223, -80363.93548387097, -11057.0)
(8, 0.28261470794677734, -80363.93548387097, -11057.0)
(9, 0.3184363842010498, -80363.93548387097, -11057.0)
(10, 0.3540785312652588, -80363.93548387097, -11057.0)
(11, 0.3884541988372803, -65923.43243243243, -11057.0)
(12, 0.423586368560791, -65923.43243243243, -11057.0)
(13, 0.45769810676574707, -64612.82142857143, -11057.0)
(14, 0.491748571395874, -64612.82142857143, -11057.0)
(15, 0.5257830619812012, -64612.82142857143, -11057.0)
(16, 0.559563159942627, -64612.82142857143, -11057.0)
(17, 0.5932204723358154, -54699.857142857145, -11057.0)
(18, 0.6271810531616211, -45128.0, -11057.0)
(19, 0.6611058712005615, -45128.0, -11057.0)
(20, 0.6952588558197021, -45128.0, -11057.0)
(21, 0.7302989959716797, -42431.92, -11057.0)
(22, 0.7637872695922852, -42431.92, -11057.0)
(23, 0.7969143390655518, -42009.58823529412, -11057.0)
(24, 0.8303678035736084, -42009.58823529412, -11057.0)
(25, 0.8643381595611572, -42009.58823529412, -11057.0)
(26, 0.8974685668945312, -42009.58823529412, -11057.0)
(27, 0.9311730861663818, -31450.04, -11057.0)
(28, 0.9644174575805664, -30650.5, -11057.0)
(29, 0.997380256652832, -25876.0, -11057.0)
(30, 1.0302793979644775, -21759.272727272728, -11057.0)
(31, 1.0631282329559326, -21759.272727272728, -11057.0)
(32, 1.0956182479858398, -21759.272727272728, -11057.0)
(33, 1.1285688877105713, -21759.272727272728, -11057.0)
(34, 1.1612629890441895, -21759.272727272728, -11057.0)
(35, 1.1938881874084473, -20687.6, -11057.0)
(36, 1.226379156112671, -20687.6, -11057.0)
(37, 1.2591221332550049, -15376.857142857145, -11057.0)
(38, 1.2917346954345703, -14493.25, -11057.0)
(39, 1.324561595916748, -14493.25, -11057.0)
(40, 1.357365369796753, -14493.25, -11057.0)
(41, 1.3901867866516113, -14493.25, -11057.0)
(42, 1.423919677734375, -14493.25, -11057.0)
(43, 1.4566600322723389, -14493.25, -11057.0)
(44, 1.4893231391906738, -14493.25, -11057.0)
(45, 1.522385835647583, -14493.25, -11057.0)
(46, 1.555344820022583, -14493.25, -11057.0)
(47, 1.5885179042816162, -14493.25, -11057.0)
(48, 1.6216261386871338, -14493.25, -11057.0)
(49, 1.6545934677124023, -14493.25, -11057.0)
(50, 1.6876511573791504, -14493.25, -11057.0)
(51, 1.7223496437072754, -14493.25, -11057.0)
(52, 1.7556703090667725, -14493.25, -11057.0)
(53, 1.7890090942382812, -14493.25, -11057.0)
(54, 1.8222274780273438, -14493.25, -11057.0)
(55, 1.8555514812469482, -14493.25, -11057.0)
(56, 1.8891148567199707, -14493.25, -11057.0)
(57, 1.9231245517730713, -14493.25, -11057.0)
(58, 1.9569315910339355, -14493.25, -11057.0)
(59, 1.9920120239257812, -14493.25, -11057.0)
(60, 2.026564359664917, -14493.25, -11057.0)
(61, 2.060288190841675, -14493.25, -11057.0)
(62, 2.0948939323425293, -14493.25, -11057.0)
(63, 2.129152536392212, -14493.25, -11057.0)
(64, 2.1630289554595947, -14493.25, -11057.0)
(65, 2.197117805480957, -14493.25, -11057.0)
(66, 2.2310545444488525, -14493.25, -11057.0)
(67, 2.2649407386779785, -14493.25, -11057.0)
(68, 2.2990620136260986, -14493.25, -11057.0)
(69, 2.3341405391693115, -14493.25, -11057.0)
(70, 2.368497371673584, -14493.25, -11057.0)
(71, 2.4030189514160156, -14493.25, -11057.0)
(72, 2.437678813934326, -14493.25, -11057.0)
(73, 2.477858781814575, -14493.25, -11057.0)
(74, 2.535814046859741, -14493.25, -11057.0)
(75, 2.5713424682617188, -14493.25, -11057.0)
(76, 2.608940839767456, -14493.25, -11057.0)
(77, 2.6465773582458496, -13318.0, -13318.0)
(78, 2.681135416030884, -13318.0, -13318.0)
