(1, 0.2463667392730713, -324717.0, -92087.0)
(2, 0.43328070640563965, -324717.0, -92087.0)
(3, 0.6286053657531738, -324717.0, -92087.0)
(4, 0.841322660446167, -324717.0, -92087.0)
(5, 1.042757272720337, -324717.0, -92087.0)
(6, 1.2374937534332275, -324717.0, -92087.0)
(7, 1.43580961227417, -324717.0, -92087.0)
(8, 1.6273393630981445, -324717.0, -92087.0)
(9, 1.8235888481140137, -324717.0, -92087.0)
(10, 2.0169832706451416, -324717.0, -92087.0)
(11, 2.2106435298919678, -324717.0, -92087.0)
(12, 2.4053964614868164, -324717.0, -92087.0)
(13, 2.598959445953369, -324717.0, -92087.0)
(14, 2.801366090774536, -324717.0, -92087.0)
(15, 3.001509666442871, -324717.0, -92087.0)
(16, 3.1967432498931885, -324717.0, -92087.0)
(17, 3.3932666778564453, -324717.0, -92087.0)
(18, 3.583800792694092, -324717.0, -92087.0)
(19, 3.785670280456543, -324717.0, -92087.0)
(20, 3.979363441467285, -324717.0, -92087.0)
(21, 4.173635959625244, -324717.0, -92087.0)
(22, 4.3722991943359375, -324717.0, -92087.0)
(23, 4.55968713760376, -324717.0, -92087.0)
(24, 4.768268823623657, -324717.0, -92087.0)
(25, 4.969631910324097, -324717.0, -92087.0)
(26, 5.169090032577515, -324717.0, -92087.0)
(27, 5.365539789199829, -324717.0, -92087.0)
(28, 5.571652173995972, -324717.0, -92087.0)
(29, 5.777639865875244, -324717.0, -92087.0)
(30, 5.975926637649536, -324717.0, -92087.0)
(31, 6.1740405559539795, -324717.0, -92087.0)
(32, 6.372463703155518, -324717.0, -92087.0)
(33, 6.567818880081177, -324717.0, -92087.0)
(34, 6.76151704788208, -324717.0, -92087.0)
(35, 6.955709457397461, -324717.0, -92087.0)
(36, 7.151052474975586, -324717.0, -92087.0)
(37, 7.354127645492554, -324717.0, -92087.0)
(38, 7.5686633586883545, -324717.0, -92087.0)
(39, 7.774146795272827, -324717.0, -92087.0)
(40, 7.983485221862793, -324717.0, -92087.0)
(41, 8.186655044555664, -324717.0, -92087.0)
(42, 8.39328145980835, -324717.0, -92087.0)
(43, 8.598992824554443, -324717.0, -92087.0)
(44, 8.819765567779541, -324717.0, -92087.0)
(45, 9.025980710983276, -324717.0, -92087.0)
(46, 9.2305748462677, -324717.0, -92087.0)
(47, 9.435240983963013, -324717.0, -92087.0)
(48, 9.637496948242188, -324717.0, -92087.0)
(49, 9.83433985710144, -324717.0, -92087.0)
(50, 10.033296585083008, -324717.0, -92087.0)
(51, 10.240872621536255, -324717.0, -92087.0)
(52, 10.455885887145996, -324717.0, -92087.0)
(53, 10.657193422317505, -324717.0, -92087.0)
(54, 10.867745161056519, -324717.0, -92087.0)
(55, 11.062809467315674, -324717.0, -92087.0)
(56, 11.262140274047852, -324717.0, -92087.0)
(57, 11.458309412002563, -324717.0, -92087.0)
(58, 11.652923822402954, -324717.0, -92087.0)
(59, 11.858677864074707, -324717.0, -92087.0)
(60, 12.056385517120361, -324717.0, -92087.0)
(61, 12.254260301589966, -324717.0, -92087.0)
(62, 12.464250326156616, -324717.0, -92087.0)
(63, 12.682845830917358, -324717.0, -92087.0)
(64, 12.884432554244995, -324717.0, -92087.0)
(65, 13.087511539459229, -324717.0, -92087.0)
(66, 13.309760093688965, -324717.0, -92087.0)
(67, 13.523964405059814, -324717.0, -92087.0)
(68, 13.733466148376465, -324717.0, -92087.0)
(69, 13.949106454849243, -324717.0, -92087.0)
(70, 14.18697190284729, -321107.2475590162, -92087.0)
(71, 14.393861770629883, -321107.2475590162, -92087.0)
(72, 14.611555099487305, -321107.2475590162, -92087.0)
(73, 14.81476902961731, -321107.2475590162, -92087.0)
(74, 15.014665603637695, -321107.2475590162, -92087.0)
(75, 15.205883264541626, -321107.2475590162, -92087.0)
(76, 15.394082307815552, -321107.2475590162, -92087.0)
(77, 15.585285902023315, -321107.2475590162, -92087.0)
(78, 15.779728651046753, -321107.2475590162, -92087.0)
(79, 15.98295545578003, -321107.2475590162, -92087.0)
(80, 16.17307996749878, -321107.2475590162, -92087.0)
(81, 16.37238335609436, -321107.2475590162, -92087.0)
(82, 16.566009998321533, -321107.2475590162, -92087.0)
(83, 16.762344360351562, -321107.2475590162, -92087.0)
(84, 16.96003556251526, -321107.2475590162, -92087.0)
(85, 17.146969079971313, -321107.2475590162, -92087.0)
(86, 17.3322651386261, -321107.2475590162, -92087.0)
(87, 17.524908304214478, -321107.2475590162, -92087.0)
(88, 17.723845720291138, -321107.2475590162, -92087.0)
(89, 17.926706790924072, -321107.2475590162, -92087.0)
(90, 18.129311084747314, -321107.2475590162, -92087.0)
(91, 18.337766408920288, -321107.2475590162, -92087.0)
(92, 18.523775100708008, -321107.2475590162, -92087.0)
(93, 18.723612070083618, -321107.2475590162, -92087.0)
(94, 18.922655820846558, -321107.2475590162, -92087.0)
(95, 19.123680353164673, -321107.2475590162, -92087.0)
(96, 19.321547269821167, -321107.2475590162, -92087.0)
(97, 19.519273281097412, -321107.2475590162, -92087.0)
(98, 19.717569828033447, -321107.2475590162, -92087.0)
(99, 19.933146953582764, -321107.2475590162, -92087.0)
(100, 20.131336212158203, -321107.2475590162, -92087.0)
(101, 20.339449882507324, -321107.2475590162, -92087.0)
(102, 20.536413431167603, -321107.2475590162, -92087.0)
(103, 20.7255220413208, -321107.2475590162, -92087.0)
(104, 20.921921014785767, -321107.2475590162, -92087.0)
(105, 21.11356496810913, -321107.2475590162, -92087.0)
(106, 21.318195581436157, -321107.2475590162, -92087.0)
(107, 21.522685289382935, -321107.2475590162, -92087.0)
(108, 21.752727508544922, -315406.5140745951, -92087.0)
(109, 21.974016666412354, -315406.5140745951, -92087.0)
(110, 22.181817293167114, -315406.5140745951, -92087.0)
(111, 22.37434148788452, -315406.5140745951, -92087.0)
(112, 22.575159311294556, -315406.5140745951, -92087.0)
(113, 22.773611068725586, -315406.5140745951, -92087.0)
(114, 22.974499225616455, -315406.5140745951, -92087.0)
(115, 23.181055307388306, -315406.5140745951, -92087.0)
(116, 23.377888917922974, -315406.5140745951, -92087.0)
(117, 23.579001426696777, -315406.5140745951, -92087.0)
(118, 23.777501106262207, -315406.5140745951, -92087.0)
(119, 23.977558135986328, -315406.5140745951, -92087.0)
(120, 24.16737985610962, -315406.5140745951, -92087.0)
(121, 24.359853506088257, -315406.5140745951, -92087.0)
(122, 24.553305625915527, -315406.5140745951, -92087.0)
(123, 24.747154712677002, -315406.5140745951, -92087.0)
(124, 24.944599866867065, -315406.5140745951, -92087.0)
(125, 25.148796796798706, -315406.5140745951, -92087.0)
(126, 25.353729009628296, -315406.5140745951, -92087.0)
(127, 25.557897567749023, -315406.5140745951, -92087.0)
(128, 25.754473209381104, -315406.5140745951, -92087.0)
(129, 25.961561918258667, -315406.5140745951, -92087.0)
(130, 26.164296627044678, -315406.5140745951, -92087.0)
(131, 26.37051510810852, -315406.5140745951, -92087.0)
(132, 26.573965311050415, -315406.5140745951, -92087.0)
(133, 26.76465392112732, -315406.5140745951, -92087.0)
(134, 26.97175097465515, -315406.5140745951, -92087.0)
(135, 27.16654372215271, -315406.5140745951, -92087.0)
(136, 27.364089250564575, -315406.5140745951, -92087.0)
(137, 27.565054893493652, -315406.5140745951, -92087.0)
(138, 27.758978128433228, -315406.5140745951, -92087.0)
(139, 27.95159649848938, -315406.5140745951, -92087.0)
(140, 28.137720823287964, -315406.5140745951, -92087.0)
(141, 28.341907024383545, -315406.5140745951, -92087.0)
(142, 28.55106234550476, -315406.5140745951, -92087.0)
(143, 28.758588790893555, -315406.5140745951, -92087.0)
(144, 28.949785947799683, -315406.5140745951, -92087.0)
(145, 29.18430209159851, -315406.5140745951, -92087.0)
(146, 29.38378071784973, -315406.5140745951, -92087.0)
(147, 29.586673259735107, -315406.5140745951, -92087.0)
(148, 29.790478944778442, -315406.5140745951, -92087.0)
(149, 29.9916672706604, -315406.5140745951, -92087.0)
(150, 30.191046476364136, -315406.5140745951, -92087.0)
(151, 30.386249542236328, -315406.5140745951, -92087.0)
(152, 30.585437059402466, -315406.5140745951, -92087.0)
(153, 30.77759027481079, -315406.5140745951, -92087.0)
(154, 30.969691038131714, -315406.5140745951, -92087.0)
(155, 31.165726900100708, -315406.5140745951, -92087.0)
(156, 31.37163996696472, -315406.5140745951, -92087.0)
(157, 31.57044768333435, -315406.5140745951, -92087.0)
(158, 31.781078815460205, -315406.5140745951, -92087.0)
(159, 31.983392238616943, -315406.5140745951, -92087.0)
(160, 32.181716203689575, -315406.5140745951, -92087.0)
(161, 32.41031765937805, -315406.5140745951, -92087.0)
(162, 32.615084648132324, -315406.5140745951, -92087.0)
(163, 32.821545124053955, -315406.5140745951, -92087.0)
(164, 33.015543937683105, -315406.5140745951, -92087.0)
(165, 33.21683168411255, -315406.5140745951, -92087.0)
(166, 33.42712688446045, -315406.5140745951, -92087.0)
(167, 33.62909913063049, -315406.5140745951, -92087.0)
(168, 33.831737756729126, -315406.5140745951, -92087.0)
(169, 34.03632378578186, -315406.5140745951, -92087.0)
(170, 34.25152015686035, -315406.5140745951, -92087.0)
(171, 34.45835494995117, -315406.5140745951, -92087.0)
(172, 34.66616654396057, -315406.5140745951, -92087.0)
(173, 34.87717914581299, -315406.5140745951, -92087.0)
(174, 35.11481761932373, -315406.5140745951, -92087.0)
(175, 35.36494016647339, -314698.0248181429, -92087.0)
(176, 35.61092162132263, -314698.0248181429, -92087.0)
(177, 35.83635330200195, -314698.0248181429, -92087.0)
(178, 36.08112835884094, -314698.0248181429, -92087.0)
(179, 36.32492637634277, -314698.0248181429, -92087.0)
(180, 36.584235191345215, -314698.0248181429, -92087.0)
(181, 36.82272744178772, -314698.0248181429, -92087.0)
(182, 37.05634307861328, -314698.0248181429, -92087.0)
(183, 37.32361054420471, -314698.0248181429, -92087.0)
(184, 37.5479474067688, -314698.0248181429, -92087.0)
(185, 37.79635739326477, -314698.0248181429, -92087.0)
(186, 38.029513120651245, -314698.0248181429, -92087.0)
(187, 38.24804615974426, -314698.0248181429, -92087.0)
(188, 38.477794885635376, -314698.0248181429, -92087.0)
(189, 38.696661710739136, -314698.0248181429, -92087.0)
(190, 38.917251110076904, -314698.0248181429, -92087.0)
(191, 39.136435747146606, -314698.0248181429, -92087.0)
(192, 39.35642099380493, -314698.0248181429, -92087.0)
(193, 39.587668657302856, -314698.0248181429, -92087.0)
(194, 39.81363105773926, -314698.0248181429, -92087.0)
(195, 40.03229355812073, -314698.0248181429, -92087.0)
(196, 40.26640057563782, -314698.0248181429, -92087.0)
(197, 40.50095510482788, -314698.0248181429, -92087.0)
(198, 40.71588325500488, -314698.0248181429, -92087.0)
(199, 40.938720703125, -314698.0248181429, -92087.0)
(200, 41.1702823638916, -314698.0248181429, -92087.0)
(201, 41.41736364364624, -314698.0248181429, -92087.0)
(202, 41.645307540893555, -314698.0248181429, -92087.0)
(203, 41.86408281326294, -314698.0248181429, -92087.0)
(204, 42.09083533287048, -314698.0248181429, -92087.0)
(205, 42.38159728050232, -307525.5277307826, -92087.0)
(206, 42.65700936317444, -307525.5277307826, -92087.0)
(207, 42.91853475570679, -307525.5277307826, -92087.0)
(208, 43.157087564468384, -307525.5277307826, -92087.0)
(209, 43.380535364151, -307525.5277307826, -92087.0)
(210, 43.59556722640991, -307525.5277307826, -92087.0)
(211, 43.813098669052124, -307525.5277307826, -92087.0)
(212, 44.030147314071655, -307525.5277307826, -92087.0)
(213, 44.23692274093628, -307525.5277307826, -92087.0)
(214, 44.4444682598114, -307525.5277307826, -92087.0)
(215, 44.66136121749878, -307525.5277307826, -92087.0)
(216, 44.86850118637085, -307525.5277307826, -92087.0)
(217, 45.08536219596863, -307525.5277307826, -92087.0)
(218, 45.29782724380493, -307525.5277307826, -92087.0)
(219, 45.51184844970703, -307525.5277307826, -92087.0)
(220, 45.73385453224182, -307525.5277307826, -92087.0)
(221, 45.94578838348389, -307525.5277307826, -92087.0)
(222, 46.15955376625061, -307525.5277307826, -92087.0)
(223, 46.37841987609863, -307525.5277307826, -92087.0)
(224, 46.596519231796265, -307525.5277307826, -92087.0)
(225, 46.80948090553284, -307525.5277307826, -92087.0)
(226, 47.02417039871216, -307525.5277307826, -92087.0)
(227, 47.233413219451904, -307525.5277307826, -92087.0)
(228, 47.45867466926575, -307525.5277307826, -92087.0)
(229, 47.67947459220886, -307525.5277307826, -92087.0)
(230, 47.90437698364258, -307525.5277307826, -92087.0)
(231, 48.13254261016846, -307525.5277307826, -92087.0)
(232, 48.370333671569824, -307525.5277307826, -92087.0)
(233, 48.593857526779175, -307525.5277307826, -92087.0)
(234, 48.829997301101685, -307525.5277307826, -92087.0)
(235, 49.08464479446411, -307525.5277307826, -92087.0)
(236, 49.318994760513306, -307525.5277307826, -92087.0)
(237, 49.556307315826416, -307525.5277307826, -92087.0)
(238, 49.809460401535034, -307525.5277307826, -92087.0)
(239, 50.031492471694946, -307525.5277307826, -92087.0)
(240, 50.259986877441406, -307525.5277307826, -92087.0)
(241, 50.482423067092896, -307525.5277307826, -92087.0)
(242, 50.71978187561035, -307525.5277307826, -92087.0)
(243, 50.938040018081665, -307525.5277307826, -92087.0)
(244, 51.179423570632935, -307525.5277307826, -92087.0)
(245, 51.409329414367676, -307525.5277307826, -92087.0)
(246, 51.618733406066895, -307525.5277307826, -92087.0)
(247, 51.84900212287903, -307525.5277307826, -92087.0)
(248, 52.06040000915527, -307525.5277307826, -92087.0)
(249, 52.278013467788696, -307525.5277307826, -92087.0)
(250, 52.499873638153076, -307525.5277307826, -92087.0)
(251, 52.72535252571106, -307525.5277307826, -92087.0)
(252, 52.934250831604004, -307525.5277307826, -92087.0)
(253, 53.15996861457825, -307525.5277307826, -92087.0)
(254, 53.38905096054077, -307525.5277307826, -92087.0)
(255, 53.62079191207886, -307525.5277307826, -92087.0)
(256, 53.8398003578186, -307525.5277307826, -92087.0)
(257, 54.05861258506775, -307525.5277307826, -92087.0)
(258, 54.269705057144165, -307525.5277307826, -92087.0)
(259, 54.48493981361389, -307525.5277307826, -92087.0)
(260, 54.71386384963989, -307525.5277307826, -92087.0)
(261, 54.93669605255127, -307525.5277307826, -92087.0)
(262, 55.16548681259155, -307525.5277307826, -92087.0)
(263, 55.397247314453125, -307525.5277307826, -92087.0)
(264, 55.65178990364075, -307525.5277307826, -92087.0)
(265, 55.89263105392456, -307525.5277307826, -92087.0)
(266, 56.1379292011261, -307525.5277307826, -92087.0)
(267, 56.372952938079834, -307525.5277307826, -92087.0)
(268, 56.61227798461914, -307525.5277307826, -92087.0)
(269, 56.88029456138611, -307525.5277307826, -92087.0)
(270, 57.18877696990967, -307525.5277307826, -92087.0)
(271, 57.466521978378296, -307525.5277307826, -92087.0)
(272, 57.74537396430969, -307525.5277307826, -92087.0)
(273, 57.98034644126892, -307525.5277307826, -92087.0)
(274, 58.23119139671326, -307525.5277307826, -92087.0)
(275, 58.4617395401001, -307525.5277307826, -92087.0)
(276, 58.684293270111084, -307525.5277307826, -92087.0)
(277, 58.903303384780884, -307525.5277307826, -92087.0)
(278, 59.13156056404114, -307525.5277307826, -92087.0)
(279, 59.355178356170654, -307525.5277307826, -92087.0)
(280, 59.58131456375122, -307525.5277307826, -92087.0)
(281, 59.818501710891724, -307525.5277307826, -92087.0)
(282, 60.03394269943237, -307525.5277307826, -92087.0)
(283, 60.25024199485779, -307525.5277307826, -92087.0)
(284, 60.472378730773926, -307525.5277307826, -92087.0)
(285, 60.706939458847046, -307525.5277307826, -92087.0)
(286, 60.925456047058105, -307525.5277307826, -92087.0)
(287, 61.181053161621094, -307525.5277307826, -92087.0)
(288, 61.4196400642395, -307525.5277307826, -92087.0)
(289, 61.68008613586426, -307525.5277307826, -92087.0)
(290, 61.9105966091156, -307525.5277307826, -92087.0)
(291, 62.14496111869812, -307525.5277307826, -92087.0)
(292, 62.374343156814575, -307525.5277307826, -92087.0)
(293, 62.60282802581787, -307525.5277307826, -92087.0)
(294, 62.829631090164185, -307525.5277307826, -92087.0)
(295, 63.05894374847412, -307525.5277307826, -92087.0)
(296, 63.3062686920166, -307525.5277307826, -92087.0)
(297, 63.53595805168152, -307525.5277307826, -92087.0)
(298, 63.74867606163025, -307525.5277307826, -92087.0)
(299, 63.96952223777771, -307525.5277307826, -92087.0)
(300, 64.1955873966217, -307525.5277307826, -92087.0)
(301, 64.41202521324158, -307525.5277307826, -92087.0)
(302, 64.6203727722168, -307525.5277307826, -92087.0)
(303, 64.85074234008789, -307525.5277307826, -92087.0)
(304, 65.08245468139648, -307525.5277307826, -92087.0)
(305, 65.30468702316284, -307525.5277307826, -92087.0)
(306, 65.53626132011414, -307525.5277307826, -92087.0)
(307, 65.76599407196045, -307525.5277307826, -92087.0)
(308, 66.0322790145874, -307525.5277307826, -92087.0)
(309, 66.25453639030457, -307525.5277307826, -92087.0)
(310, 66.47588396072388, -307525.5277307826, -92087.0)
(311, 66.70249533653259, -307525.5277307826, -92087.0)
(312, 66.94334030151367, -307525.5277307826, -92087.0)
(313, 67.17425060272217, -307525.5277307826, -92087.0)
(314, 67.40558171272278, -307525.5277307826, -92087.0)
(315, 67.64041185379028, -307525.5277307826, -92087.0)
(316, 67.88081288337708, -307525.5277307826, -92087.0)
(317, 68.13548016548157, -307525.5277307826, -92087.0)
(318, 68.40016603469849, -307525.5277307826, -92087.0)
(319, 68.66252207756042, -307525.5277307826, -92087.0)
(320, 68.89649963378906, -307525.5277307826, -92087.0)
(321, 69.13203763961792, -307525.5277307826, -92087.0)
(322, 69.4345715045929, -307525.5277307826, -92087.0)
(323, 69.70038366317749, -307525.5277307826, -92087.0)
(324, 69.98921227455139, -307525.5277307826, -92087.0)
(325, 70.26284313201904, -307525.5277307826, -92087.0)
(326, 70.56715202331543, -307525.5277307826, -92087.0)
(327, 70.86885595321655, -307525.5277307826, -92087.0)
(328, 71.14339756965637, -307525.5277307826, -92087.0)
(329, 71.43915820121765, -307525.5277307826, -92087.0)
(330, 71.72934603691101, -307525.5277307826, -92087.0)
(331, 72.07161688804626, -298134.4288482834, -92087.0)
(332, 72.36424589157104, -298134.4288482834, -92087.0)
(333, 72.65279150009155, -298134.4288482834, -92087.0)
(334, 72.95791530609131, -298134.4288482834, -92087.0)
(335, 73.24828743934631, -298134.4288482834, -92087.0)
(336, 73.5513961315155, -298134.4288482834, -92087.0)
(337, 73.85785436630249, -298134.4288482834, -92087.0)
(338, 74.18928551673889, -298134.4288482834, -92087.0)
(339, 74.45344948768616, -298134.4288482834, -92087.0)
(340, 74.77509450912476, -298134.4288482834, -92087.0)
(341, 75.10086917877197, -298134.4288482834, -92087.0)
(342, 75.41765403747559, -298134.4288482834, -92087.0)
(343, 75.7316882610321, -298134.4288482834, -92087.0)
(344, 76.1157910823822, -298134.4288482834, -92087.0)
(345, 76.40899538993835, -298134.4288482834, -92087.0)
(346, 76.71752548217773, -298134.4288482834, -92087.0)
(347, 77.0047824382782, -298134.4288482834, -92087.0)
(348, 77.26725268363953, -298134.4288482834, -92087.0)
(349, 77.51166820526123, -298134.4288482834, -92087.0)
(350, 77.74790334701538, -298134.4288482834, -92087.0)
(351, 77.99052691459656, -298134.4288482834, -92087.0)
(352, 78.23391532897949, -298134.4288482834, -92087.0)
(353, 78.48117470741272, -298134.4288482834, -92087.0)
(354, 78.73041248321533, -298134.4288482834, -92087.0)
(355, 78.9833996295929, -298134.4288482834, -92087.0)
(356, 79.20739674568176, -298134.4288482834, -92087.0)
(357, 79.4411609172821, -298134.4288482834, -92087.0)
(358, 79.6809229850769, -298134.4288482834, -92087.0)
(359, 79.91548156738281, -298134.4288482834, -92087.0)
(360, 80.15161156654358, -298134.4288482834, -92087.0)
(361, 80.39516544342041, -298134.4288482834, -92087.0)
(362, 80.67714214324951, -298134.4288482834, -92087.0)
(363, 80.94741916656494, -298134.4288482834, -92087.0)
(364, 81.2130036354065, -298134.4288482834, -92087.0)
(365, 81.46379733085632, -298134.4288482834, -92087.0)
(366, 81.71967673301697, -298134.4288482834, -92087.0)
(367, 81.94565629959106, -298134.4288482834, -92087.0)
(368, 82.18939256668091, -298134.4288482834, -92087.0)
(369, 82.43233752250671, -298134.4288482834, -92087.0)
(370, 82.67989468574524, -298134.4288482834, -92087.0)
(371, 82.95935869216919, -298134.4288482834, -92087.0)
(372, 83.20584392547607, -298134.4288482834, -92087.0)
(373, 83.44474220275879, -298134.4288482834, -92087.0)
(374, 83.68752074241638, -298134.4288482834, -92087.0)
(375, 83.92582535743713, -298134.4288482834, -92087.0)
(376, 84.16325092315674, -298134.4288482834, -92087.0)
(377, 84.39692544937134, -298134.4288482834, -92087.0)
(378, 84.63578748703003, -298134.4288482834, -92087.0)
(379, 84.86164903640747, -298134.4288482834, -92087.0)
(380, 85.1082992553711, -298134.4288482834, -92087.0)
(381, 85.345543384552, -298134.4288482834, -92087.0)
(382, 85.58773875236511, -298134.4288482834, -92087.0)
(383, 85.84144592285156, -298134.4288482834, -92087.0)
(384, 86.09794116020203, -298134.4288482834, -92087.0)
(385, 86.35986256599426, -298134.4288482834, -92087.0)
(386, 86.65926694869995, -298134.4288482834, -92087.0)
(387, 86.93785333633423, -298134.4288482834, -92087.0)
(388, 87.17327165603638, -298134.4288482834, -92087.0)
(389, 87.4055986404419, -298134.4288482834, -92087.0)
(390, 87.64790940284729, -298134.4288482834, -92087.0)
(391, 87.90475630760193, -298134.4288482834, -92087.0)
(392, 88.14936065673828, -298134.4288482834, -92087.0)
(393, 88.38763403892517, -298134.4288482834, -92087.0)
(394, 88.63156318664551, -298134.4288482834, -92087.0)
(395, 88.87196707725525, -298134.4288482834, -92087.0)
(396, 89.10675287246704, -298134.4288482834, -92087.0)
(397, 89.34772181510925, -298134.4288482834, -92087.0)
(398, 89.59399819374084, -298134.4288482834, -92087.0)
(399, 89.8411557674408, -298134.4288482834, -92087.0)
(400, 90.08210325241089, -298134.4288482834, -92087.0)
(401, 90.3467185497284, -298134.4288482834, -92087.0)
(402, 90.61067128181458, -298134.4288482834, -92087.0)
(403, 90.8629789352417, -298134.4288482834, -92087.0)
(404, 91.12989044189453, -298134.4288482834, -92087.0)
(405, 91.381276845932, -298134.4288482834, -92087.0)
(406, 91.62906241416931, -298134.4288482834, -92087.0)
(407, 91.88336181640625, -298134.4288482834, -92087.0)
(408, 92.16074514389038, -298134.4288482834, -92087.0)
(409, 92.50519704818726, -298134.4288482834, -92087.0)
(410, 92.84760403633118, -298134.4288482834, -92087.0)
(411, 93.17842054367065, -298134.4288482834, -92087.0)
(412, 93.55860185623169, -298134.4288482834, -92087.0)
(413, 93.91519165039062, -298134.4288482834, -92087.0)
(414, 94.24199676513672, -298134.4288482834, -92087.0)
(415, 94.57716274261475, -298134.4288482834, -92087.0)
(416, 94.88505625724792, -298134.4288482834, -92087.0)
(417, 95.3032968044281, -298134.4288482834, -92087.0)
(418, 95.66539573669434, -298134.4288482834, -92087.0)
(419, 95.93389916419983, -298134.4288482834, -92087.0)
(420, 96.19774794578552, -298134.4288482834, -92087.0)
(421, 96.47089767456055, -298134.4288482834, -92087.0)
(422, 96.76901578903198, -298134.4288482834, -92087.0)
(423, 97.03706812858582, -298134.4288482834, -92087.0)
(424, 97.33159899711609, -298134.4288482834, -92087.0)
(425, 97.60062003135681, -298134.4288482834, -92087.0)
(426, 97.90529179573059, -298134.4288482834, -92087.0)
(427, 98.20259308815002, -298134.4288482834, -92087.0)
(428, 98.4685423374176, -298134.4288482834, -92087.0)
(429, 98.76640915870667, -298134.4288482834, -92087.0)
(430, 99.0807945728302, -298134.4288482834, -92087.0)
(431, 99.41027474403381, -298134.4288482834, -92087.0)
(432, 99.72224640846252, -298134.4288482834, -92087.0)
(433, 100.01771211624146, -298134.4288482834, -92087.0)
(434, 100.33971166610718, -298134.4288482834, -92087.0)
(435, 100.67384362220764, -298134.4288482834, -92087.0)
(436, 100.9920699596405, -298134.4288482834, -92087.0)
(437, 101.28947591781616, -298134.4288482834, -92087.0)
(438, 101.6204342842102, -298134.4288482834, -92087.0)
(439, 101.97213888168335, -298134.4288482834, -92087.0)
(440, 102.30152225494385, -298134.4288482834, -92087.0)
(441, 102.66409754753113, -298134.4288482834, -92087.0)
(442, 103.01700162887573, -298134.4288482834, -92087.0)
(443, 103.32151699066162, -298134.4288482834, -92087.0)
(444, 103.63691139221191, -298134.4288482834, -92087.0)
(445, 103.94097328186035, -298134.4288482834, -92087.0)
(446, 104.20058035850525, -298134.4288482834, -92087.0)
(447, 104.49667096138, -298134.4288482834, -92087.0)
(448, 104.80341982841492, -298134.4288482834, -92087.0)
(449, 105.10366415977478, -298134.4288482834, -92087.0)
(450, 105.42581272125244, -298134.4288482834, -92087.0)
(451, 105.74518585205078, -298134.4288482834, -92087.0)
(452, 106.07071995735168, -298134.4288482834, -92087.0)
(453, 106.3895628452301, -298134.4288482834, -92087.0)
(454, 106.70379066467285, -298134.4288482834, -92087.0)
(455, 107.04106760025024, -298134.4288482834, -92087.0)
(456, 107.37016272544861, -298134.4288482834, -92087.0)
(457, 107.69183611869812, -298134.4288482834, -92087.0)
(458, 108.01435017585754, -298134.4288482834, -92087.0)
(459, 108.35182595252991, -298134.4288482834, -92087.0)
(460, 108.70132660865784, -298134.4288482834, -92087.0)
(461, 109.01557946205139, -298134.4288482834, -92087.0)
(462, 109.32124948501587, -298134.4288482834, -92087.0)
(463, 109.63760638237, -298134.4288482834, -92087.0)
(464, 109.93488669395447, -298134.4288482834, -92087.0)
(465, 110.22536969184875, -298134.4288482834, -92087.0)
(466, 110.53914427757263, -298134.4288482834, -92087.0)
(467, 110.85949230194092, -298134.4288482834, -92087.0)
(468, 111.18345952033997, -298134.4288482834, -92087.0)
(469, 111.49435567855835, -298134.4288482834, -92087.0)
(470, 111.83291053771973, -298134.4288482834, -92087.0)
(471, 112.14539098739624, -298134.4288482834, -92087.0)
(472, 112.45551133155823, -298134.4288482834, -92087.0)
(473, 112.78427648544312, -298134.4288482834, -92087.0)
(474, 113.13062810897827, -298134.4288482834, -92087.0)
(475, 113.43372869491577, -298134.4288482834, -92087.0)
(476, 113.70850896835327, -298134.4288482834, -92087.0)
(477, 114.06781935691833, -298134.4288482834, -92087.0)
(478, 114.44077610969543, -298134.4288482834, -92087.0)
(479, 114.80459380149841, -298134.4288482834, -92087.0)
(480, 115.17216634750366, -298134.4288482834, -92087.0)
(481, 115.4392237663269, -298134.4288482834, -92087.0)
(482, 115.71272492408752, -298134.4288482834, -92087.0)
(483, 115.97239208221436, -298134.4288482834, -92087.0)
(484, 116.27785205841064, -298134.4288482834, -92087.0)
(485, 116.56036138534546, -298134.4288482834, -92087.0)
(486, 116.82138752937317, -298134.4288482834, -92087.0)
(487, 117.09854125976562, -298134.4288482834, -92087.0)
(488, 117.4406144618988, -298134.4288482834, -92087.0)
(489, 117.75415635108948, -298134.4288482834, -92087.0)
(490, 118.0285222530365, -298134.4288482834, -92087.0)
(491, 118.34610056877136, -298134.4288482834, -92087.0)
(492, 118.6527750492096, -298134.4288482834, -92087.0)
(493, 118.96620345115662, -298134.4288482834, -92087.0)
(494, 119.29622530937195, -298134.4288482834, -92087.0)
(495, 119.62521076202393, -298134.4288482834, -92087.0)
(496, 119.95862197875977, -298134.4288482834, -92087.0)
(497, 120.2511694431305, -298134.4288482834, -92087.0)
(498, 120.6042320728302, -298134.4288482834, -92087.0)
(499, 120.89298367500305, -298134.4288482834, -92087.0)
(500, 121.22198152542114, -298134.4288482834, -92087.0)
(501, 121.55245304107666, -298134.4288482834, -92087.0)
(502, 121.88319420814514, -298134.4288482834, -92087.0)
(503, 122.2023618221283, -298134.4288482834, -92087.0)
(504, 122.52628993988037, -298134.4288482834, -92087.0)
(505, 122.87846374511719, -298134.4288482834, -92087.0)
(506, 123.25405955314636, -298134.4288482834, -92087.0)
(507, 123.5924162864685, -298134.4288482834, -92087.0)
(508, 123.95867323875427, -298134.4288482834, -92087.0)
(509, 124.30645513534546, -298134.4288482834, -92087.0)
(510, 124.6296546459198, -298134.4288482834, -92087.0)
(511, 125.02415418624878, -298134.4288482834, -92087.0)
(512, 125.39826011657715, -298134.4288482834, -92087.0)
(513, 125.76176929473877, -298134.4288482834, -92087.0)
(514, 126.13777422904968, -298134.4288482834, -92087.0)
(515, 126.47506070137024, -298134.4288482834, -92087.0)
(516, 126.79362034797668, -298134.4288482834, -92087.0)
(517, 127.14723920822144, -298134.4288482834, -92087.0)
(518, 127.51445364952087, -298134.4288482834, -92087.0)
(519, 127.87873983383179, -298134.4288482834, -92087.0)
(520, 128.2960023880005, -298134.4288482834, -92087.0)
(521, 128.68014979362488, -298134.4288482834, -92087.0)
(522, 129.13470911979675, -298134.4288482834, -92087.0)
(523, 129.51296830177307, -298134.4288482834, -92087.0)
(524, 129.88731741905212, -298134.4288482834, -92087.0)
(525, 130.30720472335815, -298134.4288482834, -92087.0)
(526, 130.67241716384888, -298134.4288482834, -92087.0)
(527, 131.03297901153564, -298134.4288482834, -92087.0)
(528, 131.53699803352356, -293292.97021273215, -92087.0)
(529, 131.90344715118408, -293292.97021273215, -92087.0)
(530, 132.2985463142395, -293292.97021273215, -92087.0)
(531, 132.66923761367798, -293292.97021273215, -92087.0)
(532, 133.04686284065247, -293292.97021273215, -92087.0)
(533, 133.34241390228271, -293292.97021273215, -92087.0)
(534, 133.62842798233032, -293292.97021273215, -92087.0)
(535, 133.92076301574707, -293292.97021273215, -92087.0)
(536, 134.19226384162903, -293292.97021273215, -92087.0)
(537, 134.46404314041138, -293292.97021273215, -92087.0)
(538, 134.71858024597168, -293292.97021273215, -92087.0)
(539, 134.9778163433075, -293292.97021273215, -92087.0)
(540, 135.25839042663574, -293292.97021273215, -92087.0)
(541, 135.52407932281494, -293292.97021273215, -92087.0)
(542, 135.79700636863708, -293292.97021273215, -92087.0)
(543, 136.06038880348206, -293292.97021273215, -92087.0)
(544, 136.3453140258789, -293292.97021273215, -92087.0)
(545, 136.6274070739746, -293292.97021273215, -92087.0)
(546, 136.9067406654358, -293292.97021273215, -92087.0)
(547, 137.1708469390869, -293292.97021273215, -92087.0)
(548, 137.42393350601196, -293292.97021273215, -92087.0)
(549, 137.68892693519592, -293292.97021273215, -92087.0)
(550, 137.96254301071167, -293292.97021273215, -92087.0)
(551, 138.2290608882904, -293292.97021273215, -92087.0)
(552, 138.51220107078552, -293292.97021273215, -92087.0)
(553, 138.7795147895813, -293292.97021273215, -92087.0)
(554, 139.0521638393402, -293292.97021273215, -92087.0)
(555, 139.3292064666748, -293292.97021273215, -92087.0)
(556, 139.6347999572754, -293292.97021273215, -92087.0)
(557, 139.91039204597473, -293292.97021273215, -92087.0)
(558, 140.18203258514404, -293292.97021273215, -92087.0)
(559, 140.48084807395935, -293292.97021273215, -92087.0)
(560, 140.74536609649658, -293292.97021273215, -92087.0)
(561, 141.03548526763916, -293292.97021273215, -92087.0)
(562, 141.39335799217224, -293292.97021273215, -92087.0)
(563, 141.76269817352295, -293292.97021273215, -92087.0)
(564, 142.17049956321716, -293292.97021273215, -92087.0)
(565, 142.5296139717102, -293292.97021273215, -92087.0)
(566, 142.84954595565796, -293292.97021273215, -92087.0)
(567, 143.1424515247345, -293292.97021273215, -92087.0)
(568, 143.43834257125854, -293292.97021273215, -92087.0)
(569, 143.73767232894897, -293292.97021273215, -92087.0)
(570, 144.0542278289795, -293292.97021273215, -92087.0)
(571, 144.3995635509491, -293292.97021273215, -92087.0)
(572, 144.71995306015015, -293292.97021273215, -92087.0)
(573, 145.06998586654663, -293292.97021273215, -92087.0)
(574, 145.3919553756714, -293292.97021273215, -92087.0)
(575, 145.71334099769592, -293292.97021273215, -92087.0)
(576, 146.05883860588074, -293292.97021273215, -92087.0)
(577, 146.41432809829712, -293292.97021273215, -92087.0)
(578, 146.72170305252075, -293292.97021273215, -92087.0)
(579, 147.07242012023926, -293292.97021273215, -92087.0)
(580, 147.450053691864, -293292.97021273215, -92087.0)
(581, 147.75516819953918, -293292.97021273215, -92087.0)
(582, 148.0523326396942, -293292.97021273215, -92087.0)
(583, 148.41158962249756, -293292.97021273215, -92087.0)
(584, 148.7042899131775, -293292.97021273215, -92087.0)
(585, 149.00404810905457, -293292.97021273215, -92087.0)
(586, 149.30208611488342, -293292.97021273215, -92087.0)
(587, 149.60845494270325, -293292.97021273215, -92087.0)
(588, 149.908753156662, -293292.97021273215, -92087.0)
(589, 150.20010495185852, -293292.97021273215, -92087.0)
(590, 150.4936158657074, -293292.97021273215, -92087.0)
(591, 150.7970530986786, -293292.97021273215, -92087.0)
(592, 151.09485387802124, -293292.97021273215, -92087.0)
(593, 151.38999390602112, -293292.97021273215, -92087.0)
(594, 151.72018480300903, -293292.97021273215, -92087.0)
(595, 152.00505542755127, -293292.97021273215, -92087.0)
(596, 152.34930324554443, -293292.97021273215, -92087.0)
(597, 152.6931233406067, -293292.97021273215, -92087.0)
(598, 153.0458960533142, -293292.97021273215, -92087.0)
(599, 153.3456473350525, -293292.97021273215, -92087.0)
(600, 153.68842601776123, -293292.97021273215, -92087.0)
(601, 154.0268406867981, -293292.97021273215, -92087.0)
(602, 154.31243777275085, -293292.97021273215, -92087.0)
(603, 154.6310977935791, -293292.97021273215, -92087.0)
(604, 154.97650837898254, -293292.97021273215, -92087.0)
(605, 155.33982515335083, -293292.97021273215, -92087.0)
(606, 155.7060205936432, -293292.97021273215, -92087.0)
(607, 156.1129891872406, -293292.97021273215, -92087.0)
(608, 156.55989241600037, -293292.97021273215, -92087.0)
(609, 156.96400785446167, -293292.97021273215, -92087.0)
(610, 157.4160556793213, -293292.97021273215, -92087.0)
(611, 157.82540941238403, -293292.97021273215, -92087.0)
(612, 158.23537349700928, -293292.97021273215, -92087.0)
(613, 158.63408207893372, -293292.97021273215, -92087.0)
(614, 158.98408579826355, -293292.97021273215, -92087.0)
(615, 159.31013083457947, -293292.97021273215, -92087.0)
(616, 159.6994776725769, -293292.97021273215, -92087.0)
(617, 160.07919669151306, -293292.97021273215, -92087.0)
(618, 160.43943810462952, -293292.97021273215, -92087.0)
(619, 160.72602224349976, -293292.97021273215, -92087.0)
(620, 161.03374886512756, -293292.97021273215, -92087.0)
(621, 161.38728666305542, -293292.97021273215, -92087.0)
(622, 161.68434262275696, -293292.97021273215, -92087.0)
(623, 161.98948693275452, -293292.97021273215, -92087.0)
(624, 162.29609489440918, -293292.97021273215, -92087.0)
(625, 162.5814516544342, -293292.97021273215, -92087.0)
(626, 162.88020992279053, -293292.97021273215, -92087.0)
(627, 163.2059886455536, -293292.97021273215, -92087.0)
(628, 163.5637230873108, -293292.97021273215, -92087.0)
(629, 163.88185048103333, -293292.97021273215, -92087.0)
(630, 164.1781747341156, -293292.97021273215, -92087.0)
(631, 164.48270416259766, -293292.97021273215, -92087.0)
(632, 164.82948899269104, -293292.97021273215, -92087.0)
(633, 165.18541288375854, -293292.97021273215, -92087.0)
(634, 165.53562545776367, -293292.97021273215, -92087.0)
(635, 165.90101599693298, -293292.97021273215, -92087.0)
(636, 166.25976991653442, -293292.97021273215, -92087.0)
(637, 166.61555790901184, -293292.97021273215, -92087.0)
(638, 166.93438148498535, -293292.97021273215, -92087.0)
(639, 167.24865007400513, -293292.97021273215, -92087.0)
(640, 167.60759687423706, -293292.97021273215, -92087.0)
(641, 167.96841764450073, -293292.97021273215, -92087.0)
(642, 168.33155417442322, -293292.97021273215, -92087.0)
(643, 168.69903826713562, -293292.97021273215, -92087.0)
(644, 169.00737619400024, -293292.97021273215, -92087.0)
(645, 169.40142464637756, -293292.97021273215, -92087.0)
(646, 169.82077431678772, -293292.97021273215, -92087.0)
(647, 170.25487089157104, -293292.97021273215, -92087.0)
(648, 170.58245420455933, -293292.97021273215, -92087.0)
(649, 170.88741755485535, -293292.97021273215, -92087.0)
(650, 171.19305062294006, -293292.97021273215, -92087.0)
(651, 171.55647897720337, -293292.97021273215, -92087.0)
(652, 171.90020537376404, -293292.97021273215, -92087.0)
(653, 172.2167627811432, -293292.97021273215, -92087.0)
(654, 172.5659773349762, -293292.97021273215, -92087.0)
(655, 172.8450891971588, -293292.97021273215, -92087.0)
(656, 173.13516473770142, -293292.97021273215, -92087.0)
(657, 173.48842239379883, -293292.97021273215, -92087.0)
(658, 173.8148329257965, -293292.97021273215, -92087.0)
(659, 174.18717002868652, -293292.97021273215, -92087.0)
(660, 174.55277228355408, -293292.97021273215, -92087.0)
(661, 174.90969514846802, -293292.97021273215, -92087.0)
(662, 175.28333282470703, -293292.97021273215, -92087.0)
(663, 175.66996312141418, -293292.97021273215, -92087.0)
(664, 176.0037236213684, -293292.97021273215, -92087.0)
(665, 176.38348388671875, -293292.97021273215, -92087.0)
(666, 176.73851871490479, -293292.97021273215, -92087.0)
(667, 177.06129622459412, -293292.97021273215, -92087.0)
(668, 177.37850737571716, -293292.97021273215, -92087.0)
(669, 177.73292541503906, -293292.97021273215, -92087.0)
(670, 178.0922703742981, -293292.97021273215, -92087.0)
(671, 178.50235772132874, -293292.97021273215, -92087.0)
(672, 178.88382649421692, -293292.97021273215, -92087.0)
(673, 179.3387975692749, -293292.97021273215, -92087.0)
(674, 179.73269724845886, -293292.97021273215, -92087.0)
(675, 180.02576422691345, -293292.97021273215, -92087.0)
(676, 180.40322971343994, -293292.97021273215, -92087.0)
(677, 180.72546005249023, -293292.97021273215, -92087.0)
(678, 181.07463335990906, -293292.97021273215, -92087.0)
(679, 181.3924629688263, -293292.97021273215, -92087.0)
(680, 181.79190468788147, -293292.97021273215, -92087.0)
(681, 182.1682162284851, -293292.97021273215, -92087.0)
(682, 182.55616903305054, -293292.97021273215, -92087.0)
(683, 182.94415044784546, -293292.97021273215, -92087.0)
(684, 183.30552124977112, -293292.97021273215, -92087.0)
(685, 183.64582300186157, -293292.97021273215, -92087.0)
(686, 184.0269787311554, -293292.97021273215, -92087.0)
(687, 184.36776852607727, -293292.97021273215, -92087.0)
(688, 184.71543622016907, -293292.97021273215, -92087.0)
(689, 185.0932228565216, -293292.97021273215, -92087.0)
(690, 185.48790502548218, -293292.97021273215, -92087.0)
(691, 185.8826277256012, -293292.97021273215, -92087.0)
(692, 186.28387689590454, -293292.97021273215, -92087.0)
(693, 186.66872787475586, -293292.97021273215, -92087.0)
(694, 187.01990413665771, -293292.97021273215, -92087.0)
(695, 187.4154613018036, -293292.97021273215, -92087.0)
(696, 187.7983274459839, -293292.97021273215, -92087.0)
(697, 188.23329901695251, -293292.97021273215, -92087.0)
(698, 188.63680124282837, -293292.97021273215, -92087.0)
(699, 188.9751787185669, -293292.97021273215, -92087.0)
(700, 189.39798259735107, -293292.97021273215, -92087.0)
(701, 189.8374583721161, -293292.97021273215, -92087.0)
(702, 190.2717456817627, -293292.97021273215, -92087.0)
(703, 190.72131609916687, -293292.97021273215, -92087.0)
(704, 191.29855966567993, -291038.9906846533, -92087.0)
(705, 191.81837844848633, -291038.9906846533, -92087.0)
(706, 192.3045997619629, -291038.9906846533, -92087.0)
(707, 192.6577980518341, -291038.9906846533, -92087.0)
(708, 193.06224584579468, -291038.9906846533, -92087.0)
(709, 193.53533411026, -291038.9906846533, -92087.0)
(710, 193.93863081932068, -291038.9906846533, -92087.0)
(711, 194.3819239139557, -291038.9906846533, -92087.0)
(712, 194.736403465271, -291038.9906846533, -92087.0)
(713, 195.11824822425842, -291038.9906846533, -92087.0)
(714, 195.44447302818298, -291038.9906846533, -92087.0)
(715, 195.7929699420929, -291038.9906846533, -92087.0)
(716, 196.13976168632507, -291038.9906846533, -92087.0)
(717, 196.49247574806213, -291038.9906846533, -92087.0)
(718, 196.82712244987488, -291038.9906846533, -92087.0)
(719, 197.1295244693756, -291038.9906846533, -92087.0)
(720, 197.48384523391724, -291038.9906846533, -92087.0)
(721, 197.8051416873932, -291038.9906846533, -92087.0)
(722, 198.11676859855652, -291038.9906846533, -92087.0)
(723, 198.48113322257996, -291038.9906846533, -92087.0)
(724, 198.809241771698, -291038.9906846533, -92087.0)
(725, 199.17374897003174, -291038.9906846533, -92087.0)
(726, 199.56638360023499, -291038.9906846533, -92087.0)
(727, 199.90003275871277, -291038.9906846533, -92087.0)
(728, 200.31541681289673, -291038.9906846533, -92087.0)
(729, 200.74330925941467, -291038.9906846533, -92087.0)
(730, 201.12867712974548, -291038.9906846533, -92087.0)
(731, 201.46977424621582, -291038.9906846533, -92087.0)
(732, 201.80573105812073, -291038.9906846533, -92087.0)
(733, 202.19641590118408, -291038.9906846533, -92087.0)
(734, 202.61286282539368, -291038.9906846533, -92087.0)
(735, 202.95486330986023, -291038.9906846533, -92087.0)
(736, 203.34891557693481, -291038.9906846533, -92087.0)
(737, 203.66958951950073, -291038.9906846533, -92087.0)
(738, 203.9942729473114, -291038.9906846533, -92087.0)
(739, 204.2955665588379, -291038.9906846533, -92087.0)
(740, 204.6109697818756, -291038.9906846533, -92087.0)
(741, 204.90788292884827, -291038.9906846533, -92087.0)
(742, 205.23207473754883, -291038.9906846533, -92087.0)
(743, 205.54861903190613, -291038.9906846533, -92087.0)
(744, 205.84866404533386, -291038.9906846533, -92087.0)
(745, 206.152081489563, -291038.9906846533, -92087.0)
(746, 206.47263836860657, -291038.9906846533, -92087.0)
(747, 206.77216219902039, -291038.9906846533, -92087.0)
(748, 207.0733368396759, -291038.9906846533, -92087.0)
(749, 207.37519025802612, -291038.9906846533, -92087.0)
(750, 207.6687867641449, -291038.9906846533, -92087.0)
(751, 207.97380876541138, -291038.9906846533, -92087.0)
(752, 208.27315878868103, -291038.9906846533, -92087.0)
(753, 208.56301474571228, -291038.9906846533, -92087.0)
(754, 208.86718678474426, -291038.9906846533, -92087.0)
(755, 209.1714699268341, -291038.9906846533, -92087.0)
(756, 209.48955702781677, -291038.9906846533, -92087.0)
(757, 209.80383706092834, -291038.9906846533, -92087.0)
(758, 210.13443875312805, -291038.9906846533, -92087.0)
(759, 210.4724519252777, -291038.9906846533, -92087.0)
(760, 210.8933811187744, -291038.9906846533, -92087.0)
(761, 211.28548431396484, -291038.9906846533, -92087.0)
(762, 211.62764883041382, -291038.9906846533, -92087.0)
(763, 211.98156118392944, -291038.9906846533, -92087.0)
(764, 212.31335520744324, -291038.9906846533, -92087.0)
(765, 212.64723944664001, -291038.9906846533, -92087.0)
(766, 212.94209122657776, -291038.9906846533, -92087.0)
(767, 213.26505589485168, -291038.9906846533, -92087.0)
(768, 213.5897614955902, -291038.9906846533, -92087.0)
(769, 213.90814423561096, -291038.9906846533, -92087.0)
(770, 214.2559199333191, -291038.9906846533, -92087.0)
(771, 214.6518325805664, -291038.9906846533, -92087.0)
(772, 215.05761671066284, -291038.9906846533, -92087.0)
(773, 215.41029620170593, -291038.9906846533, -92087.0)
(774, 215.73626494407654, -291038.9906846533, -92087.0)
(775, 216.13452100753784, -291038.9906846533, -92087.0)
(776, 216.56519174575806, -291038.9906846533, -92087.0)
(777, 216.95782279968262, -291038.9906846533, -92087.0)
(778, 217.4522705078125, -291038.9906846533, -92087.0)
(779, 217.94885444641113, -291038.9906846533, -92087.0)
(780, 218.44401574134827, -291038.9906846533, -92087.0)
(781, 218.9330370426178, -291038.9906846533, -92087.0)
(782, 219.42884516716003, -291038.9906846533, -92087.0)
(783, 219.88352584838867, -291038.9906846533, -92087.0)
(784, 220.33321905136108, -291038.9906846533, -92087.0)
(785, 220.681499004364, -291038.9906846533, -92087.0)
(786, 221.04193544387817, -291038.9906846533, -92087.0)
(787, 221.47566771507263, -291038.9906846533, -92087.0)
(788, 221.88475584983826, -291038.9906846533, -92087.0)
(789, 222.2049252986908, -291038.9906846533, -92087.0)
(790, 222.54513096809387, -291038.9906846533, -92087.0)
(791, 222.8822546005249, -291038.9906846533, -92087.0)
(792, 223.24303126335144, -291038.9906846533, -92087.0)
(793, 223.57953906059265, -291038.9906846533, -92087.0)
(794, 223.92548084259033, -291038.9906846533, -92087.0)
(795, 224.28034019470215, -291038.9906846533, -92087.0)
(796, 224.69172644615173, -291038.9906846533, -92087.0)
(797, 225.08943247795105, -291038.9906846533, -92087.0)
(798, 225.44283509254456, -291038.9906846533, -92087.0)
(799, 225.7825858592987, -291038.9906846533, -92087.0)
(800, 226.11594247817993, -291038.9906846533, -92087.0)
(801, 226.53415894508362, -291038.9906846533, -92087.0)
(802, 226.8651864528656, -291038.9906846533, -92087.0)
(803, 227.28741836547852, -291038.9906846533, -92087.0)
(804, 227.74799013137817, -291038.9906846533, -92087.0)
(805, 228.1911334991455, -291038.9906846533, -92087.0)
(806, 228.54349064826965, -291038.9906846533, -92087.0)
(807, 228.92496418952942, -291038.9906846533, -92087.0)
(808, 229.29105138778687, -291038.9906846533, -92087.0)
(809, 229.6313281059265, -291038.9906846533, -92087.0)
(810, 230.03883481025696, -291038.9906846533, -92087.0)
(811, 230.39797186851501, -291038.9906846533, -92087.0)
(812, 230.75345659255981, -291038.9906846533, -92087.0)
(813, 231.10635495185852, -291038.9906846533, -92087.0)
(814, 231.46894788742065, -291038.9906846533, -92087.0)
(815, 231.79442429542542, -291038.9906846533, -92087.0)
(816, 232.14742517471313, -291038.9906846533, -92087.0)
(817, 232.50968599319458, -291038.9906846533, -92087.0)
(818, 232.9281268119812, -291038.9906846533, -92087.0)
(819, 233.3679714202881, -291038.9906846533, -92087.0)
(820, 233.7891788482666, -291038.9906846533, -92087.0)
(821, 234.28436923027039, -291038.9906846533, -92087.0)
(822, 234.75237846374512, -291038.9906846533, -92087.0)
(823, 235.24596881866455, -291038.9906846533, -92087.0)
(824, 235.6654794216156, -291038.9906846533, -92087.0)
(825, 236.103777885437, -291038.9906846533, -92087.0)
(826, 236.5582058429718, -291038.9906846533, -92087.0)
(827, 237.06263756752014, -291038.9906846533, -92087.0)
(828, 237.57539916038513, -291038.9906846533, -92087.0)
(829, 238.0991313457489, -291038.9906846533, -92087.0)
(830, 238.62519073486328, -291038.9906846533, -92087.0)
(831, 238.95247840881348, -291038.9906846533, -92087.0)
(832, 239.37686824798584, -291038.9906846533, -92087.0)
(833, 239.722261428833, -291038.9906846533, -92087.0)
(834, 240.03956842422485, -291038.9906846533, -92087.0)
(835, 240.4169099330902, -291038.9906846533, -92087.0)
(836, 240.7721381187439, -291038.9906846533, -92087.0)
(837, 241.11631870269775, -291038.9906846533, -92087.0)
(838, 241.55054998397827, -291038.9906846533, -92087.0)
(839, 241.92134761810303, -291038.9906846533, -92087.0)
(840, 242.3162271976471, -291038.9906846533, -92087.0)
(841, 242.68141269683838, -291038.9906846533, -92087.0)
(842, 243.02562403678894, -291038.9906846533, -92087.0)
(843, 243.3784623146057, -291038.9906846533, -92087.0)
(844, 243.81252026557922, -291038.9906846533, -92087.0)
(845, 244.24882793426514, -291038.9906846533, -92087.0)
(846, 244.67261672019958, -291038.9906846533, -92087.0)
(847, 245.1518988609314, -291038.9906846533, -92087.0)
(848, 245.66553902626038, -291038.9906846533, -92087.0)
(849, 246.07001900672913, -291038.9906846533, -92087.0)
(850, 246.5233964920044, -291038.9906846533, -92087.0)
(851, 246.984858751297, -291038.9906846533, -92087.0)
(852, 247.46276187896729, -291038.9906846533, -92087.0)
(853, 247.91989541053772, -291038.9906846533, -92087.0)
(854, 248.3760097026825, -291038.9906846533, -92087.0)
(855, 248.89072704315186, -291038.9906846533, -92087.0)
(856, 249.40280842781067, -291038.9906846533, -92087.0)
(857, 249.8544681072235, -291038.9906846533, -92087.0)
(858, 250.3298375606537, -291038.9906846533, -92087.0)
(859, 250.86934208869934, -291038.9906846533, -92087.0)
(860, 251.36113476753235, -291038.9906846533, -92087.0)
(861, 251.85208439826965, -291038.9906846533, -92087.0)
(862, 252.366197347641, -291038.9906846533, -92087.0)
(863, 252.98303890228271, -291038.9906846533, -92087.0)
(864, 253.49649834632874, -291038.9906846533, -92087.0)
(865, 253.99454879760742, -291038.9906846533, -92087.0)
(866, 254.39578080177307, -291038.9906846533, -92087.0)
(867, 254.89354062080383, -291038.9906846533, -92087.0)
(868, 255.40077590942383, -291038.9906846533, -92087.0)
(869, 255.88995456695557, -291038.9906846533, -92087.0)
(870, 256.46273970603943, -291038.9906846533, -92087.0)
(871, 256.92601680755615, -291038.9906846533, -92087.0)
(872, 257.46070075035095, -291038.9906846533, -92087.0)
(873, 257.9146246910095, -291038.9906846533, -92087.0)
(874, 258.2616448402405, -291038.9906846533, -92087.0)
(875, 258.617728471756, -291038.9906846533, -92087.0)
(876, 259.0599489212036, -291038.9906846533, -92087.0)
(877, 259.58476185798645, -291038.9906846533, -92087.0)
(878, 260.0267074108124, -291038.9906846533, -92087.0)
(879, 260.45322155952454, -291038.9906846533, -92087.0)
(880, 260.90080428123474, -291038.9906846533, -92087.0)
(881, 261.2753629684448, -291038.9906846533, -92087.0)
(882, 261.7450909614563, -291038.9906846533, -92087.0)
(883, 262.22606778144836, -291038.9906846533, -92087.0)
(884, 262.71487522125244, -291038.9906846533, -92087.0)
(885, 263.2160406112671, -291038.9906846533, -92087.0)
(886, 263.69919419288635, -291038.9906846533, -92087.0)
(887, 264.22279357910156, -291038.9906846533, -92087.0)
(888, 264.6470546722412, -291038.9906846533, -92087.0)
(889, 265.15062975883484, -291038.9906846533, -92087.0)
(890, 265.57851004600525, -291038.9906846533, -92087.0)
(891, 266.0846390724182, -291038.9906846533, -92087.0)
(892, 266.58761405944824, -291038.9906846533, -92087.0)
(893, 267.1703429222107, -291038.9906846533, -92087.0)
(894, 267.86168217658997, -287697.967855122, -92087.0)
(895, 268.46047353744507, -287697.967855122, -92087.0)
(896, 268.9223930835724, -287697.967855122, -92087.0)
(897, 269.4302730560303, -287697.967855122, -92087.0)
(898, 269.93037581443787, -287697.967855122, -92087.0)
(899, 270.4120593070984, -287697.967855122, -92087.0)
(900, 270.76468563079834, -287697.967855122, -92087.0)
(901, 271.10136795043945, -287697.967855122, -92087.0)
(902, 271.4589521884918, -287697.967855122, -92087.0)
(903, 271.81273007392883, -287697.967855122, -92087.0)
(904, 272.12908363342285, -287697.967855122, -92087.0)
(905, 272.51168727874756, -287697.967855122, -92087.0)
(906, 272.8317332267761, -287697.967855122, -92087.0)
(907, 273.15082812309265, -287697.967855122, -92087.0)
(908, 273.57556915283203, -287697.967855122, -92087.0)
(909, 273.9334306716919, -287697.967855122, -92087.0)
(910, 274.27669382095337, -287697.967855122, -92087.0)
(911, 274.63306999206543, -287697.967855122, -92087.0)
(912, 274.9806122779846, -287697.967855122, -92087.0)
(913, 275.370591878891, -287697.967855122, -92087.0)
(914, 275.7538981437683, -287697.967855122, -92087.0)
(915, 276.1285665035248, -287697.967855122, -92087.0)
(916, 276.4779996871948, -287697.967855122, -92087.0)
(917, 276.81166768074036, -287697.967855122, -92087.0)
(918, 277.1210403442383, -287697.967855122, -92087.0)
(919, 277.46314096450806, -287697.967855122, -92087.0)
(920, 277.78584337234497, -287697.967855122, -92087.0)
(921, 278.09305214881897, -287697.967855122, -92087.0)
(922, 278.4363877773285, -287697.967855122, -92087.0)
(923, 278.78875946998596, -287697.967855122, -92087.0)
(924, 279.1177005767822, -287697.967855122, -92087.0)
(925, 279.4242649078369, -287697.967855122, -92087.0)
(926, 279.7306740283966, -287697.967855122, -92087.0)
(927, 280.05613136291504, -287697.967855122, -92087.0)
(928, 280.3556504249573, -287697.967855122, -92087.0)
(929, 280.7242364883423, -287697.967855122, -92087.0)
(930, 281.0352737903595, -287697.967855122, -92087.0)
(931, 281.4227249622345, -287697.967855122, -92087.0)
(932, 281.86509799957275, -287697.967855122, -92087.0)
(933, 282.2228238582611, -287697.967855122, -92087.0)
(934, 282.68905329704285, -287697.967855122, -92087.0)
(935, 283.17604899406433, -287697.967855122, -92087.0)
(936, 283.6761543750763, -287697.967855122, -92087.0)
(937, 284.2398748397827, -287697.967855122, -92087.0)
(938, 284.76844024658203, -287697.967855122, -92087.0)
(939, 285.3029761314392, -287697.967855122, -92087.0)
(940, 285.79155349731445, -287697.967855122, -92087.0)
(941, 286.14796233177185, -287697.967855122, -92087.0)
(942, 286.62531661987305, -287697.967855122, -92087.0)
(943, 287.08195543289185, -287697.967855122, -92087.0)
(944, 287.54965710639954, -287697.967855122, -92087.0)
(945, 287.93117451667786, -287697.967855122, -92087.0)
(946, 288.2902286052704, -287697.967855122, -92087.0)
(947, 288.7499680519104, -287697.967855122, -92087.0)
(948, 289.11074662208557, -287697.967855122, -92087.0)
(949, 289.48135018348694, -287697.967855122, -92087.0)
(950, 289.85453844070435, -287697.967855122, -92087.0)
(951, 290.33315110206604, -287697.967855122, -92087.0)
(952, 290.7499063014984, -287697.967855122, -92087.0)
(953, 291.1434190273285, -287697.967855122, -92087.0)
(954, 291.5330455303192, -287697.967855122, -92087.0)
(955, 291.99003195762634, -287697.967855122, -92087.0)
(956, 292.47007966041565, -287697.967855122, -92087.0)
(957, 292.9388864040375, -287697.967855122, -92087.0)
(958, 293.45745301246643, -287697.967855122, -92087.0)
(959, 293.9363224506378, -287697.967855122, -92087.0)
(960, 294.3991458415985, -287697.967855122, -92087.0)
(961, 294.89583706855774, -287697.967855122, -92087.0)
(962, 295.37896490097046, -287697.967855122, -92087.0)
(963, 295.9783627986908, -287697.967855122, -92087.0)
(964, 296.63443326950073, -287697.967855122, -92087.0)
(965, 297.12887048721313, -287697.967855122, -92087.0)
(966, 297.5815923213959, -287697.967855122, -92087.0)
(967, 297.9775114059448, -287697.967855122, -92087.0)
(968, 298.2972528934479, -287697.967855122, -92087.0)
(969, 298.65858697891235, -287697.967855122, -92087.0)
(970, 298.9664752483368, -287697.967855122, -92087.0)
(971, 299.33817172050476, -287697.967855122, -92087.0)
(972, 299.79713201522827, -287697.967855122, -92087.0)
(973, 300.18383145332336, -287697.967855122, -92087.0)
(974, 300.5227551460266, -287697.967855122, -92087.0)
(975, 300.9880244731903, -287697.967855122, -92087.0)
(976, 301.37378454208374, -287697.967855122, -92087.0)
(977, 301.7599618434906, -287697.967855122, -92087.0)
(978, 302.19436407089233, -287697.967855122, -92087.0)
(979, 302.59588289260864, -287697.967855122, -92087.0)
(980, 303.0928180217743, -287697.967855122, -92087.0)
(981, 303.6221504211426, -287697.967855122, -92087.0)
(982, 304.08429169654846, -287697.967855122, -92087.0)
(983, 304.56551003456116, -287697.967855122, -92087.0)
(984, 305.1584916114807, -287697.967855122, -92087.0)
(985, 305.6836795806885, -287697.967855122, -92087.0)
(986, 306.18397068977356, -287697.967855122, -92087.0)
(987, 306.6567084789276, -287697.967855122, -92087.0)
(988, 307.1241207122803, -287697.967855122, -92087.0)
(989, 307.64643239974976, -287697.967855122, -92087.0)
(990, 307.96436619758606, -287697.967855122, -92087.0)
(991, 308.44400930404663, -287697.967855122, -92087.0)
(992, 308.87193274497986, -287697.967855122, -92087.0)
(993, 309.38492584228516, -287697.967855122, -92087.0)
(994, 309.7321996688843, -287697.967855122, -92087.0)
(995, 310.22450041770935, -287697.967855122, -92087.0)
(996, 310.59163451194763, -287697.967855122, -92087.0)
(997, 311.07624769210815, -287697.967855122, -92087.0)
(998, 311.5275959968567, -287697.967855122, -92087.0)
(999, 312.00251722335815, -287697.967855122, -92087.0)
(1000, 312.45513916015625, -287697.967855122, -92087.0)
