(1, 0.017210721969604492, -150872.0, -14296.0)
(2, 0.0333101749420166, -140752.11111111112, -14296.0)
(3, 0.04932737350463867, -140752.11111111112, -14296.0)
(4, 0.06522822380065918, -140752.11111111112, -14296.0)
(5, 0.08142447471618652, -140752.11111111112, -14296.0)
(6, 0.09713625907897949, -140752.11111111112, -14296.0)
(7, 0.11317873001098633, -140752.11111111112, -14296.0)
(8, 0.1293807029724121, -122651.44444444444, -14296.0)
(9, 0.1460583209991455, -105071.44444444444, -14296.0)
(10, 0.16238856315612793, -104978.22222222222, -14296.0)
(11, 0.1792149543762207, -104137.88888888889, -14296.0)
(12, 0.19614624977111816, -84063.33333333333, -14296.0)
(13, 0.21326971054077148, -68183.11111111111, -14296.0)
(14, 0.23098993301391602, -41060.555555555555, -14296.0)
(15, 0.2487175464630127, -38020.11111111111, -14296.0)
(16, 0.2666435241699219, -17339.333333333336, -14296.0)
(17, 0.28543949127197266, -16760.0, -16760.0)
(18, 0.30336475372314453, -16760.0, -16760.0)
