(1, 0.13368582725524902, -144317.0, -9892.0)
(2, 0.2687649726867676, -144317.0, -9892.0)
(3, 0.38970112800598145, -143390.1081081081, -9892.0)
(4, 0.5114319324493408, -134870.69444444444, -9892.0)
(5, 0.6325139999389648, -130846.69696969698, -9892.0)
(6, 0.7543044090270996, -124586.86111111111, -9892.0)
(7, 0.8746719360351562, -115914.20588235294, -9892.0)
(8, 0.9947590827941895, -105568.0, -9892.0)
(9, 1.1152513027191162, -101035.9375, -9892.0)
(10, 1.2372570037841797, -94469.03225806452, -9892.0)
(11, 1.358039379119873, -89473.13333333333, -9892.0)
(12, 1.4783306121826172, -80142.13333333333, -9892.0)
(13, 1.5990924835205078, -72977.36, -9892.0)
(14, 1.7213349342346191, -65864.45833333333, -9892.0)
(15, 1.8424286842346191, -65864.45833333333, -9892.0)
(16, 1.9641790390014648, -65864.45833333333, -9892.0)
(17, 2.086005210876465, -65864.45833333333, -9892.0)
(18, 2.2102560997009277, -65864.45833333333, -9892.0)
(19, 2.3338305950164795, -65864.45833333333, -9892.0)
(20, 2.4576621055603027, -65864.45833333333, -9892.0)
(21, 2.5815725326538086, -65864.45833333333, -9892.0)
(22, 2.706660509109497, -65864.45833333333, -9892.0)
(23, 2.835322380065918, -62005.375, -9892.0)
(24, 2.9611241817474365, -62005.375, -9892.0)
(25, 3.0874075889587402, -62005.375, -9892.0)
(26, 3.214263916015625, -62005.375, -9892.0)
(27, 3.3404083251953125, -59240.666666666664, -9892.0)
(28, 3.466968297958374, -59240.666666666664, -9892.0)
(29, 3.5943100452423096, -51258.708333333336, -9892.0)
(30, 3.723677158355713, -45971.458333333336, -9892.0)
(31, 3.855816602706909, -37126.416666666664, -9892.0)
(32, 3.9858624935150146, -37126.416666666664, -9892.0)
(33, 4.117233991622925, -37126.416666666664, -9892.0)
(34, 4.247892141342163, -37126.416666666664, -9892.0)
(35, 4.3795857429504395, -33214.75, -9892.0)
(36, 4.5107741355896, -33214.75, -9892.0)
(37, 4.64224100112915, -33214.75, -9892.0)
(38, 4.7781476974487305, -33214.75, -9892.0)
(39, 4.912890672683716, -33214.75, -9892.0)
(40, 5.046262502670288, -29347.041666666664, -9892.0)
(41, 5.180462837219238, -29347.041666666664, -9892.0)
(42, 5.314388990402222, -29347.041666666664, -9892.0)
(43, 5.448925256729126, -25479.333333333336, -9892.0)
(44, 5.584644079208374, -18853.125, -9892.0)
(45, 5.72000789642334, -18853.125, -9892.0)
(46, 5.8552467823028564, -18853.125, -9892.0)
(47, 5.991729736328125, -16958.833333333336, -9892.0)
(48, 6.148834943771362, -16958.833333333336, -9892.0)
(49, 6.288195371627808, -16958.833333333336, -9892.0)
(50, 6.4271581172943115, -16958.833333333336, -9892.0)
(51, 6.56666111946106, -15007.0, -9892.0)
(52, 6.707299470901489, -14630.666666666666, -9892.0)
(53, 6.8477325439453125, -14272.208333333332, -9892.0)
(54, 6.9885900020599365, -14272.208333333332, -9892.0)
(55, 7.129773139953613, -14272.208333333332, -9892.0)
(56, 7.2724831104278564, -13045.749999999998, -9892.0)
(57, 7.429156541824341, -13045.749999999998, -9892.0)
(58, 7.604640960693359, -11149.0, -10022.0)
(59, 7.748956203460693, -10183.0, -10183.0)
(60, 7.88708758354187, -10183.0, -10183.0)
