(1, 0.040791988372802734, -1015983.0, -35787.0)
(2, 0.10172390937805176, -418519.75205673755, -35787.0)
(3, 0.15641379356384277, -180634.61369621198, -35787.0)
(4, 0.22408270835876465, -125400.48100585313, -35787.0)
(5, 0.3042736053466797, -109584.18822282644, -35787.0)
(6, 0.3962287902832031, -68184.70371889345, -47493.0)
(7, 0.49012088775634766, -53700.511115667876, -47493.0)
(8, 0.5813238620758057, -49355.25333470044, -47493.0)
(9, 0.6742994785308838, -48051.6760004106, -47493.0)
(10, 0.7722539901733398, -47660.60280012322, -47493.0)
(11, 0.873112678527832, -47543.28084003711, -47493.0)
(12, 0.9781665802001953, -47508.084252011664, -47493.0)
(13, 1.0751802921295166, -47497.52527560308, -47493.0)
(14, 1.1777372360229492, -47494.35758267934, -47493.0)
(15, 1.2818610668182373, -47493.4072747932, -47493.0)
(16, 1.3822617530822754, -47493.12218243741, -47493.0)
(17, 1.4764480590820312, -47493.01707315002, -47493.0)
(18, 1.577913522720337, -47493.00498921934, -47493.0)
