(1, 0.07909417152404785, -705911.0, -52931.0)
(2, 0.15449023246765137, -705911.0, -52931.0)
(3, 0.22974658012390137, -705911.0, -52931.0)
(4, 0.3049356937408447, -705911.0, -52931.0)
(5, 0.38050365447998047, -705911.0, -52931.0)
(6, 0.4556562900543213, -705911.0, -52931.0)
(7, 0.5306153297424316, -705911.0, -52931.0)
(8, 0.6059064865112305, -705911.0, -52931.0)
(9, 0.6806783676147461, -705911.0, -52931.0)
(10, 0.7551331520080566, -705911.0, -52931.0)
(11, 0.8292758464813232, -705911.0, -52931.0)
(12, 0.9028244018554688, -705911.0, -52931.0)
(13, 0.9786393642425537, -705911.0, -52931.0)
(14, 1.0540149211883545, -705911.0, -52931.0)
(15, 1.1301867961883545, -705911.0, -52931.0)
(16, 1.2059087753295898, -705911.0, -52931.0)
(17, 1.2815525531768799, -705911.0, -52931.0)
(18, 1.357001781463623, -705911.0, -52931.0)
(19, 1.4315011501312256, -705911.0, -52931.0)
(20, 1.5067849159240723, -705911.0, -52931.0)
(21, 1.5822832584381104, -705911.0, -52931.0)
(22, 1.6570489406585693, -705911.0, -52931.0)
(23, 1.733583927154541, -705911.0, -52931.0)
(24, 1.8088140487670898, -705911.0, -52931.0)
(25, 1.883882761001587, -705911.0, -52931.0)
(26, 1.9586799144744873, -705911.0, -52931.0)
(27, 2.0356249809265137, -705911.0, -52931.0)
(28, 2.1113364696502686, -705911.0, -52931.0)
(29, 2.1889472007751465, -705911.0, -52931.0)
(30, 2.2666285037994385, -705911.0, -52931.0)
(31, 2.343867063522339, -705911.0, -52931.0)
(32, 2.4207873344421387, -705911.0, -52931.0)
(33, 2.4968769550323486, -705911.0, -52931.0)
(34, 2.5728912353515625, -705911.0, -52931.0)
(35, 2.64886212348938, -705911.0, -52931.0)
(36, 2.7257566452026367, -705911.0, -52931.0)
(37, 2.801818609237671, -705911.0, -52931.0)
(38, 2.8796918392181396, -705911.0, -52931.0)
(39, 2.9588892459869385, -705911.0, -52931.0)
(40, 3.0375025272369385, -705911.0, -52931.0)
(41, 3.116424322128296, -705911.0, -52931.0)
(42, 3.194504499435425, -705911.0, -52931.0)
(43, 3.273451566696167, -705911.0, -52931.0)
(44, 3.351505756378174, -705911.0, -52931.0)
(45, 3.4310712814331055, -705911.0, -52931.0)
(46, 3.508976697921753, -705911.0, -52931.0)
(47, 3.5884921550750732, -705911.0, -52931.0)
(48, 3.6675002574920654, -705911.0, -52931.0)
(49, 3.7468717098236084, -705911.0, -52931.0)
(50, 3.8256688117980957, -705911.0, -52931.0)
(51, 3.905963659286499, -705911.0, -52931.0)
(52, 3.985474109649658, -705911.0, -52931.0)
(53, 4.063932180404663, -705911.0, -52931.0)
(54, 4.142895460128784, -705911.0, -52931.0)
(55, 4.2211525440216064, -705911.0, -52931.0)
(56, 4.300823926925659, -705911.0, -52931.0)
(57, 4.379865407943726, -705911.0, -52931.0)
(58, 4.458258628845215, -705911.0, -52931.0)
(59, 4.538368463516235, -705911.0, -52931.0)
(60, 4.6191089153289795, -705911.0, -52931.0)
(61, 4.699108600616455, -705911.0, -52931.0)
(62, 4.778796434402466, -705911.0, -52931.0)
(63, 4.85914158821106, -705911.0, -52931.0)
(64, 4.9383556842803955, -705911.0, -52931.0)
(65, 5.017362356185913, -705911.0, -52931.0)
(66, 5.097367763519287, -705911.0, -52931.0)
(67, 5.177765130996704, -705911.0, -52931.0)
(68, 5.257730960845947, -705911.0, -52931.0)
(69, 5.340520620346069, -705911.0, -52931.0)
(70, 5.421644449234009, -705911.0, -52931.0)
(71, 5.503136396408081, -705911.0, -52931.0)
(72, 5.584371089935303, -705911.0, -52931.0)
(73, 5.665136098861694, -705911.0, -52931.0)
(74, 5.745885372161865, -705911.0, -52931.0)
(75, 5.827307462692261, -705911.0, -52931.0)
(76, 5.9074907302856445, -705911.0, -52931.0)
(77, 5.989191293716431, -705911.0, -52931.0)
(78, 6.071151971817017, -705911.0, -52931.0)
(79, 6.1526923179626465, -705911.0, -52931.0)
(80, 6.233597278594971, -705911.0, -52931.0)
(81, 6.3140177726745605, -705911.0, -52931.0)
(82, 6.397525787353516, -705911.0, -52931.0)
(83, 6.479315757751465, -705911.0, -52931.0)
(84, 6.560985803604126, -705911.0, -52931.0)
(85, 6.643702030181885, -705911.0, -52931.0)
(86, 6.727919101715088, -705911.0, -52931.0)
(87, 6.810175180435181, -705911.0, -52931.0)
(88, 6.894330739974976, -705911.0, -52931.0)
(89, 6.9767608642578125, -705911.0, -52931.0)
(90, 7.058377981185913, -705911.0, -52931.0)
(91, 7.143208026885986, -705911.0, -52931.0)
(92, 7.228271484375, -705911.0, -52931.0)
(93, 7.3123533725738525, -705911.0, -52931.0)
(94, 7.395658493041992, -705911.0, -52931.0)
(95, 7.479881048202515, -705911.0, -52931.0)
(96, 7.562871694564819, -705911.0, -52931.0)
(97, 7.648098945617676, -705911.0, -52931.0)
(98, 7.7327845096588135, -705911.0, -52931.0)
(99, 7.817288160324097, -705911.0, -52931.0)
(100, 7.902541637420654, -705911.0, -52931.0)
(101, 7.986110687255859, -705911.0, -52931.0)
(102, 8.070352792739868, -705911.0, -52931.0)
(103, 8.159162998199463, -705911.0, -52931.0)
(104, 8.247518062591553, -705911.0, -52931.0)
(105, 8.337114810943604, -705911.0, -52931.0)
(106, 8.426560878753662, -705911.0, -52931.0)
(107, 8.5147225856781, -705911.0, -52931.0)
(108, 8.601757287979126, -705911.0, -52931.0)
(109, 8.6886887550354, -705911.0, -52931.0)
(110, 8.775956153869629, -705911.0, -52931.0)
(111, 8.865163326263428, -705911.0, -52931.0)
(112, 8.95332407951355, -705911.0, -52931.0)
(113, 9.043689250946045, -705911.0, -52931.0)
(114, 9.131775140762329, -705911.0, -52931.0)
(115, 9.219714403152466, -705911.0, -52931.0)
(116, 9.308256149291992, -705911.0, -52931.0)
(117, 9.398733615875244, -705911.0, -52931.0)
(118, 9.489303588867188, -705911.0, -52931.0)
(119, 9.579043865203857, -705911.0, -52931.0)
(120, 9.67012882232666, -705911.0, -52931.0)
(121, 9.761202812194824, -705911.0, -52931.0)
(122, 9.851428508758545, -705911.0, -52931.0)
(123, 9.9407639503479, -705911.0, -52931.0)
(124, 10.031202554702759, -705911.0, -52931.0)
(125, 10.122425317764282, -705911.0, -52931.0)
(126, 10.21427321434021, -705911.0, -52931.0)
(127, 10.303491592407227, -705911.0, -52931.0)
(128, 10.394965410232544, -705911.0, -52931.0)
(129, 10.486491441726685, -705911.0, -52931.0)
(130, 10.57810354232788, -705911.0, -52931.0)
(131, 10.668601512908936, -705911.0, -52931.0)
(132, 10.758167266845703, -705911.0, -52931.0)
(133, 10.850181102752686, -705911.0, -52931.0)
(134, 10.94119668006897, -705911.0, -52931.0)
(135, 11.033000946044922, -705911.0, -52931.0)
(136, 11.127394437789917, -705911.0, -52931.0)
(137, 11.219970703125, -705911.0, -52931.0)
(138, 11.31019139289856, -705911.0, -52931.0)
(139, 11.400774240493774, -705911.0, -52931.0)
(140, 11.491636037826538, -705911.0, -52931.0)
(141, 11.585844278335571, -705911.0, -52931.0)
(142, 11.67734670639038, -705911.0, -52931.0)
(143, 11.772884130477905, -705911.0, -52931.0)
(144, 11.865251779556274, -705911.0, -52931.0)
(145, 11.959848880767822, -705911.0, -52931.0)
(146, 12.053465604782104, -705911.0, -52931.0)
(147, 12.148986101150513, -705911.0, -52931.0)
(148, 12.242601156234741, -705911.0, -52931.0)
(149, 12.338929653167725, -705911.0, -52931.0)
(150, 12.434619426727295, -705911.0, -52931.0)
(151, 12.53205919265747, -705911.0, -52931.0)
(152, 12.628798007965088, -705911.0, -52931.0)
(153, 12.723849058151245, -705911.0, -52931.0)
(154, 12.819819927215576, -705911.0, -52931.0)
(155, 12.915787935256958, -705911.0, -52931.0)
(156, 13.011138677597046, -705911.0, -52931.0)
(157, 13.106241226196289, -705911.0, -52931.0)
(158, 13.204821109771729, -705911.0, -52931.0)
(159, 13.304564952850342, -705911.0, -52931.0)
(160, 13.400262594223022, -705911.0, -52931.0)
(161, 13.49878716468811, -705911.0, -52931.0)
(162, 13.596270322799683, -705911.0, -52931.0)
(163, 13.6960768699646, -705911.0, -52931.0)
(164, 13.791886806488037, -705911.0, -52931.0)
(165, 13.892744541168213, -705911.0, -52931.0)
(166, 13.990378141403198, -705911.0, -52931.0)
(167, 14.088889837265015, -705911.0, -52931.0)
(168, 14.187256097793579, -705911.0, -52931.0)
(169, 14.286072969436646, -705911.0, -52931.0)
(170, 14.383822441101074, -705911.0, -52931.0)
(171, 14.48186182975769, -705911.0, -52931.0)
(172, 14.580873966217041, -705911.0, -52931.0)
(173, 14.68015718460083, -705911.0, -52931.0)
(174, 14.77931547164917, -705911.0, -52931.0)
(175, 14.881057262420654, -705911.0, -52931.0)
(176, 14.981725215911865, -705911.0, -52931.0)
(177, 15.079877376556396, -705911.0, -52931.0)
(178, 15.182706356048584, -705911.0, -52931.0)
(179, 15.28698468208313, -705911.0, -52931.0)
(180, 15.390209674835205, -705911.0, -52931.0)
(181, 15.494804859161377, -705911.0, -52931.0)
(182, 15.595149040222168, -705911.0, -52931.0)
(183, 15.696550607681274, -705911.0, -52931.0)
(184, 15.797931432723999, -705911.0, -52931.0)
(185, 15.900331974029541, -705911.0, -52931.0)
(186, 16.004854202270508, -705911.0, -52931.0)
(187, 16.105849981307983, -705911.0, -52931.0)
(188, 16.206571578979492, -705911.0, -52931.0)
(189, 16.309474229812622, -705911.0, -52931.0)
(190, 16.41089367866516, -705911.0, -52931.0)
(191, 16.518152952194214, -705911.0, -52931.0)
(192, 16.628407955169678, -705911.0, -52931.0)
(193, 16.734805822372437, -705911.0, -52931.0)
(194, 16.84234619140625, -705911.0, -52931.0)
(195, 16.94790005683899, -705911.0, -52931.0)
(196, 17.056888103485107, -705911.0, -52931.0)
(197, 17.16418433189392, -705911.0, -52931.0)
(198, 17.27154302597046, -705911.0, -52931.0)
(199, 17.37926149368286, -705911.0, -52931.0)
(200, 17.48747491836548, -705911.0, -52931.0)
(201, 17.59376049041748, -705911.0, -52931.0)
(202, 17.70334553718567, -705911.0, -52931.0)
(203, 17.810909032821655, -705911.0, -52931.0)
(204, 17.91766595840454, -705911.0, -52931.0)
(205, 18.02700662612915, -705911.0, -52931.0)
(206, 18.136364698410034, -705911.0, -52931.0)
(207, 18.244953870773315, -705911.0, -52931.0)
(208, 18.35036849975586, -705911.0, -52931.0)
(209, 18.461004495620728, -705911.0, -52931.0)
(210, 18.57429814338684, -705911.0, -52931.0)
(211, 18.68257713317871, -705911.0, -52931.0)
(212, 18.790740251541138, -705911.0, -52931.0)
(213, 18.903292894363403, -705911.0, -52931.0)
(214, 19.013034343719482, -705911.0, -52931.0)
(215, 19.122804641723633, -705911.0, -52931.0)
(216, 19.232471704483032, -705911.0, -52931.0)
(217, 19.36825728416443, -705911.0, -52931.0)
(218, 19.483108043670654, -705911.0, -52931.0)
(219, 19.594619750976562, -705911.0, -52931.0)
(220, 19.707432508468628, -705911.0, -52931.0)
(221, 19.819039583206177, -705911.0, -52931.0)
(222, 19.929176330566406, -705911.0, -52931.0)
(223, 20.041072368621826, -705911.0, -52931.0)
(224, 20.15292978286743, -705911.0, -52931.0)
(225, 20.26339316368103, -705911.0, -52931.0)
(226, 20.376124143600464, -705911.0, -52931.0)
(227, 20.49102282524109, -705911.0, -52931.0)
(228, 20.602449893951416, -705911.0, -52931.0)
(229, 20.716171503067017, -705911.0, -52931.0)
(230, 20.828766345977783, -705911.0, -52931.0)
(231, 20.939492225646973, -705911.0, -52931.0)
(232, 21.05018424987793, -705911.0, -52931.0)
(233, 21.160065412521362, -705911.0, -52931.0)
(234, 21.27401089668274, -705911.0, -52931.0)
(235, 21.39480423927307, -705911.0, -52931.0)
(236, 21.51207447052002, -705911.0, -52931.0)
(237, 21.6293523311615, -705911.0, -52931.0)
(238, 21.748230934143066, -705911.0, -52931.0)
(239, 21.865034341812134, -705911.0, -52931.0)
(240, 21.979369401931763, -705911.0, -52931.0)
(241, 22.09524631500244, -705911.0, -52931.0)
(242, 22.21140956878662, -705911.0, -52931.0)
(243, 22.326081037521362, -705911.0, -52931.0)
(244, 22.44202947616577, -705911.0, -52931.0)
(245, 22.558030128479004, -705911.0, -52931.0)
(246, 22.674904108047485, -705911.0, -52931.0)
(247, 22.791442394256592, -705911.0, -52931.0)
(248, 22.911598682403564, -705911.0, -52931.0)
(249, 23.031370401382446, -705911.0, -52931.0)
(250, 23.155221939086914, -705911.0, -52931.0)
(251, 23.285073041915894, -705911.0, -52931.0)
(252, 23.410105228424072, -705911.0, -52931.0)
(253, 23.529497861862183, -705911.0, -52931.0)
(254, 23.650797843933105, -705911.0, -52931.0)
(255, 23.77311396598816, -705911.0, -52931.0)
(256, 23.892529010772705, -705911.0, -52931.0)
(257, 24.01655888557434, -705911.0, -52931.0)
(258, 24.137282371520996, -705911.0, -52931.0)
(259, 24.261040449142456, -705911.0, -52931.0)
(260, 24.383787870407104, -705911.0, -52931.0)
(261, 24.506925344467163, -705911.0, -52931.0)
(262, 24.63105297088623, -705911.0, -52931.0)
(263, 24.75439739227295, -705911.0, -52931.0)
(264, 24.87653398513794, -705911.0, -52931.0)
(265, 24.998302221298218, -705911.0, -52931.0)
(266, 25.12473702430725, -705911.0, -52931.0)
(267, 25.247661113739014, -705911.0, -52931.0)
(268, 25.37496781349182, -705911.0, -52931.0)
(269, 25.4972825050354, -705911.0, -52931.0)
(270, 25.62113642692566, -705911.0, -52931.0)
(271, 25.746445178985596, -705911.0, -52931.0)
(272, 25.870834350585938, -705911.0, -52931.0)
(273, 25.99746561050415, -705911.0, -52931.0)
(274, 26.122742414474487, -705911.0, -52931.0)
(275, 26.24722671508789, -705911.0, -52931.0)
(276, 26.379324913024902, -705911.0, -52931.0)
(277, 26.50621771812439, -705911.0, -52931.0)
(278, 26.63339114189148, -705911.0, -52931.0)
(279, 26.75921607017517, -705911.0, -52931.0)
(280, 26.884837865829468, -705911.0, -52931.0)
(281, 27.01043176651001, -705911.0, -52931.0)
(282, 27.139496326446533, -705911.0, -52931.0)
(283, 27.268064737319946, -705911.0, -52931.0)
(284, 27.398269414901733, -705911.0, -52931.0)
(285, 27.528958082199097, -705911.0, -52931.0)
(286, 27.657393217086792, -705911.0, -52931.0)
(287, 27.78802251815796, -705911.0, -52931.0)
(288, 27.91695761680603, -705911.0, -52931.0)
(289, 28.045970678329468, -705911.0, -52931.0)
(290, 28.17391610145569, -705911.0, -52931.0)
(291, 28.30902671813965, -705911.0, -52931.0)
(292, 28.440013885498047, -705911.0, -52931.0)
(293, 28.570749759674072, -705911.0, -52931.0)
(294, 28.702529907226562, -705911.0, -52931.0)
(295, 28.832372665405273, -705911.0, -52931.0)
(296, 28.963655948638916, -705911.0, -52931.0)
(297, 29.096593856811523, -705911.0, -52931.0)
(298, 29.231228351593018, -705911.0, -52931.0)
(299, 29.365293502807617, -705911.0, -52931.0)
(300, 29.50317645072937, -705911.0, -52931.0)
(301, 29.642282724380493, -705911.0, -52931.0)
(302, 29.779929876327515, -705911.0, -52931.0)
(303, 29.912698984146118, -705911.0, -52931.0)
(304, 30.046167135238647, -705911.0, -52931.0)
(305, 30.18038558959961, -705911.0, -52931.0)
(306, 30.31650996208191, -705911.0, -52931.0)
(307, 30.452486753463745, -705911.0, -52931.0)
(308, 30.585689067840576, -705911.0, -52931.0)
(309, 30.71806049346924, -705911.0, -52931.0)
(310, 30.847930669784546, -705911.0, -52931.0)
(311, 30.988136768341064, -705911.0, -52931.0)
(312, 31.12147283554077, -705911.0, -52931.0)
(313, 31.257884740829468, -705911.0, -52931.0)
(314, 31.389604806900024, -705911.0, -52931.0)
(315, 31.52233076095581, -705911.0, -52931.0)
(316, 31.653199911117554, -705911.0, -52931.0)
(317, 31.786218881607056, -705911.0, -52931.0)
(318, 31.92640209197998, -705911.0, -52931.0)
(319, 32.06145715713501, -705911.0, -52931.0)
(320, 32.19528388977051, -705911.0, -52931.0)
(321, 32.32848000526428, -705911.0, -52931.0)
(322, 32.460306882858276, -705911.0, -52931.0)
(323, 32.59148192405701, -705911.0, -52931.0)
(324, 32.72831678390503, -705911.0, -52931.0)
(325, 32.86365580558777, -705911.0, -52931.0)
(326, 32.998453855514526, -705911.0, -52931.0)
(327, 33.13251829147339, -705911.0, -52931.0)
(328, 33.266146659851074, -705911.0, -52931.0)
(329, 33.398432970047, -705911.0, -52931.0)
(330, 33.54354929924011, -705911.0, -52931.0)
(331, 33.684532165527344, -705911.0, -52931.0)
(332, 33.834866523742676, -705911.0, -52931.0)
(333, 33.97510600090027, -705911.0, -52931.0)
(334, 34.11634588241577, -705911.0, -52931.0)
(335, 34.26393485069275, -705911.0, -52931.0)
(336, 34.4072322845459, -705911.0, -52931.0)
(337, 34.54100561141968, -705911.0, -52931.0)
(338, 34.68234062194824, -705911.0, -52931.0)
(339, 34.818809509277344, -705911.0, -52931.0)
(340, 34.958460569381714, -705911.0, -52931.0)
(341, 35.096790075302124, -705911.0, -52931.0)
(342, 35.24006485939026, -705911.0, -52931.0)
(343, 35.38420224189758, -705911.0, -52931.0)
(344, 35.52485752105713, -705911.0, -52931.0)
(345, 35.66145396232605, -705911.0, -52931.0)
(346, 35.80284857749939, -705911.0, -52931.0)
(347, 35.94407415390015, -705911.0, -52931.0)
(348, 36.08591437339783, -705911.0, -52931.0)
(349, 36.22810125350952, -705911.0, -52931.0)
(350, 36.376471757888794, -705911.0, -52931.0)
(351, 36.5338659286499, -705911.0, -52931.0)
(352, 36.68467593193054, -705911.0, -52931.0)
(353, 36.82725477218628, -705911.0, -52931.0)
(354, 36.97580814361572, -705911.0, -52931.0)
(355, 37.12320566177368, -705911.0, -52931.0)
(356, 37.267964601516724, -705911.0, -52931.0)
(357, 37.409995317459106, -705911.0, -52931.0)
(358, 37.55432462692261, -705911.0, -52931.0)
(359, 37.70186185836792, -705911.0, -52931.0)
(360, 37.84931445121765, -705911.0, -52931.0)
(361, 37.991788387298584, -705911.0, -52931.0)
(362, 38.133488178253174, -705911.0, -52931.0)
(363, 38.27755784988403, -705911.0, -52931.0)
(364, 38.4217529296875, -705911.0, -52931.0)
(365, 38.56527876853943, -705911.0, -52931.0)
(366, 38.712204694747925, -705911.0, -52931.0)
(367, 38.856499433517456, -705911.0, -52931.0)
(368, 39.00183296203613, -705911.0, -52931.0)
(369, 39.14757680892944, -705911.0, -52931.0)
(370, 39.29052019119263, -705911.0, -52931.0)
(371, 39.438515186309814, -705911.0, -52931.0)
(372, 39.58632040023804, -705911.0, -52931.0)
(373, 39.7360200881958, -705911.0, -52931.0)
(374, 39.88623809814453, -705911.0, -52931.0)
(375, 40.036688804626465, -705911.0, -52931.0)
(376, 40.18506097793579, -705911.0, -52931.0)
(377, 40.33256673812866, -705911.0, -52931.0)
(378, 40.483365535736084, -705911.0, -52931.0)
(379, 40.63843655586243, -705911.0, -52931.0)
(380, 40.79008746147156, -705911.0, -52931.0)
(381, 40.938703536987305, -705911.0, -52931.0)
(382, 41.08763074874878, -705911.0, -52931.0)
(383, 41.241801261901855, -705911.0, -52931.0)
(384, 41.39255714416504, -705911.0, -52931.0)
(385, 41.54185771942139, -705911.0, -52931.0)
(386, 41.69254541397095, -705911.0, -52931.0)
(387, 41.85207676887512, -705911.0, -52931.0)
(388, 41.99980711936951, -705911.0, -52931.0)
(389, 42.15025043487549, -705911.0, -52931.0)
(390, 42.301785945892334, -705911.0, -52931.0)
(391, 42.457659006118774, -705911.0, -52931.0)
(392, 42.609591484069824, -705911.0, -52931.0)
(393, 42.758421182632446, -705911.0, -52931.0)
(394, 42.91566228866577, -705911.0, -52931.0)
(395, 43.06481862068176, -705911.0, -52931.0)
(396, 43.22248411178589, -705911.0, -52931.0)
(397, 43.37776327133179, -705911.0, -52931.0)
(398, 43.529661655426025, -705911.0, -52931.0)
(399, 43.680763244628906, -705911.0, -52931.0)
(400, 43.83668255805969, -705911.0, -52931.0)
(401, 43.98912739753723, -705911.0, -52931.0)
(402, 44.13935422897339, -705911.0, -52931.0)
(403, 44.28730773925781, -705911.0, -52931.0)
(404, 44.444278955459595, -705911.0, -52931.0)
(405, 44.6013298034668, -705911.0, -52931.0)
(406, 44.75581383705139, -705911.0, -52931.0)
(407, 44.907801389694214, -705911.0, -52931.0)
(408, 45.06913685798645, -705911.0, -52931.0)
(409, 45.223103523254395, -705911.0, -52931.0)
(410, 45.38692855834961, -705911.0, -52931.0)
(411, 45.54294681549072, -705911.0, -52931.0)
(412, 45.70008134841919, -705911.0, -52931.0)
(413, 45.85727667808533, -705911.0, -52931.0)
(414, 46.01486611366272, -705911.0, -52931.0)
(415, 46.170666456222534, -705911.0, -52931.0)
(416, 46.328102588653564, -705911.0, -52931.0)
(417, 46.48187589645386, -705911.0, -52931.0)
(418, 46.649030447006226, -705911.0, -52931.0)
(419, 46.815184116363525, -705911.0, -52931.0)
(420, 46.984307050704956, -705911.0, -52931.0)
(421, 47.1477952003479, -705911.0, -52931.0)
(422, 47.30085253715515, -705911.0, -52931.0)
(423, 47.46752619743347, -705911.0, -52931.0)
(424, 47.62624549865723, -705911.0, -52931.0)
(425, 47.7976348400116, -705911.0, -52931.0)
(426, 47.96130585670471, -705911.0, -52931.0)
(427, 48.12448215484619, -705911.0, -52931.0)
(428, 48.28651261329651, -705911.0, -52931.0)
(429, 48.44143319129944, -705911.0, -52931.0)
(430, 48.60602617263794, -705911.0, -52931.0)
(431, 48.765252113342285, -705911.0, -52931.0)
(432, 48.924692153930664, -705911.0, -52931.0)
(433, 49.090007066726685, -705911.0, -52931.0)
(434, 49.25001001358032, -705911.0, -52931.0)
(435, 49.41467523574829, -705911.0, -52931.0)
(436, 49.57857871055603, -705911.0, -52931.0)
(437, 49.742178201675415, -705911.0, -52931.0)
(438, 49.90629744529724, -705911.0, -52931.0)
(439, 50.078953981399536, -705911.0, -52931.0)
(440, 50.239826679229736, -705911.0, -52931.0)
(441, 50.40299105644226, -705911.0, -52931.0)
(442, 50.56266140937805, -705911.0, -52931.0)
(443, 50.72346305847168, -705911.0, -52931.0)
(444, 50.891884326934814, -705911.0, -52931.0)
(445, 51.05705904960632, -705911.0, -52931.0)
(446, 51.22256064414978, -705911.0, -52931.0)
(447, 51.382890939712524, -705911.0, -52931.0)
(448, 51.57280731201172, -705911.0, -52931.0)
(449, 51.73549151420593, -705911.0, -52931.0)
(450, 51.89818978309631, -705911.0, -52931.0)
(451, 52.06344819068909, -705911.0, -52931.0)
(452, 52.22902965545654, -705911.0, -52931.0)
(453, 52.39220118522644, -705911.0, -52931.0)
(454, 52.552650928497314, -705911.0, -52931.0)
(455, 52.72152137756348, -705911.0, -52931.0)
(456, 52.88821268081665, -705911.0, -52931.0)
(457, 53.058223247528076, -705911.0, -52931.0)
(458, 53.225435972213745, -705911.0, -52931.0)
(459, 53.39987778663635, -705911.0, -52931.0)
(460, 53.565865993499756, -705911.0, -52931.0)
(461, 53.729975938797, -705911.0, -52931.0)
(462, 53.896509647369385, -705911.0, -52931.0)
(463, 54.06570625305176, -705911.0, -52931.0)
(464, 54.2342586517334, -705911.0, -52931.0)
(465, 54.40209436416626, -705911.0, -52931.0)
(466, 54.57094097137451, -705911.0, -52931.0)
(467, 54.74082612991333, -705911.0, -52931.0)
(468, 54.90707492828369, -705911.0, -52931.0)
(469, 55.07633638381958, -705911.0, -52931.0)
(470, 55.24740815162659, -705911.0, -52931.0)
(471, 55.41168785095215, -705911.0, -52931.0)
(472, 55.58031463623047, -705911.0, -52931.0)
(473, 55.7547504901886, -705911.0, -52931.0)
(474, 55.92291069030762, -705911.0, -52931.0)
(475, 56.089712381362915, -705911.0, -52931.0)
(476, 56.2596001625061, -705911.0, -52931.0)
(477, 56.44270396232605, -705911.0, -52931.0)
(478, 56.61449074745178, -705911.0, -52931.0)
(479, 56.78219223022461, -705911.0, -52931.0)
(480, 56.94783020019531, -705911.0, -52931.0)
(481, 57.11500096321106, -705911.0, -52931.0)
(482, 57.28217077255249, -705911.0, -52931.0)
(483, 57.4526047706604, -705911.0, -52931.0)
(484, 57.63038945198059, -705911.0, -52931.0)
(485, 57.79966616630554, -705911.0, -52931.0)
(486, 57.97314810752869, -705911.0, -52931.0)
(487, 58.15199255943298, -705911.0, -52931.0)
(488, 58.31895446777344, -705911.0, -52931.0)
(489, 58.48731541633606, -705911.0, -52931.0)
(490, 58.66689491271973, -705911.0, -52931.0)
(491, 58.842034339904785, -705911.0, -52931.0)
(492, 59.01116752624512, -705911.0, -52931.0)
(493, 59.19487524032593, -705911.0, -52931.0)
(494, 59.36594033241272, -705911.0, -52931.0)
(495, 59.53692078590393, -705911.0, -52931.0)
(496, 59.71021747589111, -705911.0, -52931.0)
(497, 59.890055894851685, -705911.0, -52931.0)
(498, 60.06193542480469, -705911.0, -52931.0)
(499, 60.227468729019165, -705911.0, -52931.0)
(500, 60.398234128952026, -705911.0, -52931.0)
(501, 60.56824326515198, -705911.0, -52931.0)
(502, 60.73517155647278, -705911.0, -52931.0)
(503, 60.90249681472778, -705911.0, -52931.0)
(504, 61.071927309036255, -705911.0, -52931.0)
(505, 61.2467987537384, -705911.0, -52931.0)
(506, 61.42119336128235, -705911.0, -52931.0)
(507, 61.603013038635254, -705911.0, -52931.0)
(508, 61.78267240524292, -705911.0, -52931.0)
(509, 61.95650339126587, -705911.0, -52931.0)
(510, 62.12948036193848, -705911.0, -52931.0)
(511, 62.30535364151001, -705911.0, -52931.0)
(512, 62.48788833618164, -705911.0, -52931.0)
(513, 62.67016530036926, -705911.0, -52931.0)
(514, 62.85947012901306, -705911.0, -52931.0)
(515, 63.04365611076355, -705911.0, -52931.0)
(516, 63.23400640487671, -705911.0, -52931.0)
(517, 63.42195677757263, -705911.0, -52931.0)
(518, 63.604005336761475, -705911.0, -52931.0)
(519, 63.78630328178406, -705911.0, -52931.0)
(520, 63.98973822593689, -705911.0, -52931.0)
(521, 64.18169355392456, -705911.0, -52931.0)
(522, 64.37178778648376, -705911.0, -52931.0)
(523, 64.5569338798523, -705911.0, -52931.0)
(524, 64.73655319213867, -705911.0, -52931.0)
(525, 64.92022967338562, -705911.0, -52931.0)
(526, 65.09516477584839, -705911.0, -52931.0)
(527, 65.26939487457275, -705911.0, -52931.0)
(528, 65.45568633079529, -705911.0, -52931.0)
(529, 65.63693642616272, -705911.0, -52931.0)
(530, 65.82064914703369, -705911.0, -52931.0)
(531, 65.99688076972961, -705911.0, -52931.0)
(532, 66.19011497497559, -705911.0, -52931.0)
(533, 66.37444972991943, -705911.0, -52931.0)
(534, 66.56250095367432, -705911.0, -52931.0)
(535, 66.74261212348938, -705911.0, -52931.0)
(536, 66.93414354324341, -705911.0, -52931.0)
(537, 67.11558651924133, -705911.0, -52931.0)
(538, 67.30426383018494, -705911.0, -52931.0)
(539, 67.489999294281, -705911.0, -52931.0)
(540, 67.66873049736023, -705911.0, -52931.0)
(541, 67.85232901573181, -705911.0, -52931.0)
(542, 68.03643488883972, -705911.0, -52931.0)
(543, 68.22182869911194, -705911.0, -52931.0)
(544, 68.41208028793335, -705911.0, -52931.0)
(545, 68.59911966323853, -705911.0, -52931.0)
(546, 68.79211711883545, -705911.0, -52931.0)
(547, 68.97773361206055, -705911.0, -52931.0)
(548, 69.1726462841034, -705911.0, -52931.0)
(549, 69.36257290840149, -705911.0, -52931.0)
(550, 69.54749584197998, -705911.0, -52931.0)
(551, 69.72948336601257, -705911.0, -52931.0)
(552, 69.9240243434906, -705911.0, -52931.0)
(553, 70.11681342124939, -705911.0, -52931.0)
(554, 70.30622696876526, -705911.0, -52931.0)
(555, 70.50168347358704, -705911.0, -52931.0)
(556, 70.68841195106506, -705911.0, -52931.0)
(557, 70.88336539268494, -705911.0, -52931.0)
(558, 71.08161950111389, -705911.0, -52931.0)
(559, 71.27043128013611, -705911.0, -52931.0)
(560, 71.45790386199951, -705911.0, -52931.0)
(561, 71.643301486969, -705911.0, -52931.0)
(562, 71.83782243728638, -705911.0, -52931.0)
(563, 72.03478121757507, -705911.0, -52931.0)
(564, 72.21763706207275, -705911.0, -52931.0)
(565, 72.41334271430969, -705911.0, -52931.0)
(566, 72.61031532287598, -705911.0, -52931.0)
(567, 72.80128860473633, -705911.0, -52931.0)
(568, 72.99790620803833, -705911.0, -52931.0)
(569, 73.18806481361389, -705911.0, -52931.0)
(570, 73.37650799751282, -705911.0, -52931.0)
(571, 73.56385540962219, -705911.0, -52931.0)
(572, 73.7506594657898, -705911.0, -52931.0)
(573, 73.93876814842224, -705911.0, -52931.0)
(574, 74.12607622146606, -705911.0, -52931.0)
(575, 74.31153726577759, -705911.0, -52931.0)
(576, 74.50600528717041, -705911.0, -52931.0)
(577, 74.7089695930481, -705911.0, -52931.0)
(578, 74.90277528762817, -705911.0, -52931.0)
(579, 75.10431051254272, -705911.0, -52931.0)
(580, 75.31362247467041, -705911.0, -52931.0)
(581, 75.51516652107239, -705911.0, -52931.0)
(582, 75.71313142776489, -705911.0, -52931.0)
(583, 75.90918684005737, -705911.0, -52931.0)
(584, 76.11046051979065, -705911.0, -52931.0)
(585, 76.30697393417358, -705911.0, -52931.0)
(586, 76.50428414344788, -705911.0, -52931.0)
(587, 76.69687461853027, -705911.0, -52931.0)
(588, 76.89453053474426, -705911.0, -52931.0)
(589, 77.09785842895508, -705911.0, -52931.0)
(590, 77.2882308959961, -705911.0, -52931.0)
(591, 77.49038171768188, -705911.0, -52931.0)
(592, 77.68907284736633, -705911.0, -52931.0)
(593, 77.8841814994812, -705911.0, -52931.0)
(594, 78.07634162902832, -705911.0, -52931.0)
(595, 78.27225399017334, -705911.0, -52931.0)
(596, 78.46618413925171, -705911.0, -52931.0)
(597, 78.66831421852112, -705911.0, -52931.0)
(598, 78.87791156768799, -705911.0, -52931.0)
(599, 79.07738924026489, -705911.0, -52931.0)
(600, 79.27051949501038, -705911.0, -52931.0)
(601, 79.48083305358887, -705911.0, -52931.0)
(602, 79.68895268440247, -705911.0, -52931.0)
(603, 79.88847279548645, -705911.0, -52931.0)
(604, 80.10146927833557, -705911.0, -52931.0)
(605, 80.30301237106323, -705911.0, -52931.0)
(606, 80.50418162345886, -705911.0, -52931.0)
(607, 80.7135021686554, -705911.0, -52931.0)
(608, 80.91464853286743, -705911.0, -52931.0)
(609, 81.11812806129456, -705911.0, -52931.0)
(610, 81.31620168685913, -705911.0, -52931.0)
(611, 81.52168083190918, -705911.0, -52931.0)
(612, 81.73301815986633, -705911.0, -52931.0)
(613, 81.942711353302, -705911.0, -52931.0)
(614, 82.15259385108948, -705911.0, -52931.0)
(615, 82.37826538085938, -705911.0, -52931.0)
(616, 82.6011209487915, -705911.0, -52931.0)
(617, 82.83453011512756, -705911.0, -52931.0)
(618, 83.05232501029968, -705911.0, -52931.0)
(619, 83.27208924293518, -705911.0, -52931.0)
(620, 83.4783718585968, -668156.4210526316, -52931.0)
(621, 83.68243098258972, -668156.4210526316, -52931.0)
(622, 83.87794137001038, -668156.4210526316, -52931.0)
(623, 84.07378268241882, -668156.4210526316, -52931.0)
(624, 84.2703287601471, -668156.4210526316, -52931.0)
(625, 84.46658611297607, -668156.4210526316, -52931.0)
(626, 84.66440200805664, -668156.4210526316, -52931.0)
(627, 84.86352586746216, -668156.4210526316, -52931.0)
(628, 85.06105852127075, -668156.4210526316, -52931.0)
(629, 85.26590204238892, -668156.4210526316, -52931.0)
(630, 85.48019218444824, -668156.4210526316, -52931.0)
(631, 85.6842610836029, -668156.4210526316, -52931.0)
(632, 85.8871328830719, -668156.4210526316, -52931.0)
(633, 86.09261059761047, -668156.4210526316, -52931.0)
(634, 86.29405045509338, -668156.4210526316, -52931.0)
(635, 86.49588871002197, -668156.4210526316, -52931.0)
(636, 86.69604420661926, -668156.4210526316, -52931.0)
(637, 86.89872789382935, -668156.4210526316, -52931.0)
(638, 87.10277843475342, -668156.4210526316, -52931.0)
(639, 87.3075475692749, -668156.4210526316, -52931.0)
(640, 87.50786781311035, -668156.4210526316, -52931.0)
(641, 87.72161841392517, -668156.4210526316, -52931.0)
(642, 87.92773866653442, -668156.4210526316, -52931.0)
(643, 88.1345727443695, -668156.4210526316, -52931.0)
(644, 88.33689594268799, -668156.4210526316, -52931.0)
(645, 88.53681063652039, -668156.4210526316, -52931.0)
(646, 88.74174356460571, -668156.4210526316, -52931.0)
(647, 88.94575476646423, -668156.4210526316, -52931.0)
(648, 89.15248274803162, -668156.4210526316, -52931.0)
(649, 89.36153507232666, -668156.4210526316, -52931.0)
(650, 89.567307472229, -668156.4210526316, -52931.0)
(651, 89.77065420150757, -668156.4210526316, -52931.0)
(652, 89.97943091392517, -668156.4210526316, -52931.0)
(653, 90.1843614578247, -668156.4210526316, -52931.0)
(654, 90.39217805862427, -668156.4210526316, -52931.0)
(655, 90.60066962242126, -668156.4210526316, -52931.0)
(656, 90.80600833892822, -668156.4210526316, -52931.0)
(657, 91.00986218452454, -668156.4210526316, -52931.0)
(658, 91.22561001777649, -668156.4210526316, -52931.0)
(659, 91.43219780921936, -668156.4210526316, -52931.0)
(660, 91.6382246017456, -668156.4210526316, -52931.0)
(661, 91.85214567184448, -668156.4210526316, -52931.0)
(662, 92.05849123001099, -668156.4210526316, -52931.0)
(663, 92.27632784843445, -668156.4210526316, -52931.0)
(664, 92.48481917381287, -668156.4210526316, -52931.0)
(665, 92.68965697288513, -668156.4210526316, -52931.0)
(666, 92.90105128288269, -668156.4210526316, -52931.0)
(667, 93.11384963989258, -668156.4210526316, -52931.0)
(668, 93.33910346031189, -668156.4210526316, -52931.0)
(669, 93.55196404457092, -668156.4210526316, -52931.0)
(670, 93.76246404647827, -668156.4210526316, -52931.0)
(671, 93.97606325149536, -668156.4210526316, -52931.0)
(672, 94.18557071685791, -668156.4210526316, -52931.0)
(673, 94.39118337631226, -668156.4210526316, -52931.0)
(674, 94.59931135177612, -668156.4210526316, -52931.0)
(675, 94.81174087524414, -668156.4210526316, -52931.0)
(676, 95.02129650115967, -668156.4210526316, -52931.0)
(677, 95.22810220718384, -668156.4210526316, -52931.0)
(678, 95.4612488746643, -668156.4210526316, -52931.0)
(679, 95.67011308670044, -668156.4210526316, -52931.0)
(680, 95.88361477851868, -668156.4210526316, -52931.0)
(681, 96.10359573364258, -668156.4210526316, -52931.0)
(682, 96.32998132705688, -668156.4210526316, -52931.0)
(683, 96.54771327972412, -668156.4210526316, -52931.0)
(684, 96.76865196228027, -668156.4210526316, -52931.0)
(685, 96.98573756217957, -668156.4210526316, -52931.0)
(686, 97.20113682746887, -668156.4210526316, -52931.0)
(687, 97.41427111625671, -668156.4210526316, -52931.0)
(688, 97.62665438652039, -668156.4210526316, -52931.0)
(689, 97.84285736083984, -668156.4210526316, -52931.0)
(690, 98.0701653957367, -668156.4210526316, -52931.0)
(691, 98.30114650726318, -668156.4210526316, -52931.0)
(692, 98.52281188964844, -668156.4210526316, -52931.0)
(693, 98.75051236152649, -668156.4210526316, -52931.0)
(694, 98.96633791923523, -668156.4210526316, -52931.0)
(695, 99.18863224983215, -668156.4210526316, -52931.0)
(696, 99.42185163497925, -668156.4210526316, -52931.0)
(697, 99.64716863632202, -668156.4210526316, -52931.0)
(698, 99.86747145652771, -668156.4210526316, -52931.0)
(699, 100.08603000640869, -668156.4210526316, -52931.0)
(700, 100.3054141998291, -668156.4210526316, -52931.0)
(701, 100.52628636360168, -668156.4210526316, -52931.0)
(702, 100.7557373046875, -668156.4210526316, -52931.0)
(703, 100.9718599319458, -668156.4210526316, -52931.0)
(704, 101.18967270851135, -668156.4210526316, -52931.0)
(705, 101.40903520584106, -668156.4210526316, -52931.0)
(706, 101.62995910644531, -668156.4210526316, -52931.0)
(707, 101.84784722328186, -668156.4210526316, -52931.0)
(708, 102.07099437713623, -668156.4210526316, -52931.0)
(709, 102.30569911003113, -668156.4210526316, -52931.0)
(710, 102.53256106376648, -668156.4210526316, -52931.0)
(711, 102.75494980812073, -668156.4210526316, -52931.0)
(712, 102.98298573493958, -668156.4210526316, -52931.0)
(713, 103.21516418457031, -668156.4210526316, -52931.0)
(714, 103.4311535358429, -668156.4210526316, -52931.0)
(715, 103.64793491363525, -668156.4210526316, -52931.0)
(716, 103.88221621513367, -668156.4210526316, -52931.0)
(717, 104.11343789100647, -668156.4210526316, -52931.0)
(718, 104.33888268470764, -668156.4210526316, -52931.0)
(719, 104.56816959381104, -668156.4210526316, -52931.0)
(720, 104.79736876487732, -668156.4210526316, -52931.0)
(721, 105.02278161048889, -668156.4210526316, -52931.0)
(722, 105.24353241920471, -668156.4210526316, -52931.0)
(723, 105.48214173316956, -668156.4210526316, -52931.0)
(724, 105.7259681224823, -668156.4210526316, -52931.0)
(725, 105.94761157035828, -668156.4210526316, -52931.0)
(726, 106.17441511154175, -668156.4210526316, -52931.0)
(727, 106.40208435058594, -668156.4210526316, -52931.0)
(728, 106.63289976119995, -668156.4210526316, -52931.0)
(729, 106.86051678657532, -668156.4210526316, -52931.0)
(730, 107.09396600723267, -668156.4210526316, -52931.0)
(731, 107.32572150230408, -668156.4210526316, -52931.0)
(732, 107.55405950546265, -668156.4210526316, -52931.0)
(733, 107.79709029197693, -668156.4210526316, -52931.0)
(734, 108.03303408622742, -668156.4210526316, -52931.0)
(735, 108.26068305969238, -668156.4210526316, -52931.0)
(736, 108.49164485931396, -668156.4210526316, -52931.0)
(737, 108.71879649162292, -668156.4210526316, -52931.0)
(738, 108.9538586139679, -668156.4210526316, -52931.0)
(739, 109.18669557571411, -668156.4210526316, -52931.0)
(740, 109.42272138595581, -668156.4210526316, -52931.0)
(741, 109.6476080417633, -668156.4210526316, -52931.0)
(742, 109.88568210601807, -668156.4210526316, -52931.0)
(743, 110.11425161361694, -668156.4210526316, -52931.0)
(744, 110.34357595443726, -668156.4210526316, -52931.0)
(745, 110.56811213493347, -668156.4210526316, -52931.0)
(746, 110.79563546180725, -668156.4210526316, -52931.0)
(747, 111.02331018447876, -668156.4210526316, -52931.0)
(748, 111.26010513305664, -668156.4210526316, -52931.0)
(749, 111.50115585327148, -668156.4210526316, -52931.0)
(750, 111.73023748397827, -668156.4210526316, -52931.0)
(751, 111.96212792396545, -668156.4210526316, -52931.0)
(752, 112.18713474273682, -668156.4210526316, -52931.0)
(753, 112.419753074646, -668156.4210526316, -52931.0)
(754, 112.67236399650574, -668156.4210526316, -52931.0)
(755, 112.91566729545593, -668156.4210526316, -52931.0)
(756, 113.15611386299133, -668156.4210526316, -52931.0)
(757, 113.39794635772705, -668156.4210526316, -52931.0)
(758, 113.63384771347046, -668156.4210526316, -52931.0)
(759, 113.86192512512207, -668156.4210526316, -52931.0)
(760, 114.0990629196167, -668156.4210526316, -52931.0)
(761, 114.34279942512512, -668156.4210526316, -52931.0)
(762, 114.59804153442383, -668156.4210526316, -52931.0)
(763, 114.86037611961365, -668156.4210526316, -52931.0)
(764, 115.10356330871582, -668156.4210526316, -52931.0)
(765, 115.34881067276001, -668156.4210526316, -52931.0)
(766, 115.58920454978943, -668156.4210526316, -52931.0)
(767, 115.82970309257507, -668156.4210526316, -52931.0)
(768, 116.07389092445374, -668156.4210526316, -52931.0)
(769, 116.31450629234314, -668156.4210526316, -52931.0)
(770, 116.55507516860962, -668156.4210526316, -52931.0)
(771, 116.79614281654358, -668156.4210526316, -52931.0)
(772, 117.03512811660767, -668156.4210526316, -52931.0)
(773, 117.28214693069458, -668156.4210526316, -52931.0)
(774, 117.52626204490662, -668156.4210526316, -52931.0)
(775, 117.76520991325378, -668156.4210526316, -52931.0)
(776, 117.99708366394043, -668156.4210526316, -52931.0)
(777, 118.24019622802734, -668156.4210526316, -52931.0)
(778, 118.48176074028015, -668156.4210526316, -52931.0)
(779, 118.72105956077576, -668156.4210526316, -52931.0)
(780, 118.95869016647339, -668156.4210526316, -52931.0)
(781, 119.21345686912537, -668156.4210526316, -52931.0)
(782, 119.45867919921875, -668156.4210526316, -52931.0)
(783, 119.69286346435547, -668156.4210526316, -52931.0)
(784, 119.93790316581726, -668156.4210526316, -52931.0)
(785, 120.1753442287445, -668156.4210526316, -52931.0)
(786, 120.42259478569031, -668156.4210526316, -52931.0)
(787, 120.67375206947327, -668156.4210526316, -52931.0)
(788, 120.93786072731018, -668156.4210526316, -52931.0)
(789, 121.18566083908081, -668156.4210526316, -52931.0)
(790, 121.42777180671692, -668156.4210526316, -52931.0)
(791, 121.66813039779663, -668156.4210526316, -52931.0)
(792, 121.91318964958191, -668156.4210526316, -52931.0)
(793, 122.16211271286011, -668156.4210526316, -52931.0)
(794, 122.42537784576416, -668156.4210526316, -52931.0)
(795, 122.68004703521729, -668156.4210526316, -52931.0)
(796, 122.92745232582092, -668156.4210526316, -52931.0)
(797, 123.1674575805664, -668156.4210526316, -52931.0)
(798, 123.42540431022644, -668156.4210526316, -52931.0)
(799, 123.67313504219055, -668156.4210526316, -52931.0)
(800, 123.93486309051514, -668156.4210526316, -52931.0)
(801, 124.17591071128845, -668156.4210526316, -52931.0)
(802, 124.42020606994629, -668156.4210526316, -52931.0)
(803, 124.66294813156128, -668156.4210526316, -52931.0)
(804, 124.91296100616455, -668156.4210526316, -52931.0)
(805, 125.15987372398376, -668156.4210526316, -52931.0)
(806, 125.4026894569397, -668156.4210526316, -52931.0)
(807, 125.65064883232117, -668156.4210526316, -52931.0)
(808, 125.91521525382996, -668156.4210526316, -52931.0)
(809, 126.1682481765747, -668156.4210526316, -52931.0)
(810, 126.41912961006165, -668156.4210526316, -52931.0)
(811, 126.67244815826416, -668156.4210526316, -52931.0)
(812, 126.93426299095154, -668156.4210526316, -52931.0)
(813, 127.19062614440918, -668156.4210526316, -52931.0)
(814, 127.46859741210938, -668156.4210526316, -52931.0)
(815, 127.7406919002533, -668156.4210526316, -52931.0)
(816, 128.00620532035828, -668156.4210526316, -52931.0)
(817, 128.26482129096985, -668156.4210526316, -52931.0)
(818, 128.5339047908783, -668156.4210526316, -52931.0)
(819, 128.7857186794281, -668156.4210526316, -52931.0)
(820, 129.0496289730072, -668156.4210526316, -52931.0)
(821, 129.31382727622986, -668156.4210526316, -52931.0)
(822, 129.57831645011902, -668156.4210526316, -52931.0)
(823, 129.8338303565979, -668156.4210526316, -52931.0)
(824, 130.0869882106781, -668156.4210526316, -52931.0)
(825, 130.3541600704193, -668156.4210526316, -52931.0)
(826, 130.60501170158386, -668156.4210526316, -52931.0)
(827, 130.86669278144836, -668156.4210526316, -52931.0)
(828, 131.12633347511292, -668156.4210526316, -52931.0)
(829, 131.37933659553528, -668156.4210526316, -52931.0)
(830, 131.6354489326477, -668156.4210526316, -52931.0)
(831, 131.91072273254395, -668156.4210526316, -52931.0)
(832, 132.167640209198, -668156.4210526316, -52931.0)
(833, 132.45366525650024, -641395.8024445, -52931.0)
(834, 132.7388162612915, -641395.8024445, -52931.0)
(835, 133.05296897888184, -641395.8024445, -52931.0)
(836, 133.3332257270813, -641395.8024445, -52931.0)
(837, 133.59473967552185, -615537.6666666666, -52931.0)
(838, 133.8612494468689, -615537.6666666666, -52931.0)
(839, 134.11112332344055, -615537.6666666666, -52931.0)
(840, 134.35767269134521, -615537.6666666666, -52931.0)
(841, 134.61367750167847, -615537.6666666666, -52931.0)
(842, 134.8605501651764, -615537.6666666666, -52931.0)
(843, 135.11005783081055, -615537.6666666666, -52931.0)
(844, 135.35578966140747, -615537.6666666666, -52931.0)
(845, 135.6026484966278, -615537.6666666666, -52931.0)
(846, 135.85527515411377, -615537.6666666666, -52931.0)
(847, 136.12241506576538, -615537.6666666666, -52931.0)
(848, 136.38840651512146, -615537.6666666666, -52931.0)
(849, 136.64463257789612, -615537.6666666666, -52931.0)
(850, 136.90265011787415, -615537.6666666666, -52931.0)
(851, 137.1687421798706, -615537.6666666666, -52931.0)
(852, 137.4210753440857, -615537.6666666666, -52931.0)
(853, 137.670490026474, -615537.6666666666, -52931.0)
(854, 137.9281325340271, -615537.6666666666, -52931.0)
(855, 138.20006847381592, -615537.6666666666, -52931.0)
(856, 138.47166275978088, -615537.6666666666, -52931.0)
(857, 138.73676538467407, -615537.6666666666, -52931.0)
(858, 138.99813437461853, -615537.6666666666, -52931.0)
(859, 139.25525546073914, -615537.6666666666, -52931.0)
(860, 139.51985692977905, -615537.6666666666, -52931.0)
(861, 139.78176522254944, -615537.6666666666, -52931.0)
(862, 140.03778529167175, -615537.6666666666, -52931.0)
(863, 140.30473399162292, -615537.6666666666, -52931.0)
(864, 140.56817245483398, -615537.6666666666, -52931.0)
(865, 140.8302993774414, -615537.6666666666, -52931.0)
(866, 141.08903336524963, -615537.6666666666, -52931.0)
(867, 141.35680079460144, -615537.6666666666, -52931.0)
(868, 141.61567974090576, -615537.6666666666, -52931.0)
(869, 141.89074301719666, -615537.6666666666, -52931.0)
(870, 142.1607220172882, -615537.6666666666, -52931.0)
(871, 142.4240038394928, -615537.6666666666, -52931.0)
(872, 142.69756865501404, -615537.6666666666, -52931.0)
(873, 142.97298574447632, -615537.6666666666, -52931.0)
(874, 143.2344193458557, -615537.6666666666, -52931.0)
(875, 143.497252702713, -615537.6666666666, -52931.0)
(876, 143.77270364761353, -615537.6666666666, -52931.0)
(877, 144.03206992149353, -615537.6666666666, -52931.0)
(878, 144.2938220500946, -615537.6666666666, -52931.0)
(879, 144.55394506454468, -615537.6666666666, -52931.0)
(880, 144.83329343795776, -615537.6666666666, -52931.0)
(881, 145.1028516292572, -615537.6666666666, -52931.0)
(882, 145.36680006980896, -615537.6666666666, -52931.0)
(883, 145.6374740600586, -615537.6666666666, -52931.0)
(884, 145.90890383720398, -615537.6666666666, -52931.0)
(885, 146.17190504074097, -615537.6666666666, -52931.0)
(886, 146.44564843177795, -615537.6666666666, -52931.0)
(887, 146.7089455127716, -615537.6666666666, -52931.0)
(888, 146.98480367660522, -615537.6666666666, -52931.0)
(889, 147.26218461990356, -615537.6666666666, -52931.0)
(890, 147.53058624267578, -615537.6666666666, -52931.0)
(891, 147.8085560798645, -615537.6666666666, -52931.0)
(892, 148.08342814445496, -615537.6666666666, -52931.0)
(893, 148.35133528709412, -615537.6666666666, -52931.0)
(894, 148.6237006187439, -615537.6666666666, -52931.0)
(895, 148.89450526237488, -615537.6666666666, -52931.0)
(896, 149.16622805595398, -615537.6666666666, -52931.0)
(897, 149.43144822120667, -615537.6666666666, -52931.0)
(898, 149.70828080177307, -615537.6666666666, -52931.0)
(899, 149.99076747894287, -615537.6666666666, -52931.0)
(900, 150.26158547401428, -615537.6666666666, -52931.0)
(901, 150.5295331478119, -615537.6666666666, -52931.0)
(902, 150.8004105091095, -615537.6666666666, -52931.0)
(903, 151.0719199180603, -615537.6666666666, -52931.0)
(904, 151.35187768936157, -615537.6666666666, -52931.0)
(905, 151.63250851631165, -615537.6666666666, -52931.0)
(906, 151.9067883491516, -615537.6666666666, -52931.0)
(907, 152.17768502235413, -615537.6666666666, -52931.0)
(908, 152.44942712783813, -615537.6666666666, -52931.0)
(909, 152.71775889396667, -615537.6666666666, -52931.0)
(910, 152.99520874023438, -615537.6666666666, -52931.0)
(911, 153.2670156955719, -615537.6666666666, -52931.0)
(912, 153.54629397392273, -615537.6666666666, -52931.0)
(913, 153.81852626800537, -615537.6666666666, -52931.0)
(914, 154.10278058052063, -615537.6666666666, -52931.0)
(915, 154.3835644721985, -615537.6666666666, -52931.0)
(916, 154.65844821929932, -615537.6666666666, -52931.0)
(917, 154.94106101989746, -615537.6666666666, -52931.0)
(918, 155.21789813041687, -615537.6666666666, -52931.0)
(919, 155.49522852897644, -615537.6666666666, -52931.0)
(920, 155.77448105812073, -615537.6666666666, -52931.0)
(921, 156.05042719841003, -615537.6666666666, -52931.0)
(922, 156.33088326454163, -615537.6666666666, -52931.0)
(923, 156.6142954826355, -615537.6666666666, -52931.0)
(924, 156.89109897613525, -615537.6666666666, -52931.0)
(925, 157.1623511314392, -615537.6666666666, -52931.0)
(926, 157.45525288581848, -615537.6666666666, -52931.0)
(927, 157.76787948608398, -615537.6666666666, -52931.0)
(928, 158.0592749118805, -615537.6666666666, -52931.0)
(929, 158.34106040000916, -615537.6666666666, -52931.0)
(930, 158.62413668632507, -615537.6666666666, -52931.0)
(931, 158.90546417236328, -615537.6666666666, -52931.0)
(932, 159.19149899482727, -615537.6666666666, -52931.0)
(933, 159.47599983215332, -615537.6666666666, -52931.0)
(934, 159.75654339790344, -615537.6666666666, -52931.0)
(935, 160.05687260627747, -615537.6666666666, -52931.0)
(936, 160.3539469242096, -615537.6666666666, -52931.0)
(937, 160.6559715270996, -615537.6666666666, -52931.0)
(938, 160.95970273017883, -615537.6666666666, -52931.0)
(939, 161.25357389450073, -615537.6666666666, -52931.0)
(940, 161.54986786842346, -615537.6666666666, -52931.0)
(941, 161.85183119773865, -615537.6666666666, -52931.0)
(942, 162.15304708480835, -615537.6666666666, -52931.0)
(943, 162.4383041858673, -615537.6666666666, -52931.0)
(944, 162.7378122806549, -615537.6666666666, -52931.0)
(945, 163.02604222297668, -615537.6666666666, -52931.0)
(946, 163.30936574935913, -615537.6666666666, -52931.0)
(947, 163.59555864334106, -615537.6666666666, -52931.0)
(948, 163.88138699531555, -615537.6666666666, -52931.0)
(949, 164.20678544044495, -615537.6666666666, -52931.0)
(950, 164.49182605743408, -615537.6666666666, -52931.0)
(951, 164.78262782096863, -615537.6666666666, -52931.0)
(952, 165.0846402645111, -615537.6666666666, -52931.0)
(953, 165.37543964385986, -615537.6666666666, -52931.0)
(954, 165.66664361953735, -615537.6666666666, -52931.0)
(955, 165.9660840034485, -615537.6666666666, -52931.0)
(956, 166.25369834899902, -615537.6666666666, -52931.0)
(957, 166.5375304222107, -615537.6666666666, -52931.0)
(958, 166.8527524471283, -615537.6666666666, -52931.0)
(959, 167.14375257492065, -615537.6666666666, -52931.0)
(960, 167.42881894111633, -615537.6666666666, -52931.0)
(961, 167.7184476852417, -615537.6666666666, -52931.0)
(962, 168.0062608718872, -615537.6666666666, -52931.0)
(963, 168.28895378112793, -615537.6666666666, -52931.0)
(964, 168.59781503677368, -615537.6666666666, -52931.0)
(965, 168.9181911945343, -615537.6666666666, -52931.0)
(966, 169.22335529327393, -615537.6666666666, -52931.0)
(967, 169.51226234436035, -615537.6666666666, -52931.0)
(968, 169.81812500953674, -615537.6666666666, -52931.0)
(969, 170.11808156967163, -615537.6666666666, -52931.0)
(970, 170.41459608078003, -615537.6666666666, -52931.0)
(971, 170.7149157524109, -615537.6666666666, -52931.0)
(972, 171.00402092933655, -615537.6666666666, -52931.0)
(973, 171.29215693473816, -615537.6666666666, -52931.0)
(974, 171.59333848953247, -615537.6666666666, -52931.0)
(975, 171.88641119003296, -615537.6666666666, -52931.0)
(976, 172.2015380859375, -615537.6666666666, -52931.0)
(977, 172.50133395195007, -615537.6666666666, -52931.0)
(978, 172.79490113258362, -615537.6666666666, -52931.0)
(979, 173.0890989303589, -615537.6666666666, -52931.0)
(980, 173.3806447982788, -615537.6666666666, -52931.0)
(981, 173.68320536613464, -615537.6666666666, -52931.0)
(982, 173.98712539672852, -615537.6666666666, -52931.0)
(983, 174.28303027153015, -615537.6666666666, -52931.0)
(984, 174.58589267730713, -615537.6666666666, -52931.0)
(985, 174.88198351860046, -615537.6666666666, -52931.0)
(986, 175.17910408973694, -615537.6666666666, -52931.0)
(987, 175.47318744659424, -615537.6666666666, -52931.0)
(988, 175.7732903957367, -615537.6666666666, -52931.0)
(989, 176.07005262374878, -615537.6666666666, -52931.0)
(990, 176.36327171325684, -615537.6666666666, -52931.0)
(991, 176.68543028831482, -615537.6666666666, -52931.0)
(992, 176.98718857765198, -615537.6666666666, -52931.0)
(993, 177.31479215621948, -615537.6666666666, -52931.0)
(994, 177.62690591812134, -615537.6666666666, -52931.0)
(995, 177.9345052242279, -615537.6666666666, -52931.0)
(996, 178.24978685379028, -615537.6666666666, -52931.0)
(997, 178.56198263168335, -615537.6666666666, -52931.0)
(998, 178.87370777130127, -615537.6666666666, -52931.0)
(999, 179.18193578720093, -615537.6666666666, -52931.0)
(1000, 179.48518085479736, -615537.6666666666, -52931.0)
