(1, 0.13681507110595703, -800787.0, -55240.0)
(2, 0.26727843284606934, -800787.0, -55240.0)
(3, 0.3992438316345215, -800787.0, -55240.0)
(4, 0.5292575359344482, -800787.0, -55240.0)
(5, 0.6596686840057373, -800787.0, -55240.0)
(6, 0.7907493114471436, -800787.0, -55240.0)
(7, 0.922095775604248, -800787.0, -55240.0)
(8, 1.0528264045715332, -800787.0, -55240.0)
(9, 1.1835722923278809, -800787.0, -55240.0)
(10, 1.3146989345550537, -800787.0, -55240.0)
(11, 1.444962739944458, -800787.0, -55240.0)
(12, 1.5740633010864258, -800787.0, -55240.0)
(13, 1.7038471698760986, -800787.0, -55240.0)
(14, 1.8330471515655518, -800787.0, -55240.0)
(15, 1.9639091491699219, -800787.0, -55240.0)
(16, 2.0933303833007812, -800787.0, -55240.0)
(17, 2.2248218059539795, -800787.0, -55240.0)
(18, 2.356910228729248, -800787.0, -55240.0)
(19, 2.4890878200531006, -800787.0, -55240.0)
(20, 2.6218314170837402, -800787.0, -55240.0)
(21, 2.7535860538482666, -800787.0, -55240.0)
(22, 2.885261297225952, -800787.0, -55240.0)
(23, 3.0161967277526855, -800787.0, -55240.0)
(24, 3.1469473838806152, -800787.0, -55240.0)
(25, 3.278860330581665, -800787.0, -55240.0)
(26, 3.4113707542419434, -800787.0, -55240.0)
(27, 3.542579412460327, -800787.0, -55240.0)
(28, 3.675251007080078, -800787.0, -55240.0)
(29, 3.8074939250946045, -800787.0, -55240.0)
(30, 3.9436564445495605, -800787.0, -55240.0)
(31, 4.081011056900024, -800787.0, -55240.0)
(32, 4.217503070831299, -800787.0, -55240.0)
(33, 4.354140758514404, -800787.0, -55240.0)
(34, 4.491227865219116, -800787.0, -55240.0)
(35, 4.62817120552063, -800787.0, -55240.0)
(36, 4.7650978565216064, -800787.0, -55240.0)
(37, 4.903322458267212, -800787.0, -55240.0)
(38, 5.040875673294067, -800787.0, -55240.0)
(39, 5.177208185195923, -800787.0, -55240.0)
(40, 5.314830303192139, -800787.0, -55240.0)
(41, 5.450519323348999, -800787.0, -55240.0)
(42, 5.595698595046997, -800787.0, -55240.0)
(43, 5.7313456535339355, -800787.0, -55240.0)
(44, 5.868466377258301, -800787.0, -55240.0)
(45, 6.003422975540161, -800787.0, -55240.0)
(46, 6.141382455825806, -800787.0, -55240.0)
(47, 6.2804248332977295, -800787.0, -55240.0)
(48, 6.420795202255249, -800787.0, -55240.0)
(49, 6.56160044670105, -800787.0, -55240.0)
(50, 6.699578046798706, -800787.0, -55240.0)
(51, 6.839007139205933, -800787.0, -55240.0)
(52, 6.977811813354492, -800787.0, -55240.0)
(53, 7.115297317504883, -800787.0, -55240.0)
(54, 7.2575225830078125, -800787.0, -55240.0)
(55, 7.398380517959595, -800787.0, -55240.0)
(56, 7.542063474655151, -800787.0, -55240.0)
(57, 7.6863319873809814, -800787.0, -55240.0)
(58, 7.829818964004517, -800787.0, -55240.0)
(59, 7.974690198898315, -800787.0, -55240.0)
(60, 8.117728471755981, -800787.0, -55240.0)
(61, 8.261303424835205, -800787.0, -55240.0)
(62, 8.40768814086914, -800787.0, -55240.0)
(63, 8.552744150161743, -800787.0, -55240.0)
(64, 8.6987464427948, -800787.0, -55240.0)
(65, 8.844395399093628, -800787.0, -55240.0)
(66, 8.990726232528687, -800787.0, -55240.0)
(67, 9.13774847984314, -800787.0, -55240.0)
(68, 9.284818410873413, -800787.0, -55240.0)
(69, 9.43122935295105, -800787.0, -55240.0)
(70, 9.577011585235596, -800787.0, -55240.0)
(71, 9.724610090255737, -800787.0, -55240.0)
(72, 9.87016224861145, -800787.0, -55240.0)
(73, 10.014925718307495, -800787.0, -55240.0)
(74, 10.162644386291504, -800787.0, -55240.0)
(75, 10.313305377960205, -800787.0, -55240.0)
(76, 10.464868307113647, -800787.0, -55240.0)
(77, 10.613409280776978, -800787.0, -55240.0)
(78, 10.761756896972656, -800787.0, -55240.0)
(79, 10.914641380310059, -800787.0, -55240.0)
(80, 11.064775705337524, -800787.0, -55240.0)
(81, 11.214787483215332, -800787.0, -55240.0)
(82, 11.367980003356934, -800787.0, -55240.0)
(83, 11.518821954727173, -800787.0, -55240.0)
(84, 11.67125129699707, -800787.0, -55240.0)
(85, 11.82326078414917, -800787.0, -55240.0)
(86, 11.973137378692627, -738170.8974358975, -55240.0)
(87, 12.12363314628601, -738170.8974358975, -55240.0)
(88, 12.270248889923096, -738170.8974358975, -55240.0)
(89, 12.416629552841187, -738170.8974358975, -55240.0)
(90, 12.563579797744751, -738170.8974358975, -55240.0)
(91, 12.710434198379517, -738170.8974358975, -55240.0)
(92, 12.858553409576416, -738170.8974358975, -55240.0)
(93, 13.009893417358398, -738170.8974358975, -55240.0)
(94, 13.159256935119629, -738170.8974358975, -55240.0)
(95, 13.310209512710571, -738170.8974358975, -55240.0)
(96, 13.46012568473816, -738170.8974358975, -55240.0)
(97, 13.611358642578125, -738170.8974358975, -55240.0)
(98, 13.76320481300354, -738170.8974358975, -55240.0)
(99, 13.914454698562622, -738170.8974358975, -55240.0)
(100, 14.066775798797607, -738170.8974358975, -55240.0)
(101, 14.21695613861084, -738170.8974358975, -55240.0)
(102, 14.367777824401855, -738170.8974358975, -55240.0)
(103, 14.525229454040527, -738170.8974358975, -55240.0)
(104, 14.67962121963501, -738170.8974358975, -55240.0)
(105, 14.83236026763916, -738170.8974358975, -55240.0)
(106, 14.98603892326355, -738170.8974358975, -55240.0)
(107, 15.14127492904663, -738170.8974358975, -55240.0)
(108, 15.296136617660522, -738170.8974358975, -55240.0)
(109, 15.449192762374878, -738170.8974358975, -55240.0)
(110, 15.601820707321167, -738170.8974358975, -55240.0)
(111, 15.759296417236328, -738170.8974358975, -55240.0)
(112, 15.912885665893555, -738170.8974358975, -55240.0)
(113, 16.06925368309021, -738170.8974358975, -55240.0)
(114, 16.22537088394165, -738170.8974358975, -55240.0)
(115, 16.38478422164917, -738170.8974358975, -55240.0)
(116, 16.545498847961426, -738170.8974358975, -55240.0)
(117, 16.70716428756714, -738170.8974358975, -55240.0)
(118, 16.86421251296997, -738170.8974358975, -55240.0)
(119, 17.02588200569153, -738170.8974358975, -55240.0)
(120, 17.18381905555725, -738170.8974358975, -55240.0)
(121, 17.345853090286255, -738170.8974358975, -55240.0)
(122, 17.511427402496338, -738170.8974358975, -55240.0)
(123, 17.6783664226532, -738170.8974358975, -55240.0)
(124, 17.845833778381348, -738170.8974358975, -55240.0)
(125, 18.01036310195923, -738170.8974358975, -55240.0)
(126, 18.17436909675598, -738170.8974358975, -55240.0)
(127, 18.337913513183594, -738170.8974358975, -55240.0)
(128, 18.49952006340027, -738170.8974358975, -55240.0)
(129, 18.660089015960693, -738170.8974358975, -55240.0)
(130, 18.82433772087097, -738170.8974358975, -55240.0)
(131, 18.992196559906006, -738170.8974358975, -55240.0)
(132, 19.159676790237427, -738170.8974358975, -55240.0)
(133, 19.32896900177002, -738170.8974358975, -55240.0)
(134, 19.49535608291626, -738170.8974358975, -55240.0)
(135, 19.663296937942505, -738170.8974358975, -55240.0)
(136, 19.830922603607178, -738170.8974358975, -55240.0)
(137, 19.996882677078247, -738170.8974358975, -55240.0)
(138, 20.161518812179565, -738170.8974358975, -55240.0)
(139, 20.32544732093811, -738170.8974358975, -55240.0)
(140, 20.49230980873108, -738170.8974358975, -55240.0)
(141, 20.659022331237793, -738170.8974358975, -55240.0)
(142, 20.823864459991455, -738170.8974358975, -55240.0)
(143, 20.994324922561646, -738170.8974358975, -55240.0)
(144, 21.1669921875, -738170.8974358975, -55240.0)
(145, 21.335915088653564, -738170.8974358975, -55240.0)
(146, 21.500185251235962, -738170.8974358975, -55240.0)
(147, 21.674793243408203, -738170.8974358975, -55240.0)
(148, 21.849449396133423, -738170.8974358975, -55240.0)
(149, 22.023723125457764, -738170.8974358975, -55240.0)
(150, 22.197959899902344, -738170.8974358975, -55240.0)
(151, 22.368684768676758, -738170.8974358975, -55240.0)
(152, 22.542387008666992, -738170.8974358975, -55240.0)
(153, 22.718268394470215, -738170.8974358975, -55240.0)
(154, 22.897401332855225, -738170.8974358975, -55240.0)
(155, 23.07534146308899, -738170.8974358975, -55240.0)
(156, 23.251880407333374, -738170.8974358975, -55240.0)
(157, 23.43258786201477, -738170.8974358975, -55240.0)
(158, 23.60589337348938, -738170.8974358975, -55240.0)
(159, 23.781227350234985, -738170.8974358975, -55240.0)
(160, 23.959512948989868, -738170.8974358975, -55240.0)
(161, 24.131651401519775, -738170.8974358975, -55240.0)
(162, 24.310532331466675, -738170.8974358975, -55240.0)
(163, 24.4839346408844, -738170.8974358975, -55240.0)
(164, 24.6652934551239, -738170.8974358975, -55240.0)
(165, 24.845559120178223, -738170.8974358975, -55240.0)
(166, 25.027393579483032, -738170.8974358975, -55240.0)
(167, 25.21065092086792, -738170.8974358975, -55240.0)
(168, 25.393556356430054, -738170.8974358975, -55240.0)
(169, 25.57188105583191, -738170.8974358975, -55240.0)
(170, 25.754827737808228, -738170.8974358975, -55240.0)
(171, 25.931506156921387, -738170.8974358975, -55240.0)
(172, 26.109612703323364, -738170.8974358975, -55240.0)
(173, 26.29199242591858, -738170.8974358975, -55240.0)
(174, 26.482662200927734, -738170.8974358975, -55240.0)
(175, 26.672572374343872, -738170.8974358975, -55240.0)
(176, 26.85699963569641, -738170.8974358975, -55240.0)
(177, 27.041097164154053, -738170.8974358975, -55240.0)
(178, 27.226564645767212, -738170.8974358975, -55240.0)
(179, 27.415777921676636, -738170.8974358975, -55240.0)
(180, 27.599698066711426, -738170.8974358975, -55240.0)
(181, 27.781105041503906, -738170.8974358975, -55240.0)
(182, 27.974616765975952, -738170.8974358975, -55240.0)
(183, 28.15626072883606, -738170.8974358975, -55240.0)
(184, 28.351624250411987, -738170.8974358975, -55240.0)
(185, 28.537570476531982, -738170.8974358975, -55240.0)
(186, 28.73510718345642, -738170.8974358975, -55240.0)
(187, 28.9265398979187, -738170.8974358975, -55240.0)
(188, 29.117552518844604, -738170.8974358975, -55240.0)
(189, 29.309285879135132, -738170.8974358975, -55240.0)
(190, 29.49973440170288, -738170.8974358975, -55240.0)
(191, 29.69265341758728, -738170.8974358975, -55240.0)
(192, 29.91494584083557, -738170.8974358975, -55240.0)
(193, 30.10913395881653, -738170.8974358975, -55240.0)
(194, 30.304630041122437, -738170.8974358975, -55240.0)
(195, 30.501070261001587, -738170.8974358975, -55240.0)
(196, 30.688235998153687, -738170.8974358975, -55240.0)
(197, 30.876635313034058, -738170.8974358975, -55240.0)
(198, 31.069286108016968, -738170.8974358975, -55240.0)
(199, 31.265374422073364, -738170.8974358975, -55240.0)
(200, 31.453014850616455, -738170.8974358975, -55240.0)
(201, 31.64728569984436, -738170.8974358975, -55240.0)
(202, 31.840311288833618, -738170.8974358975, -55240.0)
(203, 32.04021501541138, -738170.8974358975, -55240.0)
(204, 32.24327516555786, -738170.8974358975, -55240.0)
(205, 32.44585990905762, -738170.8974358975, -55240.0)
(206, 32.64696168899536, -738170.8974358975, -55240.0)
(207, 32.86340141296387, -738170.8974358975, -55240.0)
(208, 33.06419658660889, -738170.8974358975, -55240.0)
(209, 33.259026765823364, -738170.8974358975, -55240.0)
(210, 33.45588541030884, -738170.8974358975, -55240.0)
(211, 33.656896352767944, -738170.8974358975, -55240.0)
(212, 33.85341119766235, -738170.8974358975, -55240.0)
(213, 34.0463171005249, -738170.8974358975, -55240.0)
(214, 34.23866367340088, -738170.8974358975, -55240.0)
(215, 34.43438410758972, -738170.8974358975, -55240.0)
(216, 34.631057024002075, -738170.8974358975, -55240.0)
(217, 34.826061487197876, -738170.8974358975, -55240.0)
(218, 35.022496461868286, -738170.8974358975, -55240.0)
(219, 35.216756105422974, -738170.8974358975, -55240.0)
(220, 35.41053247451782, -738170.8974358975, -55240.0)
(221, 35.61310267448425, -738170.8974358975, -55240.0)
(222, 35.814462184906006, -738170.8974358975, -55240.0)
(223, 36.01146221160889, -738170.8974358975, -55240.0)
(224, 36.21626019477844, -738170.8974358975, -55240.0)
(225, 36.42385244369507, -738170.8974358975, -55240.0)
(226, 36.626450061798096, -738170.8974358975, -55240.0)
(227, 36.83770561218262, -738170.8974358975, -55240.0)
(228, 37.04227876663208, -738170.8974358975, -55240.0)
(229, 37.23897457122803, -738170.8974358975, -55240.0)
(230, 37.43974161148071, -738170.8974358975, -55240.0)
(231, 37.640838861465454, -738170.8974358975, -55240.0)
(232, 37.84054923057556, -738170.8974358975, -55240.0)
(233, 38.04430031776428, -738170.8974358975, -55240.0)
(234, 38.23989963531494, -738170.8974358975, -55240.0)
(235, 38.44350528717041, -738170.8974358975, -55240.0)
(236, 38.65333652496338, -738170.8974358975, -55240.0)
(237, 38.85916042327881, -738170.8974358975, -55240.0)
(238, 39.0606906414032, -738170.8974358975, -55240.0)
(239, 39.271486043930054, -738170.8974358975, -55240.0)
(240, 39.476073026657104, -738170.8974358975, -55240.0)
(241, 39.68460988998413, -738170.8974358975, -55240.0)
(242, 39.89082169532776, -738170.8974358975, -55240.0)
(243, 40.09819173812866, -738170.8974358975, -55240.0)
(244, 40.29580616950989, -738170.8974358975, -55240.0)
(245, 40.50833010673523, -738170.8974358975, -55240.0)
(246, 40.71156549453735, -738170.8974358975, -55240.0)
(247, 40.91644215583801, -738170.8974358975, -55240.0)
(248, 41.129029273986816, -738170.8974358975, -55240.0)
(249, 41.343602895736694, -738170.8974358975, -55240.0)
(250, 41.55538821220398, -738170.8974358975, -55240.0)
(251, 41.76745343208313, -738170.8974358975, -55240.0)
(252, 41.98265504837036, -738170.8974358975, -55240.0)
(253, 42.19519019126892, -738170.8974358975, -55240.0)
(254, 42.40446972846985, -738170.8974358975, -55240.0)
(255, 42.62019753456116, -738170.8974358975, -55240.0)
(256, 42.8450813293457, -738170.8974358975, -55240.0)
(257, 43.06050109863281, -738170.8974358975, -55240.0)
(258, 43.280471324920654, -738170.8974358975, -55240.0)
(259, 43.49439525604248, -738170.8974358975, -55240.0)
(260, 43.702208042144775, -738170.8974358975, -55240.0)
(261, 43.9170286655426, -738170.8974358975, -55240.0)
(262, 44.13537096977234, -738170.8974358975, -55240.0)
(263, 44.343597412109375, -738170.8974358975, -55240.0)
(264, 44.571064949035645, -738170.8974358975, -55240.0)
(265, 44.78768849372864, -738170.8974358975, -55240.0)
(266, 45.022228717803955, -738170.8974358975, -55240.0)
(267, 45.245877742767334, -738170.8974358975, -55240.0)
(268, 45.46704983711243, -738170.8974358975, -55240.0)
(269, 45.6945960521698, -738170.8974358975, -55240.0)
(270, 45.91202974319458, -738170.8974358975, -55240.0)
(271, 46.12626266479492, -738170.8974358975, -55240.0)
(272, 46.349990129470825, -738170.8974358975, -55240.0)
(273, 46.569857597351074, -738170.8974358975, -55240.0)
(274, 46.77999782562256, -738170.8974358975, -55240.0)
(275, 47.00540232658386, -738170.8974358975, -55240.0)
(276, 47.230215072631836, -738170.8974358975, -55240.0)
(277, 47.46044921875, -738170.8974358975, -55240.0)
(278, 47.67293691635132, -738170.8974358975, -55240.0)
(279, 47.903470277786255, -738170.8974358975, -55240.0)
(280, 48.1335084438324, -738170.8974358975, -55240.0)
(281, 48.35667657852173, -738170.8974358975, -55240.0)
(282, 48.58301258087158, -738170.8974358975, -55240.0)
(283, 48.806440353393555, -738170.8974358975, -55240.0)
(284, 49.03079676628113, -738170.8974358975, -55240.0)
(285, 49.25332546234131, -738170.8974358975, -55240.0)
(286, 49.480467081069946, -738170.8974358975, -55240.0)
(287, 49.71854782104492, -738170.8974358975, -55240.0)
(288, 49.96320390701294, -738170.8974358975, -55240.0)
(289, 50.18275427818298, -738170.8974358975, -55240.0)
(290, 50.40320372581482, -738170.8974358975, -55240.0)
(291, 50.65011525154114, -738170.8974358975, -55240.0)
(292, 50.884918212890625, -738170.8974358975, -55240.0)
(293, 51.11153554916382, -738170.8974358975, -55240.0)
(294, 51.33471965789795, -738170.8974358975, -55240.0)
(295, 51.55417609214783, -738170.8974358975, -55240.0)
(296, 51.782771825790405, -738170.8974358975, -55240.0)
(297, 52.01040530204773, -738170.8974358975, -55240.0)
(298, 52.24174165725708, -738170.8974358975, -55240.0)
(299, 52.466498374938965, -738170.8974358975, -55240.0)
(300, 52.689348220825195, -738170.8974358975, -55240.0)
(301, 52.91405367851257, -738170.8974358975, -55240.0)
(302, 53.14309525489807, -738170.8974358975, -55240.0)
(303, 53.368632316589355, -738170.8974358975, -55240.0)
(304, 53.59636735916138, -738170.8974358975, -55240.0)
(305, 53.819045543670654, -738170.8974358975, -55240.0)
(306, 54.048686027526855, -738170.8974358975, -55240.0)
(307, 54.31363296508789, -738170.8974358975, -55240.0)
(308, 54.55536508560181, -738170.8974358975, -55240.0)
(309, 54.78650450706482, -738170.8974358975, -55240.0)
(310, 55.01450705528259, -738170.8974358975, -55240.0)
(311, 55.259150981903076, -738170.8974358975, -55240.0)
(312, 55.49488067626953, -738170.8974358975, -55240.0)
(313, 55.75106978416443, -738170.8974358975, -55240.0)
(314, 56.00321364402771, -738170.8974358975, -55240.0)
(315, 56.246463775634766, -738170.8974358975, -55240.0)
(316, 56.479872941970825, -738170.8974358975, -55240.0)
(317, 56.7145209312439, -738170.8974358975, -55240.0)
(318, 56.95849800109863, -738170.8974358975, -55240.0)
(319, 57.2009642124176, -738170.8974358975, -55240.0)
(320, 57.43282628059387, -738170.8974358975, -55240.0)
(321, 57.66704058647156, -738170.8974358975, -55240.0)
(322, 57.89814352989197, -738170.8974358975, -55240.0)
(323, 58.125980377197266, -738170.8974358975, -55240.0)
(324, 58.36355018615723, -738170.8974358975, -55240.0)
(325, 58.600104331970215, -738170.8974358975, -55240.0)
(326, 58.836227893829346, -738170.8974358975, -55240.0)
(327, 59.0773069858551, -738170.8974358975, -55240.0)
(328, 59.332528591156006, -738170.8974358975, -55240.0)
(329, 59.591418981552124, -738170.8974358975, -55240.0)
(330, 59.838351249694824, -738170.8974358975, -55240.0)
(331, 60.07749795913696, -738170.8974358975, -55240.0)
(332, 60.33552694320679, -738170.8974358975, -55240.0)
(333, 60.585397481918335, -738170.8974358975, -55240.0)
(334, 60.83813405036926, -738170.8974358975, -55240.0)
(335, 61.0952513217926, -738170.8974358975, -55240.0)
(336, 61.34551978111267, -738170.8974358975, -55240.0)
(337, 61.58760452270508, -738170.8974358975, -55240.0)
(338, 61.83145761489868, -738170.8974358975, -55240.0)
(339, 62.07779288291931, -738170.8974358975, -55240.0)
(340, 62.33472490310669, -738170.8974358975, -55240.0)
(341, 62.57463479042053, -738170.8974358975, -55240.0)
(342, 62.816065073013306, -738170.8974358975, -55240.0)
(343, 63.06624960899353, -738170.8974358975, -55240.0)
(344, 63.31439781188965, -738170.8974358975, -55240.0)
(345, 63.57073211669922, -738170.8974358975, -55240.0)
(346, 63.813403606414795, -738170.8974358975, -55240.0)
(347, 64.0646026134491, -738170.8974358975, -55240.0)
(348, 64.32085680961609, -738170.8974358975, -55240.0)
(349, 64.5707437992096, -738170.8974358975, -55240.0)
(350, 64.82362294197083, -738170.8974358975, -55240.0)
(351, 65.07432889938354, -738170.8974358975, -55240.0)
(352, 65.32491874694824, -738170.8974358975, -55240.0)
(353, 65.56076574325562, -738170.8974358975, -55240.0)
(354, 65.8230881690979, -738170.8974358975, -55240.0)
(355, 66.07686996459961, -738170.8974358975, -55240.0)
(356, 66.33073043823242, -738170.8974358975, -55240.0)
(357, 66.5919919013977, -738170.8974358975, -55240.0)
(358, 66.83803987503052, -738170.8974358975, -55240.0)
(359, 67.07739448547363, -738170.8974358975, -55240.0)
(360, 67.3240373134613, -738170.8974358975, -55240.0)
(361, 67.57995104789734, -738170.8974358975, -55240.0)
(362, 67.84689784049988, -738170.8974358975, -55240.0)
(363, 68.11343908309937, -738170.8974358975, -55240.0)
(364, 68.3749840259552, -738170.8974358975, -55240.0)
(365, 68.63918375968933, -738170.8974358975, -55240.0)
(366, 68.89123916625977, -738170.8974358975, -55240.0)
(367, 69.14744591712952, -738170.8974358975, -55240.0)
(368, 69.40261554718018, -738170.8974358975, -55240.0)
(369, 69.65813970565796, -738170.8974358975, -55240.0)
(370, 69.90758156776428, -738170.8974358975, -55240.0)
(371, 70.15824460983276, -738170.8974358975, -55240.0)
(372, 70.4076669216156, -738170.8974358975, -55240.0)
(373, 70.66627883911133, -738170.8974358975, -55240.0)
(374, 70.9340751171112, -738170.8974358975, -55240.0)
(375, 71.19515919685364, -738170.8974358975, -55240.0)
(376, 71.46122074127197, -738170.8974358975, -55240.0)
(377, 71.71776938438416, -738170.8974358975, -55240.0)
(378, 71.97462630271912, -738170.8974358975, -55240.0)
(379, 72.23995852470398, -738170.8974358975, -55240.0)
(380, 72.49697208404541, -738170.8974358975, -55240.0)
(381, 72.75794959068298, -738170.8974358975, -55240.0)
(382, 73.00721526145935, -738170.8974358975, -55240.0)
(383, 73.27725839614868, -738170.8974358975, -55240.0)
(384, 73.53523683547974, -738170.8974358975, -55240.0)
(385, 73.78678774833679, -738170.8974358975, -55240.0)
(386, 74.07741141319275, -738170.8974358975, -55240.0)
(387, 74.34653043746948, -738170.8974358975, -55240.0)
(388, 74.6101541519165, -738170.8974358975, -55240.0)
(389, 74.87162375450134, -738170.8974358975, -55240.0)
(390, 75.13451862335205, -738170.8974358975, -55240.0)
(391, 75.39389753341675, -738170.8974358975, -55240.0)
(392, 75.65640783309937, -738170.8974358975, -55240.0)
(393, 75.92191076278687, -738170.8974358975, -55240.0)
(394, 76.17879009246826, -738170.8974358975, -55240.0)
(395, 76.45979976654053, -738170.8974358975, -55240.0)
(396, 76.73984909057617, -738170.8974358975, -55240.0)
(397, 77.01780915260315, -738170.8974358975, -55240.0)
(398, 77.28252005577087, -738170.8974358975, -55240.0)
(399, 77.58192992210388, -738170.8974358975, -55240.0)
(400, 77.86846208572388, -738170.8974358975, -55240.0)
(401, 78.15605759620667, -738170.8974358975, -55240.0)
(402, 78.4190502166748, -738170.8974358975, -55240.0)
(403, 78.69992017745972, -738170.8974358975, -55240.0)
(404, 78.96354794502258, -738170.8974358975, -55240.0)
(405, 79.23347592353821, -738170.8974358975, -55240.0)
(406, 79.50233936309814, -738170.8974358975, -55240.0)
(407, 79.79353904724121, -738170.8974358975, -55240.0)
(408, 80.08611011505127, -738170.8974358975, -55240.0)
(409, 80.3857934474945, -738170.8974358975, -55240.0)
(410, 80.67214441299438, -738170.8974358975, -55240.0)
(411, 80.9553210735321, -738170.8974358975, -55240.0)
(412, 81.22817897796631, -738170.8974358975, -55240.0)
(413, 81.49942445755005, -738170.8974358975, -55240.0)
(414, 81.77670979499817, -738170.8974358975, -55240.0)
(415, 82.05149531364441, -738170.8974358975, -55240.0)
(416, 82.31545352935791, -738170.8974358975, -55240.0)
(417, 82.58099436759949, -738170.8974358975, -55240.0)
(418, 82.86152768135071, -738170.8974358975, -55240.0)
(419, 83.12576246261597, -738170.8974358975, -55240.0)
(420, 83.39541697502136, -738170.8974358975, -55240.0)
(421, 83.68544244766235, -738170.8974358975, -55240.0)
(422, 83.96390700340271, -738170.8974358975, -55240.0)
(423, 84.23350501060486, -738170.8974358975, -55240.0)
(424, 84.51492428779602, -738170.8974358975, -55240.0)
(425, 84.7885468006134, -738170.8974358975, -55240.0)
(426, 85.05200004577637, -738170.8974358975, -55240.0)
(427, 85.34710311889648, -738170.8974358975, -55240.0)
(428, 85.63946962356567, -738170.8974358975, -55240.0)
(429, 85.90927147865295, -738170.8974358975, -55240.0)
(430, 86.21296620368958, -738170.8974358975, -55240.0)
(431, 86.49825477600098, -738170.8974358975, -55240.0)
(432, 86.7792329788208, -738170.8974358975, -55240.0)
(433, 87.05248260498047, -738170.8974358975, -55240.0)
(434, 87.33932971954346, -738170.8974358975, -55240.0)
(435, 87.64029264450073, -738170.8974358975, -55240.0)
(436, 87.94111800193787, -738170.8974358975, -55240.0)
(437, 88.22347855567932, -738170.8974358975, -55240.0)
(438, 88.51780986785889, -738170.8974358975, -55240.0)
(439, 88.7995502948761, -738170.8974358975, -55240.0)
(440, 89.07389330863953, -738170.8974358975, -55240.0)
(441, 89.37869906425476, -738170.8974358975, -55240.0)
(442, 89.66567611694336, -738170.8974358975, -55240.0)
(443, 89.96842622756958, -738170.8974358975, -55240.0)
(444, 90.2622582912445, -738170.8974358975, -55240.0)
(445, 90.55569458007812, -738170.8974358975, -55240.0)
(446, 90.85605192184448, -738170.8974358975, -55240.0)
(447, 91.15017485618591, -738170.8974358975, -55240.0)
(448, 91.43548488616943, -738170.8974358975, -55240.0)
(449, 91.71965456008911, -738170.8974358975, -55240.0)
(450, 92.00574278831482, -738170.8974358975, -55240.0)
(451, 92.29262328147888, -738170.8974358975, -55240.0)
(452, 92.57318472862244, -738170.8974358975, -55240.0)
(453, 92.86888289451599, -738170.8974358975, -55240.0)
(454, 93.17480230331421, -738170.8974358975, -55240.0)
(455, 93.45741987228394, -738170.8974358975, -55240.0)
(456, 93.744793176651, -738170.8974358975, -55240.0)
(457, 94.04138159751892, -738170.8974358975, -55240.0)
(458, 94.33879065513611, -738170.8974358975, -55240.0)
(459, 94.64266681671143, -738170.8974358975, -55240.0)
(460, 94.94725155830383, -738170.8974358975, -55240.0)
(461, 95.24993443489075, -738170.8974358975, -55240.0)
(462, 95.54953479766846, -738170.8974358975, -55240.0)
(463, 95.84214377403259, -738170.8974358975, -55240.0)
(464, 96.1370587348938, -738170.8974358975, -55240.0)
(465, 96.44845962524414, -738170.8974358975, -55240.0)
(466, 96.75473237037659, -738170.8974358975, -55240.0)
(467, 97.04638528823853, -738170.8974358975, -55240.0)
(468, 97.35305595397949, -738170.8974358975, -55240.0)
(469, 97.64699816703796, -647822.282051282, -55240.0)
(470, 97.93822526931763, -647822.282051282, -55240.0)
(471, 98.2144205570221, -647822.282051282, -55240.0)
(472, 98.48910164833069, -647822.282051282, -55240.0)
(473, 98.76738548278809, -647822.282051282, -55240.0)
(474, 99.04668831825256, -647822.282051282, -55240.0)
(475, 99.3254508972168, -647822.282051282, -55240.0)
(476, 99.60195398330688, -647822.282051282, -55240.0)
(477, 99.89600944519043, -647822.282051282, -55240.0)
(478, 100.17682385444641, -647822.282051282, -55240.0)
(479, 100.453195810318, -647822.282051282, -55240.0)
(480, 100.74846768379211, -647822.282051282, -55240.0)
(481, 101.03487205505371, -647822.282051282, -55240.0)
(482, 101.32351660728455, -647822.282051282, -55240.0)
(483, 101.60628700256348, -647822.282051282, -55240.0)
(484, 101.8947184085846, -647822.282051282, -55240.0)
(485, 102.19002509117126, -647822.282051282, -55240.0)
(486, 102.47450518608093, -647822.282051282, -55240.0)
(487, 102.76632976531982, -647822.282051282, -55240.0)
(488, 103.06702733039856, -647822.282051282, -55240.0)
(489, 103.36444211006165, -647822.282051282, -55240.0)
(490, 103.65407299995422, -647822.282051282, -55240.0)
(491, 103.94082236289978, -647822.282051282, -55240.0)
(492, 104.23680782318115, -647822.282051282, -55240.0)
(493, 104.53547787666321, -647822.282051282, -55240.0)
(494, 104.84567761421204, -647822.282051282, -55240.0)
(495, 105.13760161399841, -647822.282051282, -55240.0)
(496, 105.4459011554718, -647822.282051282, -55240.0)
(497, 105.75298929214478, -647822.282051282, -55240.0)
(498, 106.0568528175354, -647822.282051282, -55240.0)
(499, 106.34639048576355, -647822.282051282, -55240.0)
(500, 106.63512444496155, -647822.282051282, -55240.0)
(501, 106.92594408988953, -647822.282051282, -55240.0)
(502, 107.22240710258484, -647822.282051282, -55240.0)
(503, 107.52263522148132, -647822.282051282, -55240.0)
(504, 107.81752753257751, -647822.282051282, -55240.0)
(505, 108.11113619804382, -647822.282051282, -55240.0)
(506, 108.410231590271, -647822.282051282, -55240.0)
(507, 108.71927285194397, -647822.282051282, -55240.0)
(508, 109.02273368835449, -647822.282051282, -55240.0)
(509, 109.32917809486389, -647822.282051282, -55240.0)
(510, 109.65482330322266, -647822.282051282, -55240.0)
(511, 109.97423768043518, -647822.282051282, -55240.0)
(512, 110.27825689315796, -647822.282051282, -55240.0)
(513, 110.5899715423584, -647822.282051282, -55240.0)
(514, 110.90367245674133, -647822.282051282, -55240.0)
(515, 111.20320320129395, -647822.282051282, -55240.0)
(516, 111.50127267837524, -647822.282051282, -55240.0)
(517, 111.8169379234314, -647822.282051282, -55240.0)
(518, 112.11735892295837, -647822.282051282, -55240.0)
(519, 112.43691110610962, -647822.282051282, -55240.0)
(520, 112.75594687461853, -647822.282051282, -55240.0)
(521, 113.06158781051636, -647822.282051282, -55240.0)
(522, 113.38581800460815, -647822.282051282, -55240.0)
(523, 113.70241808891296, -647822.282051282, -55240.0)
(524, 114.00792622566223, -647822.282051282, -55240.0)
(525, 114.30464911460876, -647822.282051282, -55240.0)
(526, 114.62745118141174, -647822.282051282, -55240.0)
(527, 114.94416451454163, -647822.282051282, -55240.0)
(528, 115.24252891540527, -647822.282051282, -55240.0)
(529, 115.5769989490509, -647822.282051282, -55240.0)
(530, 115.89780902862549, -647822.282051282, -55240.0)
(531, 116.23309707641602, -647822.282051282, -55240.0)
(532, 116.58140277862549, -647822.282051282, -55240.0)
(533, 116.92832851409912, -647822.282051282, -55240.0)
(534, 117.25122284889221, -647822.282051282, -55240.0)
(535, 117.57155418395996, -647822.282051282, -55240.0)
(536, 117.88805317878723, -647822.282051282, -55240.0)
(537, 118.18955707550049, -647822.282051282, -55240.0)
(538, 118.49918150901794, -647822.282051282, -55240.0)
(539, 118.81876397132874, -647822.282051282, -55240.0)
(540, 119.12992358207703, -647822.282051282, -55240.0)
(541, 119.45610308647156, -647822.282051282, -55240.0)
(542, 119.77736067771912, -647822.282051282, -55240.0)
(543, 120.10690259933472, -647822.282051282, -55240.0)
(544, 120.42245316505432, -647822.282051282, -55240.0)
(545, 120.72812294960022, -647822.282051282, -55240.0)
(546, 121.04743480682373, -647822.282051282, -55240.0)
(547, 121.36810541152954, -647822.282051282, -55240.0)
(548, 121.6872615814209, -647822.282051282, -55240.0)
(549, 122.00650024414062, -647822.282051282, -55240.0)
(550, 122.33009481430054, -647822.282051282, -55240.0)
(551, 122.65255975723267, -647822.282051282, -55240.0)
(552, 122.98986315727234, -647822.282051282, -55240.0)
(553, 123.31695866584778, -647822.282051282, -55240.0)
(554, 123.6525936126709, -647822.282051282, -55240.0)
(555, 123.9926266670227, -647822.282051282, -55240.0)
(556, 124.34185552597046, -607866.3133971293, -55240.0)
(557, 124.78437757492065, -607866.3133971293, -55240.0)
(558, 125.13861060142517, -607866.3133971293, -55240.0)
(559, 125.48550724983215, -607866.3133971293, -55240.0)
(560, 125.82831859588623, -607866.3133971293, -55240.0)
(561, 126.17391610145569, -607866.3133971293, -55240.0)
(562, 126.49850273132324, -607866.3133971293, -55240.0)
(563, 126.84177684783936, -607866.3133971293, -55240.0)
(564, 127.17420864105225, -607866.3133971293, -55240.0)
(565, 127.51398062705994, -607866.3133971293, -55240.0)
(566, 127.85668087005615, -607866.3133971293, -55240.0)
(567, 128.18581652641296, -607866.3133971293, -55240.0)
(568, 128.5319380760193, -607866.3133971293, -55240.0)
(569, 128.89720153808594, -607866.3133971293, -55240.0)
(570, 129.27619814872742, -607866.3133971293, -55240.0)
(571, 129.6324622631073, -607866.3133971293, -55240.0)
(572, 129.96592736244202, -607866.3133971293, -55240.0)
(573, 130.30221486091614, -607866.3133971293, -55240.0)
(574, 130.63879251480103, -607866.3133971293, -55240.0)
(575, 130.97274589538574, -607866.3133971293, -55240.0)
(576, 131.33381366729736, -607866.3133971293, -55240.0)
(577, 131.6751205921173, -607866.3133971293, -55240.0)
(578, 132.0192005634308, -607866.3133971293, -55240.0)
(579, 132.36823391914368, -607866.3133971293, -55240.0)
(580, 132.70508098602295, -607866.3133971293, -55240.0)
(581, 133.07161331176758, -607866.3133971293, -55240.0)
(582, 133.44928240776062, -607866.3133971293, -55240.0)
(583, 133.80667734146118, -607866.3133971293, -55240.0)
(584, 134.15197491645813, -607866.3133971293, -55240.0)
(585, 134.50889420509338, -607866.3133971293, -55240.0)
(586, 134.87582421302795, -607866.3133971293, -55240.0)
(587, 135.26928687095642, -607866.3133971293, -55240.0)
(588, 135.6283872127533, -607866.3133971293, -55240.0)
(589, 135.9729781150818, -607866.3133971293, -55240.0)
(590, 136.3470802307129, -607866.3133971293, -55240.0)
(591, 136.7079164981842, -607866.3133971293, -55240.0)
(592, 137.0693109035492, -607866.3133971293, -55240.0)
(593, 137.42226552963257, -607866.3133971293, -55240.0)
(594, 137.80246567726135, -607866.3133971293, -55240.0)
(595, 138.17836689949036, -607866.3133971293, -55240.0)
(596, 138.5291233062744, -607866.3133971293, -55240.0)
(597, 138.88657450675964, -607866.3133971293, -55240.0)
(598, 139.23074674606323, -607866.3133971293, -55240.0)
(599, 139.58326935768127, -607866.3133971293, -55240.0)
(600, 139.92585921287537, -607866.3133971293, -55240.0)
(601, 140.29474353790283, -607866.3133971293, -55240.0)
(602, 140.6500518321991, -607866.3133971293, -55240.0)
(603, 140.99734687805176, -607866.3133971293, -55240.0)
(604, 141.36440920829773, -607866.3133971293, -55240.0)
(605, 141.73124599456787, -607866.3133971293, -55240.0)
(606, 142.0892674922943, -607866.3133971293, -55240.0)
(607, 142.4435122013092, -607866.3133971293, -55240.0)
(608, 142.8197147846222, -607866.3133971293, -55240.0)
(609, 143.17110013961792, -607866.3133971293, -55240.0)
(610, 143.59940576553345, -607866.3133971293, -55240.0)
(611, 143.97911643981934, -607866.3133971293, -55240.0)
(612, 144.3409698009491, -607866.3133971293, -55240.0)
(613, 144.7276964187622, -607866.3133971293, -55240.0)
(614, 145.08078145980835, -607866.3133971293, -55240.0)
(615, 145.44961190223694, -607866.3133971293, -55240.0)
(616, 145.81048583984375, -607866.3133971293, -55240.0)
(617, 146.17399859428406, -607866.3133971293, -55240.0)
(618, 146.5324468612671, -607866.3133971293, -55240.0)
(619, 146.89366579055786, -607866.3133971293, -55240.0)
(620, 147.25504446029663, -607866.3133971293, -55240.0)
(621, 147.66872715950012, -607866.3133971293, -55240.0)
(622, 148.0290904045105, -607866.3133971293, -55240.0)
(623, 148.50438380241394, -607866.3133971293, -55240.0)
(624, 148.89775490760803, -607866.3133971293, -55240.0)
(625, 149.34764528274536, -607866.3133971293, -55240.0)
(626, 149.75148057937622, -607866.3133971293, -55240.0)
(627, 150.13325190544128, -607866.3133971293, -55240.0)
(628, 150.4888780117035, -607866.3133971293, -55240.0)
(629, 150.90240597724915, -607866.3133971293, -55240.0)
(630, 151.31500554084778, -607866.3133971293, -55240.0)
(631, 151.68166494369507, -607866.3133971293, -55240.0)
(632, 152.05616807937622, -607866.3133971293, -55240.0)
(633, 152.45213675498962, -607866.3133971293, -55240.0)
(634, 152.81023573875427, -607866.3133971293, -55240.0)
(635, 153.31176280975342, -607866.3133971293, -55240.0)
(636, 153.8357310295105, -607866.3133971293, -55240.0)
(637, 154.238911151886, -607866.3133971293, -55240.0)
(638, 154.65410470962524, -607866.3133971293, -55240.0)
(639, 155.1086940765381, -607866.3133971293, -55240.0)
(640, 155.4924156665802, -607866.3133971293, -55240.0)
(641, 155.86286091804504, -607866.3133971293, -55240.0)
(642, 156.23384380340576, -607866.3133971293, -55240.0)
(643, 156.60462307929993, -607866.3133971293, -55240.0)
(644, 156.98869729042053, -607866.3133971293, -55240.0)
(645, 157.37241172790527, -607866.3133971293, -55240.0)
(646, 157.7521688938141, -607866.3133971293, -55240.0)
(647, 158.1233687400818, -607866.3133971293, -55240.0)
(648, 158.49277329444885, -607866.3133971293, -55240.0)
(649, 158.86493062973022, -607866.3133971293, -55240.0)
(650, 159.23428988456726, -607866.3133971293, -55240.0)
(651, 159.60723185539246, -607866.3133971293, -55240.0)
(652, 160.01074361801147, -607866.3133971293, -55240.0)
(653, 160.47978734970093, -607866.3133971293, -55240.0)
(654, 161.02182173728943, -607866.3133971293, -55240.0)
(655, 161.48452854156494, -607866.3133971293, -55240.0)
(656, 161.85367894172668, -607866.3133971293, -55240.0)
(657, 162.22999382019043, -607866.3133971293, -55240.0)
(658, 162.59878182411194, -607866.3133971293, -55240.0)
(659, 162.97677755355835, -607866.3133971293, -55240.0)
(660, 163.35660529136658, -607866.3133971293, -55240.0)
(661, 163.7406129837036, -607866.3133971293, -55240.0)
(662, 164.11606001853943, -607866.3133971293, -55240.0)
(663, 164.49853348731995, -607866.3133971293, -55240.0)
(664, 164.8636999130249, -607866.3133971293, -55240.0)
(665, 165.25809812545776, -607866.3133971293, -55240.0)
(666, 165.65791988372803, -607866.3133971293, -55240.0)
(667, 166.0562744140625, -607866.3133971293, -55240.0)
(668, 166.44404554367065, -607866.3133971293, -55240.0)
(669, 166.84727239608765, -607866.3133971293, -55240.0)
(670, 167.24978613853455, -607866.3133971293, -55240.0)
(671, 167.64807295799255, -607866.3133971293, -55240.0)
(672, 168.02672457695007, -607866.3133971293, -55240.0)
(673, 168.40706372261047, -607866.3133971293, -55240.0)
(674, 168.8378415107727, -607866.3133971293, -55240.0)
(675, 169.24516439437866, -607866.3133971293, -55240.0)
(676, 169.6470329761505, -607866.3133971293, -55240.0)
(677, 170.03703570365906, -607866.3133971293, -55240.0)
(678, 170.44073843955994, -607866.3133971293, -55240.0)
(679, 170.83236408233643, -607866.3133971293, -55240.0)
(680, 171.24229669570923, -607866.3133971293, -55240.0)
(681, 171.62547707557678, -607866.3133971293, -55240.0)
(682, 172.04843044281006, -607866.3133971293, -55240.0)
(683, 172.44724082946777, -607866.3133971293, -55240.0)
(684, 172.84210968017578, -607866.3133971293, -55240.0)
(685, 173.29067277908325, -607866.3133971293, -55240.0)
(686, 173.72524046897888, -607866.3133971293, -55240.0)
(687, 174.16594743728638, -607866.3133971293, -55240.0)
(688, 174.57840061187744, -607866.3133971293, -55240.0)
(689, 175.00644826889038, -607866.3133971293, -55240.0)
(690, 175.44226741790771, -607866.3133971293, -55240.0)
(691, 175.83347177505493, -607866.3133971293, -55240.0)
(692, 176.23503303527832, -607866.3133971293, -55240.0)
(693, 176.63365721702576, -607866.3133971293, -55240.0)
(694, 177.0348551273346, -607866.3133971293, -55240.0)
(695, 177.47488522529602, -607866.3133971293, -55240.0)
(696, 177.89778852462769, -607866.3133971293, -55240.0)
(697, 178.29361748695374, -607866.3133971293, -55240.0)
(698, 178.7215280532837, -607866.3133971293, -55240.0)
(699, 179.13075280189514, -607866.3133971293, -55240.0)
(700, 179.51632356643677, -607866.3133971293, -55240.0)
(701, 179.94297170639038, -607866.3133971293, -55240.0)
(702, 180.39522218704224, -607866.3133971293, -55240.0)
(703, 180.8395869731903, -607866.3133971293, -55240.0)
(704, 181.3220865726471, -607866.3133971293, -55240.0)
(705, 181.74505305290222, -607866.3133971293, -55240.0)
(706, 182.1893355846405, -607866.3133971293, -55240.0)
(707, 182.6086196899414, -607866.3133971293, -55240.0)
(708, 183.02304315567017, -607866.3133971293, -55240.0)
(709, 183.42650175094604, -607866.3133971293, -55240.0)
(710, 183.93329429626465, -607866.3133971293, -55240.0)
(711, 184.4000654220581, -607866.3133971293, -55240.0)
(712, 184.80564904212952, -607866.3133971293, -55240.0)
(713, 185.21480011940002, -607866.3133971293, -55240.0)
(714, 185.61637258529663, -607866.3133971293, -55240.0)
(715, 186.02002882957458, -607866.3133971293, -55240.0)
(716, 186.4500629901886, -607866.3133971293, -55240.0)
(717, 186.86115765571594, -607866.3133971293, -55240.0)
(718, 187.26716351509094, -607866.3133971293, -55240.0)
(719, 187.69139885902405, -607866.3133971293, -55240.0)
(720, 188.11364936828613, -607866.3133971293, -55240.0)
(721, 188.5080108642578, -607866.3133971293, -55240.0)
(722, 188.89533686637878, -607866.3133971293, -55240.0)
(723, 189.34393906593323, -607866.3133971293, -55240.0)
(724, 189.91066980361938, -607866.3133971293, -55240.0)
(725, 190.4146604537964, -607866.3133971293, -55240.0)
(726, 190.88182044029236, -607866.3133971293, -55240.0)
(727, 191.29200839996338, -607866.3133971293, -55240.0)
(728, 191.69892859458923, -607866.3133971293, -55240.0)
(729, 192.16405487060547, -607866.3133971293, -55240.0)
(730, 192.5716209411621, -607866.3133971293, -55240.0)
(731, 192.9814920425415, -607866.3133971293, -55240.0)
(732, 193.4195806980133, -607866.3133971293, -55240.0)
(733, 193.85035276412964, -607866.3133971293, -55240.0)
(734, 194.2791519165039, -607866.3133971293, -55240.0)
(735, 194.69334530830383, -607866.3133971293, -55240.0)
(736, 195.12492561340332, -607866.3133971293, -55240.0)
(737, 195.52002429962158, -607866.3133971293, -55240.0)
(738, 195.95865511894226, -607866.3133971293, -55240.0)
(739, 196.3902394771576, -607866.3133971293, -55240.0)
(740, 196.85895085334778, -607866.3133971293, -55240.0)
(741, 197.3197786808014, -607866.3133971293, -55240.0)
(742, 197.8237385749817, -607866.3133971293, -55240.0)
(743, 198.42079973220825, -607866.3133971293, -55240.0)
(744, 198.98834085464478, -607866.3133971293, -55240.0)
(745, 199.43027710914612, -607866.3133971293, -55240.0)
(746, 199.87542366981506, -607866.3133971293, -55240.0)
(747, 200.3126380443573, -607866.3133971293, -55240.0)
(748, 200.74833798408508, -607866.3133971293, -55240.0)
(749, 201.17721605300903, -607866.3133971293, -55240.0)
(750, 201.59520983695984, -607866.3133971293, -55240.0)
(751, 201.99419856071472, -607866.3133971293, -55240.0)
(752, 202.38868284225464, -607866.3133971293, -55240.0)
(753, 202.79499769210815, -607866.3133971293, -55240.0)
(754, 203.1897633075714, -607866.3133971293, -55240.0)
(755, 203.59657979011536, -607866.3133971293, -55240.0)
(756, 204.0019748210907, -607866.3133971293, -55240.0)
(757, 204.40492796897888, -607866.3133971293, -55240.0)
(758, 204.84366488456726, -607866.3133971293, -55240.0)
(759, 205.25520753860474, -607866.3133971293, -55240.0)
(760, 205.7090344429016, -607866.3133971293, -55240.0)
(761, 206.13141775131226, -607866.3133971293, -55240.0)
(762, 206.55148148536682, -607866.3133971293, -55240.0)
(763, 206.97900104522705, -607866.3133971293, -55240.0)
(764, 207.40800738334656, -607866.3133971293, -55240.0)
(765, 207.85200595855713, -607866.3133971293, -55240.0)
(766, 208.27582836151123, -607866.3133971293, -55240.0)
(767, 208.70488166809082, -607866.3133971293, -55240.0)
(768, 209.12713265419006, -607866.3133971293, -55240.0)
(769, 209.56149768829346, -607866.3133971293, -55240.0)
(770, 209.9870002269745, -607866.3133971293, -55240.0)
(771, 210.40623688697815, -607866.3133971293, -55240.0)
(772, 210.83968877792358, -607866.3133971293, -55240.0)
(773, 211.25456953048706, -607866.3133971293, -55240.0)
(774, 211.70153951644897, -607866.3133971293, -55240.0)
(775, 212.11529922485352, -607866.3133971293, -55240.0)
(776, 212.55026412010193, -607866.3133971293, -55240.0)
(777, 212.95825266838074, -607866.3133971293, -55240.0)
(778, 213.43964529037476, -607866.3133971293, -55240.0)
(779, 213.85948967933655, -607866.3133971293, -55240.0)
(780, 214.28195357322693, -607866.3133971293, -55240.0)
(781, 214.71446681022644, -607866.3133971293, -55240.0)
(782, 215.21723437309265, -607866.3133971293, -55240.0)
(783, 215.67277264595032, -607866.3133971293, -55240.0)
(784, 216.1445550918579, -607866.3133971293, -55240.0)
(785, 216.5956883430481, -607866.3133971293, -55240.0)
(786, 217.06040048599243, -607866.3133971293, -55240.0)
(787, 217.5026454925537, -607866.3133971293, -55240.0)
(788, 217.93450140953064, -607866.3133971293, -55240.0)
(789, 218.38760089874268, -607866.3133971293, -55240.0)
(790, 218.83009219169617, -607866.3133971293, -55240.0)
(791, 219.25420999526978, -607866.3133971293, -55240.0)
(792, 219.7157759666443, -607866.3133971293, -55240.0)
(793, 220.18400764465332, -607866.3133971293, -55240.0)
(794, 220.63253903388977, -607866.3133971293, -55240.0)
(795, 221.07112312316895, -607866.3133971293, -55240.0)
(796, 221.5605661869049, -607866.3133971293, -55240.0)
(797, 222.01030659675598, -607866.3133971293, -55240.0)
(798, 222.5139410495758, -607866.3133971293, -55240.0)
(799, 223.03000688552856, -607866.3133971293, -55240.0)
(800, 223.53334736824036, -607866.3133971293, -55240.0)
(801, 223.9861512184143, -607866.3133971293, -55240.0)
(802, 224.4527394771576, -607866.3133971293, -55240.0)
(803, 224.93116569519043, -607866.3133971293, -55240.0)
(804, 225.4213216304779, -607866.3133971293, -55240.0)
(805, 225.87794137001038, -607866.3133971293, -55240.0)
(806, 226.36778593063354, -607866.3133971293, -55240.0)
(807, 226.8406879901886, -607866.3133971293, -55240.0)
(808, 227.3062925338745, -607866.3133971293, -55240.0)
(809, 227.8022427558899, -607866.3133971293, -55240.0)
(810, 228.21798872947693, -607866.3133971293, -55240.0)
(811, 228.70101356506348, -607866.3133971293, -55240.0)
(812, 229.13817071914673, -607866.3133971293, -55240.0)
(813, 229.64295840263367, -540827.7179551751, -55240.0)
(814, 230.32803010940552, -540827.7179551751, -55240.0)
(815, 230.9418647289276, -540827.7179551751, -55240.0)
(816, 231.51512789726257, -540827.7179551751, -55240.0)
(817, 232.0738275051117, -540827.7179551751, -55240.0)
(818, 232.67038464546204, -540827.7179551751, -55240.0)
(819, 233.30714631080627, -540827.7179551751, -55240.0)
(820, 233.8613133430481, -540827.7179551751, -55240.0)
(821, 234.36594343185425, -540827.7179551751, -55240.0)
(822, 234.92784929275513, -540827.7179551751, -55240.0)
(823, 235.52330136299133, -540827.7179551751, -55240.0)
(824, 236.0299255847931, -540827.7179551751, -55240.0)
(825, 236.70452523231506, -540827.7179551751, -55240.0)
(826, 237.24014019966125, -540827.7179551751, -55240.0)
(827, 237.77278566360474, -540827.7179551751, -55240.0)
(828, 238.2555480003357, -540827.7179551751, -55240.0)
(829, 238.79849863052368, -540827.7179551751, -55240.0)
(830, 239.3251805305481, -540827.7179551751, -55240.0)
(831, 239.82931900024414, -540827.7179551751, -55240.0)
(832, 240.3227243423462, -540827.7179551751, -55240.0)
(833, 241.0448076725006, -540827.7179551751, -55240.0)
(834, 241.64495015144348, -540827.7179551751, -55240.0)
(835, 242.20015954971313, -540827.7179551751, -55240.0)
(836, 242.83303594589233, -540827.7179551751, -55240.0)
(837, 243.40435576438904, -540827.7179551751, -55240.0)
(838, 243.92083311080933, -540827.7179551751, -55240.0)
(839, 244.49090337753296, -540827.7179551751, -55240.0)
(840, 245.10990500450134, -540827.7179551751, -55240.0)
(841, 245.6724078655243, -540827.7179551751, -55240.0)
(842, 246.24203848838806, -540827.7179551751, -55240.0)
(843, 246.79504346847534, -540827.7179551751, -55240.0)
(844, 247.60234713554382, -540827.7179551751, -55240.0)
(845, 248.1729154586792, -540827.7179551751, -55240.0)
(846, 248.81370615959167, -540827.7179551751, -55240.0)
(847, 249.43491435050964, -540827.7179551751, -55240.0)
(848, 250.0404179096222, -540827.7179551751, -55240.0)
(849, 250.62729358673096, -540827.7179551751, -55240.0)
(850, 251.27173447608948, -540827.7179551751, -55240.0)
(851, 251.8878571987152, -540827.7179551751, -55240.0)
(852, 252.41338515281677, -540827.7179551751, -55240.0)
(853, 252.9182744026184, -540827.7179551751, -55240.0)
(854, 253.46185874938965, -540827.7179551751, -55240.0)
(855, 253.99703073501587, -540827.7179551751, -55240.0)
(856, 254.72399973869324, -540827.7179551751, -55240.0)
(857, 255.32874512672424, -540827.7179551751, -55240.0)
(858, 255.91864800453186, -540827.7179551751, -55240.0)
(859, 256.3927335739136, -540827.7179551751, -55240.0)
(860, 256.8840546607971, -540827.7179551751, -55240.0)
(861, 257.39793276786804, -540827.7179551751, -55240.0)
(862, 257.88362526893616, -540827.7179551751, -55240.0)
(863, 258.36387181282043, -540827.7179551751, -55240.0)
(864, 258.8616216182709, -540827.7179551751, -55240.0)
(865, 259.3862590789795, -540827.7179551751, -55240.0)
(866, 259.8780541419983, -540827.7179551751, -55240.0)
(867, 260.4310209751129, -540827.7179551751, -55240.0)
(868, 260.9471609592438, -540827.7179551751, -55240.0)
(869, 261.4314715862274, -540827.7179551751, -55240.0)
(870, 261.89952659606934, -540827.7179551751, -55240.0)
(871, 262.3980622291565, -540827.7179551751, -55240.0)
(872, 262.8704733848572, -540827.7179551751, -55240.0)
(873, 263.37884998321533, -540827.7179551751, -55240.0)
(874, 263.86367297172546, -540827.7179551751, -55240.0)
(875, 264.35069394111633, -540827.7179551751, -55240.0)
(876, 264.83793234825134, -540827.7179551751, -55240.0)
(877, 265.31423830986023, -540827.7179551751, -55240.0)
(878, 265.8016424179077, -540827.7179551751, -55240.0)
(879, 266.33249855041504, -540827.7179551751, -55240.0)
(880, 266.81438994407654, -540827.7179551751, -55240.0)
(881, 267.28083872795105, -540827.7179551751, -55240.0)
(882, 267.7873365879059, -540827.7179551751, -55240.0)
(883, 268.2781102657318, -540827.7179551751, -55240.0)
(884, 268.8120493888855, -540827.7179551751, -55240.0)
(885, 269.29902935028076, -540827.7179551751, -55240.0)
(886, 269.79139733314514, -540827.7179551751, -55240.0)
(887, 270.2728464603424, -540827.7179551751, -55240.0)
(888, 270.821528673172, -540827.7179551751, -55240.0)
(889, 271.3359377384186, -540827.7179551751, -55240.0)
(890, 271.84082317352295, -540827.7179551751, -55240.0)
(891, 272.3212730884552, -540827.7179551751, -55240.0)
(892, 272.8248801231384, -540827.7179551751, -55240.0)
(893, 273.2957978248596, -540827.7179551751, -55240.0)
(894, 273.7924931049347, -540827.7179551751, -55240.0)
(895, 274.2649989128113, -540827.7179551751, -55240.0)
(896, 274.77934980392456, -540827.7179551751, -55240.0)
(897, 275.3607873916626, -540827.7179551751, -55240.0)
(898, 275.8661262989044, -540827.7179551751, -55240.0)
(899, 276.36341738700867, -540827.7179551751, -55240.0)
(900, 276.87584829330444, -540827.7179551751, -55240.0)
(901, 277.3869867324829, -540827.7179551751, -55240.0)
(902, 277.9565191268921, -540827.7179551751, -55240.0)
(903, 278.48363280296326, -540827.7179551751, -55240.0)
(904, 278.9872100353241, -540827.7179551751, -55240.0)
(905, 279.51086354255676, -540827.7179551751, -55240.0)
(906, 280.0465166568756, -540827.7179551751, -55240.0)
(907, 280.5585525035858, -540827.7179551751, -55240.0)
(908, 281.0698857307434, -540827.7179551751, -55240.0)
(909, 281.5950996875763, -540827.7179551751, -55240.0)
(910, 282.10364747047424, -540827.7179551751, -55240.0)
(911, 282.61728954315186, -540827.7179551751, -55240.0)
(912, 283.11842036247253, -540827.7179551751, -55240.0)
(913, 283.6537027359009, -540827.7179551751, -55240.0)
(914, 284.21202850341797, -540827.7179551751, -55240.0)
(915, 284.7850306034088, -540827.7179551751, -55240.0)
(916, 285.31842017173767, -540827.7179551751, -55240.0)
(917, 285.86455154418945, -540827.7179551751, -55240.0)
(918, 286.3846185207367, -540827.7179551751, -55240.0)
(919, 286.8838357925415, -540827.7179551751, -55240.0)
(920, 287.395845413208, -540827.7179551751, -55240.0)
(921, 287.88359904289246, -540827.7179551751, -55240.0)
(922, 288.4570574760437, -540827.7179551751, -55240.0)
(923, 288.97149777412415, -540827.7179551751, -55240.0)
(924, 289.5234353542328, -540827.7179551751, -55240.0)
(925, 290.0674829483032, -540827.7179551751, -55240.0)
(926, 290.6155183315277, -540827.7179551751, -55240.0)
(927, 291.1860430240631, -443966.3185545384, -55240.0)
(928, 291.8345625400543, -443966.3185545384, -55240.0)
(929, 292.3705976009369, -443966.3185545384, -55240.0)
(930, 292.96589493751526, -443966.3185545384, -55240.0)
(931, 293.5296697616577, -443966.3185545384, -55240.0)
(932, 294.074182510376, -443966.3185545384, -55240.0)
(933, 294.6215298175812, -443966.3185545384, -55240.0)
(934, 295.14778304100037, -443966.3185545384, -55240.0)
(935, 295.6918931007385, -443966.3185545384, -55240.0)
(936, 296.3778610229492, -443966.3185545384, -55240.0)
(937, 297.03718876838684, -443966.3185545384, -55240.0)
(938, 297.6678788661957, -443966.3185545384, -55240.0)
(939, 298.20259618759155, -443966.3185545384, -55240.0)
(940, 298.8012578487396, -443966.3185545384, -55240.0)
(941, 299.39532017707825, -443966.3185545384, -55240.0)
(942, 299.94911646842957, -443966.3185545384, -55240.0)
(943, 300.505930185318, -443966.3185545384, -55240.0)
(944, 301.0334150791168, -443966.3185545384, -55240.0)
(945, 301.62473583221436, -443966.3185545384, -55240.0)
(946, 302.224529504776, -443966.3185545384, -55240.0)
(947, 302.7571551799774, -443966.3185545384, -55240.0)
(948, 303.37086391448975, -443966.3185545384, -55240.0)
(949, 303.88013529777527, -443966.3185545384, -55240.0)
(950, 304.52031111717224, -443966.3185545384, -55240.0)
(951, 305.08337688446045, -443966.3185545384, -55240.0)
(952, 305.6709096431732, -443966.3185545384, -55240.0)
(953, 306.29874658584595, -443966.3185545384, -55240.0)
(954, 306.8767874240875, -443966.3185545384, -55240.0)
(955, 307.44779348373413, -443966.3185545384, -55240.0)
(956, 308.0183367729187, -443966.3185545384, -55240.0)
(957, 308.6241955757141, -443966.3185545384, -55240.0)
(958, 309.13815903663635, -443966.3185545384, -55240.0)
(959, 309.784277677536, -443966.3185545384, -55240.0)
(960, 310.57245421409607, -443966.3185545384, -55240.0)
(961, 311.2973647117615, -443966.3185545384, -55240.0)
(962, 311.9577329158783, -443966.3185545384, -55240.0)
(963, 312.5550320148468, -443966.3185545384, -55240.0)
(964, 313.1294047832489, -443966.3185545384, -55240.0)
(965, 313.7205927371979, -443966.3185545384, -55240.0)
(966, 314.2862389087677, -443966.3185545384, -55240.0)
(967, 314.8995530605316, -443966.3185545384, -55240.0)
(968, 315.47669100761414, -443966.3185545384, -55240.0)
(969, 316.0351037979126, -443966.3185545384, -55240.0)
(970, 316.5616023540497, -443966.3185545384, -55240.0)
(971, 317.1518132686615, -443966.3185545384, -55240.0)
(972, 317.69891691207886, -443966.3185545384, -55240.0)
(973, 318.28929805755615, -443966.3185545384, -55240.0)
(974, 318.895042181015, -443966.3185545384, -55240.0)
(975, 319.4089834690094, -443966.3185545384, -55240.0)
(976, 319.9159128665924, -443966.3185545384, -55240.0)
(977, 320.6782019138336, -443966.3185545384, -55240.0)
(978, 321.41992831230164, -443966.3185545384, -55240.0)
(979, 321.9936707019806, -443966.3185545384, -55240.0)
(980, 322.5377109050751, -443966.3185545384, -55240.0)
(981, 323.0589692592621, -443966.3185545384, -55240.0)
(982, 323.5857536792755, -443966.3185545384, -55240.0)
(983, 324.0903830528259, -443966.3185545384, -55240.0)
(984, 324.61008405685425, -443966.3185545384, -55240.0)
(985, 325.1463248729706, -443966.3185545384, -55240.0)
(986, 325.7030563354492, -443966.3185545384, -55240.0)
(987, 326.2480571269989, -443966.3185545384, -55240.0)
(988, 326.8006796836853, -443966.3185545384, -55240.0)
(989, 327.33555936813354, -443966.3185545384, -55240.0)
(990, 327.8601324558258, -443966.3185545384, -55240.0)
(991, 328.4170038700104, -443966.3185545384, -55240.0)
(992, 328.9716646671295, -443966.3185545384, -55240.0)
(993, 329.5576002597809, -443966.3185545384, -55240.0)
(994, 330.1010835170746, -443966.3185545384, -55240.0)
(995, 330.65009355545044, -443966.3185545384, -55240.0)
(996, 331.23579573631287, -443966.3185545384, -55240.0)
(997, 331.7998561859131, -443966.3185545384, -55240.0)
(998, 332.3448510169983, -443966.3185545384, -55240.0)
(999, 332.8861086368561, -443966.3185545384, -55240.0)
(1000, 333.45876121520996, -443966.3185545384, -55240.0)
