(1, 0.07310771942138672, -680727.0, -21533.0)
(2, 0.14075326919555664, -654379.4166666666, -21533.0)
(3, 0.22279119491577148, -643574.1666666666, -21533.0)
(4, 0.29139089584350586, -618006.7916666666, -21533.0)
(5, 0.3598001003265381, -577154.75, -21533.0)
(6, 0.4281039237976074, -577154.75, -21533.0)
(7, 0.49735164642333984, -576143.7916666666, -21533.0)
(8, 0.5681421756744385, -514695.5, -21533.0)
(9, 0.6396980285644531, -466748.0833333333, -21533.0)
(10, 0.7117650508880615, -449608.2916666667, -21533.0)
(11, 0.7855350971221924, -396091.75, -21533.0)
(12, 0.8596742153167725, -353770.5416666667, -21533.0)
(13, 0.9343092441558838, -345071.4166666667, -21533.0)
(14, 1.0103051662445068, -290717.5416666667, -21533.0)
(15, 1.088040828704834, -236095.20833333334, -21533.0)
(16, 1.1651105880737305, -208421.45833333334, -21533.0)
(17, 1.243375301361084, -185731.5, -21533.0)
(18, 1.3221464157104492, -156570.79166666666, -21533.0)
(19, 1.4018654823303223, -126425.375, -21533.0)
(20, 1.4823076725006104, -63918.833333333336, -21533.0)
(21, 1.5638372898101807, -35434.0, -21533.0)
(22, 1.65155029296875, -34007.0, -33545.0)
(23, 1.73378586769104, -33571.0, -33571.0)
(24, 1.8146657943725586, -33571.0, -33571.0)
