(1, 0.08411455154418945, -431648.0, -55351.0)
(2, 0.17353463172912598, -307928.390809295, -55351.0)
(3, 0.2786834239959717, -285317.6997372811, -55351.0)
(4, 0.3911862373352051, -259628.03522258974, -55351.0)
(5, 0.512415885925293, -223228.25946769008, -55351.0)
(6, 0.6435749530792236, -177285.62236607447, -55351.0)
(7, 0.7958879470825195, -146234.24785446946, -55351.0)
(8, 0.9492771625518799, -122938.15082823148, -55351.0)
(9, 1.1460521221160889, -120131.128039403, -55351.0)
(10, 1.373988389968872, -95215.04246895258, -64864.954944121426)
(11, 1.6384639739990234, -77447.60647654311, -64887.823423940325)
(12, 1.9821679592132568, -70851.1880071946, -64901.18192333081)
(13, 2.408574104309082, -68756.28094322185, -64959.30275786982)
(14, 2.853044033050537, -67337.8071782691, -64973.59486161369)
(15, 3.322380304336548, -66980.44271831142, -65043.50472999023)
(16, 3.863274574279785, -66198.69588154531, -65099.817007239166)
(17, 4.493833065032959, -65839.8061215701, -65125.87303846415)
(18, 5.246784925460815, -65705.93858675819, -65148.1384450387)
(19, 6.009930610656738, -65525.555751612585, -65157.11924653902)
(20, 6.938158988952637, -65362.92766919371, -65162.28170086034)
(21, 7.868721008300781, -65224.950616228954, -65165.81759352037)
(22, 8.885143280029297, -65183.82081961433, -65166.193763919764)
(23, 9.98935580253601, -65171.481880636056, -65166.19376391982)
(24, 11.099314212799072, -65167.78019893499, -65166.19376391982)
(25, 12.253289222717285, -65166.66969442373, -65166.193763919386)
(26, 13.318346738815308, -65166.336543070895, -65166.19376391974)
(27, 14.355615377426147, -65166.236597665586, -65166.193763919895)
(28, 15.563732385635376, -65166.20661404356, -65166.193763919764)
