(1, 0.012195110321044922, -79466.0, -10146.0)
(2, 0.023336410522460938, -79466.0, -10146.0)
(3, 0.0344390869140625, -79466.0, -10146.0)
(4, 0.045600175857543945, -79466.0, -10146.0)
(5, 0.056554317474365234, -79466.0, -10146.0)
(6, 0.06761765480041504, -79466.0, -10146.0)
(7, 0.0784294605255127, -79466.0, -10146.0)
(8, 0.08919763565063477, -79466.0, -10146.0)
(9, 0.09997701644897461, -79466.0, -10146.0)
(10, 0.11089110374450684, -79466.0, -10146.0)
(11, 0.12204456329345703, -79466.0, -10146.0)
(12, 0.13279223442077637, -79466.0, -10146.0)
(13, 0.1434798240661621, -79466.0, -10146.0)
(14, 0.15439939498901367, -79466.0, -10146.0)
(15, 0.1656360626220703, -79466.0, -10146.0)
(16, 0.17670273780822754, -79466.0, -10146.0)
(17, 0.18777179718017578, -79466.0, -10146.0)
(18, 0.19874000549316406, -79466.0, -10146.0)
(19, 0.20965075492858887, -79466.0, -10146.0)
(20, 0.2208089828491211, -79466.0, -10146.0)
(21, 0.2317523956298828, -79466.0, -10146.0)
(22, 0.2427077293395996, -79466.0, -10146.0)
(23, 0.2539668083190918, -79466.0, -10146.0)
(24, 0.2642970085144043, -79466.0, -10146.0)
(25, 0.274310827255249, -79466.0, -10146.0)
(26, 0.2842726707458496, -79466.0, -10146.0)
(27, 0.2945253849029541, -79466.0, -10146.0)
(28, 0.3049638271331787, -79466.0, -10146.0)
(29, 0.31490564346313477, -79466.0, -10146.0)
(30, 0.32491016387939453, -79466.0, -10146.0)
(31, 0.3350856304168701, -77994.0, -10146.0)
(32, 0.3452274799346924, -77994.0, -10146.0)
(33, 0.35559868812561035, -77994.0, -10146.0)
(34, 0.36585378646850586, -77994.0, -10146.0)
(35, 0.3759040832519531, -77994.0, -10146.0)
(36, 0.38609814643859863, -77994.0, -10146.0)
(37, 0.3963587284088135, -77994.0, -10146.0)
(38, 0.40667295455932617, -77994.0, -10146.0)
(39, 0.417205810546875, -77994.0, -10146.0)
(40, 0.42749786376953125, -77994.0, -10146.0)
(41, 0.43781614303588867, -77994.0, -10146.0)
(42, 0.44819140434265137, -77994.0, -10146.0)
(43, 0.4586029052734375, -77994.0, -10146.0)
(44, 0.46915102005004883, -77994.0, -10146.0)
(45, 0.4795722961425781, -77994.0, -10146.0)
(46, 0.4899880886077881, -77994.0, -10146.0)
(47, 0.5004768371582031, -77994.0, -10146.0)
(48, 0.5108802318572998, -77994.0, -10146.0)
(49, 0.5214676856994629, -77994.0, -10146.0)
(50, 0.5318858623504639, -77994.0, -10146.0)
(51, 0.5421948432922363, -77994.0, -10146.0)
(52, 0.5525720119476318, -77994.0, -10146.0)
(53, 0.5628821849822998, -77994.0, -10146.0)
(54, 0.5732629299163818, -77994.0, -10146.0)
(55, 0.5838632583618164, -77994.0, -10146.0)
(56, 0.5942459106445312, -77994.0, -10146.0)
(57, 0.604142427444458, -61272.5, -10146.0)
(58, 0.6138529777526855, -61272.5, -10146.0)
(59, 0.623460054397583, -61272.5, -10146.0)
(60, 0.633094310760498, -61272.5, -10146.0)
(61, 0.6425802707672119, -61272.5, -10146.0)
(62, 0.6523544788360596, -61272.5, -10146.0)
(63, 0.6625545024871826, -61272.5, -10146.0)
(64, 0.6726408004760742, -61272.5, -10146.0)
(65, 0.6823978424072266, -61272.5, -10146.0)
(66, 0.6924726963043213, -61272.5, -10146.0)
(67, 0.7028908729553223, -61272.5, -10146.0)
(68, 0.7130632400512695, -61272.5, -10146.0)
(69, 0.7227981090545654, -61272.5, -10146.0)
(70, 0.7324395179748535, -58718.25, -10146.0)
(71, 0.7422511577606201, -58718.25, -10146.0)
(72, 0.7521216869354248, -58718.25, -10146.0)
(73, 0.761469841003418, -58718.25, -10146.0)
(74, 0.77146315574646, -58718.25, -10146.0)
(75, 0.7812318801879883, -58718.25, -10146.0)
(76, 0.7903168201446533, -58718.25, -10146.0)
(77, 0.7987182140350342, -58718.25, -10146.0)
(78, 0.8075125217437744, -58718.25, -10146.0)
(79, 0.8160309791564941, -58718.25, -10146.0)
(80, 0.8248171806335449, -58718.25, -10146.0)
(81, 0.8335926532745361, -58718.25, -10146.0)
(82, 0.8428502082824707, -58718.25, -10146.0)
(83, 0.8515710830688477, -58718.25, -10146.0)
(84, 0.8604812622070312, -58718.25, -10146.0)
(85, 0.8704633712768555, -58718.25, -10146.0)
(86, 0.8794162273406982, -58718.25, -10146.0)
(87, 0.8882675170898438, -58718.25, -10146.0)
(88, 0.8972656726837158, -58718.25, -10146.0)
(89, 0.9062008857727051, -42864.75, -10146.0)
(90, 0.9152407646179199, -42864.75, -10146.0)
(91, 0.9239473342895508, -42864.75, -10146.0)
(92, 0.9329218864440918, -42864.75, -10146.0)
(93, 0.9420721530914307, -42864.75, -10146.0)
(94, 0.9512209892272949, -42864.75, -10146.0)
(95, 0.9599673748016357, -42864.75, -10146.0)
(96, 0.9692056179046631, -42864.75, -10146.0)
(97, 0.9779050350189209, -42864.75, -10146.0)
(98, 0.9870848655700684, -42864.75, -10146.0)
(99, 0.9963891506195068, -42864.75, -10146.0)
(100, 1.005666732788086, -42864.75, -10146.0)
(101, 1.015188217163086, -42864.75, -10146.0)
(102, 1.0247535705566406, -42864.75, -10146.0)
(103, 1.0328450202941895, -42864.75, -10146.0)
(104, 1.0405242443084717, -42864.75, -10146.0)
(105, 1.0486068725585938, -42864.75, -10146.0)
(106, 1.0566356182098389, -42864.75, -10146.0)
(107, 1.0645427703857422, -42864.75, -10146.0)
(108, 1.0717215538024902, -31712.25, -10146.0)
(109, 1.079155445098877, -31712.25, -10146.0)
(110, 1.0885326862335205, -31712.25, -10146.0)
(111, 1.100722074508667, -31712.25, -10146.0)
(112, 1.1112830638885498, -31712.25, -10146.0)
(113, 1.1268813610076904, -31712.25, -10146.0)
(114, 1.1504302024841309, -28988.817192192197, -10146.0)
(115, 1.1770846843719482, -24945.994047619046, -10146.0)
(116, 1.1996850967407227, -18749.257653061228, -10146.0)
(117, 1.2219834327697754, -17780.236111111113, -10146.0)
(118, 1.2456316947937012, -15373.48964497042, -15279.75147928994)
(119, 1.260404109954834, -15291.946839080461, -15284.653735632184)
(120, 1.2746086120605469, -15285.25488740411, -15285.25488740411)
(121, 1.287609338760376, -15285.254887404108, -15285.25488740411)
