(1, 0.023891210556030273, -88339.0, -15125.0)
(2, 0.047882080078125, -66961.93041134418, -15125.0)
(3, 0.07128310203552246, -48483.39980496636, -15125.0)
(4, 0.09641718864440918, -32305.17958667185, -15125.0)
(5, 0.12323212623596191, -24391.802338552287, -15125.0)
(6, 0.16183876991271973, -23291.8557773193, -15125.0)
(7, 0.20167088508605957, -19030.630043873203, -17092.666666666668)
(8, 0.24406695365905762, -17805.927574174388, -17092.666666666664)
(9, 0.287278413772583, -17313.602697508562, -17100.166666666668)
(10, 0.3319716453552246, -17173.78623029837, -17100.166666666664)
(11, 0.3752257823944092, -17125.018222030434, -17104.11764705883)
(12, 0.4204905033111572, -17110.387819550084, -17104.117647058825)
(13, 0.46598196029663086, -17105.998698805513, -17104.117647058825)
(14, 0.5108685493469238, -17104.681962582552, -17104.117647058825)
(15, 0.555546760559082, -17104.28694171579, -17104.117647058825)
(16, 0.600172758102417, -17104.168435456086, -17104.11764705883)
(17, 0.6454720497131348, -17104.132883578033, -17104.117647058825)
(18, 0.692042350769043, -17104.122218015113, -17104.117647058825)
