(1, 0.022519826889038086, -93870.0, -14360.0)
(2, 0.04374432563781738, -93870.0, -14360.0)
(3, 0.06476974487304688, -93870.0, -14360.0)
(4, 0.08550620079040527, -93870.0, -14360.0)
(5, 0.10639238357543945, -93870.0, -14360.0)
(6, 0.12708020210266113, -93870.0, -14360.0)
(7, 0.14776372909545898, -93870.0, -14360.0)
(8, 0.16838288307189941, -93870.0, -14360.0)
(9, 0.18943500518798828, -93870.0, -14360.0)
(10, 0.20983076095581055, -93870.0, -14360.0)
(11, 0.23086333274841309, -93870.0, -14360.0)
(12, 0.2512838840484619, -93870.0, -14360.0)
(13, 0.2704188823699951, -81387.88235294117, -14360.0)
(14, 0.2895524501800537, -81387.88235294117, -14360.0)
(15, 0.3085520267486572, -81387.88235294117, -14360.0)
(16, 0.3275594711303711, -81387.88235294117, -14360.0)
(17, 0.34609246253967285, -81387.88235294117, -14360.0)
(18, 0.3649322986602783, -81387.88235294117, -14360.0)
(19, 0.38391947746276855, -81387.88235294117, -14360.0)
(20, 0.4026813507080078, -81387.88235294117, -14360.0)
(21, 0.42139244079589844, -81387.88235294117, -14360.0)
(22, 0.4404134750366211, -81387.88235294117, -14360.0)
(23, 0.45936059951782227, -81387.88235294117, -14360.0)
(24, 0.47838592529296875, -81387.88235294117, -14360.0)
(25, 0.49757981300354004, -81387.88235294117, -14360.0)
(26, 0.5166592597961426, -81387.88235294117, -14360.0)
(27, 0.5340416431427002, -65820.93333333333, -14360.0)
(28, 0.5515930652618408, -62153.73333333334, -14360.0)
(29, 0.5688931941986084, -62153.73333333334, -14360.0)
(30, 0.586158037185669, -62153.73333333334, -14360.0)
(31, 0.6034185886383057, -62153.73333333334, -14360.0)
(32, 0.6207976341247559, -62153.73333333334, -14360.0)
(33, 0.638115406036377, -62153.73333333334, -14360.0)
(34, 0.6555030345916748, -62153.73333333334, -14360.0)
(35, 0.6728396415710449, -62153.73333333334, -14360.0)
(36, 0.6897976398468018, -62153.73333333334, -14360.0)
(37, 0.7052981853485107, -55795.71428571429, -14360.0)
(38, 0.721088171005249, -55795.71428571429, -14360.0)
(39, 0.7366783618927002, -55795.71428571429, -14360.0)
(40, 0.7520079612731934, -55795.71428571429, -14360.0)
(41, 0.7676510810852051, -55795.71428571429, -14360.0)
(42, 0.7833096981048584, -55795.71428571429, -14360.0)
(43, 0.7988474369049072, -55795.71428571429, -14360.0)
(44, 0.8141698837280273, -55795.71428571429, -14360.0)
(45, 0.8295187950134277, -55795.71428571429, -14360.0)
(46, 0.8444561958312988, -55795.71428571429, -14360.0)
(47, 0.8591151237487793, -55795.71428571429, -14360.0)
(48, 0.8744158744812012, -51162.41860465116, -14360.0)
(49, 0.889115571975708, -49005.28571428571, -14360.0)
(50, 0.9047675132751465, -49005.28571428571, -14360.0)
(51, 0.9183461666107178, -43457.0, -14360.0)
(52, 0.9314279556274414, -43457.0, -14360.0)
(53, 0.9443254470825195, -43457.0, -14360.0)
(54, 0.957341194152832, -43457.0, -14360.0)
(55, 0.9702954292297363, -43457.0, -14360.0)
(56, 0.9831843376159668, -43457.0, -14360.0)
(57, 0.9955973625183105, -43457.0, -14360.0)
(58, 1.007190227508545, -37355.0, -14360.0)
(59, 1.0188376903533936, -37355.0, -14360.0)
(60, 1.030646800994873, -37355.0, -14360.0)
(61, 1.0425784587860107, -37355.0, -14360.0)
(62, 1.0542662143707275, -37355.0, -14360.0)
(63, 1.06614351272583, -37355.0, -14360.0)
(64, 1.0828430652618408, -37355.0, -14360.0)
(65, 1.0976643562316895, -37355.0, -14360.0)
(66, 1.110217809677124, -37355.0, -14360.0)
(67, 1.1323809623718262, -37355.0, -14360.0)
(68, 1.1547050476074219, -33472.0, -14360.0)
(69, 1.1778125762939453, -30983.25, -14360.0)
(70, 1.2021996974945068, -30983.25, -14360.0)
(71, 1.2230548858642578, -30983.25, -14360.0)
(72, 1.2431867122650146, -25221.5, -14360.0)
(73, 1.2681386470794678, -25221.5, -14360.0)
(74, 1.2907977104187012, -22506.25, -14360.0)
(75, 1.3177516460418701, -19768.5625, -14360.0)
(76, 1.339078664779663, -18947.5, -14360.0)
(77, 1.3586764335632324, -18947.5, -14360.0)
(78, 1.3937530517578125, -17507.29411764706, -17297.352941176472)
(79, 1.418680191040039, -17331.052631578947, -17331.052631578947)
(80, 1.441476821899414, -17331.052631578947, -17331.052631578947)
