(1, 0.03394627571105957, -154774.0, -13600.0)
(2, 0.06435322761535645, -154774.0, -13600.0)
(3, 0.09527587890625, -154774.0, -13600.0)
(4, 0.1263103485107422, -154774.0, -13600.0)
(5, 0.1567368507385254, -154774.0, -13600.0)
(6, 0.18718528747558594, -154774.0, -13600.0)
(7, 0.21771955490112305, -152942.11764705883, -13600.0)
(8, 0.24754619598388672, -151853.25, -13600.0)
(9, 0.27785539627075195, -142697.5, -13600.0)
(10, 0.3071010112762451, -142697.5, -13600.0)
(11, 0.33641624450683594, -142697.5, -13600.0)
(12, 0.36534905433654785, -142697.5, -13600.0)
(13, 0.39453577995300293, -132271.14285714287, -13600.0)
(14, 0.4235801696777344, -132271.14285714287, -13600.0)
(15, 0.45246267318725586, -132271.14285714287, -13600.0)
(16, 0.4816474914550781, -132271.14285714287, -13600.0)
(17, 0.5105063915252686, -128092.66666666666, -13600.0)
(18, 0.5390818119049072, -128092.66666666666, -13600.0)
(19, 0.5680758953094482, -121710.28571428571, -13600.0)
(20, 0.5960690975189209, -108127.33333333334, -13600.0)
(21, 0.6240537166595459, -108127.33333333334, -13600.0)
(22, 0.6516704559326172, -108127.33333333334, -13600.0)
(23, 0.679466724395752, -108127.33333333334, -13600.0)
(24, 0.7072234153747559, -108127.33333333334, -13600.0)
(25, 0.7340974807739258, -92745.25, -13600.0)
(26, 0.7609291076660156, -92745.25, -13600.0)
(27, 0.7878484725952148, -92745.25, -13600.0)
(28, 0.8145256042480469, -92745.25, -13600.0)
(29, 0.8412458896636963, -92745.25, -13600.0)
(30, 0.8670394420623779, -80512.72727272726, -13600.0)
(31, 0.8926327228546143, -80512.72727272726, -13600.0)
(32, 0.9179751873016357, -80512.72727272726, -13600.0)
(33, 0.9433948993682861, -78567.46153846153, -13600.0)
(34, 0.9684014320373535, -68801.11111111111, -13600.0)
(35, 1.0109496116638184, -65953.11111111111, -13600.0)
(36, 1.0365700721740723, -64887.66666666667, -13600.0)
(37, 1.0619020462036133, -62635.33333333333, -13600.0)
(38, 1.087165117263794, -62635.33333333333, -13600.0)
(39, 1.112600326538086, -60605.88888888889, -13600.0)
(40, 1.138166904449463, -58173.66666666667, -13600.0)
(41, 1.1638598442077637, -58173.66666666667, -13600.0)
(42, 1.1913728713989258, -58173.66666666667, -13600.0)
(43, 1.2177093029022217, -52284.66666666667, -13600.0)
(44, 1.2433924674987793, -52284.66666666667, -13600.0)
(45, 1.2698338031768799, -47447.22222222222, -13600.0)
(46, 1.3009209632873535, -46512.72222222222, -13600.0)
(47, 1.3333561420440674, -40865.07407407407, -13600.0)
(48, 1.3672056198120117, -34846.333333333336, -13600.0)
(49, 1.402256727218628, -28981.083333333336, -13600.0)
(50, 1.4396660327911377, -24375.444444444445, -13600.0)
(51, 1.4737398624420166, -24375.444444444445, -13600.0)
(52, 1.507380723953247, -18929.777777777777, -13600.0)
(53, 1.5427935123443604, -18078.61111111111, -13600.0)
(54, 1.5826666355133057, -16918.0, -16912.5)
(55, 1.6177425384521484, -16912.5, -16912.5)
(56, 1.6522502899169922, -16912.5, -16912.5)
