(1, 0.033937931060791016, -107459.0, -29994.0)
(2, 0.06732916831970215, -71332.8577328243, -29994.0)
(3, 0.1031494140625, -68126.41497751593, -29994.0)
(4, 0.14288330078125, -68126.41497751593, -29994.0)
(5, 0.18593502044677734, -68126.41497751593, -29994.0)
(6, 0.23331880569458008, -67223.9907560747, -29994.0)
(7, 0.2857944965362549, -64107.81831350339, -29994.0)
(8, 0.3435516357421875, -59234.01233363894, -29994.0)
(9, 0.40279340744018555, -53295.642681950085, -29994.0)
(10, 0.4692726135253906, -48851.46258928654, -29994.0)
(11, 0.5379266738891602, -39538.99832732504, -29994.0)
(12, 0.6170134544372559, -37443.894553877806, -29994.0)
(13, 0.7028117179870605, -36377.99535547696, -34277.65657870456)
(14, 0.8013710975646973, -35509.49851203012, -34336.50893361369)
(15, 0.9036259651184082, -35015.28627477043, -34376.05781245609)
(16, 1.0049569606781006, -34713.20723179471, -34396.65535180217)
(17, 1.1204352378845215, -34536.39187808208, -34418.44195057456)
(18, 1.2346811294555664, -34465.70137580704, -34424.98535159066)
(19, 1.3480079174041748, -34439.886144247714, -34425.88005194484)
(20, 1.4740016460418701, -34439.886144247714, -34429.69116400159)
(21, 1.5973010063171387, -34438.52037634052, -34432.51436109889)
(22, 1.7216284275054932, -34435.77395221207, -34432.65373614893)
(23, 1.8482961654663086, -34435.77395221207, -34432.88416270419)
(24, 1.9802758693695068, -34434.8526897917, -34434.1672048798)
(25, 2.1049203872680664, -34434.8526897917, -34434.16720487981)
(26, 2.228668451309204, -34434.371492746504, -34434.1672048798)
(27, 2.35127854347229, -34434.22849123969, -34434.167204879785)
(28, 2.4777936935424805, -34434.18559078773, -34434.16720487981)
(29, 2.606106996536255, -34434.17272088085, -34434.16720487978)
