(1, 0.10333967208862305, -211624.0, -60479.0)
(2, 0.18512177467346191, -211624.0, -60479.0)
(3, 0.2690310478210449, -211624.0, -60479.0)
(4, 0.3505675792694092, -211624.0, -60479.0)
(5, 0.429027795791626, -211624.0, -60479.0)
(6, 0.5085296630859375, -211624.0, -60479.0)
(7, 0.5907657146453857, -211624.0, -60479.0)
(8, 0.6713337898254395, -211624.0, -60479.0)
(9, 0.7517085075378418, -211624.0, -60479.0)
(10, 0.8363361358642578, -211624.0, -60479.0)
(11, 0.9154148101806641, -211624.0, -60479.0)
(12, 0.9872140884399414, -211624.0, -60479.0)
(13, 1.0738325119018555, -211624.0, -60479.0)
(14, 1.1483006477355957, -211624.0, -60479.0)
(15, 1.2275919914245605, -211624.0, -60479.0)
(16, 1.3082714080810547, -211624.0, -60479.0)
(17, 1.387897253036499, -211624.0, -60479.0)
(18, 1.4593126773834229, -211624.0, -60479.0)
(19, 1.5313079357147217, -211624.0, -60479.0)
(20, 1.611785650253296, -211624.0, -60479.0)
(21, 1.6825973987579346, -211624.0, -60479.0)
(22, 1.7539386749267578, -211624.0, -60479.0)
(23, 1.8260879516601562, -211624.0, -60479.0)
(24, 1.8973486423492432, -211624.0, -60479.0)
(25, 1.9811041355133057, -211624.0, -60479.0)
(26, 2.066469430923462, -211624.0, -60479.0)
(27, 2.1509575843811035, -211624.0, -60479.0)
(28, 2.2334752082824707, -211624.0, -60479.0)
(29, 2.3063533306121826, -211624.0, -60479.0)
(30, 2.3910062313079834, -211624.0, -60479.0)
(31, 2.480128288269043, -211624.0, -60479.0)
(32, 2.5627059936523438, -211624.0, -60479.0)
(33, 2.6366589069366455, -211624.0, -60479.0)
(34, 2.709927558898926, -211624.0, -60479.0)
(35, 2.78391432762146, -211624.0, -60479.0)
(36, 2.857727527618408, -211624.0, -60479.0)
(37, 2.93106746673584, -211624.0, -60479.0)
(38, 3.0043962001800537, -211624.0, -60479.0)
(39, 3.0765867233276367, -211624.0, -60479.0)
(40, 3.1485886573791504, -211624.0, -60479.0)
(41, 3.2199459075927734, -211624.0, -60479.0)
(42, 3.3053345680236816, -208777.35221674878, -60479.0)
(43, 3.392425060272217, -208777.35221674878, -60479.0)
(44, 3.482435941696167, -208777.35221674878, -60479.0)
(45, 3.560188055038452, -208777.35221674878, -60479.0)
(46, 3.646728277206421, -208777.35221674878, -60479.0)
(47, 3.7216100692749023, -208777.35221674878, -60479.0)
(48, 3.800200939178467, -208777.35221674878, -60479.0)
(49, 3.8860878944396973, -208777.35221674878, -60479.0)
(50, 3.9722707271575928, -208777.35221674878, -60479.0)
(51, 4.05199670791626, -208777.35221674878, -60479.0)
(52, 4.136275291442871, -208777.35221674878, -60479.0)
(53, 4.213541269302368, -208777.35221674878, -60479.0)
(54, 4.299432992935181, -208777.35221674878, -60479.0)
(55, 4.372103452682495, -208777.35221674878, -60479.0)
(56, 4.4531190395355225, -208777.35221674878, -60479.0)
(57, 4.532014608383179, -208777.35221674878, -60479.0)
(58, 4.6145617961883545, -208777.35221674878, -60479.0)
(59, 4.696664333343506, -208777.35221674878, -60479.0)
(60, 4.7779552936553955, -208777.35221674878, -60479.0)
(61, 4.858355760574341, -208777.35221674878, -60479.0)
(62, 4.936469554901123, -208777.35221674878, -60479.0)
(63, 5.0117857456207275, -208777.35221674878, -60479.0)
(64, 5.088179111480713, -208777.35221674878, -60479.0)
(65, 5.163499355316162, -208777.35221674878, -60479.0)
(66, 5.238898992538452, -208777.35221674878, -60479.0)
(67, 5.315764904022217, -208777.35221674878, -60479.0)
(68, 5.390728235244751, -208777.35221674878, -60479.0)
(69, 5.467491626739502, -208777.35221674878, -60479.0)
(70, 5.543049097061157, -208777.35221674878, -60479.0)
(71, 5.617167949676514, -208777.35221674878, -60479.0)
(72, 5.690667629241943, -208777.35221674878, -60479.0)
(73, 5.768242597579956, -208777.35221674878, -60479.0)
(74, 5.845204591751099, -208777.35221674878, -60479.0)
(75, 5.920914888381958, -208777.35221674878, -60479.0)
(76, 5.99918007850647, -208777.35221674878, -60479.0)
(77, 6.075024843215942, -208777.35221674878, -60479.0)
(78, 6.153484344482422, -208777.35221674878, -60479.0)
(79, 6.231328010559082, -208777.35221674878, -60479.0)
(80, 6.310038805007935, -208777.35221674878, -60479.0)
(81, 6.3894641399383545, -208777.35221674878, -60479.0)
(82, 6.469068288803101, -208777.35221674878, -60479.0)
(83, 6.5506439208984375, -208777.35221674878, -60479.0)
(84, 6.642671823501587, -208777.35221674878, -60479.0)
(85, 6.7332775592803955, -208777.35221674878, -60479.0)
(86, 6.820753574371338, -208777.35221674878, -60479.0)
(87, 6.90545654296875, -208777.35221674878, -60479.0)
(88, 6.989877939224243, -208777.35221674878, -60479.0)
(89, 7.073684453964233, -208777.35221674878, -60479.0)
(90, 7.151891708374023, -208777.35221674878, -60479.0)
(91, 7.240433692932129, -208777.35221674878, -60479.0)
(92, 7.317387104034424, -208777.35221674878, -60479.0)
(93, 7.393383026123047, -208777.35221674878, -60479.0)
(94, 7.47164249420166, -208777.35221674878, -60479.0)
(95, 7.562312364578247, -208777.35221674878, -60479.0)
(96, 7.649751663208008, -208777.35221674878, -60479.0)
(97, 7.7406017780303955, -208777.35221674878, -60479.0)
(98, 7.819293022155762, -208777.35221674878, -60479.0)
(99, 7.897302865982056, -208777.35221674878, -60479.0)
(100, 7.985897064208984, -208777.35221674878, -60479.0)
(101, 8.073307037353516, -208777.35221674878, -60479.0)
(102, 8.200743675231934, -208777.35221674878, -60479.0)
(103, 8.337282419204712, -208777.35221674878, -60479.0)
(104, 8.416158676147461, -208777.35221674878, -60479.0)
(105, 8.496507167816162, -208777.35221674878, -60479.0)
(106, 8.589910745620728, -208777.35221674878, -60479.0)
(107, 8.674291849136353, -208777.35221674878, -60479.0)
(108, 8.753044128417969, -208777.35221674878, -60479.0)
(109, 8.832489252090454, -208777.35221674878, -60479.0)
(110, 8.912248373031616, -208777.35221674878, -60479.0)
(111, 9.034843683242798, -208777.35221674878, -60479.0)
(112, 9.114834308624268, -208777.35221674878, -60479.0)
(113, 9.190663576126099, -208777.35221674878, -60479.0)
(114, 9.269872188568115, -208777.35221674878, -60479.0)
(115, 9.349127054214478, -208777.35221674878, -60479.0)
(116, 9.434184074401855, -208777.35221674878, -60479.0)
(117, 9.513639211654663, -208777.35221674878, -60479.0)
(118, 9.597096920013428, -208777.35221674878, -60479.0)
(119, 9.680465698242188, -208777.35221674878, -60479.0)
(120, 9.765239477157593, -208777.35221674878, -60479.0)
(121, 9.848245620727539, -208777.35221674878, -60479.0)
(122, 9.935452938079834, -208777.35221674878, -60479.0)
(123, 10.020922660827637, -208777.35221674878, -60479.0)
(124, 10.110022068023682, -208777.35221674878, -60479.0)
(125, 10.189944982528687, -208777.35221674878, -60479.0)
(126, 10.276173114776611, -208777.35221674878, -60479.0)
(127, 10.41705322265625, -208777.35221674878, -60479.0)
(128, 10.50053358078003, -208777.35221674878, -60479.0)
(129, 10.586082696914673, -208777.35221674878, -60479.0)
(130, 10.670247077941895, -208777.35221674878, -60479.0)
(131, 10.750340223312378, -208777.35221674878, -60479.0)
(132, 10.83422589302063, -208777.35221674878, -60479.0)
(133, 10.918384552001953, -208777.35221674878, -60479.0)
(134, 11.002554416656494, -208777.35221674878, -60479.0)
(135, 11.0873441696167, -208777.35221674878, -60479.0)
(136, 11.173816919326782, -208777.35221674878, -60479.0)
(137, 11.25474762916565, -208777.35221674878, -60479.0)
(138, 11.346892833709717, -208777.35221674878, -60479.0)
(139, 11.431933641433716, -208777.35221674878, -60479.0)
(140, 11.523967981338501, -208777.35221674878, -60479.0)
(141, 11.609573125839233, -208777.35221674878, -60479.0)
(142, 11.687937021255493, -208777.35221674878, -60479.0)
(143, 11.766201972961426, -208777.35221674878, -60479.0)
(144, 11.85456657409668, -208777.35221674878, -60479.0)
(145, 11.937285661697388, -208777.35221674878, -60479.0)
(146, 12.023703813552856, -208777.35221674878, -60479.0)
(147, 12.10402536392212, -208777.35221674878, -60479.0)
(148, 12.186985731124878, -208777.35221674878, -60479.0)
(149, 12.265296459197998, -208777.35221674878, -60479.0)
(150, 12.35179853439331, -208777.35221674878, -60479.0)
(151, 12.434478998184204, -208777.35221674878, -60479.0)
(152, 12.515739679336548, -208777.35221674878, -60479.0)
(153, 12.595817804336548, -208777.35221674878, -60479.0)
(154, 12.680325746536255, -208777.35221674878, -60479.0)
(155, 12.762513160705566, -208777.35221674878, -60479.0)
(156, 12.848695039749146, -208777.35221674878, -60479.0)
(157, 12.934070825576782, -208777.35221674878, -60479.0)
(158, 13.02168321609497, -208777.35221674878, -60479.0)
(159, 13.11062479019165, -208777.35221674878, -60479.0)
(160, 13.213910341262817, -208777.35221674878, -60479.0)
(161, 13.302875995635986, -208777.35221674878, -60479.0)
(162, 13.389494895935059, -208777.35221674878, -60479.0)
(163, 13.475335836410522, -208777.35221674878, -60479.0)
(164, 13.559794425964355, -208777.35221674878, -60479.0)
(165, 13.643292903900146, -208777.35221674878, -60479.0)
(166, 13.724464893341064, -208777.35221674878, -60479.0)
(167, 13.81639313697815, -208777.35221674878, -60479.0)
(168, 13.89998173713684, -208777.35221674878, -60479.0)
(169, 13.99574613571167, -208777.35221674878, -60479.0)
(170, 14.13979959487915, -208777.35221674878, -60479.0)
(171, 14.223389863967896, -208777.35221674878, -60479.0)
(172, 14.31767225265503, -208777.35221674878, -60479.0)
(173, 14.400891542434692, -208777.35221674878, -60479.0)
(174, 14.48982858657837, -208777.35221674878, -60479.0)
(175, 14.584022283554077, -208777.35221674878, -60479.0)
(176, 14.680034637451172, -208777.35221674878, -60479.0)
(177, 14.772468328475952, -208777.35221674878, -60479.0)
(178, 14.865702629089355, -208777.35221674878, -60479.0)
(179, 14.962401628494263, -208777.35221674878, -60479.0)
(180, 15.093704462051392, -204634.72553660185, -60479.0)
(181, 15.203526973724365, -204634.72553660185, -60479.0)
(182, 15.336842060089111, -204634.72553660185, -60479.0)
(183, 15.452280282974243, -204634.72553660185, -60479.0)
(184, 15.555293560028076, -204634.72553660185, -60479.0)
(185, 15.66318678855896, -204634.72553660185, -60479.0)
(186, 15.765145778656006, -204634.72553660185, -60479.0)
(187, 15.860215425491333, -204634.72553660185, -60479.0)
(188, 15.964216470718384, -204634.72553660185, -60479.0)
(189, 16.068936586380005, -204634.72553660185, -60479.0)
(190, 16.166144371032715, -204634.72553660185, -60479.0)
(191, 16.265655755996704, -204634.72553660185, -60479.0)
(192, 16.355584621429443, -204634.72553660185, -60479.0)
(193, 16.446754455566406, -204634.72553660185, -60479.0)
(194, 16.540699243545532, -204634.72553660185, -60479.0)
(195, 16.645811796188354, -204634.72553660185, -60479.0)
(196, 16.74871063232422, -204634.72553660185, -60479.0)
(197, 16.84810447692871, -204634.72553660185, -60479.0)
(198, 16.946176767349243, -204634.72553660185, -60479.0)
(199, 17.051290035247803, -204634.72553660185, -60479.0)
(200, 17.148040771484375, -204634.72553660185, -60479.0)
(201, 17.236237049102783, -204634.72553660185, -60479.0)
(202, 17.333828926086426, -204634.72553660185, -60479.0)
(203, 17.424395322799683, -204634.72553660185, -60479.0)
(204, 17.51780891418457, -204634.72553660185, -60479.0)
(205, 17.61037802696228, -204634.72553660185, -60479.0)
(206, 17.703904628753662, -204634.72553660185, -60479.0)
(207, 17.79671883583069, -204634.72553660185, -60479.0)
(208, 17.89276909828186, -204634.72553660185, -60479.0)
(209, 17.99622368812561, -204634.72553660185, -60479.0)
(210, 18.09781289100647, -204634.72553660185, -60479.0)
(211, 18.195066928863525, -204634.72553660185, -60479.0)
(212, 18.289432287216187, -204634.72553660185, -60479.0)
(213, 18.39029860496521, -204634.72553660185, -60479.0)
(214, 18.489399671554565, -204634.72553660185, -60479.0)
(215, 18.598793268203735, -204634.72553660185, -60479.0)
(216, 18.713661432266235, -204634.72553660185, -60479.0)
(217, 18.818057537078857, -204634.72553660185, -60479.0)
(218, 18.9155752658844, -204634.72553660185, -60479.0)
(219, 19.008814811706543, -204634.72553660185, -60479.0)
(220, 19.101516246795654, -204634.72553660185, -60479.0)
(221, 19.203575611114502, -204634.72553660185, -60479.0)
(222, 19.303346633911133, -204634.72553660185, -60479.0)
(223, 19.398765325546265, -204634.72553660185, -60479.0)
(224, 19.49157452583313, -204634.72553660185, -60479.0)
(225, 19.588356733322144, -204634.72553660185, -60479.0)
(226, 19.692956924438477, -204634.72553660185, -60479.0)
(227, 19.785927534103394, -204634.72553660185, -60479.0)
(228, 19.885045289993286, -204634.72553660185, -60479.0)
(229, 19.99187207221985, -204634.72553660185, -60479.0)
(230, 20.104515552520752, -204634.72553660185, -60479.0)
(231, 20.21198606491089, -204634.72553660185, -60479.0)
(232, 20.305336713790894, -204634.72553660185, -60479.0)
(233, 20.39880633354187, -204634.72553660185, -60479.0)
(234, 20.49403429031372, -204634.72553660185, -60479.0)
(235, 20.60032343864441, -204634.72553660185, -60479.0)
(236, 20.695621252059937, -204634.72553660185, -60479.0)
(237, 20.792783737182617, -204634.72553660185, -60479.0)
(238, 20.88965129852295, -204634.72553660185, -60479.0)
(239, 20.987290143966675, -204634.72553660185, -60479.0)
(240, 21.085429668426514, -204634.72553660185, -60479.0)
(241, 21.184595346450806, -204634.72553660185, -60479.0)
(242, 21.27989172935486, -204634.72553660185, -60479.0)
(243, 21.371905088424683, -204634.72553660185, -60479.0)
(244, 21.46928071975708, -204634.72553660185, -60479.0)
(245, 21.566717863082886, -204634.72553660185, -60479.0)
(246, 21.666598796844482, -204634.72553660185, -60479.0)
(247, 21.765175580978394, -204634.72553660185, -60479.0)
(248, 21.87357449531555, -204634.72553660185, -60479.0)
(249, 21.98484182357788, -204634.72553660185, -60479.0)
(250, 22.10868239402771, -204634.72553660185, -60479.0)
(251, 22.229737758636475, -204634.72553660185, -60479.0)
(252, 22.3328218460083, -204634.72553660185, -60479.0)
(253, 22.43163752555847, -204634.72553660185, -60479.0)
(254, 22.542685508728027, -204634.72553660185, -60479.0)
(255, 22.675323247909546, -204634.72553660185, -60479.0)
(256, 22.79431128501892, -204634.72553660185, -60479.0)
(257, 22.916712045669556, -204634.72553660185, -60479.0)
(258, 23.04918074607849, -204634.72553660185, -60479.0)
(259, 23.185975790023804, -204634.72553660185, -60479.0)
(260, 23.31214427947998, -204634.72553660185, -60479.0)
(261, 23.45532989501953, -204634.72553660185, -60479.0)
(262, 23.587826013565063, -204634.72553660185, -60479.0)
(263, 23.713855981826782, -204634.72553660185, -60479.0)
(264, 23.83175301551819, -204634.72553660185, -60479.0)
(265, 23.95072865486145, -204634.72553660185, -60479.0)
(266, 24.04808473587036, -204634.72553660185, -60479.0)
(267, 24.168265104293823, -204634.72553660185, -60479.0)
(268, 24.28506565093994, -204634.72553660185, -60479.0)
(269, 24.389938592910767, -204634.72553660185, -60479.0)
(270, 24.505338430404663, -204634.72553660185, -60479.0)
(271, 24.630487203598022, -204634.72553660185, -60479.0)
(272, 24.756322145462036, -204634.72553660185, -60479.0)
(273, 24.9123752117157, -204634.72553660185, -60479.0)
(274, 25.067358255386353, -204634.72553660185, -60479.0)
(275, 25.205020427703857, -204634.72553660185, -60479.0)
(276, 25.35193657875061, -204634.72553660185, -60479.0)
(277, 25.485427856445312, -204634.72553660185, -60479.0)
(278, 25.719945430755615, -195023.19165652688, -60479.0)
(279, 25.857778072357178, -195023.19165652688, -60479.0)
(280, 26.06224226951599, -195023.19165652688, -60479.0)
(281, 26.217349529266357, -194571.4819404066, -60479.0)
(282, 26.357437133789062, -194571.4819404066, -60479.0)
(283, 26.5194308757782, -194571.4819404066, -60479.0)
(284, 26.654550313949585, -194571.4819404066, -60479.0)
(285, 26.796947479248047, -194571.4819404066, -60479.0)
(286, 26.963460206985474, -194571.4819404066, -60479.0)
(287, 27.12506914138794, -194571.4819404066, -60479.0)
(288, 27.261903285980225, -194571.4819404066, -60479.0)
(289, 27.403584241867065, -194571.4819404066, -60479.0)
(290, 27.547041177749634, -194571.4819404066, -60479.0)
(291, 27.673830032348633, -194571.4819404066, -60479.0)
(292, 27.897770643234253, -194571.4819404066, -60479.0)
(293, 28.03177785873413, -194571.4819404066, -60479.0)
(294, 28.18387746810913, -194571.4819404066, -60479.0)
(295, 28.325371503829956, -194571.4819404066, -60479.0)
(296, 28.45962929725647, -194571.4819404066, -60479.0)
(297, 28.60597848892212, -194571.4819404066, -60479.0)
(298, 28.79539465904236, -194571.4819404066, -60479.0)
(299, 28.929569244384766, -194571.4819404066, -60479.0)
(300, 29.13160753250122, -194571.4819404066, -60479.0)
(301, 29.29094910621643, -194571.4819404066, -60479.0)
(302, 29.465253114700317, -194571.4819404066, -60479.0)
(303, 29.62189745903015, -194571.4819404066, -60479.0)
(304, 29.858216524124146, -194571.4819404066, -60479.0)
(305, 30.00421977043152, -194571.4819404066, -60479.0)
(306, 30.17234754562378, -194571.4819404066, -60479.0)
(307, 30.354790210723877, -194571.4819404066, -60479.0)
(308, 30.510038375854492, -194571.4819404066, -60479.0)
(309, 30.6710422039032, -194571.4819404066, -60479.0)
(310, 30.84003210067749, -194571.4819404066, -60479.0)
(311, 31.089200735092163, -194571.4819404066, -60479.0)
(312, 31.307260990142822, -187096.10516622223, -60479.0)
(313, 31.490073204040527, -187096.10516622223, -60479.0)
(314, 31.66131019592285, -187096.10516622223, -60479.0)
(315, 31.846145391464233, -187096.10516622223, -60479.0)
(316, 32.06453347206116, -187096.10516622223, -60479.0)
(317, 32.21347451210022, -187096.10516622223, -60479.0)
(318, 32.33823776245117, -187096.10516622223, -60479.0)
(319, 32.49112296104431, -187096.10516622223, -60479.0)
(320, 32.6347177028656, -187096.10516622223, -60479.0)
(321, 32.761006355285645, -187096.10516622223, -60479.0)
(322, 32.92007064819336, -187096.10516622223, -60479.0)
(323, 33.06659507751465, -187096.10516622223, -60479.0)
(324, 33.20159292221069, -187096.10516622223, -60479.0)
(325, 33.30803442001343, -187096.10516622223, -60479.0)
(326, 33.461931228637695, -187096.10516622223, -60479.0)
(327, 33.59237813949585, -187096.10516622223, -60479.0)
(328, 33.72890782356262, -187096.10516622223, -60479.0)
(329, 33.838027000427246, -187096.10516622223, -60479.0)
(330, 33.972344636917114, -187096.10516622223, -60479.0)
(331, 34.10614585876465, -187096.10516622223, -60479.0)
(332, 34.23767709732056, -187096.10516622223, -60479.0)
(333, 34.37092661857605, -187096.10516622223, -60479.0)
(334, 34.4847514629364, -187096.10516622223, -60479.0)
(335, 34.59482765197754, -187096.10516622223, -60479.0)
(336, 34.74178624153137, -187096.10516622223, -60479.0)
(337, 34.876216411590576, -187096.10516622223, -60479.0)
(338, 35.010138750076294, -187096.10516622223, -60479.0)
(339, 35.160032987594604, -187096.10516622223, -60479.0)
(340, 35.29520559310913, -187096.10516622223, -60479.0)
(341, 35.43098831176758, -187096.10516622223, -60479.0)
(342, 35.58035206794739, -187096.10516622223, -60479.0)
(343, 35.74713635444641, -187096.10516622223, -60479.0)
(344, 35.88766288757324, -187096.10516622223, -60479.0)
(345, 36.036019802093506, -187096.10516622223, -60479.0)
(346, 36.193121671676636, -187096.10516622223, -60479.0)
(347, 36.3690881729126, -187096.10516622223, -60479.0)
(348, 36.49469065666199, -187096.10516622223, -60479.0)
(349, 36.64392566680908, -187096.10516622223, -60479.0)
(350, 36.809006690979004, -187096.10516622223, -60479.0)
(351, 36.956547498703, -187096.10516622223, -60479.0)
(352, 37.10973906517029, -187096.10516622223, -60479.0)
(353, 37.28093886375427, -187096.10516622223, -60479.0)
(354, 37.42674207687378, -187096.10516622223, -60479.0)
(355, 37.588353395462036, -187096.10516622223, -60479.0)
(356, 37.7376594543457, -187096.10516622223, -60479.0)
(357, 37.890193939208984, -187096.10516622223, -60479.0)
(358, 38.013128995895386, -187096.10516622223, -60479.0)
(359, 38.136167764663696, -187096.10516622223, -60479.0)
(360, 38.29779624938965, -187096.10516622223, -60479.0)
(361, 38.46617603302002, -187096.10516622223, -60479.0)
(362, 38.62988591194153, -187096.10516622223, -60479.0)
(363, 38.766295194625854, -187096.10516622223, -60479.0)
(364, 38.89636826515198, -187096.10516622223, -60479.0)
(365, 39.0194354057312, -187096.10516622223, -60479.0)
(366, 39.16351795196533, -187096.10516622223, -60479.0)
(367, 39.29016160964966, -187096.10516622223, -60479.0)
(368, 39.41117787361145, -187096.10516622223, -60479.0)
(369, 39.52540063858032, -187096.10516622223, -60479.0)
(370, 39.66117787361145, -187096.10516622223, -60479.0)
(371, 39.80222129821777, -187096.10516622223, -60479.0)
(372, 39.95114588737488, -187096.10516622223, -60479.0)
(373, 40.0688750743866, -187096.10516622223, -60479.0)
(374, 40.18952417373657, -187096.10516622223, -60479.0)
(375, 40.30263304710388, -187096.10516622223, -60479.0)
(376, 40.42870545387268, -187096.10516622223, -60479.0)
(377, 40.536428928375244, -187096.10516622223, -60479.0)
(378, 40.64776015281677, -187096.10516622223, -60479.0)
(379, 40.76948118209839, -187096.10516622223, -60479.0)
(380, 40.92347812652588, -187096.10516622223, -60479.0)
(381, 41.060866594314575, -187096.10516622223, -60479.0)
(382, 41.186954736709595, -187096.10516622223, -60479.0)
(383, 41.30668091773987, -187096.10516622223, -60479.0)
(384, 41.42121934890747, -187096.10516622223, -60479.0)
(385, 41.5385856628418, -187096.10516622223, -60479.0)
(386, 41.64504861831665, -187096.10516622223, -60479.0)
(387, 41.776007890701294, -187096.10516622223, -60479.0)
(388, 41.942904472351074, -187096.10516622223, -60479.0)
(389, 42.092812061309814, -187096.10516622223, -60479.0)
(390, 42.24200916290283, -187096.10516622223, -60479.0)
(391, 42.36811280250549, -187096.10516622223, -60479.0)
(392, 42.49565124511719, -187096.10516622223, -60479.0)
(393, 42.615283727645874, -187096.10516622223, -60479.0)
(394, 42.73220992088318, -187096.10516622223, -60479.0)
(395, 42.8560357093811, -187096.10516622223, -60479.0)
(396, 42.977885007858276, -187096.10516622223, -60479.0)
(397, 43.09398531913757, -187096.10516622223, -60479.0)
(398, 43.24128246307373, -187096.10516622223, -60479.0)
(399, 43.38135743141174, -187096.10516622223, -60479.0)
(400, 43.52616572380066, -187096.10516622223, -60479.0)
(401, 43.649399757385254, -187096.10516622223, -60479.0)
(402, 43.78382444381714, -187096.10516622223, -60479.0)
(403, 43.904947996139526, -187096.10516622223, -60479.0)
(404, 44.023998498916626, -187096.10516622223, -60479.0)
(405, 44.15215086936951, -187096.10516622223, -60479.0)
(406, 44.26115584373474, -187096.10516622223, -60479.0)
(407, 44.36581635475159, -187096.10516622223, -60479.0)
(408, 44.488388776779175, -187096.10516622223, -60479.0)
(409, 44.60919666290283, -187096.10516622223, -60479.0)
(410, 44.73205065727234, -187096.10516622223, -60479.0)
(411, 44.87652277946472, -187096.10516622223, -60479.0)
(412, 45.01873540878296, -187096.10516622223, -60479.0)
(413, 45.20669364929199, -187096.10516622223, -60479.0)
(414, 45.39267110824585, -187096.10516622223, -60479.0)
(415, 45.67698645591736, -182284.8704604853, -60479.0)
(416, 45.87742471694946, -182284.8704604853, -60479.0)
(417, 46.04665422439575, -182284.8704604853, -60479.0)
(418, 46.199376344680786, -182284.8704604853, -60479.0)
(419, 46.37607431411743, -182284.8704604853, -60479.0)
(420, 46.56627941131592, -182284.8704604853, -60479.0)
(421, 46.72687864303589, -182284.8704604853, -60479.0)
(422, 46.86017680168152, -182284.8704604853, -60479.0)
(423, 46.98207473754883, -182284.8704604853, -60479.0)
(424, 47.10354566574097, -182284.8704604853, -60479.0)
(425, 47.23702049255371, -182284.8704604853, -60479.0)
(426, 47.354867696762085, -182284.8704604853, -60479.0)
(427, 47.5157790184021, -182284.8704604853, -60479.0)
(428, 47.680039405822754, -182284.8704604853, -60479.0)
(429, 47.847389936447144, -182284.8704604853, -60479.0)
(430, 48.00182485580444, -182284.8704604853, -60479.0)
(431, 48.1192045211792, -182284.8704604853, -60479.0)
(432, 48.27161145210266, -182284.8704604853, -60479.0)
(433, 48.434797525405884, -182284.8704604853, -60479.0)
(434, 48.60403275489807, -182284.8704604853, -60479.0)
(435, 48.751829862594604, -182284.8704604853, -60479.0)
(436, 48.94015645980835, -182284.8704604853, -60479.0)
(437, 49.19215178489685, -182284.8704604853, -60479.0)
(438, 49.43961453437805, -182284.8704604853, -60479.0)
(439, 49.63804483413696, -182284.8704604853, -60479.0)
(440, 49.90775918960571, -182284.8704604853, -60479.0)
(441, 50.139703035354614, -182284.8704604853, -60479.0)
(442, 50.37963056564331, -182284.8704604853, -60479.0)
(443, 50.62747502326965, -182284.8704604853, -60479.0)
(444, 50.845050573349, -182284.8704604853, -60479.0)
(445, 51.0651159286499, -182284.8704604853, -60479.0)
(446, 51.28890419006348, -182284.8704604853, -60479.0)
(447, 51.43036341667175, -182284.8704604853, -60479.0)
(448, 51.56173372268677, -182284.8704604853, -60479.0)
(449, 51.68639159202576, -182284.8704604853, -60479.0)
(450, 51.80632019042969, -182284.8704604853, -60479.0)
(451, 51.94835448265076, -182284.8704604853, -60479.0)
(452, 52.07628321647644, -182284.8704604853, -60479.0)
(453, 52.2089684009552, -182284.8704604853, -60479.0)
(454, 52.3463921546936, -182284.8704604853, -60479.0)
(455, 52.46924185752869, -182284.8704604853, -60479.0)
(456, 52.589295864105225, -182284.8704604853, -60479.0)
(457, 52.70651936531067, -182284.8704604853, -60479.0)
(458, 52.82716202735901, -182284.8704604853, -60479.0)
(459, 52.94801712036133, -182284.8704604853, -60479.0)
(460, 53.082159757614136, -182284.8704604853, -60479.0)
(461, 53.20792007446289, -182284.8704604853, -60479.0)
(462, 53.33403444290161, -182284.8704604853, -60479.0)
(463, 53.45282793045044, -182284.8704604853, -60479.0)
(464, 53.57099270820618, -182284.8704604853, -60479.0)
(465, 53.70126295089722, -182284.8704604853, -60479.0)
(466, 53.82195043563843, -182284.8704604853, -60479.0)
(467, 53.94374227523804, -182284.8704604853, -60479.0)
(468, 54.06086850166321, -182284.8704604853, -60479.0)
(469, 54.17510104179382, -182284.8704604853, -60479.0)
(470, 54.31459045410156, -182284.8704604853, -60479.0)
(471, 54.44976806640625, -182284.8704604853, -60479.0)
(472, 54.57638454437256, -182284.8704604853, -60479.0)
(473, 54.693910121917725, -182284.8704604853, -60479.0)
(474, 54.8127326965332, -182284.8704604853, -60479.0)
(475, 54.92991542816162, -182284.8704604853, -60479.0)
(476, 55.04381275177002, -182284.8704604853, -60479.0)
(477, 55.17241930961609, -182284.8704604853, -60479.0)
(478, 55.28261423110962, -182284.8704604853, -60479.0)
(479, 55.41405773162842, -182284.8704604853, -60479.0)
(480, 55.54919695854187, -182284.8704604853, -60479.0)
(481, 55.671958446502686, -182284.8704604853, -60479.0)
(482, 55.79149556159973, -182284.8704604853, -60479.0)
(483, 55.921080589294434, -182284.8704604853, -60479.0)
(484, 56.043121576309204, -182284.8704604853, -60479.0)
(485, 56.15639019012451, -182284.8704604853, -60479.0)
(486, 56.282203674316406, -182284.8704604853, -60479.0)
(487, 56.399659872055054, -182284.8704604853, -60479.0)
(488, 56.52092170715332, -182284.8704604853, -60479.0)
(489, 56.65020036697388, -182284.8704604853, -60479.0)
(490, 56.764798164367676, -182284.8704604853, -60479.0)
(491, 56.91237783432007, -182284.8704604853, -60479.0)
(492, 57.045870304107666, -182284.8704604853, -60479.0)
(493, 57.16784858703613, -182284.8704604853, -60479.0)
(494, 57.28737664222717, -182284.8704604853, -60479.0)
(495, 57.416439056396484, -182284.8704604853, -60479.0)
(496, 57.53665804862976, -182284.8704604853, -60479.0)
(497, 57.662970781326294, -182284.8704604853, -60479.0)
(498, 57.78271436691284, -182284.8704604853, -60479.0)
(499, 57.89747667312622, -182284.8704604853, -60479.0)
(500, 58.02581715583801, -182284.8704604853, -60479.0)
(501, 58.1539843082428, -182284.8704604853, -60479.0)
(502, 58.28000068664551, -182284.8704604853, -60479.0)
(503, 58.394129514694214, -182284.8704604853, -60479.0)
(504, 58.51817846298218, -182284.8704604853, -60479.0)
(505, 58.63620567321777, -182284.8704604853, -60479.0)
(506, 58.76125693321228, -182284.8704604853, -60479.0)
(507, 58.89480400085449, -182284.8704604853, -60479.0)
(508, 59.02971363067627, -182284.8704604853, -60479.0)
(509, 59.160157203674316, -182284.8704604853, -60479.0)
(510, 59.29403352737427, -182284.8704604853, -60479.0)
(511, 59.42623805999756, -182284.8704604853, -60479.0)
(512, 59.54152703285217, -182284.8704604853, -60479.0)
(513, 59.67316937446594, -182284.8704604853, -60479.0)
(514, 59.81082558631897, -182284.8704604853, -60479.0)
(515, 59.94546127319336, -182284.8704604853, -60479.0)
(516, 60.10325479507446, -182284.8704604853, -60479.0)
(517, 60.25989294052124, -182284.8704604853, -60479.0)
(518, 60.43860411643982, -182284.8704604853, -60479.0)
(519, 60.58158469200134, -182284.8704604853, -60479.0)
(520, 60.70409274101257, -182284.8704604853, -60479.0)
(521, 60.82824969291687, -182284.8704604853, -60479.0)
(522, 60.94709539413452, -182284.8704604853, -60479.0)
(523, 61.073569536209106, -182284.8704604853, -60479.0)
(524, 61.19885182380676, -182284.8704604853, -60479.0)
(525, 61.32301735877991, -182284.8704604853, -60479.0)
(526, 61.46290421485901, -182284.8704604853, -60479.0)
(527, 61.58209204673767, -182284.8704604853, -60479.0)
(528, 61.70915389060974, -182284.8704604853, -60479.0)
(529, 61.836217641830444, -182284.8704604853, -60479.0)
(530, 61.96448802947998, -182284.8704604853, -60479.0)
(531, 62.096132040023804, -182284.8704604853, -60479.0)
(532, 62.220717906951904, -182284.8704604853, -60479.0)
(533, 62.34347939491272, -182284.8704604853, -60479.0)
(534, 62.464189767837524, -182284.8704604853, -60479.0)
(535, 62.58745193481445, -182284.8704604853, -60479.0)
(536, 62.72540831565857, -182284.8704604853, -60479.0)
(537, 62.86238932609558, -182284.8704604853, -60479.0)
(538, 62.98101735115051, -182284.8704604853, -60479.0)
(539, 63.105056285858154, -182284.8704604853, -60479.0)
(540, 63.22233200073242, -182284.8704604853, -60479.0)
(541, 63.3407723903656, -182284.8704604853, -60479.0)
(542, 63.45987892150879, -182284.8704604853, -60479.0)
(543, 63.595661878585815, -182284.8704604853, -60479.0)
(544, 63.72098350524902, -182284.8704604853, -60479.0)
(545, 63.852335691452026, -182284.8704604853, -60479.0)
(546, 63.977078676223755, -182284.8704604853, -60479.0)
(547, 64.11822724342346, -182284.8704604853, -60479.0)
(548, 64.24960279464722, -182284.8704604853, -60479.0)
(549, 64.3791778087616, -182284.8704604853, -60479.0)
(550, 64.50732398033142, -182284.8704604853, -60479.0)
(551, 64.62981843948364, -182284.8704604853, -60479.0)
(552, 64.75604224205017, -182284.8704604853, -60479.0)
(553, 64.88442397117615, -182284.8704604853, -60479.0)
(554, 65.01840043067932, -182284.8704604853, -60479.0)
(555, 65.16117453575134, -182284.8704604853, -60479.0)
(556, 65.2948751449585, -182284.8704604853, -60479.0)
(557, 65.44728994369507, -182284.8704604853, -60479.0)
(558, 65.62569403648376, -182284.8704604853, -60479.0)
(559, 65.79749011993408, -182284.8704604853, -60479.0)
(560, 65.9511866569519, -182284.8704604853, -60479.0)
(561, 66.07917022705078, -182284.8704604853, -60479.0)
(562, 66.255615234375, -182284.8704604853, -60479.0)
(563, 66.40981316566467, -182284.8704604853, -60479.0)
(564, 66.54785537719727, -182284.8704604853, -60479.0)
(565, 66.70271754264832, -182284.8704604853, -60479.0)
(566, 66.83685851097107, -182284.8704604853, -60479.0)
(567, 66.95734882354736, -182284.8704604853, -60479.0)
(568, 67.08017373085022, -182284.8704604853, -60479.0)
(569, 67.21707057952881, -182284.8704604853, -60479.0)
(570, 67.36049056053162, -182284.8704604853, -60479.0)
(571, 67.49369955062866, -182284.8704604853, -60479.0)
(572, 67.62845420837402, -182284.8704604853, -60479.0)
(573, 67.75757551193237, -182284.8704604853, -60479.0)
(574, 67.89910078048706, -182284.8704604853, -60479.0)
(575, 68.02146482467651, -182284.8704604853, -60479.0)
(576, 68.15474796295166, -182284.8704604853, -60479.0)
(577, 68.28368997573853, -182284.8704604853, -60479.0)
(578, 68.40859270095825, -182284.8704604853, -60479.0)
(579, 68.5422420501709, -182284.8704604853, -60479.0)
(580, 68.6897394657135, -182284.8704604853, -60479.0)
(581, 68.8163959980011, -182284.8704604853, -60479.0)
(582, 68.9428985118866, -182284.8704604853, -60479.0)
(583, 69.09579467773438, -182284.8704604853, -60479.0)
(584, 69.2343487739563, -182284.8704604853, -60479.0)
(585, 69.36419081687927, -182284.8704604853, -60479.0)
(586, 69.490483045578, -182284.8704604853, -60479.0)
(587, 69.62946677207947, -182284.8704604853, -60479.0)
(588, 69.77922582626343, -182284.8704604853, -60479.0)
(589, 69.91754293441772, -182284.8704604853, -60479.0)
(590, 70.04659080505371, -182284.8704604853, -60479.0)
(591, 70.17472124099731, -182284.8704604853, -60479.0)
(592, 70.31720566749573, -182284.8704604853, -60479.0)
(593, 70.4446656703949, -182284.8704604853, -60479.0)
(594, 70.58648872375488, -182284.8704604853, -60479.0)
(595, 70.72070169448853, -182284.8704604853, -60479.0)
(596, 70.8789393901825, -182284.8704604853, -60479.0)
(597, 71.02758550643921, -182284.8704604853, -60479.0)
(598, 71.18380165100098, -182284.8704604853, -60479.0)
(599, 71.33642625808716, -182284.8704604853, -60479.0)
(600, 71.52033710479736, -182284.8704604853, -60479.0)
(601, 71.70329713821411, -182284.8704604853, -60479.0)
(602, 71.87948703765869, -182284.8704604853, -60479.0)
(603, 72.05845928192139, -182284.8704604853, -60479.0)
(604, 72.30696535110474, -182284.8704604853, -60479.0)
(605, 72.51504874229431, -182284.8704604853, -60479.0)
(606, 72.71787452697754, -182284.8704604853, -60479.0)
(607, 72.96314859390259, -182284.8704604853, -60479.0)
(608, 73.25079894065857, -182284.8704604853, -60479.0)
(609, 73.55125594139099, -182284.8704604853, -60479.0)
(610, 73.88541960716248, -182284.8704604853, -60479.0)
(611, 74.1922333240509, -182284.8704604853, -60479.0)
(612, 74.4463255405426, -182284.8704604853, -60479.0)
(613, 74.66042757034302, -182284.8704604853, -60479.0)
(614, 74.89695000648499, -182284.8704604853, -60479.0)
(615, 75.1318006515503, -182284.8704604853, -60479.0)
(616, 75.38518643379211, -182284.8704604853, -60479.0)
(617, 75.70424914360046, -182284.8704604853, -60479.0)
(618, 76.00056791305542, -182284.8704604853, -60479.0)
(619, 76.32559561729431, -182284.8704604853, -60479.0)
(620, 76.5692687034607, -182284.8704604853, -60479.0)
(621, 76.85320377349854, -182284.8704604853, -60479.0)
(622, 77.08300542831421, -182284.8704604853, -60479.0)
(623, 77.35163164138794, -182284.8704604853, -60479.0)
(624, 77.65527677536011, -182284.8704604853, -60479.0)
(625, 77.93920850753784, -182284.8704604853, -60479.0)
(626, 78.41417503356934, -182284.8704604853, -60479.0)
(627, 78.7376778125763, -182284.8704604853, -60479.0)
(628, 78.99696063995361, -182284.8704604853, -60479.0)
(629, 79.20956206321716, -182284.8704604853, -60479.0)
(630, 79.42713475227356, -182284.8704604853, -60479.0)
(631, 79.59755444526672, -182284.8704604853, -60479.0)
(632, 79.76295900344849, -182284.8704604853, -60479.0)
(633, 79.92305994033813, -182284.8704604853, -60479.0)
(634, 80.11992573738098, -182284.8704604853, -60479.0)
(635, 80.27771759033203, -182284.8704604853, -60479.0)
(636, 80.43296241760254, -182284.8704604853, -60479.0)
(637, 80.59950542449951, -182284.8704604853, -60479.0)
(638, 80.75700068473816, -182284.8704604853, -60479.0)
(639, 80.89653611183167, -182284.8704604853, -60479.0)
(640, 81.0424337387085, -182284.8704604853, -60479.0)
(641, 81.190908908844, -182284.8704604853, -60479.0)
(642, 81.33103203773499, -182284.8704604853, -60479.0)
(643, 81.47171878814697, -182284.8704604853, -60479.0)
(644, 81.62668251991272, -182284.8704604853, -60479.0)
(645, 81.77098560333252, -182284.8704604853, -60479.0)
(646, 81.89765429496765, -182284.8704604853, -60479.0)
(647, 82.04184913635254, -182284.8704604853, -60479.0)
(648, 82.1849672794342, -182284.8704604853, -60479.0)
(649, 82.3168272972107, -182284.8704604853, -60479.0)
(650, 82.45904517173767, -182284.8704604853, -60479.0)
(651, 82.58543181419373, -182284.8704604853, -60479.0)
(652, 82.74103736877441, -182284.8704604853, -60479.0)
(653, 82.88919162750244, -182284.8704604853, -60479.0)
(654, 83.02669286727905, -182284.8704604853, -60479.0)
(655, 83.15564393997192, -182284.8704604853, -60479.0)
(656, 83.30568933486938, -182284.8704604853, -60479.0)
(657, 83.44063448905945, -182284.8704604853, -60479.0)
(658, 83.57183027267456, -182284.8704604853, -60479.0)
(659, 83.71265292167664, -182284.8704604853, -60479.0)
(660, 83.86469149589539, -182284.8704604853, -60479.0)
(661, 84.00593256950378, -182284.8704604853, -60479.0)
(662, 84.13350415229797, -182284.8704604853, -60479.0)
(663, 84.27480483055115, -182284.8704604853, -60479.0)
(664, 84.41724038124084, -182284.8704604853, -60479.0)
(665, 84.55691623687744, -182284.8704604853, -60479.0)
(666, 84.69048166275024, -182284.8704604853, -60479.0)
(667, 84.84456729888916, -182284.8704604853, -60479.0)
(668, 84.981680393219, -182284.8704604853, -60479.0)
(669, 85.11293816566467, -182284.8704604853, -60479.0)
(670, 85.25478839874268, -182284.8704604853, -60479.0)
(671, 85.3877329826355, -182284.8704604853, -60479.0)
(672, 85.53825545310974, -182284.8704604853, -60479.0)
(673, 85.68616914749146, -182284.8704604853, -60479.0)
(674, 85.8303108215332, -182284.8704604853, -60479.0)
(675, 85.99370765686035, -182284.8704604853, -60479.0)
(676, 86.1495451927185, -182284.8704604853, -60479.0)
(677, 86.30700612068176, -182284.8704604853, -60479.0)
(678, 86.46984148025513, -182284.8704604853, -60479.0)
(679, 86.64870429039001, -182284.8704604853, -60479.0)
(680, 86.8202850818634, -182284.8704604853, -60479.0)
(681, 86.96838665008545, -182284.8704604853, -60479.0)
(682, 87.12787413597107, -182284.8704604853, -60479.0)
(683, 87.28663420677185, -182284.8704604853, -60479.0)
(684, 87.4653730392456, -182284.8704604853, -60479.0)
(685, 87.64302110671997, -182284.8704604853, -60479.0)
(686, 87.85098958015442, -182284.8704604853, -60479.0)
(687, 88.05881404876709, -182284.8704604853, -60479.0)
(688, 88.23707556724548, -182284.8704604853, -60479.0)
(689, 88.47288346290588, -182284.8704604853, -60479.0)
(690, 88.65513443946838, -182284.8704604853, -60479.0)
(691, 88.81222820281982, -182284.8704604853, -60479.0)
(692, 88.9723527431488, -182284.8704604853, -60479.0)
(693, 89.124746799469, -182284.8704604853, -60479.0)
(694, 89.26709365844727, -182284.8704604853, -60479.0)
(695, 89.42396450042725, -182284.8704604853, -60479.0)
(696, 89.58232021331787, -182284.8704604853, -60479.0)
(697, 89.74152541160583, -182284.8704604853, -60479.0)
(698, 89.88190412521362, -182284.8704604853, -60479.0)
(699, 90.02876472473145, -182284.8704604853, -60479.0)
(700, 90.17422223091125, -182284.8704604853, -60479.0)
(701, 90.33372139930725, -182284.8704604853, -60479.0)
(702, 90.5099880695343, -182284.8704604853, -60479.0)
(703, 90.644211769104, -182284.8704604853, -60479.0)
(704, 90.80099844932556, -182284.8704604853, -60479.0)
(705, 90.96361255645752, -182284.8704604853, -60479.0)
(706, 91.14253497123718, -182284.8704604853, -60479.0)
(707, 91.31717109680176, -182284.8704604853, -60479.0)
(708, 91.53431296348572, -182284.8704604853, -60479.0)
(709, 91.74721765518188, -182284.8704604853, -60479.0)
(710, 91.96249914169312, -182284.8704604853, -60479.0)
(711, 92.1934700012207, -182284.8704604853, -60479.0)
(712, 92.37164068222046, -182284.8704604853, -60479.0)
(713, 92.5308825969696, -182284.8704604853, -60479.0)
(714, 92.69261360168457, -182284.8704604853, -60479.0)
(715, 92.85083079338074, -182284.8704604853, -60479.0)
(716, 93.01761841773987, -182284.8704604853, -60479.0)
(717, 93.19930648803711, -182284.8704604853, -60479.0)
(718, 93.3727159500122, -182284.8704604853, -60479.0)
(719, 93.58118844032288, -182284.8704604853, -60479.0)
(720, 93.72806429862976, -182284.8704604853, -60479.0)
(721, 93.91328024864197, -182284.8704604853, -60479.0)
(722, 94.0802321434021, -182284.8704604853, -60479.0)
(723, 94.22621417045593, -182284.8704604853, -60479.0)
(724, 94.44565224647522, -182284.8704604853, -60479.0)
(725, 94.6732268333435, -182284.8704604853, -60479.0)
(726, 94.88470602035522, -182284.8704604853, -60479.0)
(727, 95.07237076759338, -182284.8704604853, -60479.0)
(728, 95.29759001731873, -182284.8704604853, -60479.0)
(729, 95.48214435577393, -182284.8704604853, -60479.0)
(730, 95.70334768295288, -182284.8704604853, -60479.0)
(731, 95.88500094413757, -182284.8704604853, -60479.0)
(732, 96.15741062164307, -182284.8704604853, -60479.0)
(733, 96.4129433631897, -182284.8704604853, -60479.0)
(734, 96.75125527381897, -182284.8704604853, -60479.0)
(735, 97.05042672157288, -182284.8704604853, -60479.0)
(736, 97.41885018348694, -182284.8704604853, -60479.0)
(737, 97.76323986053467, -182284.8704604853, -60479.0)
(738, 98.01493263244629, -182284.8704604853, -60479.0)
(739, 98.2752616405487, -182284.8704604853, -60479.0)
(740, 98.55213522911072, -182284.8704604853, -60479.0)
(741, 98.89193511009216, -182284.8704604853, -60479.0)
(742, 99.17274641990662, -182284.8704604853, -60479.0)
(743, 99.41066312789917, -182284.8704604853, -60479.0)
(744, 99.56715703010559, -182284.8704604853, -60479.0)
(745, 99.73979473114014, -182284.8704604853, -60479.0)
(746, 99.93030524253845, -182284.8704604853, -60479.0)
(747, 100.08989214897156, -182284.8704604853, -60479.0)
(748, 100.26027011871338, -182284.8704604853, -60479.0)
(749, 100.44582509994507, -182284.8704604853, -60479.0)
(750, 100.59913992881775, -182284.8704604853, -60479.0)
(751, 100.76793193817139, -182284.8704604853, -60479.0)
(752, 100.92273616790771, -182284.8704604853, -60479.0)
(753, 101.07007694244385, -182284.8704604853, -60479.0)
(754, 101.23535060882568, -182284.8704604853, -60479.0)
(755, 101.3998475074768, -182284.8704604853, -60479.0)
(756, 101.56948328018188, -182284.8704604853, -60479.0)
(757, 101.75853872299194, -182284.8704604853, -60479.0)
(758, 101.92167282104492, -182284.8704604853, -60479.0)
(759, 102.08286428451538, -182284.8704604853, -60479.0)
(760, 102.23603129386902, -182284.8704604853, -60479.0)
(761, 102.37981939315796, -182284.8704604853, -60479.0)
(762, 102.51902914047241, -182284.8704604853, -60479.0)
(763, 102.65716528892517, -182284.8704604853, -60479.0)
(764, 102.79604721069336, -182284.8704604853, -60479.0)
(765, 102.94081592559814, -182284.8704604853, -60479.0)
(766, 103.09498977661133, -182284.8704604853, -60479.0)
(767, 103.25291323661804, -182284.8704604853, -60479.0)
(768, 103.40579032897949, -182284.8704604853, -60479.0)
(769, 103.55368280410767, -182284.8704604853, -60479.0)
(770, 103.72459149360657, -182284.8704604853, -60479.0)
(771, 103.87628269195557, -182284.8704604853, -60479.0)
(772, 104.0324776172638, -182284.8704604853, -60479.0)
(773, 104.19587421417236, -182284.8704604853, -60479.0)
(774, 104.35454249382019, -182284.8704604853, -60479.0)
(775, 104.49483299255371, -182284.8704604853, -60479.0)
(776, 104.65242147445679, -182284.8704604853, -60479.0)
(777, 104.82705187797546, -182284.8704604853, -60479.0)
(778, 104.97290301322937, -182284.8704604853, -60479.0)
(779, 105.1287841796875, -182284.8704604853, -60479.0)
(780, 105.29668927192688, -182284.8704604853, -60479.0)
(781, 105.47484135627747, -182284.8704604853, -60479.0)
(782, 105.6414270401001, -182284.8704604853, -60479.0)
(783, 105.82198309898376, -182284.8704604853, -60479.0)
(784, 106.00679516792297, -182284.8704604853, -60479.0)
(785, 106.17935633659363, -182284.8704604853, -60479.0)
(786, 106.37096405029297, -182284.8704604853, -60479.0)
(787, 106.56463932991028, -182284.8704604853, -60479.0)
(788, 106.76113843917847, -182284.8704604853, -60479.0)
(789, 107.01437211036682, -182284.8704604853, -60479.0)
(790, 107.31010675430298, -182284.8704604853, -60479.0)
(791, 107.60541224479675, -182284.8704604853, -60479.0)
(792, 107.8506166934967, -182284.8704604853, -60479.0)
(793, 108.11977076530457, -182284.8704604853, -60479.0)
(794, 108.3944365978241, -182284.8704604853, -60479.0)
(795, 108.68289542198181, -182284.8704604853, -60479.0)
(796, 108.97556710243225, -182284.8704604853, -60479.0)
(797, 109.39969778060913, -182284.8704604853, -60479.0)
(798, 109.78004574775696, -182284.8704604853, -60479.0)
(799, 110.06789350509644, -182284.8704604853, -60479.0)
(800, 110.45277810096741, -182284.8704604853, -60479.0)
(801, 110.74568343162537, -182284.8704604853, -60479.0)
(802, 111.02994704246521, -182284.8704604853, -60479.0)
(803, 111.23366975784302, -182284.8704604853, -60479.0)
(804, 111.44878697395325, -182284.8704604853, -60479.0)
(805, 111.64211630821228, -182284.8704604853, -60479.0)
(806, 111.84153127670288, -182284.8704604853, -60479.0)
(807, 112.04051804542542, -182284.8704604853, -60479.0)
(808, 112.24516153335571, -182284.8704604853, -60479.0)
(809, 112.43425869941711, -182284.8704604853, -60479.0)
(810, 112.61770176887512, -182284.8704604853, -60479.0)
(811, 112.88124299049377, -182284.8704604853, -60479.0)
(812, 113.14387702941895, -182284.8704604853, -60479.0)
(813, 113.39864110946655, -182284.8704604853, -60479.0)
(814, 113.63213610649109, -182284.8704604853, -60479.0)
(815, 113.93165802955627, -182284.8704604853, -60479.0)
(816, 114.20521450042725, -182284.8704604853, -60479.0)
(817, 114.45180654525757, -182284.8704604853, -60479.0)
(818, 114.69816446304321, -182284.8704604853, -60479.0)
(819, 114.97057747840881, -182284.8704604853, -60479.0)
(820, 115.17207455635071, -182284.8704604853, -60479.0)
(821, 115.38875675201416, -182284.8704604853, -60479.0)
(822, 115.60801243782043, -182284.8704604853, -60479.0)
(823, 115.7849395275116, -182284.8704604853, -60479.0)
(824, 115.98938632011414, -182284.8704604853, -60479.0)
(825, 116.19340252876282, -182284.8704604853, -60479.0)
(826, 116.34971261024475, -182284.8704604853, -60479.0)
(827, 116.52605414390564, -182284.8704604853, -60479.0)
(828, 116.73119640350342, -182284.8704604853, -60479.0)
(829, 116.9140522480011, -182284.8704604853, -60479.0)
(830, 117.1167802810669, -182284.8704604853, -60479.0)
(831, 117.30937147140503, -182284.8704604853, -60479.0)
(832, 117.50231909751892, -182284.8704604853, -60479.0)
(833, 117.70757102966309, -182284.8704604853, -60479.0)
(834, 117.92528414726257, -182284.8704604853, -60479.0)
(835, 118.14300060272217, -182284.8704604853, -60479.0)
(836, 118.32526326179504, -182284.8704604853, -60479.0)
(837, 118.5298523902893, -182284.8704604853, -60479.0)
(838, 118.7861487865448, -182284.8704604853, -60479.0)
(839, 118.96102356910706, -182284.8704604853, -60479.0)
(840, 119.24079656600952, -182284.8704604853, -60479.0)
(841, 119.51412272453308, -182284.8704604853, -60479.0)
(842, 119.81131529808044, -182284.8704604853, -60479.0)
(843, 120.06083822250366, -182284.8704604853, -60479.0)
(844, 120.26520538330078, -182284.8704604853, -60479.0)
(845, 120.44398593902588, -182284.8704604853, -60479.0)
(846, 120.63316750526428, -182284.8704604853, -60479.0)
(847, 120.79932355880737, -182284.8704604853, -60479.0)
(848, 120.9678385257721, -182284.8704604853, -60479.0)
(849, 121.1915283203125, -182284.8704604853, -60479.0)
(850, 121.40248560905457, -182284.8704604853, -60479.0)
(851, 121.59243869781494, -182284.8704604853, -60479.0)
(852, 121.80496025085449, -182284.8704604853, -60479.0)
(853, 122.01292967796326, -182284.8704604853, -60479.0)
(854, 122.27387833595276, -182284.8704604853, -60479.0)
(855, 122.55228424072266, -182284.8704604853, -60479.0)
(856, 122.77065634727478, -182284.8704604853, -60479.0)
(857, 123.08917570114136, -182284.8704604853, -60479.0)
(858, 123.42531156539917, -182284.8704604853, -60479.0)
(859, 123.7214343547821, -182284.8704604853, -60479.0)
(860, 123.95006561279297, -182284.8704604853, -60479.0)
(861, 124.14443802833557, -182284.8704604853, -60479.0)
(862, 124.33001279830933, -182284.8704604853, -60479.0)
(863, 124.50072479248047, -182284.8704604853, -60479.0)
(864, 124.66779661178589, -182284.8704604853, -60479.0)
(865, 124.82321310043335, -182284.8704604853, -60479.0)
(866, 124.98617100715637, -182284.8704604853, -60479.0)
(867, 125.16223406791687, -182284.8704604853, -60479.0)
(868, 125.32369184494019, -182284.8704604853, -60479.0)
(869, 125.48914551734924, -182284.8704604853, -60479.0)
(870, 125.64508986473083, -182284.8704604853, -60479.0)
(871, 125.81203484535217, -182284.8704604853, -60479.0)
(872, 125.9756166934967, -182284.8704604853, -60479.0)
(873, 126.14514303207397, -182284.8704604853, -60479.0)
(874, 126.30909442901611, -182284.8704604853, -60479.0)
(875, 126.49722337722778, -182284.8704604853, -60479.0)
(876, 126.66781497001648, -182284.8704604853, -60479.0)
(877, 126.83391094207764, -182284.8704604853, -60479.0)
(878, 127.00610756874084, -182284.8704604853, -60479.0)
(879, 127.17763566970825, -182284.8704604853, -60479.0)
(880, 127.35854578018188, -182284.8704604853, -60479.0)
(881, 127.52391767501831, -182284.8704604853, -60479.0)
(882, 127.71457099914551, -182284.8704604853, -60479.0)
(883, 127.90460157394409, -182284.8704604853, -60479.0)
(884, 128.08755612373352, -182284.8704604853, -60479.0)
(885, 128.3467140197754, -182284.8704604853, -60479.0)
(886, 128.54213070869446, -182284.8704604853, -60479.0)
(887, 128.71235299110413, -182284.8704604853, -60479.0)
(888, 128.9248297214508, -182284.8704604853, -60479.0)
(889, 129.1461730003357, -182284.8704604853, -60479.0)
(890, 129.3397719860077, -182284.8704604853, -60479.0)
(891, 129.59337663650513, -182284.8704604853, -60479.0)
(892, 129.79330492019653, -182284.8704604853, -60479.0)
(893, 129.97139739990234, -182284.8704604853, -60479.0)
(894, 130.24406743049622, -182284.8704604853, -60479.0)
(895, 130.5193703174591, -182284.8704604853, -60479.0)
(896, 130.79456329345703, -182284.8704604853, -60479.0)
(897, 131.0587558746338, -182284.8704604853, -60479.0)
(898, 131.39809584617615, -182284.8704604853, -60479.0)
(899, 131.80424976348877, -182284.8704604853, -60479.0)
(900, 132.16822576522827, -182284.8704604853, -60479.0)
(901, 132.79866766929626, -182284.8704604853, -60479.0)
(902, 133.31657433509827, -182284.8704604853, -60479.0)
(903, 133.69437193870544, -182284.8704604853, -60479.0)
(904, 134.0309796333313, -182284.8704604853, -60479.0)
(905, 134.39520502090454, -182284.8704604853, -60479.0)
(906, 134.70243382453918, -182284.8704604853, -60479.0)
(907, 134.9995288848877, -182284.8704604853, -60479.0)
(908, 135.28199362754822, -182284.8704604853, -60479.0)
(909, 135.48439478874207, -182284.8704604853, -60479.0)
(910, 135.75256538391113, -182284.8704604853, -60479.0)
(911, 135.97034072875977, -182284.8704604853, -60479.0)
(912, 136.18263745307922, -182284.8704604853, -60479.0)
(913, 136.39479517936707, -182284.8704604853, -60479.0)
(914, 136.57951951026917, -182284.8704604853, -60479.0)
(915, 136.75873374938965, -182284.8704604853, -60479.0)
(916, 136.9487063884735, -182284.8704604853, -60479.0)
(917, 137.11284184455872, -182284.8704604853, -60479.0)
(918, 137.3231794834137, -182284.8704604853, -60479.0)
(919, 137.51325583457947, -182284.8704604853, -60479.0)
(920, 137.69332146644592, -182284.8704604853, -60479.0)
(921, 137.88492488861084, -182284.8704604853, -60479.0)
(922, 138.04360365867615, -182284.8704604853, -60479.0)
(923, 138.21670532226562, -182284.8704604853, -60479.0)
(924, 138.38192677497864, -182284.8704604853, -60479.0)
(925, 138.56624054908752, -182284.8704604853, -60479.0)
(926, 138.75119018554688, -182284.8704604853, -60479.0)
(927, 138.93572878837585, -182284.8704604853, -60479.0)
(928, 139.13349533081055, -182284.8704604853, -60479.0)
(929, 139.35253047943115, -182284.8704604853, -60479.0)
(930, 139.55299043655396, -182284.8704604853, -60479.0)
(931, 139.7136092185974, -182284.8704604853, -60479.0)
(932, 139.87998056411743, -182284.8704604853, -60479.0)
(933, 140.05049228668213, -182284.8704604853, -60479.0)
(934, 140.2286355495453, -182284.8704604853, -60479.0)
(935, 140.38036441802979, -182284.8704604853, -60479.0)
(936, 140.55573797225952, -182284.8704604853, -60479.0)
(937, 140.7159652709961, -182284.8704604853, -60479.0)
(938, 140.90713000297546, -182284.8704604853, -60479.0)
(939, 141.08581447601318, -182284.8704604853, -60479.0)
(940, 141.25523114204407, -182284.8704604853, -60479.0)
(941, 141.46774530410767, -182284.8704604853, -60479.0)
(942, 141.62762832641602, -182284.8704604853, -60479.0)
(943, 141.82004952430725, -182284.8704604853, -60479.0)
(944, 142.01696109771729, -182284.8704604853, -60479.0)
(945, 142.1925618648529, -182284.8704604853, -60479.0)
(946, 142.36725330352783, -182284.8704604853, -60479.0)
(947, 142.54659962654114, -182284.8704604853, -60479.0)
(948, 142.72307062149048, -182284.8704604853, -60479.0)
(949, 142.90576314926147, -182284.8704604853, -60479.0)
(950, 143.09156775474548, -182284.8704604853, -60479.0)
(951, 143.30024552345276, -182284.8704604853, -60479.0)
(952, 143.4715347290039, -182284.8704604853, -60479.0)
(953, 143.65682363510132, -182284.8704604853, -60479.0)
(954, 143.8302001953125, -182284.8704604853, -60479.0)
(955, 144.03171467781067, -182284.8704604853, -60479.0)
(956, 144.22145080566406, -182284.8704604853, -60479.0)
(957, 144.40962958335876, -182284.8704604853, -60479.0)
(958, 144.57576274871826, -182284.8704604853, -60479.0)
(959, 144.75438356399536, -182284.8704604853, -60479.0)
(960, 144.94402599334717, -182284.8704604853, -60479.0)
(961, 145.14721703529358, -182284.8704604853, -60479.0)
(962, 145.36067652702332, -182284.8704604853, -60479.0)
(963, 145.55262231826782, -182284.8704604853, -60479.0)
(964, 145.75594902038574, -182284.8704604853, -60479.0)
(965, 146.18266534805298, -182284.8704604853, -60479.0)
(966, 146.48576021194458, -182284.8704604853, -60479.0)
(967, 146.7417585849762, -182284.8704604853, -60479.0)
(968, 146.98990988731384, -182284.8704604853, -60479.0)
(969, 147.18969559669495, -182284.8704604853, -60479.0)
(970, 147.38515520095825, -182284.8704604853, -60479.0)
(971, 147.55782294273376, -182284.8704604853, -60479.0)
(972, 147.7387890815735, -182284.8704604853, -60479.0)
(973, 147.91417050361633, -182284.8704604853, -60479.0)
(974, 148.07464265823364, -182284.8704604853, -60479.0)
(975, 148.26003432273865, -182284.8704604853, -60479.0)
(976, 148.4297580718994, -182284.8704604853, -60479.0)
(977, 148.5911738872528, -182284.8704604853, -60479.0)
(978, 148.75717663764954, -182284.8704604853, -60479.0)
(979, 148.91133546829224, -182284.8704604853, -60479.0)
(980, 149.08617687225342, -182284.8704604853, -60479.0)
(981, 149.2509183883667, -182284.8704604853, -60479.0)
(982, 149.4084188938141, -182284.8704604853, -60479.0)
(983, 149.5696792602539, -182284.8704604853, -60479.0)
(984, 149.73020577430725, -182284.8704604853, -60479.0)
(985, 149.88504791259766, -182284.8704604853, -60479.0)
(986, 150.05451273918152, -182284.8704604853, -60479.0)
(987, 150.2614245414734, -182284.8704604853, -60479.0)
(988, 150.4470181465149, -182284.8704604853, -60479.0)
(989, 150.64005827903748, -182284.8704604853, -60479.0)
(990, 150.8642394542694, -182284.8704604853, -60479.0)
(991, 151.06107926368713, -182284.8704604853, -60479.0)
(992, 151.255699634552, -182284.8704604853, -60479.0)
(993, 151.45415496826172, -182284.8704604853, -60479.0)
(994, 151.63051223754883, -182284.8704604853, -60479.0)
(995, 151.82988953590393, -182284.8704604853, -60479.0)
(996, 152.00530695915222, -182284.8704604853, -60479.0)
(997, 152.17962670326233, -182284.8704604853, -60479.0)
(998, 152.3458845615387, -182284.8704604853, -60479.0)
(999, 152.5115180015564, -182284.8704604853, -60479.0)
(1000, 152.67804265022278, -182284.8704604853, -60479.0)
