(1, 0.04987788200378418, -209420.0, -27282.0)
(2, 0.10064005851745605, -158498.21367793018, -27282.0)
(3, 0.1490192413330078, -131630.75193857774, -27282.0)
(4, 0.22500181198120117, -100250.88876291779, -27282.0)
(5, 0.3003828525543213, -73181.46734647415, -27282.0)
(6, 0.38712215423583984, -58249.70890101955, -27282.0)
(7, 0.4773569107055664, -56465.71459903608, -27282.0)
(8, 0.5820200443267822, -44594.86186955118, -35505.277777777774)
(9, 0.6973586082458496, -39365.49903311995, -35695.45113331708)
(10, 0.8239564895629883, -37243.396524211705, -35776.34074074074)
(11, 0.9592511653900146, -36575.533338658475, -35834.25491513741)
(12, 1.1164333820343018, -36176.46024859636, -35864.540359345665)
(13, 1.2693872451782227, -36018.81220715973, -35877.34218521881)
(14, 1.4370825290679932, -35934.3955019865, -35880.568442346594)
(15, 1.6030220985412598, -35905.1223753519, -35884.62951877348)
(16, 1.776794672012329, -35891.977297841964, -35886.025221238924)
(17, 1.955491304397583, -35888.138957940326, -35886.49395512462)
(18, 2.1458771228790283, -35887.66474138225, -35886.49395512463)
(19, 2.3223483562469482, -35886.85927052804, -35886.51406873501)
(20, 2.500267744064331, -35886.61762926776, -35886.514068735)
(21, 2.6764347553253174, -35886.54513689487, -35886.514068734985)
(22, 2.8596181869506836, -35886.54513689487, -35886.51406873501)
