(1, 0.01991415023803711, -175567.0, -24972.0)
(2, 0.03940773010253906, -175567.0, -24972.0)
(3, 0.05869913101196289, -175567.0, -24972.0)
(4, 0.07785844802856445, -175567.0, -24972.0)
(5, 0.09676909446716309, -175567.0, -24972.0)
(6, 0.11588549613952637, -175567.0, -24972.0)
(7, 0.13514423370361328, -175567.0, -24972.0)
(8, 0.15415549278259277, -175567.0, -24972.0)
(9, 0.1733541488647461, -175567.0, -24972.0)
(10, 0.19196701049804688, -175567.0, -24972.0)
(11, 0.2105097770690918, -175567.0, -24972.0)
(12, 0.22878384590148926, -175567.0, -24972.0)
(13, 0.2479703426361084, -175567.0, -24972.0)
(14, 0.26720142364501953, -175567.0, -24972.0)
(15, 0.28603672981262207, -175567.0, -24972.0)
(16, 0.3054835796356201, -175567.0, -24972.0)
(17, 0.3243112564086914, -175567.0, -24972.0)
(18, 0.3437376022338867, -175567.0, -24972.0)
(19, 0.36326074600219727, -175567.0, -24972.0)
(20, 0.38298702239990234, -175567.0, -24972.0)
(21, 0.4020538330078125, -175567.0, -24972.0)
(22, 0.42116403579711914, -175567.0, -24972.0)
(23, 0.4404783248901367, -175567.0, -24972.0)
(24, 0.4597301483154297, -175567.0, -24972.0)
(25, 0.4794299602508545, -175567.0, -24972.0)
(26, 0.49906182289123535, -175567.0, -24972.0)
(27, 0.5186095237731934, -175567.0, -24972.0)
(28, 0.5377955436706543, -175567.0, -24972.0)
(29, 0.5568606853485107, -175567.0, -24972.0)
(30, 0.5761771202087402, -175567.0, -24972.0)
(31, 0.5951569080352783, -175567.0, -24972.0)
(32, 0.6147925853729248, -175567.0, -24972.0)
(33, 0.6343302726745605, -175567.0, -24972.0)
(34, 0.6535029411315918, -175567.0, -24972.0)
(35, 0.6725215911865234, -175567.0, -24972.0)
(36, 0.6914658546447754, -175567.0, -24972.0)
(37, 0.7109584808349609, -175567.0, -24972.0)
(38, 0.7303595542907715, -175567.0, -24972.0)
(39, 0.7494640350341797, -175567.0, -24972.0)
(40, 0.7684528827667236, -175567.0, -24972.0)
(41, 0.7872669696807861, -175567.0, -24972.0)
(42, 0.8066229820251465, -175567.0, -24972.0)
(43, 0.826876163482666, -175567.0, -24972.0)
(44, 0.8469686508178711, -175567.0, -24972.0)
(45, 0.8665287494659424, -175567.0, -24972.0)
(46, 0.885833740234375, -175567.0, -24972.0)
(47, 0.9062952995300293, -175567.0, -24972.0)
(48, 0.9259974956512451, -175567.0, -24972.0)
(49, 0.9455735683441162, -175567.0, -24972.0)
(50, 0.9650099277496338, -175567.0, -24972.0)
(51, 0.9844503402709961, -175567.0, -24972.0)
(52, 1.0041911602020264, -175567.0, -24972.0)
(53, 1.0236153602600098, -175567.0, -24972.0)
(54, 1.043039321899414, -175567.0, -24972.0)
(55, 1.0636050701141357, -175567.0, -24972.0)
(56, 1.0829806327819824, -175567.0, -24972.0)
(57, 1.1023788452148438, -175567.0, -24972.0)
(58, 1.1215789318084717, -175567.0, -24972.0)
(59, 1.1419084072113037, -175567.0, -24972.0)
(60, 1.1615874767303467, -175567.0, -24972.0)
(61, 1.1813297271728516, -175567.0, -24972.0)
(62, 1.2020201683044434, -175567.0, -24972.0)
(63, 1.2214610576629639, -175567.0, -24972.0)
(64, 1.2422974109649658, -175567.0, -24972.0)
(65, 1.262122392654419, -175567.0, -24972.0)
(66, 1.2816014289855957, -175567.0, -24972.0)
(67, 1.3022770881652832, -175567.0, -24972.0)
(68, 1.3222250938415527, -175567.0, -24972.0)
(69, 1.3418664932250977, -175567.0, -24972.0)
(70, 1.3619353771209717, -175567.0, -24972.0)
(71, 1.381589651107788, -175567.0, -24972.0)
(72, 1.401747703552246, -175567.0, -24972.0)
(73, 1.421370506286621, -175567.0, -24972.0)
(74, 1.4414758682250977, -175567.0, -24972.0)
(75, 1.4613332748413086, -175567.0, -24972.0)
(76, 1.4817008972167969, -175567.0, -24972.0)
(77, 1.5023565292358398, -175567.0, -24972.0)
(78, 1.522695541381836, -175567.0, -24972.0)
(79, 1.5427846908569336, -175567.0, -24972.0)
(80, 1.562859296798706, -175567.0, -24972.0)
(81, 1.5845696926116943, -175567.0, -24972.0)
(82, 1.606257677078247, -175567.0, -24972.0)
(83, 1.6265416145324707, -175567.0, -24972.0)
(84, 1.6473991870880127, -175567.0, -24972.0)
(85, 1.6682860851287842, -175567.0, -24972.0)
(86, 1.688553810119629, -175567.0, -24972.0)
(87, 1.7096776962280273, -175567.0, -24972.0)
(88, 1.7305047512054443, -175567.0, -24972.0)
(89, 1.750939130783081, -175567.0, -24972.0)
(90, 1.771634578704834, -175567.0, -24972.0)
(91, 1.7934517860412598, -175567.0, -24972.0)
(92, 1.8141870498657227, -175567.0, -24972.0)
(93, 1.8353807926177979, -175567.0, -24972.0)
(94, 1.8565399646759033, -175567.0, -24972.0)
(95, 1.877915382385254, -175567.0, -24972.0)
(96, 1.8992664813995361, -175567.0, -24972.0)
(97, 1.9198977947235107, -175567.0, -24972.0)
(98, 1.94087815284729, -175567.0, -24972.0)
(99, 1.9621200561523438, -175567.0, -24972.0)
(100, 1.9829144477844238, -175567.0, -24972.0)
(101, 2.0035905838012695, -175567.0, -24972.0)
(102, 2.0241312980651855, -175567.0, -24972.0)
(103, 2.045287847518921, -175567.0, -24972.0)
(104, 2.0666723251342773, -175567.0, -24972.0)
(105, 2.0876405239105225, -175567.0, -24972.0)
(106, 2.108656406402588, -175567.0, -24972.0)
(107, 2.1300179958343506, -175567.0, -24972.0)
(108, 2.15073299407959, -175567.0, -24972.0)
(109, 2.1715073585510254, -175567.0, -24972.0)
(110, 2.19242000579834, -175567.0, -24972.0)
(111, 2.2137482166290283, -175567.0, -24972.0)
(112, 2.2346222400665283, -175567.0, -24972.0)
(113, 2.2576780319213867, -175567.0, -24972.0)
(114, 2.278672218322754, -175567.0, -24972.0)
(115, 2.2997992038726807, -175567.0, -24972.0)
(116, 2.322343349456787, -175567.0, -24972.0)
(117, 2.344658851623535, -175567.0, -24972.0)
(118, 2.365725040435791, -175567.0, -24972.0)
(119, 2.3870177268981934, -175567.0, -24972.0)
(120, 2.4079716205596924, -175567.0, -24972.0)
(121, 2.4298646450042725, -175567.0, -24972.0)
(122, 2.4519636631011963, -175567.0, -24972.0)
(123, 2.474008083343506, -175567.0, -24972.0)
(124, 2.49636173248291, -175567.0, -24972.0)
(125, 2.518211841583252, -175567.0, -24972.0)
(126, 2.5400798320770264, -175567.0, -24972.0)
(127, 2.562288522720337, -175567.0, -24972.0)
(128, 2.583869457244873, -175567.0, -24972.0)
(129, 2.605844497680664, -175567.0, -24972.0)
(130, 2.62766695022583, -175567.0, -24972.0)
(131, 2.649959087371826, -175567.0, -24972.0)
(132, 2.671802282333374, -175567.0, -24972.0)
(133, 2.6934597492218018, -175567.0, -24972.0)
(134, 2.716198205947876, -175567.0, -24972.0)
(135, 2.7384700775146484, -175567.0, -24972.0)
(136, 2.761021614074707, -175567.0, -24972.0)
(137, 2.7833144664764404, -175567.0, -24972.0)
(138, 2.8049545288085938, -175567.0, -24972.0)
(139, 2.827350616455078, -175567.0, -24972.0)
(140, 2.8491179943084717, -175567.0, -24972.0)
(141, 2.8717336654663086, -175567.0, -24972.0)
(142, 2.8938326835632324, -175567.0, -24972.0)
(143, 2.916311740875244, -175567.0, -24972.0)
(144, 2.938474416732788, -175567.0, -24972.0)
(145, 2.9607932567596436, -175567.0, -24972.0)
(146, 2.9831314086914062, -175567.0, -24972.0)
(147, 3.00530743598938, -175567.0, -24972.0)
(148, 3.027322292327881, -175567.0, -24972.0)
(149, 3.049731492996216, -175567.0, -24972.0)
(150, 3.0723683834075928, -175567.0, -24972.0)
(151, 3.094334363937378, -175567.0, -24972.0)
(152, 3.1172244548797607, -175567.0, -24972.0)
(153, 3.140826940536499, -175567.0, -24972.0)
(154, 3.1635422706604004, -175567.0, -24972.0)
(155, 3.186209201812744, -175567.0, -24972.0)
(156, 3.2090556621551514, -175567.0, -24972.0)
(157, 3.231600761413574, -175567.0, -24972.0)
(158, 3.2542195320129395, -175567.0, -24972.0)
(159, 3.2769241333007812, -175567.0, -24972.0)
(160, 3.3003079891204834, -175567.0, -24972.0)
(161, 3.3223178386688232, -175567.0, -24972.0)
(162, 3.346021890640259, -175567.0, -24972.0)
(163, 3.3687219619750977, -175567.0, -24972.0)
(164, 3.39180064201355, -175567.0, -24972.0)
(165, 3.41483211517334, -175567.0, -24972.0)
(166, 3.438621997833252, -175567.0, -24972.0)
(167, 3.46115779876709, -175567.0, -24972.0)
(168, 3.485734462738037, -175567.0, -24972.0)
(169, 3.5103979110717773, -175567.0, -24972.0)
(170, 3.5334596633911133, -175567.0, -24972.0)
(171, 3.5568597316741943, -175567.0, -24972.0)
(172, 3.579267740249634, -175567.0, -24972.0)
(173, 3.602527379989624, -175567.0, -24972.0)
(174, 3.6257617473602295, -175567.0, -24972.0)
(175, 3.6494669914245605, -175567.0, -24972.0)
(176, 3.6720082759857178, -175567.0, -24972.0)
(177, 3.694932222366333, -175567.0, -24972.0)
(178, 3.718473434448242, -175567.0, -24972.0)
(179, 3.741867780685425, -175567.0, -24972.0)
(180, 3.76515531539917, -175567.0, -24972.0)
(181, 3.789506196975708, -175567.0, -24972.0)
(182, 3.8125617504119873, -175567.0, -24972.0)
(183, 3.8368825912475586, -175567.0, -24972.0)
(184, 3.860562562942505, -175567.0, -24972.0)
(185, 3.8840110301971436, -175567.0, -24972.0)
(186, 3.907872200012207, -175567.0, -24972.0)
(187, 3.9324874877929688, -175567.0, -24972.0)
(188, 3.9569971561431885, -175567.0, -24972.0)
(189, 3.9807286262512207, -175567.0, -24972.0)
(190, 4.005517244338989, -170953.82085487188, -24972.0)
(191, 4.034399032592773, -170953.82085487188, -24972.0)
(192, 4.05629825592041, -170953.82085487188, -24972.0)
(193, 4.077436923980713, -170953.82085487188, -24972.0)
(194, 4.098277568817139, -170953.82085487188, -24972.0)
(195, 4.119376182556152, -170953.82085487188, -24972.0)
(196, 4.14049220085144, -170953.82085487188, -24972.0)
(197, 4.161976099014282, -170953.82085487188, -24972.0)
(198, 4.182868957519531, -170953.82085487188, -24972.0)
(199, 4.203834056854248, -170953.82085487188, -24972.0)
(200, 4.225645303726196, -170953.82085487188, -24972.0)
(201, 4.246873617172241, -170953.82085487188, -24972.0)
(202, 4.268092632293701, -170953.82085487188, -24972.0)
(203, 4.2892210483551025, -170953.82085487188, -24972.0)
(204, 4.310965538024902, -170953.82085487188, -24972.0)
(205, 4.332829475402832, -170953.82085487188, -24972.0)
(206, 4.354451894760132, -170953.82085487188, -24972.0)
(207, 4.375633716583252, -170953.82085487188, -24972.0)
(208, 4.397881984710693, -170953.82085487188, -24972.0)
(209, 4.419079542160034, -170953.82085487188, -24972.0)
(210, 4.440539121627808, -170953.82085487188, -24972.0)
(211, 4.462753772735596, -170953.82085487188, -24972.0)
(212, 4.485676050186157, -170953.82085487188, -24972.0)
(213, 4.508145809173584, -170953.82085487188, -24972.0)
(214, 4.531021595001221, -170953.82085487188, -24972.0)
(215, 4.552112340927124, -170953.82085487188, -24972.0)
(216, 4.573242902755737, -170953.82085487188, -24972.0)
(217, 4.594951152801514, -170953.82085487188, -24972.0)
(218, 4.616998195648193, -170953.82085487188, -24972.0)
(219, 4.641250371932983, -170953.82085487188, -24972.0)
(220, 4.664741277694702, -170953.82085487188, -24972.0)
(221, 4.687451601028442, -170953.82085487188, -24972.0)
(222, 4.709540843963623, -170953.82085487188, -24972.0)
(223, 4.731552839279175, -170953.82085487188, -24972.0)
(224, 4.754333972930908, -170953.82085487188, -24972.0)
(225, 4.776941776275635, -170953.82085487188, -24972.0)
(226, 4.7992918491363525, -170953.82085487188, -24972.0)
(227, 4.822042942047119, -170953.82085487188, -24972.0)
(228, 4.845147609710693, -170953.82085487188, -24972.0)
(229, 4.867794752120972, -170953.82085487188, -24972.0)
(230, 4.889739990234375, -170953.82085487188, -24972.0)
(231, 4.912224769592285, -170953.82085487188, -24972.0)
(232, 4.934529542922974, -170953.82085487188, -24972.0)
(233, 4.957837820053101, -170953.82085487188, -24972.0)
(234, 4.980940103530884, -170953.82085487188, -24972.0)
(235, 5.002974510192871, -170953.82085487188, -24972.0)
(236, 5.025490999221802, -170953.82085487188, -24972.0)
(237, 5.048572063446045, -170953.82085487188, -24972.0)
(238, 5.071283340454102, -170953.82085487188, -24972.0)
(239, 5.0945024490356445, -170953.82085487188, -24972.0)
(240, 5.117921829223633, -170953.82085487188, -24972.0)
(241, 5.141155481338501, -170953.82085487188, -24972.0)
(242, 5.164964914321899, -170953.82085487188, -24972.0)
(243, 5.187476396560669, -170953.82085487188, -24972.0)
(244, 5.2104878425598145, -170953.82085487188, -24972.0)
(245, 5.234050273895264, -170953.82085487188, -24972.0)
(246, 5.256830453872681, -170953.82085487188, -24972.0)
(247, 5.278980255126953, -170953.82085487188, -24972.0)
(248, 5.3030900955200195, -170953.82085487188, -24972.0)
(249, 5.326280355453491, -170953.82085487188, -24972.0)
(250, 5.349404573440552, -170953.82085487188, -24972.0)
(251, 5.373116731643677, -170953.82085487188, -24972.0)
(252, 5.395389556884766, -170953.82085487188, -24972.0)
(253, 5.4186437129974365, -170953.82085487188, -24972.0)
(254, 5.441461563110352, -170953.82085487188, -24972.0)
(255, 5.464301109313965, -170953.82085487188, -24972.0)
(256, 5.488870859146118, -170953.82085487188, -24972.0)
(257, 5.5142505168914795, -170953.82085487188, -24972.0)
(258, 5.537675142288208, -170953.82085487188, -24972.0)
(259, 5.561096906661987, -170953.82085487188, -24972.0)
(260, 5.58449387550354, -170953.82085487188, -24972.0)
(261, 5.609042644500732, -170953.82085487188, -24972.0)
(262, 5.632099390029907, -170953.82085487188, -24972.0)
(263, 5.655335903167725, -170953.82085487188, -24972.0)
(264, 5.678436279296875, -170953.82085487188, -24972.0)
(265, 5.703183889389038, -170953.82085487188, -24972.0)
(266, 5.726820230484009, -170953.82085487188, -24972.0)
(267, 5.750953674316406, -170953.82085487188, -24972.0)
(268, 5.7748072147369385, -170953.82085487188, -24972.0)
(269, 5.799752712249756, -170953.82085487188, -24972.0)
(270, 5.824307680130005, -170953.82085487188, -24972.0)
(271, 5.848792552947998, -170953.82085487188, -24972.0)
(272, 5.872233152389526, -170953.82085487188, -24972.0)
(273, 5.896925926208496, -170953.82085487188, -24972.0)
(274, 5.920551538467407, -170953.82085487188, -24972.0)
(275, 5.944746255874634, -170953.82085487188, -24972.0)
(276, 5.968913316726685, -170953.82085487188, -24972.0)
(277, 5.994029760360718, -170953.82085487188, -24972.0)
(278, 6.019866704940796, -170953.82085487188, -24972.0)
(279, 6.043770790100098, -170953.82085487188, -24972.0)
(280, 6.066980361938477, -170953.82085487188, -24972.0)
(281, 6.089825868606567, -170953.82085487188, -24972.0)
(282, 6.114975929260254, -170953.82085487188, -24972.0)
(283, 6.140842437744141, -170953.82085487188, -24972.0)
(284, 6.16434383392334, -170953.82085487188, -24972.0)
(285, 6.190666437149048, -170953.82085487188, -24972.0)
(286, 6.215002059936523, -170953.82085487188, -24972.0)
(287, 6.240585088729858, -170953.82085487188, -24972.0)
(288, 6.265965700149536, -170953.82085487188, -24972.0)
(289, 6.290560007095337, -170953.82085487188, -24972.0)
(290, 6.316293001174927, -170953.82085487188, -24972.0)
(291, 6.342548131942749, -170953.82085487188, -24972.0)
(292, 6.368403434753418, -170953.82085487188, -24972.0)
(293, 6.394816637039185, -170953.82085487188, -24972.0)
(294, 6.422121524810791, -170953.82085487188, -24972.0)
(295, 6.4510722160339355, -170953.82085487188, -24972.0)
(296, 6.478650808334351, -170953.82085487188, -24972.0)
(297, 6.506675481796265, -170953.82085487188, -24972.0)
(298, 6.533527851104736, -170953.82085487188, -24972.0)
(299, 6.567630052566528, -170953.82085487188, -24972.0)
(300, 6.596997499465942, -170953.82085487188, -24972.0)
(301, 6.625466585159302, -170953.82085487188, -24972.0)
(302, 6.652899265289307, -170953.82085487188, -24972.0)
(303, 6.684756278991699, -170953.82085487188, -24972.0)
(304, 6.720161437988281, -170953.82085487188, -24972.0)
(305, 6.7456254959106445, -170953.82085487188, -24972.0)
(306, 6.773149013519287, -170953.82085487188, -24972.0)
(307, 6.803255319595337, -170953.82085487188, -24972.0)
(308, 6.838380575180054, -170953.82085487188, -24972.0)
(309, 6.8654704093933105, -170953.82085487188, -24972.0)
(310, 6.887966156005859, -170953.82085487188, -24972.0)
(311, 6.911070108413696, -170953.82085487188, -24972.0)
(312, 6.936223745346069, -170953.82085487188, -24972.0)
(313, 6.961111307144165, -170953.82085487188, -24972.0)
(314, 6.987741470336914, -170953.82085487188, -24972.0)
(315, 7.016621112823486, -170953.82085487188, -24972.0)
(316, 7.0430381298065186, -170953.82085487188, -24972.0)
(317, 7.0665123462677, -170953.82085487188, -24972.0)
(318, 7.092059373855591, -170953.82085487188, -24972.0)
(319, 7.117408275604248, -170953.82085487188, -24972.0)
(320, 7.144221067428589, -170953.82085487188, -24972.0)
(321, 7.16821026802063, -170953.82085487188, -24972.0)
(322, 7.193984270095825, -170953.82085487188, -24972.0)
(323, 7.217979192733765, -170953.82085487188, -24972.0)
(324, 7.24072527885437, -170953.82085487188, -24972.0)
(325, 7.263371467590332, -170953.82085487188, -24972.0)
(326, 7.288069248199463, -170953.82085487188, -24972.0)
(327, 7.311413288116455, -170953.82085487188, -24972.0)
(328, 7.333650827407837, -170953.82085487188, -24972.0)
(329, 7.356064081192017, -170953.82085487188, -24972.0)
(330, 7.386535167694092, -170953.82085487188, -24972.0)
(331, 7.411001205444336, -170953.82085487188, -24972.0)
(332, 7.435805082321167, -170953.82085487188, -24972.0)
(333, 7.4604809284210205, -170953.82085487188, -24972.0)
(334, 7.484416961669922, -170953.82085487188, -24972.0)
(335, 7.50810980796814, -170953.82085487188, -24972.0)
(336, 7.53049898147583, -170953.82085487188, -24972.0)
(337, 7.5534751415252686, -170953.82085487188, -24972.0)
(338, 7.592371225357056, -170953.82085487188, -24972.0)
(339, 7.621625661849976, -170953.82085487188, -24972.0)
(340, 7.649816036224365, -170953.82085487188, -24972.0)
(341, 7.681325435638428, -170953.82085487188, -24972.0)
(342, 7.717971086502075, -170953.82085487188, -24972.0)
(343, 7.750822067260742, -170953.82085487188, -24972.0)
(344, 7.788015842437744, -170953.82085487188, -24972.0)
(345, 7.819662809371948, -170953.82085487188, -24972.0)
(346, 7.856710433959961, -170953.82085487188, -24972.0)
(347, 7.887512922286987, -170953.82085487188, -24972.0)
(348, 7.919324159622192, -170953.82085487188, -24972.0)
(349, 7.951095819473267, -170953.82085487188, -24972.0)
(350, 7.988553762435913, -170953.82085487188, -24972.0)
(351, 8.027166604995728, -170953.82085487188, -24972.0)
(352, 8.060417413711548, -170953.82085487188, -24972.0)
(353, 8.099984169006348, -170953.82085487188, -24972.0)
(354, 8.137747287750244, -170953.82085487188, -24972.0)
(355, 8.178633451461792, -170953.82085487188, -24972.0)
(356, 8.221369743347168, -146269.80812665477, -24972.0)
(357, 8.25455617904663, -146269.80812665477, -24972.0)
(358, 8.295995473861694, -146269.80812665477, -24972.0)
(359, 8.335017204284668, -146269.80812665477, -24972.0)
(360, 8.363741636276245, -146269.80812665477, -24972.0)
(361, 8.394327163696289, -146269.80812665477, -24972.0)
(362, 8.422285795211792, -146269.80812665477, -24972.0)
(363, 8.449718236923218, -138459.40999999997, -24972.0)
(364, 8.477704524993896, -138459.40999999997, -24972.0)
(365, 8.508787393569946, -138459.40999999997, -24972.0)
(366, 8.536571741104126, -138459.40999999997, -24972.0)
(367, 8.568085193634033, -138459.40999999997, -24972.0)
(368, 8.597843647003174, -138459.40999999997, -24972.0)
(369, 8.622005462646484, -138459.40999999997, -24972.0)
(370, 8.649332523345947, -138459.40999999997, -24972.0)
(371, 8.671731948852539, -138459.40999999997, -24972.0)
(372, 8.709694623947144, -138459.40999999997, -24972.0)
(373, 8.747586965560913, -138459.40999999997, -24972.0)
(374, 8.779693841934204, -138459.40999999997, -24972.0)
(375, 8.815250396728516, -138459.40999999997, -24972.0)
(376, 8.855954647064209, -138459.40999999997, -24972.0)
(377, 8.886437892913818, -138459.40999999997, -24972.0)
(378, 8.924875259399414, -138459.40999999997, -24972.0)
(379, 8.957956790924072, -138459.40999999997, -24972.0)
(380, 8.986118793487549, -138459.40999999997, -24972.0)
(381, 9.02454662322998, -138459.40999999997, -24972.0)
(382, 9.049184322357178, -138459.40999999997, -24972.0)
(383, 9.092095613479614, -138459.40999999997, -24972.0)
(384, 9.124045610427856, -138459.40999999997, -24972.0)
(385, 9.152070045471191, -138459.40999999997, -24972.0)
(386, 9.180012464523315, -138459.40999999997, -24972.0)
(387, 9.207650184631348, -138459.40999999997, -24972.0)
(388, 9.232301712036133, -138459.40999999997, -24972.0)
(389, 9.257728338241577, -138459.40999999997, -24972.0)
(390, 9.286836385726929, -138459.40999999997, -24972.0)
(391, 9.313922882080078, -138459.40999999997, -24972.0)
(392, 9.339213132858276, -138459.40999999997, -24972.0)
(393, 9.37954306602478, -138459.40999999997, -24972.0)
(394, 9.412039995193481, -138459.40999999997, -24972.0)
(395, 9.445679426193237, -138459.40999999997, -24972.0)
(396, 9.481667280197144, -138459.40999999997, -24972.0)
(397, 9.522726774215698, -138459.40999999997, -24972.0)
(398, 9.564779043197632, -138459.40999999997, -24972.0)
(399, 9.605730533599854, -138459.40999999997, -24972.0)
(400, 9.648260354995728, -138459.40999999997, -24972.0)
(401, 9.679967403411865, -138459.40999999997, -24972.0)
(402, 9.710279941558838, -138459.40999999997, -24972.0)
(403, 9.744005680084229, -138459.40999999997, -24972.0)
(404, 9.778085231781006, -138459.40999999997, -24972.0)
(405, 9.807234525680542, -138459.40999999997, -24972.0)
(406, 9.842302799224854, -138459.40999999997, -24972.0)
(407, 9.875093936920166, -138459.40999999997, -24972.0)
(408, 9.909058094024658, -138459.40999999997, -24972.0)
(409, 9.943326711654663, -138459.40999999997, -24972.0)
(410, 9.97555661201477, -138459.40999999997, -24972.0)
(411, 10.009641885757446, -138459.40999999997, -24972.0)
(412, 10.043291568756104, -138459.40999999997, -24972.0)
(413, 10.071542263031006, -138459.40999999997, -24972.0)
(414, 10.11390495300293, -138459.40999999997, -24972.0)
(415, 10.148684978485107, -138459.40999999997, -24972.0)
(416, 10.184625387191772, -138459.40999999997, -24972.0)
(417, 10.21571397781372, -138459.40999999997, -24972.0)
(418, 10.259562969207764, -138459.40999999997, -24972.0)
(419, 10.290838479995728, -138459.40999999997, -24972.0)
(420, 10.332802772521973, -138459.40999999997, -24972.0)
(421, 10.379063129425049, -138459.40999999997, -24972.0)
(422, 10.423807621002197, -138459.40999999997, -24972.0)
(423, 10.45825719833374, -138459.40999999997, -24972.0)
(424, 10.510934829711914, -138459.40999999997, -24972.0)
(425, 10.560257911682129, -138459.40999999997, -24972.0)
(426, 10.606332540512085, -138459.40999999997, -24972.0)
(427, 10.643601655960083, -138459.40999999997, -24972.0)
(428, 10.669209003448486, -138459.40999999997, -24972.0)
(429, 10.695318698883057, -138459.40999999997, -24972.0)
(430, 10.724134683609009, -138459.40999999997, -24972.0)
(431, 10.752726554870605, -138459.40999999997, -24972.0)
(432, 10.780542135238647, -138459.40999999997, -24972.0)
(433, 10.809075832366943, -138459.40999999997, -24972.0)
(434, 10.836714506149292, -138459.40999999997, -24972.0)
(435, 10.863429546356201, -138459.40999999997, -24972.0)
(436, 10.89314603805542, -138459.40999999997, -24972.0)
(437, 10.920695781707764, -138459.40999999997, -24972.0)
(438, 10.94536542892456, -138459.40999999997, -24972.0)
(439, 10.973254442214966, -138459.40999999997, -24972.0)
(440, 10.998519897460938, -138459.40999999997, -24972.0)
(441, 11.025766134262085, -138459.40999999997, -24972.0)
(442, 11.05339503288269, -138459.40999999997, -24972.0)
(443, 11.082971096038818, -138459.40999999997, -24972.0)
(444, 11.108461141586304, -138459.40999999997, -24972.0)
(445, 11.136897563934326, -138459.40999999997, -24972.0)
(446, 11.164244174957275, -138459.40999999997, -24972.0)
(447, 11.189943075180054, -138459.40999999997, -24972.0)
(448, 11.217323064804077, -138459.40999999997, -24972.0)
(449, 11.243705034255981, -138459.40999999997, -24972.0)
(450, 11.270148754119873, -138459.40999999997, -24972.0)
(451, 11.296988487243652, -138459.40999999997, -24972.0)
(452, 11.321149587631226, -138459.40999999997, -24972.0)
(453, 11.346143007278442, -138459.40999999997, -24972.0)
(454, 11.371145725250244, -138459.40999999997, -24972.0)
(455, 11.40050983428955, -138459.40999999997, -24972.0)
(456, 11.425169944763184, -138459.40999999997, -24972.0)
(457, 11.4490065574646, -138459.40999999997, -24972.0)
(458, 11.475095748901367, -138459.40999999997, -24972.0)
(459, 11.50334906578064, -138459.40999999997, -24972.0)
(460, 11.530043363571167, -138459.40999999997, -24972.0)
(461, 11.557798862457275, -138459.40999999997, -24972.0)
(462, 11.58393144607544, -138459.40999999997, -24972.0)
(463, 11.610796928405762, -138459.40999999997, -24972.0)
(464, 11.637042760848999, -138459.40999999997, -24972.0)
(465, 11.662318229675293, -138459.40999999997, -24972.0)
(466, 11.691339254379272, -138459.40999999997, -24972.0)
(467, 11.716759204864502, -138459.40999999997, -24972.0)
(468, 11.742780208587646, -138459.40999999997, -24972.0)
(469, 11.772218227386475, -138459.40999999997, -24972.0)
(470, 11.800088882446289, -138459.40999999997, -24972.0)
(471, 11.82857632637024, -138459.40999999997, -24972.0)
(472, 11.857569932937622, -138459.40999999997, -24972.0)
(473, 11.887961149215698, -138459.40999999997, -24972.0)
(474, 11.91525673866272, -138459.40999999997, -24972.0)
(475, 11.94544529914856, -138459.40999999997, -24972.0)
(476, 11.975611448287964, -138459.40999999997, -24972.0)
(477, 12.002161026000977, -138459.40999999997, -24972.0)
(478, 12.031074285507202, -138459.40999999997, -24972.0)
(479, 12.059223890304565, -138459.40999999997, -24972.0)
(480, 12.086910247802734, -138459.40999999997, -24972.0)
(481, 12.114173650741577, -138459.40999999997, -24972.0)
(482, 12.142354488372803, -138459.40999999997, -24972.0)
(483, 12.172590255737305, -138459.40999999997, -24972.0)
(484, 12.198580265045166, -138459.40999999997, -24972.0)
(485, 12.229109287261963, -138459.40999999997, -24972.0)
(486, 12.259153366088867, -138459.40999999997, -24972.0)
(487, 12.288153171539307, -138459.40999999997, -24972.0)
(488, 12.316192626953125, -138459.40999999997, -24972.0)
(489, 12.345848321914673, -138459.40999999997, -24972.0)
(490, 12.374092817306519, -138459.40999999997, -24972.0)
(491, 12.4022057056427, -138459.40999999997, -24972.0)
(492, 12.430764436721802, -138459.40999999997, -24972.0)
(493, 12.45756196975708, -138459.40999999997, -24972.0)
(494, 12.487871170043945, -138459.40999999997, -24972.0)
(495, 12.519042730331421, -138459.40999999997, -24972.0)
(496, 12.548033475875854, -138459.40999999997, -24972.0)
(497, 12.577523946762085, -138459.40999999997, -24972.0)
(498, 12.605865955352783, -138459.40999999997, -24972.0)
(499, 12.634046077728271, -138459.40999999997, -24972.0)
(500, 12.66188907623291, -138459.40999999997, -24972.0)
(501, 12.695169687271118, -138459.40999999997, -24972.0)
(502, 12.741001605987549, -138459.40999999997, -24972.0)
(503, 12.785895347595215, -138459.40999999997, -24972.0)
(504, 12.821342945098877, -138459.40999999997, -24972.0)
(505, 12.862304210662842, -138459.40999999997, -24972.0)
(506, 12.905970811843872, -138459.40999999997, -24972.0)
(507, 12.943874835968018, -138459.40999999997, -24972.0)
(508, 12.983412981033325, -138459.40999999997, -24972.0)
(509, 13.02079725265503, -138459.40999999997, -24972.0)
(510, 13.055817365646362, -138459.40999999997, -24972.0)
(511, 13.093221426010132, -138459.40999999997, -24972.0)
(512, 13.132359743118286, -138459.40999999997, -24972.0)
(513, 13.168575048446655, -138459.40999999997, -24972.0)
(514, 13.209404706954956, -138459.40999999997, -24972.0)
(515, 13.248398542404175, -138459.40999999997, -24972.0)
(516, 13.289896965026855, -138459.40999999997, -24972.0)
(517, 13.327599048614502, -138459.40999999997, -24972.0)
(518, 13.367631912231445, -138459.40999999997, -24972.0)
(519, 13.411872148513794, -138459.40999999997, -24972.0)
(520, 13.454309940338135, -138459.40999999997, -24972.0)
(521, 13.495998859405518, -138459.40999999997, -24972.0)
(522, 13.541410207748413, -138459.40999999997, -24972.0)
(523, 13.584567546844482, -138459.40999999997, -24972.0)
(524, 13.635470151901245, -138459.40999999997, -24972.0)
(525, 13.680466175079346, -138459.40999999997, -24972.0)
(526, 13.72085690498352, -138459.40999999997, -24972.0)
(527, 13.763835191726685, -138459.40999999997, -24972.0)
(528, 13.809150218963623, -138459.40999999997, -24972.0)
(529, 13.853974342346191, -138459.40999999997, -24972.0)
(530, 13.896547079086304, -138459.40999999997, -24972.0)
(531, 13.950163125991821, -138459.40999999997, -24972.0)
(532, 13.993664264678955, -138459.40999999997, -24972.0)
(533, 14.057762622833252, -138459.40999999997, -24972.0)
(534, 14.107075929641724, -138459.40999999997, -24972.0)
(535, 14.163996458053589, -138459.40999999997, -24972.0)
(536, 14.205168724060059, -138459.40999999997, -24972.0)
(537, 14.249460697174072, -138459.40999999997, -24972.0)
(538, 14.289148569107056, -138459.40999999997, -24972.0)
(539, 14.348349571228027, -138459.40999999997, -24972.0)
(540, 14.404351949691772, -138459.40999999997, -24972.0)
(541, 14.445632457733154, -97624.17115384617, -24972.0)
(542, 14.490324974060059, -97624.17115384617, -24972.0)
(543, 14.538496732711792, -97624.17115384617, -24972.0)
(544, 14.594974756240845, -97624.17115384617, -24972.0)
(545, 14.65403151512146, -97624.17115384617, -24972.0)
(546, 14.691412687301636, -97624.17115384617, -24972.0)
(547, 14.75532603263855, -97624.17115384617, -24972.0)
(548, 14.78884220123291, -97624.17115384617, -24972.0)
(549, 14.82568359375, -97624.17115384617, -24972.0)
(550, 14.866124153137207, -97624.17115384617, -24972.0)
(551, 14.909208059310913, -97624.17115384617, -24972.0)
(552, 14.950925827026367, -97624.17115384617, -24972.0)
(553, 14.986708164215088, -97624.17115384617, -24972.0)
(554, 15.029685020446777, -97624.17115384617, -24972.0)
(555, 15.076738595962524, -97624.17115384617, -24972.0)
(556, 15.10942029953003, -97624.17115384617, -24972.0)
(557, 15.14631962776184, -97624.17115384617, -24972.0)
(558, 15.185957431793213, -97624.17115384617, -24972.0)
(559, 15.222383499145508, -97624.17115384617, -24972.0)
(560, 15.260770797729492, -97624.17115384617, -24972.0)
(561, 15.297101497650146, -97624.17115384617, -24972.0)
(562, 15.334670305252075, -97624.17115384617, -24972.0)
(563, 15.370166778564453, -97624.17115384617, -24972.0)
(564, 15.411080598831177, -97624.17115384617, -24972.0)
(565, 15.449803829193115, -97624.17115384617, -24972.0)
(566, 15.488794088363647, -97624.17115384617, -24972.0)
(567, 15.530449151992798, -97624.17115384617, -24972.0)
(568, 15.569236755371094, -97624.17115384617, -24972.0)
(569, 15.604522228240967, -97624.17115384617, -24972.0)
(570, 15.642369747161865, -97624.17115384617, -24972.0)
(571, 15.679462671279907, -97624.17115384617, -24972.0)
(572, 15.72178840637207, -97624.17115384617, -24972.0)
(573, 15.765326023101807, -97624.17115384617, -24972.0)
(574, 15.807482957839966, -97624.17115384617, -24972.0)
(575, 15.848891735076904, -97624.17115384617, -24972.0)
(576, 15.891946077346802, -97624.17115384617, -24972.0)
(577, 15.927844524383545, -97624.17115384617, -24972.0)
(578, 15.971450567245483, -97624.17115384617, -24972.0)
(579, 16.03425407409668, -97624.17115384617, -24972.0)
(580, 16.07318425178528, -97624.17115384617, -24972.0)
(581, 16.12168526649475, -97624.17115384617, -24972.0)
(582, 16.159626483917236, -97624.17115384617, -24972.0)
(583, 16.198852062225342, -97624.17115384617, -24972.0)
(584, 16.25035858154297, -97624.17115384617, -24972.0)
(585, 16.290104150772095, -97624.17115384617, -24972.0)
(586, 16.329633712768555, -97624.17115384617, -24972.0)
(587, 16.38266158103943, -97624.17115384617, -24972.0)
(588, 16.423554182052612, -97624.17115384617, -24972.0)
(589, 16.467668771743774, -97624.17115384617, -24972.0)
(590, 16.498441457748413, -97624.17115384617, -24972.0)
(591, 16.53087282180786, -97624.17115384617, -24972.0)
(592, 16.561012983322144, -97624.17115384617, -24972.0)
(593, 16.589691877365112, -97624.17115384617, -24972.0)
(594, 16.61812138557434, -97624.17115384617, -24972.0)
(595, 16.646509647369385, -97624.17115384617, -24972.0)
(596, 16.67580270767212, -97624.17115384617, -24972.0)
(597, 16.70475482940674, -97624.17115384617, -24972.0)
(598, 16.733325004577637, -97624.17115384617, -24972.0)
(599, 16.76274585723877, -97624.17115384617, -24972.0)
(600, 16.79126811027527, -97624.17115384617, -24972.0)
(601, 16.821866989135742, -97624.17115384617, -24972.0)
(602, 16.85126519203186, -97624.17115384617, -24972.0)
(603, 16.88048529624939, -97624.17115384617, -24972.0)
(604, 16.91219997406006, -97624.17115384617, -24972.0)
(605, 16.944631576538086, -97624.17115384617, -24972.0)
(606, 16.975080013275146, -97624.17115384617, -24972.0)
(607, 17.00358009338379, -97624.17115384617, -24972.0)
(608, 17.034581422805786, -97624.17115384617, -24972.0)
(609, 17.063853979110718, -97624.17115384617, -24972.0)
(610, 17.092628717422485, -97624.17115384617, -24972.0)
(611, 17.12409210205078, -97624.17115384617, -24972.0)
(612, 17.152896642684937, -97624.17115384617, -24972.0)
(613, 17.184821844100952, -97624.17115384617, -24972.0)
(614, 17.216322422027588, -97624.17115384617, -24972.0)
(615, 17.246634006500244, -97624.17115384617, -24972.0)
(616, 17.27978253364563, -97624.17115384617, -24972.0)
(617, 17.308626890182495, -97624.17115384617, -24972.0)
(618, 17.340283632278442, -97624.17115384617, -24972.0)
(619, 17.374306678771973, -97624.17115384617, -24972.0)
(620, 17.406973123550415, -97624.17115384617, -24972.0)
(621, 17.434749364852905, -97624.17115384617, -24972.0)
(622, 17.46709132194519, -97624.17115384617, -24972.0)
(623, 17.502042055130005, -97624.17115384617, -24972.0)
(624, 17.541849374771118, -97624.17115384617, -24972.0)
(625, 17.572141885757446, -97624.17115384617, -24972.0)
(626, 17.60742950439453, -97624.17115384617, -24972.0)
(627, 17.636561632156372, -97624.17115384617, -24972.0)
(628, 17.6678786277771, -97624.17115384617, -24972.0)
(629, 17.69823908805847, -97624.17115384617, -24972.0)
(630, 17.736597776412964, -97624.17115384617, -24972.0)
(631, 17.771705865859985, -97624.17115384617, -24972.0)
(632, 17.801353931427002, -97624.17115384617, -24972.0)
(633, 17.83348035812378, -97624.17115384617, -24972.0)
(634, 17.87001395225525, -97624.17115384617, -24972.0)
(635, 17.90390944480896, -97624.17115384617, -24972.0)
(636, 17.938579320907593, -97624.17115384617, -24972.0)
(637, 17.970916509628296, -97624.17115384617, -24972.0)
(638, 18.007454872131348, -97624.17115384617, -24972.0)
(639, 18.045640230178833, -97624.17115384617, -24972.0)
(640, 18.07677674293518, -97624.17115384617, -24972.0)
(641, 18.110151290893555, -97624.17115384617, -24972.0)
(642, 18.145427227020264, -94956.13265306123, -24972.0)
(643, 18.201732635498047, -94956.13265306123, -24972.0)
(644, 18.306344270706177, -94677.14492753622, -24972.0)
(645, 18.398364543914795, -93718.04264705884, -24972.0)
(646, 18.50523853302002, -84626.85691188359, -24972.0)
(647, 18.7374107837677, -82077.18404773934, -24972.0)
(648, 18.883724689483643, -82077.18404773934, -24972.0)
(649, 19.16219925880432, -58663.194215189964, -24972.0)
(650, 19.324292182922363, -56817.966217948735, -24972.0)
(651, 19.480383157730103, -38867.44776300466, -24972.0)
(652, 19.73097014427185, -34286.62141735571, -33676.756032758276)
(653, 19.815473318099976, -33941.47170640043, -33703.59802515709)
(654, 19.893580436706543, -33855.64598707992, -33722.128148880845)
(655, 19.955058813095093, -33788.570571247656, -33723.78113128115)
(656, 20.019299030303955, -33788.570571247656, -33725.31975859553)
(657, 20.077216625213623, -33741.63275469012, -33727.007448504795)
(658, 20.128511667251587, -33731.516199274185, -33727.91294377353)
(659, 20.17040252685547, -33728.013667902334, -33728.01366790226)
(660, 20.20438265800476, -33728.013667902276, -33728.01366790227)
