(1, 0.12598156929016113, -670000.0, -23292.0)
(2, 0.2899355888366699, -325096.81477476005, -23292.0)
(3, 0.4219086170196533, -158174.7060850392, -23292.0)
(4, 0.5682675838470459, -82263.79329730866, -23292.0)
(5, 0.7385954856872559, -53615.92456423068, -23292.0)
(6, 0.9287469387054443, -49480.60194837325, -23292.0)
(7, 1.154012680053711, -37864.849923596674, -31368.41666666667)
(8, 1.394458532333374, -33417.29889018529, -31475.5)
(9, 1.6286349296569824, -32062.890330949176, -31475.5)
(10, 1.8711841106414795, -31651.71709928368, -31475.5)
(11, 2.137571096420288, -31528.365129784273, -31475.5)
(12, 2.3976263999938965, -31491.359538935445, -31475.5)
(13, 2.6537351608276367, -31480.257861679493, -31475.5)
(14, 2.913212537765503, -31476.927358501573, -31475.5)
(15, 3.1800708770751953, -31475.928207542926, -31475.5)
(16, 3.4347217082977295, -31475.62846226243, -31475.5)
(17, 3.701046943664551, -31475.538538676803, -31475.5)
(18, 3.961332321166992, -31475.511561601903, -31475.5)
(19, 4.2262914180755615, -31475.503468479274, -31475.5)
