(1, 0.03629493713378906, -117177.0, -28933.0)
(2, 0.07121491432189941, -76337.24973961693, -28933.0)
(3, 0.10872483253479004, -69854.08565692927, -28933.0)
(4, 0.15120434761047363, -67356.22887205787, -28933.0)
(5, 0.1970505714416504, -66469.51052304753, -28933.0)
(6, 0.25197696685791016, -65175.98530842494, -28933.0)
(7, 0.311551570892334, -65175.98530842494, -28933.0)
(8, 0.3739128112792969, -62024.270316118345, -28933.0)
(9, 0.43950510025024414, -56723.8995820153, -28933.0)
(10, 0.5045337677001953, -50473.79336018924, -28933.0)
(11, 0.5737614631652832, -45431.082238161864, -28933.0)
(12, 0.6546070575714111, -38059.524049401734, -28933.0)
(13, 0.75058913230896, -35639.27066516853, -33479.146858680164)
(14, 0.858170747756958, -34784.6365229586, -33513.70499069232)
(15, 0.9755821228027344, -34310.60977438405, -33571.31578947369)
(16, 1.0956833362579346, -33998.87537343311, -33606.836851590284)
(17, 1.2201175689697266, -33874.23215743211, -33627.70871559633)
(18, 1.349534511566162, -33785.29242757787, -33670.40578882273)
(19, 1.492917776107788, -33756.650711914706, -33683.36654626977)
(20, 1.6305365562438965, -33732.5847884482, -33688.35666246323)
(21, 1.7756035327911377, -33709.15860054523, -33691.17963651302)
(22, 1.924506425857544, -33699.225296846686, -33692.163890686505)
(23, 2.075469732284546, -33699.225296846686, -33692.980217234006)
(24, 2.2325894832611084, -33695.009134403634, -33693.202207646784)
(25, 2.390625476837158, -33693.74428567378, -33693.20220764676)
(26, 2.552086114883423, -33693.36483105432, -33693.202207646784)
(27, 2.707956314086914, -33693.25099466894, -33693.20220764678)
(28, 2.8647611141204834, -33693.216843753406, -33693.202207646784)
(29, 3.0300076007843018, -33693.20659844633, -33693.202207646784)
