(1, 0.03516197204589844, -102083.0, -28738.0)
(2, 0.06866955757141113, -70559.1678108566, -28738.0)
(3, 0.1047971248626709, -68822.4311408911, -28738.0)
(4, 0.1442098617553711, -68822.4311408911, -28738.0)
(5, 0.18671512603759766, -68822.4311408911, -28738.0)
(6, 0.23368382453918457, -68822.4311408911, -28738.0)
(7, 0.2865874767303467, -66643.2328979045, -28738.0)
(8, 0.3460962772369385, -61734.53583588706, -28738.0)
(9, 0.4177579879760742, -51790.506805189645, -28738.0)
(10, 0.4871196746826172, -43618.7843798339, -28738.0)
(11, 0.5691204071044922, -37225.43171836743, -28738.0)
(12, 0.6486673355102539, -36060.26213047569, -34107.61353383459)
(13, 0.7280528545379639, -35239.52363701071, -34194.21912851033)
(14, 0.8099522590637207, -34754.01568569896, -34224.50627469339)
(15, 0.8988656997680664, -34534.91003018013, -34246.82395861768)
(16, 0.9931118488311768, -34429.519903396904, -34273.39808740131)
(17, 1.0980772972106934, -34351.28285127046, -34277.85747821239)
(18, 1.211860179901123, -34312.523415961616, -34282.11493015633)
(19, 1.3192331790924072, -34304.72643746938, -34283.24783601425)
(20, 1.427274227142334, -34302.39718161972, -34293.236607745945)
(21, 1.5316627025604248, -34298.46522137158, -34294.35294117647)
(22, 1.6348037719726562, -34298.14828169712, -34294.42617717477)
(23, 1.7377326488494873, -34296.500652800474, -34294.72540601083)
(24, 1.838315486907959, -34296.500652800474, -34294.757763975154)
(25, 1.9560368061065674, -34295.35948070901, -34294.84857695726)
(26, 2.0618650913238525, -34295.001848046995, -34294.84857695724)
(27, 2.164431095123291, -34294.89455828425, -34294.84857695726)
(28, 2.2783193588256836, -34294.8623713554, -34294.84857695724)
(29, 2.3902692794799805, -34294.85271532792, -34294.84857695726)
