(1, 0.014918327331542969, -87860.0, -28709.0)
(2, 0.02908468246459961, -87860.0, -28709.0)
(3, 0.04325437545776367, -87860.0, -28709.0)
(4, 0.05785512924194336, -87860.0, -28709.0)
(5, 0.07195162773132324, -87860.0, -28709.0)
(6, 0.08649921417236328, -87860.0, -28709.0)
(7, 0.10082101821899414, -87860.0, -28709.0)
(8, 0.11490964889526367, -87860.0, -28709.0)
(9, 0.12948036193847656, -87860.0, -28709.0)
(10, 0.14362359046936035, -87860.0, -28709.0)
(11, 0.15802574157714844, -87860.0, -28709.0)
(12, 0.17244577407836914, -87860.0, -28709.0)
(13, 0.18667125701904297, -87860.0, -28709.0)
(14, 0.20096635818481445, -87860.0, -28709.0)
(15, 0.2155139446258545, -87860.0, -28709.0)
(16, 0.2301163673400879, -87860.0, -28709.0)
(17, 0.244598388671875, -87860.0, -28709.0)
(18, 0.2592446804046631, -87860.0, -28709.0)
(19, 0.2735304832458496, -87860.0, -28709.0)
(20, 0.28814029693603516, -87860.0, -28709.0)
(21, 0.3024923801422119, -87860.0, -28709.0)
(22, 0.31699371337890625, -87860.0, -28709.0)
(23, 0.3311898708343506, -87860.0, -28709.0)
(24, 0.3454701900482178, -87860.0, -28709.0)
(25, 0.35970234870910645, -87860.0, -28709.0)
(26, 0.37448811531066895, -87860.0, -28709.0)
(27, 0.3894658088684082, -87860.0, -28709.0)
(28, 0.40498781204223633, -87860.0, -28709.0)
(29, 0.4202101230621338, -87860.0, -28709.0)
(30, 0.4354970455169678, -87860.0, -28709.0)
(31, 0.45081281661987305, -87860.0, -28709.0)
(32, 0.466022253036499, -87860.0, -28709.0)
(33, 0.48117995262145996, -87860.0, -28709.0)
(34, 0.4969775676727295, -87860.0, -28709.0)
(35, 0.512251615524292, -87860.0, -28709.0)
(36, 0.5271925926208496, -87860.0, -28709.0)
(37, 0.542910099029541, -87860.0, -28709.0)
(38, 0.5580341815948486, -87860.0, -28709.0)
(39, 0.5735445022583008, -87860.0, -28709.0)
(40, 0.5890326499938965, -87860.0, -28709.0)
(41, 0.6052632331848145, -87860.0, -28709.0)
(42, 0.6210963726043701, -87860.0, -28709.0)
(43, 0.63686203956604, -87860.0, -28709.0)
(44, 0.6528668403625488, -87860.0, -28709.0)
(45, 0.6689350605010986, -87860.0, -28709.0)
(46, 0.6852786540985107, -87860.0, -28709.0)
(47, 0.7014415264129639, -87860.0, -28709.0)
(48, 0.7199716567993164, -86113.2588681289, -28709.0)
(49, 0.735327959060669, -86113.2588681289, -28709.0)
(50, 0.7524631023406982, -86113.2588681289, -28709.0)
(51, 0.7685558795928955, -86113.2588681289, -28709.0)
(52, 0.7843894958496094, -86113.2588681289, -28709.0)
(53, 0.8003478050231934, -86113.2588681289, -28709.0)
(54, 0.8159670829772949, -86113.2588681289, -28709.0)
(55, 0.8316271305084229, -86113.2588681289, -28709.0)
(56, 0.8470749855041504, -86113.2588681289, -28709.0)
(57, 0.8624885082244873, -86113.2588681289, -28709.0)
(58, 0.8788254261016846, -86113.2588681289, -28709.0)
(59, 0.8949568271636963, -86113.2588681289, -28709.0)
(60, 0.910630464553833, -86113.2588681289, -28709.0)
(61, 0.925889253616333, -86113.2588681289, -28709.0)
(62, 0.9429864883422852, -86113.2588681289, -28709.0)
(63, 0.9596943855285645, -86113.2588681289, -28709.0)
(64, 0.9768290519714355, -86113.2588681289, -28709.0)
(65, 0.9937484264373779, -86113.2588681289, -28709.0)
(66, 1.0125274658203125, -86113.2588681289, -28709.0)
(67, 1.0307669639587402, -86113.2588681289, -28709.0)
(68, 1.0480434894561768, -86113.2588681289, -28709.0)
(69, 1.0647878646850586, -86113.2588681289, -28709.0)
(70, 1.082066297531128, -86113.2588681289, -28709.0)
(71, 1.0985798835754395, -86113.2588681289, -28709.0)
(72, 1.116091012954712, -86113.2588681289, -28709.0)
(73, 1.1329150199890137, -86113.2588681289, -28709.0)
(74, 1.1492893695831299, -86113.2588681289, -28709.0)
(75, 1.1652677059173584, -86113.2588681289, -28709.0)
(76, 1.1804852485656738, -86113.2588681289, -28709.0)
(77, 1.1954967975616455, -86113.2588681289, -28709.0)
(78, 1.2119216918945312, -86113.2588681289, -28709.0)
(79, 1.228200912475586, -86113.2588681289, -28709.0)
(80, 1.243558406829834, -86113.2588681289, -28709.0)
(81, 1.259028434753418, -86113.2588681289, -28709.0)
(82, 1.274940013885498, -86113.2588681289, -28709.0)
(83, 1.2911906242370605, -86113.2588681289, -28709.0)
(84, 1.3068218231201172, -86113.2588681289, -28709.0)
(85, 1.3222126960754395, -86113.2588681289, -28709.0)
(86, 1.3384790420532227, -86113.2588681289, -28709.0)
(87, 1.3561995029449463, -86113.2588681289, -28709.0)
(88, 1.374126672744751, -86113.2588681289, -28709.0)
(89, 1.3914837837219238, -86113.2588681289, -28709.0)
(90, 1.4108943939208984, -86113.2588681289, -28709.0)
(91, 1.4297871589660645, -86113.2588681289, -28709.0)
(92, 1.4473388195037842, -86113.2588681289, -28709.0)
(93, 1.4648239612579346, -86113.2588681289, -28709.0)
(94, 1.481877326965332, -86113.2588681289, -28709.0)
(95, 1.499861478805542, -86113.2588681289, -28709.0)
(96, 1.5199823379516602, -86113.2588681289, -28709.0)
(97, 1.5386879444122314, -86113.2588681289, -28709.0)
(98, 1.555821180343628, -86113.2588681289, -28709.0)
(99, 1.5747230052947998, -86113.2588681289, -28709.0)
(100, 1.5920321941375732, -86113.2588681289, -28709.0)
(101, 1.6083815097808838, -86113.2588681289, -28709.0)
(102, 1.6296076774597168, -86113.2588681289, -28709.0)
(103, 1.6480355262756348, -86113.2588681289, -28709.0)
(104, 1.6674420833587646, -86113.2588681289, -28709.0)
(105, 1.6865653991699219, -86113.2588681289, -28709.0)
(106, 1.7070362567901611, -86113.2588681289, -28709.0)
(107, 1.7296338081359863, -86113.2588681289, -28709.0)
(108, 1.7480590343475342, -86113.2588681289, -28709.0)
(109, 1.767836332321167, -86113.2588681289, -28709.0)
(110, 1.7911245822906494, -86113.2588681289, -28709.0)
(111, 1.8133304119110107, -86113.2588681289, -28709.0)
(112, 1.8323862552642822, -86113.2588681289, -28709.0)
(113, 1.8553497791290283, -86113.2588681289, -28709.0)
(114, 1.8783838748931885, -86113.2588681289, -28709.0)
(115, 1.8971192836761475, -86113.2588681289, -28709.0)
(116, 1.9188520908355713, -86113.2588681289, -28709.0)
(117, 1.9414234161376953, -86113.2588681289, -28709.0)
(118, 1.9640405178070068, -86113.2588681289, -28709.0)
(119, 1.989506721496582, -86113.2588681289, -28709.0)
(120, 2.0123438835144043, -86113.2588681289, -28709.0)
(121, 2.036238193511963, -86113.2588681289, -28709.0)
(122, 2.0588574409484863, -86113.2588681289, -28709.0)
(123, 2.0804944038391113, -86113.2588681289, -28709.0)
(124, 2.1044700145721436, -86113.2588681289, -28709.0)
(125, 2.1259753704071045, -86113.2588681289, -28709.0)
(126, 2.14876389503479, -86113.2588681289, -28709.0)
(127, 2.172678232192993, -86113.2588681289, -28709.0)
(128, 2.1924970149993896, -86113.2588681289, -28709.0)
(129, 2.2160730361938477, -86113.2588681289, -28709.0)
(130, 2.2370433807373047, -86113.2588681289, -28709.0)
(131, 2.2567129135131836, -86113.2588681289, -28709.0)
(132, 2.2808492183685303, -86113.2588681289, -28709.0)
(133, 2.3006350994110107, -86113.2588681289, -28709.0)
(134, 2.322995662689209, -86113.2588681289, -28709.0)
(135, 2.3451731204986572, -86113.2588681289, -28709.0)
(136, 2.3656249046325684, -86113.2588681289, -28709.0)
(137, 2.3895366191864014, -86113.2588681289, -28709.0)
(138, 2.409681558609009, -86113.2588681289, -28709.0)
(139, 2.4329397678375244, -86113.2588681289, -28709.0)
(140, 2.4532525539398193, -86113.2588681289, -28709.0)
(141, 2.4769601821899414, -86113.2588681289, -28709.0)
(142, 2.5024688243865967, -86113.2588681289, -28709.0)
(143, 2.526442289352417, -86113.2588681289, -28709.0)
(144, 2.550419569015503, -86113.2588681289, -28709.0)
(145, 2.5747976303100586, -86113.2588681289, -28709.0)
(146, 2.6007473468780518, -86113.2588681289, -28709.0)
(147, 2.6238627433776855, -86113.2588681289, -28709.0)
(148, 2.647613763809204, -86113.2588681289, -28709.0)
(149, 2.6741597652435303, -86113.2588681289, -28709.0)
(150, 2.6967625617980957, -86113.2588681289, -28709.0)
(151, 2.723623752593994, -86113.2588681289, -28709.0)
(152, 2.750960350036621, -86113.2588681289, -28709.0)
(153, 2.7773327827453613, -86113.2588681289, -28709.0)
(154, 2.803204298019409, -86113.2588681289, -28709.0)
(155, 2.8273346424102783, -86113.2588681289, -28709.0)
(156, 2.853132724761963, -86113.2588681289, -28709.0)
(157, 2.878011465072632, -86113.2588681289, -28709.0)
(158, 2.901945114135742, -86113.2588681289, -28709.0)
(159, 2.9281117916107178, -86113.2588681289, -28709.0)
(160, 2.9556772708892822, -86113.2588681289, -28709.0)
(161, 2.980574369430542, -86113.2588681289, -28709.0)
(162, 3.0086984634399414, -86113.2588681289, -28709.0)
(163, 3.0299365520477295, -86113.2588681289, -28709.0)
(164, 3.0540072917938232, -86113.2588681289, -28709.0)
(165, 3.079552412033081, -86113.2588681289, -28709.0)
(166, 3.1045117378234863, -86113.2588681289, -28709.0)
(167, 3.132474422454834, -86113.2588681289, -28709.0)
(168, 3.1619644165039062, -86113.2588681289, -28709.0)
(169, 3.189929962158203, -86113.2588681289, -28709.0)
(170, 3.2194571495056152, -86113.2588681289, -28709.0)
(171, 3.249333620071411, -86113.2588681289, -28709.0)
(172, 3.2755300998687744, -86113.2588681289, -28709.0)
(173, 3.3047990798950195, -86113.2588681289, -28709.0)
(174, 3.3376357555389404, -86113.2588681289, -28709.0)
(175, 3.3655471801757812, -86113.2588681289, -28709.0)
(176, 3.3937151432037354, -86113.2588681289, -28709.0)
(177, 3.4241743087768555, -86113.2588681289, -28709.0)
(178, 3.453606605529785, -86113.2588681289, -28709.0)
(179, 3.4837427139282227, -86113.2588681289, -28709.0)
(180, 3.512432098388672, -86113.2588681289, -28709.0)
(181, 3.542670488357544, -86113.2588681289, -28709.0)
(182, 3.5803236961364746, -86113.2588681289, -28709.0)
(183, 3.608633041381836, -86113.2588681289, -28709.0)
(184, 3.6347463130950928, -86113.2588681289, -28709.0)
(185, 3.6559205055236816, -86113.2588681289, -28709.0)
(186, 3.6770663261413574, -86113.2588681289, -28709.0)
(187, 3.699195384979248, -86113.2588681289, -28709.0)
(188, 3.7196171283721924, -86113.2588681289, -28709.0)
(189, 3.7399816513061523, -86113.2588681289, -28709.0)
(190, 3.757826566696167, -86113.2588681289, -28709.0)
(191, 3.7777364253997803, -86113.2588681289, -28709.0)
(192, 3.797395944595337, -86113.2588681289, -28709.0)
(193, 3.819704055786133, -86113.2588681289, -28709.0)
(194, 3.8400795459747314, -86113.2588681289, -28709.0)
(195, 3.8601694107055664, -86113.2588681289, -28709.0)
(196, 3.88069486618042, -86113.2588681289, -28709.0)
(197, 3.9019436836242676, -86113.2588681289, -28709.0)
(198, 3.919959306716919, -86113.2588681289, -28709.0)
(199, 3.938199520111084, -86113.2588681289, -28709.0)
(200, 3.9572787284851074, -86113.2588681289, -28709.0)
(201, 3.9781899452209473, -86113.2588681289, -28709.0)
(202, 4.001099586486816, -86113.2588681289, -28709.0)
(203, 4.019582033157349, -86113.2588681289, -28709.0)
(204, 4.040497064590454, -86113.2588681289, -28709.0)
(205, 4.062024116516113, -86113.2588681289, -28709.0)
(206, 4.082833290100098, -86113.2588681289, -28709.0)
(207, 4.103058815002441, -86113.2588681289, -28709.0)
(208, 4.123927354812622, -86113.2588681289, -28709.0)
(209, 4.142460346221924, -86113.2588681289, -28709.0)
(210, 4.163503408432007, -86113.2588681289, -28709.0)
(211, 4.18646764755249, -86113.2588681289, -28709.0)
(212, 4.208533048629761, -86113.2588681289, -28709.0)
(213, 4.226971626281738, -86113.2588681289, -28709.0)
(214, 4.248603105545044, -86113.2588681289, -28709.0)
(215, 4.271643161773682, -86113.2588681289, -28709.0)
(216, 4.294790267944336, -86113.2588681289, -28709.0)
(217, 4.3212549686431885, -86113.2588681289, -28709.0)
(218, 4.347085952758789, -86113.2588681289, -28709.0)
(219, 4.369383811950684, -86113.2588681289, -28709.0)
(220, 4.3914878368377686, -86113.2588681289, -28709.0)
(221, 4.413609743118286, -86113.2588681289, -28709.0)
(222, 4.434738636016846, -86113.2588681289, -28709.0)
(223, 4.456083536148071, -86113.2588681289, -28709.0)
(224, 4.477394104003906, -86113.2588681289, -28709.0)
(225, 4.494263172149658, -86113.2588681289, -28709.0)
(226, 4.516568422317505, -86113.2588681289, -28709.0)
(227, 4.539315462112427, -86113.2588681289, -28709.0)
(228, 4.557211399078369, -86113.2588681289, -28709.0)
(229, 4.577553033828735, -86113.2588681289, -28709.0)
(230, 4.596036911010742, -86113.2588681289, -28709.0)
(231, 4.613615989685059, -86113.2588681289, -28709.0)
(232, 4.635073900222778, -86113.2588681289, -28709.0)
(233, 4.65742301940918, -86113.2588681289, -28709.0)
(234, 4.680582046508789, -86113.2588681289, -28709.0)
(235, 4.704396963119507, -86113.2588681289, -28709.0)
(236, 4.728588342666626, -86113.2588681289, -28709.0)
(237, 4.752532720565796, -86113.2588681289, -28709.0)
(238, 4.782132387161255, -86113.2588681289, -28709.0)
(239, 4.809882879257202, -86113.2588681289, -28709.0)
(240, 4.844879150390625, -86113.2588681289, -28709.0)
(241, 4.883738279342651, -86113.2588681289, -28709.0)
(242, 4.914821624755859, -86113.2588681289, -28709.0)
(243, 4.944560527801514, -86113.2588681289, -28709.0)
(244, 4.970658779144287, -86113.2588681289, -28709.0)
(245, 4.997868299484253, -86113.2588681289, -28709.0)
(246, 5.024863004684448, -86113.2588681289, -28709.0)
(247, 5.0506157875061035, -86113.2588681289, -28709.0)
(248, 5.074656963348389, -86113.2588681289, -28709.0)
(249, 5.098958969116211, -86113.2588681289, -28709.0)
(250, 5.127896785736084, -86113.2588681289, -28709.0)
(251, 5.15282130241394, -86113.2588681289, -28709.0)
(252, 5.178069353103638, -86113.2588681289, -28709.0)
(253, 5.208181142807007, -86113.2588681289, -28709.0)
(254, 5.236782550811768, -86113.2588681289, -28709.0)
(255, 5.2595603466033936, -86113.2588681289, -28709.0)
(256, 5.286794424057007, -86113.2588681289, -28709.0)
(257, 5.323368310928345, -86113.2588681289, -28709.0)
(258, 5.348588705062866, -86113.2588681289, -28709.0)
(259, 5.378443002700806, -86113.2588681289, -28709.0)
(260, 5.407846212387085, -86113.2588681289, -28709.0)
(261, 5.441181659698486, -86113.2588681289, -28709.0)
(262, 5.474526643753052, -86113.2588681289, -28709.0)
(263, 5.5021867752075195, -86113.2588681289, -28709.0)
(264, 5.533226251602173, -86113.2588681289, -28709.0)
(265, 5.5648133754730225, -86113.2588681289, -28709.0)
(266, 5.5933918952941895, -86113.2588681289, -28709.0)
(267, 5.627010822296143, -86113.2588681289, -28709.0)
(268, 5.660132169723511, -86113.2588681289, -28709.0)
(269, 5.687351226806641, -86113.2588681289, -28709.0)
(270, 5.719454050064087, -86113.2588681289, -28709.0)
(271, 5.749677419662476, -86113.2588681289, -28709.0)
(272, 5.780246257781982, -86113.2588681289, -28709.0)
(273, 5.811994314193726, -86113.2588681289, -28709.0)
(274, 5.841031551361084, -86113.2588681289, -28709.0)
(275, 5.873486518859863, -86113.2588681289, -28709.0)
(276, 5.906527280807495, -86113.2588681289, -28709.0)
(277, 5.940014839172363, -86113.2588681289, -28709.0)
(278, 5.978346347808838, -86113.2588681289, -28709.0)
(279, 6.01272988319397, -86113.2588681289, -28709.0)
(280, 6.046932697296143, -86113.2588681289, -28709.0)
(281, 6.074473857879639, -86113.2588681289, -28709.0)
(282, 6.111704111099243, -86113.2588681289, -28709.0)
(283, 6.1433329582214355, -86113.2588681289, -28709.0)
(284, 6.179666519165039, -86113.2588681289, -28709.0)
(285, 6.216737508773804, -86113.2588681289, -28709.0)
(286, 6.2669618129730225, -81362.35765572226, -28709.0)
(287, 6.3034796714782715, -81362.35765572226, -28709.0)
(288, 6.345855474472046, -81362.35765572226, -28709.0)
(289, 6.3828160762786865, -81362.35765572226, -28709.0)
(290, 6.415673732757568, -81362.35765572226, -28709.0)
(291, 6.447409152984619, -81362.35765572226, -28709.0)
(292, 6.482692003250122, -81362.35765572226, -28709.0)
(293, 6.5090491771698, -81362.35765572226, -28709.0)
(294, 6.5375494956970215, -81362.35765572226, -28709.0)
(295, 6.565199613571167, -81362.35765572226, -28709.0)
(296, 6.589518308639526, -81362.35765572226, -28709.0)
(297, 6.615341424942017, -81362.35765572226, -28709.0)
(298, 6.641746759414673, -81362.35765572226, -28709.0)
(299, 6.666883230209351, -81362.35765572226, -28709.0)
(300, 6.692450523376465, -81362.35765572226, -28709.0)
(301, 6.71932053565979, -81362.35765572226, -28709.0)
(302, 6.743199825286865, -81362.35765572226, -28709.0)
(303, 6.7690041065216064, -81362.35765572226, -28709.0)
(304, 6.794769763946533, -81362.35765572226, -28709.0)
(305, 6.823628187179565, -81362.35765572226, -28709.0)
(306, 6.8515660762786865, -81362.35765572226, -28709.0)
(307, 6.8796141147613525, -81362.35765572226, -28709.0)
(308, 6.905520439147949, -81362.35765572226, -28709.0)
(309, 6.928005218505859, -81362.35765572226, -28709.0)
(310, 6.949236869812012, -81362.35765572226, -28709.0)
(311, 6.976207971572876, -81362.35765572226, -28709.0)
(312, 6.99956488609314, -81362.35765572226, -28709.0)
(313, 7.020470380783081, -81362.35765572226, -28709.0)
(314, 7.047196388244629, -81362.35765572226, -28709.0)
(315, 7.074047803878784, -81362.35765572226, -28709.0)
(316, 7.0944390296936035, -81362.35765572226, -28709.0)
(317, 7.119581460952759, -81362.35765572226, -28709.0)
(318, 7.146495580673218, -81362.35765572226, -28709.0)
(319, 7.1692328453063965, -81362.35765572226, -28709.0)
(320, 7.1962456703186035, -81362.35765572226, -28709.0)
(321, 7.225663423538208, -81362.35765572226, -28709.0)
(322, 7.252918004989624, -81362.35765572226, -28709.0)
(323, 7.282671213150024, -81362.35765572226, -28709.0)
(324, 7.313953638076782, -81362.35765572226, -28709.0)
(325, 7.337678670883179, -81362.35765572226, -28709.0)
(326, 7.361102342605591, -81362.35765572226, -28709.0)
(327, 7.387362241744995, -81362.35765572226, -28709.0)
(328, 7.414044141769409, -81362.35765572226, -28709.0)
(329, 7.443464279174805, -81362.35765572226, -28709.0)
(330, 7.47092342376709, -81362.35765572226, -28709.0)
(331, 7.501642227172852, -81362.35765572226, -28709.0)
(332, 7.539241075515747, -81362.35765572226, -28709.0)
(333, 7.583033084869385, -81362.35765572226, -28709.0)
(334, 7.620792627334595, -81362.35765572226, -28709.0)
(335, 7.655860185623169, -81362.35765572226, -28709.0)
(336, 7.6879143714904785, -81362.35765572226, -28709.0)
(337, 7.713371515274048, -81362.35765572226, -28709.0)
(338, 7.734374046325684, -81362.35765572226, -28709.0)
(339, 7.761559009552002, -81362.35765572226, -28709.0)
(340, 7.790557861328125, -81362.35765572226, -28709.0)
(341, 7.811697244644165, -81362.35765572226, -28709.0)
(342, 7.838088512420654, -81362.35765572226, -28709.0)
(343, 7.865198850631714, -81362.35765572226, -28709.0)
(344, 7.895488023757935, -81362.35765572226, -28709.0)
(345, 7.924901723861694, -81362.35765572226, -28709.0)
(346, 7.956513404846191, -81362.35765572226, -28709.0)
(347, 7.987360239028931, -81362.35765572226, -28709.0)
(348, 8.017429828643799, -81362.35765572226, -28709.0)
(349, 8.052984237670898, -81362.35765572226, -28709.0)
(350, 8.081933975219727, -81362.35765572226, -28709.0)
(351, 8.118857145309448, -81362.35765572226, -28709.0)
(352, 8.159921169281006, -81362.35765572226, -28709.0)
(353, 8.198607444763184, -81362.35765572226, -28709.0)
(354, 8.239449739456177, -81362.35765572226, -28709.0)
(355, 8.278300046920776, -81362.35765572226, -28709.0)
(356, 8.31740951538086, -81362.35765572226, -28709.0)
(357, 8.354776382446289, -81362.35765572226, -28709.0)
(358, 8.393321752548218, -81362.35765572226, -28709.0)
(359, 8.438295125961304, -81362.35765572226, -28709.0)
(360, 8.48045563697815, -81362.35765572226, -28709.0)
(361, 8.513688325881958, -81362.35765572226, -28709.0)
(362, 8.544575929641724, -81362.35765572226, -28709.0)
(363, 8.571307182312012, -81362.35765572226, -28709.0)
(364, 8.600217580795288, -81362.35765572226, -28709.0)
(365, 8.622692584991455, -81362.35765572226, -28709.0)
(366, 8.644730567932129, -81362.35765572226, -28709.0)
(367, 8.673028230667114, -81362.35765572226, -28709.0)
(368, 8.703536748886108, -81362.35765572226, -28709.0)
(369, 8.726943254470825, -81362.35765572226, -28709.0)
(370, 8.756081581115723, -81362.35765572226, -28709.0)
(371, 8.784673929214478, -81362.35765572226, -28709.0)
(372, 8.8084237575531, -81362.35765572226, -28709.0)
(373, 8.832953691482544, -81362.35765572226, -28709.0)
(374, 8.86190152168274, -81362.35765572226, -28709.0)
(375, 8.891923904418945, -81362.35765572226, -28709.0)
(376, 8.921818256378174, -81362.35765572226, -28709.0)
(377, 8.946027994155884, -81362.35765572226, -28709.0)
(378, 8.977514505386353, -81362.35765572226, -28709.0)
(379, 9.006360054016113, -81362.35765572226, -28709.0)
(380, 9.040091276168823, -81362.35765572226, -28709.0)
(381, 9.072368621826172, -81362.35765572226, -28709.0)
(382, 9.10000228881836, -81362.35765572226, -28709.0)
(383, 9.133179187774658, -81362.35765572226, -28709.0)
(384, 9.166173934936523, -81362.35765572226, -28709.0)
(385, 9.207226753234863, -81362.35765572226, -28709.0)
(386, 9.248719215393066, -81362.35765572226, -28709.0)
(387, 9.283076524734497, -81362.35765572226, -28709.0)
(388, 9.319002866744995, -81362.35765572226, -28709.0)
(389, 9.35883641242981, -81362.35765572226, -28709.0)
(390, 9.394201755523682, -81362.35765572226, -28709.0)
(391, 9.42912483215332, -81362.35765572226, -28709.0)
(392, 9.468393325805664, -81362.35765572226, -28709.0)
(393, 9.506770372390747, -81362.35765572226, -28709.0)
(394, 9.544822692871094, -81362.35765572226, -28709.0)
(395, 9.595431089401245, -81362.35765572226, -28709.0)
(396, 9.647580862045288, -81362.35765572226, -28709.0)
(397, 9.714171648025513, -81362.35765572226, -28709.0)
(398, 9.765384197235107, -81362.35765572226, -28709.0)
(399, 9.79929804801941, -81362.35765572226, -28709.0)
(400, 9.83815884590149, -81362.35765572226, -28709.0)
(401, 9.867214918136597, -81362.35765572226, -28709.0)
(402, 9.891052007675171, -81362.35765572226, -28709.0)
(403, 9.923654079437256, -81362.35765572226, -28709.0)
(404, 9.947544813156128, -81362.35765572226, -28709.0)
(405, 9.973639488220215, -81362.35765572226, -28709.0)
(406, 9.997029304504395, -81362.35765572226, -28709.0)
(407, 10.021243333816528, -81362.35765572226, -28709.0)
(408, 10.044486045837402, -81362.35765572226, -28709.0)
(409, 10.067082405090332, -81362.35765572226, -28709.0)
(410, 10.097853660583496, -81362.35765572226, -28709.0)
(411, 10.120614290237427, -81362.35765572226, -28709.0)
(412, 10.150390625, -81362.35765572226, -28709.0)
(413, 10.187408924102783, -81362.35765572226, -28709.0)
(414, 10.217591524124146, -81362.35765572226, -28709.0)
(415, 10.253193855285645, -81362.35765572226, -28709.0)
(416, 10.278408765792847, -81362.35765572226, -28709.0)
(417, 10.312936782836914, -81362.35765572226, -28709.0)
(418, 10.345261573791504, -81362.35765572226, -28709.0)
(419, 10.389002323150635, -81362.35765572226, -28709.0)
(420, 10.433318376541138, -81362.35765572226, -28709.0)
(421, 10.48424482345581, -81362.35765572226, -28709.0)
(422, 10.525330066680908, -81362.35765572226, -28709.0)
(423, 10.566548347473145, -81362.35765572226, -28709.0)
(424, 10.617185354232788, -81362.35765572226, -28709.0)
(425, 10.664304971694946, -81362.35765572226, -28709.0)
(426, 10.726880073547363, -81362.35765572226, -28709.0)
(427, 10.778796195983887, -81362.35765572226, -28709.0)
(428, 10.826249599456787, -81362.35765572226, -28709.0)
(429, 10.861270427703857, -81362.35765572226, -28709.0)
(430, 10.896019458770752, -81362.35765572226, -28709.0)
(431, 10.926078796386719, -81362.35765572226, -28709.0)
(432, 10.963272333145142, -81362.35765572226, -28709.0)
(433, 11.006247758865356, -81362.35765572226, -28709.0)
(434, 11.047548770904541, -81362.35765572226, -28709.0)
(435, 11.10176134109497, -81362.35765572226, -28709.0)
(436, 11.143296480178833, -81362.35765572226, -28709.0)
(437, 11.188134908676147, -81362.35765572226, -28709.0)
(438, 11.22188663482666, -81362.35765572226, -28709.0)
(439, 11.255681991577148, -81362.35765572226, -28709.0)
(440, 11.289262056350708, -81362.35765572226, -28709.0)
(441, 11.314031839370728, -81362.35765572226, -28709.0)
(442, 11.345949172973633, -81362.35765572226, -28709.0)
(443, 11.372103929519653, -81362.35765572226, -28709.0)
(444, 11.406132698059082, -81362.35765572226, -28709.0)
(445, 11.439417600631714, -81362.35765572226, -28709.0)
(446, 11.465869188308716, -81362.35765572226, -28709.0)
(447, 11.496039152145386, -81362.35765572226, -28709.0)
(448, 11.528339147567749, -81362.35765572226, -28709.0)
(449, 11.561889886856079, -81362.35765572226, -28709.0)
(450, 11.594484567642212, -81362.35765572226, -28709.0)
(451, 11.635220289230347, -81362.35765572226, -28709.0)
(452, 11.677772283554077, -81362.35765572226, -28709.0)
(453, 11.719721794128418, -81362.35765572226, -28709.0)
(454, 11.760363101959229, -81362.35765572226, -28709.0)
(455, 11.802380561828613, -81362.35765572226, -28709.0)
(456, 11.848906993865967, -81362.35765572226, -28709.0)
(457, 11.890070915222168, -81362.35765572226, -28709.0)
(458, 11.92874813079834, -81362.35765572226, -28709.0)
(459, 11.966292381286621, -81362.35765572226, -28709.0)
(460, 12.009765386581421, -81362.35765572226, -28709.0)
(461, 12.058579921722412, -81362.35765572226, -28709.0)
(462, 12.098657131195068, -81362.35765572226, -28709.0)
(463, 12.150237321853638, -81362.35765572226, -28709.0)
(464, 12.191460371017456, -81362.35765572226, -28709.0)
(465, 12.238122701644897, -81362.35765572226, -28709.0)
(466, 12.279587030410767, -81362.35765572226, -28709.0)
(467, 12.32428503036499, -81362.35765572226, -28709.0)
(468, 12.372518539428711, -81362.35765572226, -28709.0)
(469, 12.412679195404053, -81362.35765572226, -28709.0)
(470, 12.463340997695923, -81362.35765572226, -28709.0)
(471, 12.526576042175293, -81362.35765572226, -28709.0)
(472, 12.58025860786438, -81362.35765572226, -28709.0)
(473, 12.63326120376587, -81362.35765572226, -28709.0)
(474, 12.698095798492432, -81362.35765572226, -28709.0)
(475, 12.754120588302612, -81362.35765572226, -28709.0)
(476, 12.809564113616943, -81362.35765572226, -28709.0)
(477, 12.852388143539429, -81362.35765572226, -28709.0)
(478, 12.888235569000244, -81362.35765572226, -28709.0)
(479, 12.925066947937012, -81362.35765572226, -28709.0)
(480, 12.95913290977478, -81362.35765572226, -28709.0)
(481, 12.988309383392334, -81362.35765572226, -28709.0)
(482, 13.014999389648438, -81362.35765572226, -28709.0)
(483, 13.04005241394043, -81362.35765572226, -28709.0)
(484, 13.07329249382019, -81362.35765572226, -28709.0)
(485, 13.106207132339478, -81362.35765572226, -28709.0)
(486, 13.141917705535889, -81362.35765572226, -28709.0)
(487, 13.175514936447144, -81362.35765572226, -28709.0)
(488, 13.223409652709961, -81362.35765572226, -28709.0)
(489, 13.26316785812378, -81362.35765572226, -28709.0)
(490, 13.298877716064453, -81362.35765572226, -28709.0)
(491, 13.3351571559906, -81362.35765572226, -28709.0)
(492, 13.363480806350708, -81362.35765572226, -28709.0)
(493, 13.401540040969849, -81362.35765572226, -28709.0)
(494, 13.445825338363647, -81362.35765572226, -28709.0)
(495, 13.495243072509766, -81362.35765572226, -28709.0)
(496, 13.546294212341309, -81362.35765572226, -28709.0)
(497, 13.581937789916992, -81362.35765572226, -28709.0)
(498, 13.628441572189331, -81362.35765572226, -28709.0)
(499, 13.662030458450317, -81362.35765572226, -28709.0)
(500, 13.698150157928467, -81362.35765572226, -28709.0)
(501, 13.744337320327759, -81362.35765572226, -28709.0)
(502, 13.794060468673706, -81362.35765572226, -28709.0)
(503, 13.836832046508789, -81362.35765572226, -28709.0)
(504, 13.864610433578491, -81362.35765572226, -28709.0)
(505, 13.904567241668701, -81362.35765572226, -28709.0)
(506, 13.942920923233032, -81362.35765572226, -28709.0)
(507, 13.983230113983154, -81362.35765572226, -28709.0)
(508, 14.019830226898193, -81362.35765572226, -28709.0)
(509, 14.057767152786255, -81362.35765572226, -28709.0)
(510, 14.096331596374512, -81362.35765572226, -28709.0)
(511, 14.141622543334961, -81362.35765572226, -28709.0)
(512, 14.185662031173706, -81362.35765572226, -28709.0)
(513, 14.23623251914978, -81362.35765572226, -28709.0)
(514, 14.290369033813477, -81362.35765572226, -28709.0)
(515, 14.356937408447266, -81362.35765572226, -28709.0)
(516, 14.412033081054688, -81362.35765572226, -28709.0)
(517, 14.480487585067749, -81362.35765572226, -28709.0)
(518, 14.555585384368896, -81362.35765572226, -28709.0)
(519, 14.634796380996704, -81321.53554068737, -28709.0)
(520, 14.699246644973755, -81321.53554068737, -28709.0)
(521, 14.75427508354187, -81321.53554068737, -28709.0)
(522, 14.79481840133667, -81321.53554068737, -28709.0)
(523, 14.831361532211304, -81321.53554068737, -28709.0)
(524, 14.866132974624634, -81321.53554068737, -28709.0)
(525, 14.901443004608154, -81321.53554068737, -28709.0)
(526, 14.9430091381073, -81321.53554068737, -28709.0)
(527, 14.98458743095398, -81321.53554068737, -28709.0)
(528, 15.029331922531128, -81321.53554068737, -28709.0)
(529, 15.073230981826782, -81321.53554068737, -28709.0)
(530, 15.135619640350342, -81321.53554068737, -28709.0)
(531, 15.183483123779297, -81321.53554068737, -28709.0)
(532, 15.227449655532837, -81321.53554068737, -28709.0)
(533, 15.269426584243774, -81321.53554068737, -28709.0)
(534, 15.320061206817627, -81321.53554068737, -28709.0)
(535, 15.38411283493042, -81321.53554068737, -28709.0)
(536, 15.481623649597168, -79434.455740665, -28709.0)
(537, 15.549382209777832, -76092.42108300797, -28709.0)
(538, 15.651168823242188, -73920.68405994546, -28709.0)
(539, 15.781218528747559, -73920.68405994546, -31117.481606032816)
(540, 15.889086484909058, -37259.810247001486, -32626.003216713954)
(541, 15.981679201126099, -33808.07959297464, -32713.34068630248)
(542, 16.062538623809814, -33607.4288228485, -32765.643649381527)
(543, 16.145337104797363, -33068.98605716443, -32789.186929046824)
(544, 16.225994110107422, -32882.42164718239, -32798.832274828404)
(545, 16.285871267318726, -32829.28275227617, -32799.832949616735)
(546, 16.318737983703613, -32800.4119047624, -32800.41190476191)
(547, 16.34113121032715, -32800.41190476226, -32800.4119047619)
