(1, 0.25849318504333496, -336236.0, -85779.0)
(2, 0.47884249687194824, -336236.0, -85779.0)
(3, 0.6985270977020264, -336236.0, -85779.0)
(4, 0.9167397022247314, -336236.0, -85779.0)
(5, 1.1440942287445068, -333665.4285714286, -85779.0)
(6, 1.360560417175293, -333665.4285714286, -85779.0)
(7, 1.5709021091461182, -333665.4285714286, -85779.0)
(8, 1.7816519737243652, -333665.4285714286, -85779.0)
(9, 2.003713607788086, -333665.4285714286, -85779.0)
(10, 2.2193474769592285, -333665.4285714286, -85779.0)
(11, 2.4337270259857178, -333665.4285714286, -85779.0)
(12, 2.6437699794769287, -333665.4285714286, -85779.0)
(13, 2.8573362827301025, -333665.4285714286, -85779.0)
(14, 3.074572801589966, -333665.4285714286, -85779.0)
(15, 3.287792444229126, -333665.4285714286, -85779.0)
(16, 3.490429639816284, -333665.4285714286, -85779.0)
(17, 3.715228796005249, -333665.4285714286, -85779.0)
(18, 3.921431064605713, -333665.4285714286, -85779.0)
(19, 4.128274440765381, -333665.4285714286, -85779.0)
(20, 4.3363425731658936, -333665.4285714286, -85779.0)
(21, 4.550436973571777, -333665.4285714286, -85779.0)
(22, 4.770008563995361, -333665.4285714286, -85779.0)
(23, 4.984145879745483, -333665.4285714286, -85779.0)
(24, 5.200003623962402, -333665.4285714286, -85779.0)
(25, 5.436903953552246, -333665.4285714286, -85779.0)
(26, 5.656484365463257, -333665.4285714286, -85779.0)
(27, 5.879853963851929, -333665.4285714286, -85779.0)
(28, 6.097762107849121, -333665.4285714286, -85779.0)
(29, 6.318634271621704, -333665.4285714286, -85779.0)
(30, 6.540157318115234, -333665.4285714286, -85779.0)
(31, 6.753589630126953, -333665.4285714286, -85779.0)
(32, 6.963033199310303, -333665.4285714286, -85779.0)
(33, 7.20104193687439, -333665.4285714286, -85779.0)
(34, 7.44899582862854, -333665.4285714286, -85779.0)
(35, 7.681236743927002, -333665.4285714286, -85779.0)
(36, 7.91693902015686, -333665.4285714286, -85779.0)
(37, 8.14812183380127, -333665.4285714286, -85779.0)
(38, 8.364607572555542, -333665.4285714286, -85779.0)
(39, 8.594059944152832, -333665.4285714286, -85779.0)
(40, 8.80437970161438, -333665.4285714286, -85779.0)
(41, 9.024462938308716, -333665.4285714286, -85779.0)
(42, 9.23810362815857, -333665.4285714286, -85779.0)
(43, 9.449618816375732, -333665.4285714286, -85779.0)
(44, 9.672137260437012, -333665.4285714286, -85779.0)
(45, 9.902083396911621, -333665.4285714286, -85779.0)
(46, 10.130695819854736, -333665.4285714286, -85779.0)
(47, 10.354676008224487, -333665.4285714286, -85779.0)
(48, 10.571035861968994, -333665.4285714286, -85779.0)
(49, 10.790677547454834, -333665.4285714286, -85779.0)
(50, 11.020256042480469, -333665.4285714286, -85779.0)
(51, 11.2403883934021, -333665.4285714286, -85779.0)
(52, 11.471340417861938, -333665.4285714286, -85779.0)
(53, 11.699403047561646, -333665.4285714286, -85779.0)
(54, 11.920846223831177, -333665.4285714286, -85779.0)
(55, 12.1437087059021, -333665.4285714286, -85779.0)
(56, 12.354085683822632, -333665.4285714286, -85779.0)
(57, 12.597466468811035, -333665.4285714286, -85779.0)
(58, 12.82794189453125, -333665.4285714286, -85779.0)
(59, 13.074258804321289, -333665.4285714286, -85779.0)
(60, 13.311016321182251, -333665.4285714286, -85779.0)
(61, 13.531366348266602, -333665.4285714286, -85779.0)
(62, 13.758882761001587, -333665.4285714286, -85779.0)
(63, 13.98372769355774, -333665.4285714286, -85779.0)
(64, 14.201425313949585, -333665.4285714286, -85779.0)
(65, 14.416337251663208, -333665.4285714286, -85779.0)
(66, 14.631079912185669, -333665.4285714286, -85779.0)
(67, 14.85460352897644, -333665.4285714286, -85779.0)
(68, 15.077399015426636, -333665.4285714286, -85779.0)
(69, 15.29316258430481, -333665.4285714286, -85779.0)
(70, 15.523077964782715, -333665.4285714286, -85779.0)
(71, 15.742195844650269, -333665.4285714286, -85779.0)
(72, 15.956736326217651, -333665.4285714286, -85779.0)
(73, 16.169920921325684, -333665.4285714286, -85779.0)
(74, 16.368125915527344, -333665.4285714286, -85779.0)
(75, 16.580912113189697, -333665.4285714286, -85779.0)
(76, 16.80369734764099, -333665.4285714286, -85779.0)
(77, 17.044877767562866, -333665.4285714286, -85779.0)
(78, 17.27214813232422, -333665.4285714286, -85779.0)
(79, 17.487979412078857, -333665.4285714286, -85779.0)
(80, 17.711950302124023, -333665.4285714286, -85779.0)
(81, 17.931992292404175, -333665.4285714286, -85779.0)
(82, 18.14373755455017, -333665.4285714286, -85779.0)
(83, 18.376415491104126, -333665.4285714286, -85779.0)
(84, 18.604697227478027, -333665.4285714286, -85779.0)
(85, 18.837305307388306, -333665.4285714286, -85779.0)
(86, 19.06668257713318, -333665.4285714286, -85779.0)
(87, 19.29516839981079, -333665.4285714286, -85779.0)
(88, 19.51222825050354, -333665.4285714286, -85779.0)
(89, 19.7206027507782, -333665.4285714286, -85779.0)
(90, 19.947100162506104, -333665.4285714286, -85779.0)
(91, 20.17286205291748, -333665.4285714286, -85779.0)
(92, 20.405155658721924, -333665.4285714286, -85779.0)
(93, 20.6407208442688, -333665.4285714286, -85779.0)
(94, 20.888628005981445, -333665.4285714286, -85779.0)
(95, 21.134565114974976, -333665.4285714286, -85779.0)
(96, 21.371565341949463, -333665.4285714286, -85779.0)
(97, 21.603512287139893, -333665.4285714286, -85779.0)
(98, 21.834432125091553, -333665.4285714286, -85779.0)
(99, 22.062726974487305, -333665.4285714286, -85779.0)
(100, 22.28356385231018, -333665.4285714286, -85779.0)
(101, 22.516663074493408, -333665.4285714286, -85779.0)
(102, 22.736095905303955, -333665.4285714286, -85779.0)
(103, 22.96589756011963, -333665.4285714286, -85779.0)
(104, 23.20061707496643, -333665.4285714286, -85779.0)
(105, 23.422999382019043, -333665.4285714286, -85779.0)
(106, 23.65541362762451, -333665.4285714286, -85779.0)
(107, 23.879246950149536, -333665.4285714286, -85779.0)
(108, 24.11030149459839, -333665.4285714286, -85779.0)
(109, 24.347193956375122, -333665.4285714286, -85779.0)
(110, 24.57748031616211, -333665.4285714286, -85779.0)
(111, 24.808760404586792, -333665.4285714286, -85779.0)
(112, 25.034523725509644, -333665.4285714286, -85779.0)
(113, 25.25710654258728, -333665.4285714286, -85779.0)
(114, 25.488900899887085, -333665.4285714286, -85779.0)
(115, 25.704026460647583, -333665.4285714286, -85779.0)
(116, 25.942891359329224, -333665.4285714286, -85779.0)
(117, 26.201639413833618, -333665.4285714286, -85779.0)
(118, 26.44960308074951, -333665.4285714286, -85779.0)
(119, 26.673276901245117, -333665.4285714286, -85779.0)
(120, 26.924227476119995, -333665.4285714286, -85779.0)
(121, 27.16649317741394, -333665.4285714286, -85779.0)
(122, 27.405521869659424, -333665.4285714286, -85779.0)
(123, 27.628697395324707, -333665.4285714286, -85779.0)
(124, 27.85672879219055, -333665.4285714286, -85779.0)
(125, 28.10067915916443, -333665.4285714286, -85779.0)
(126, 28.323075532913208, -333665.4285714286, -85779.0)
(127, 28.562387466430664, -333665.4285714286, -85779.0)
(128, 28.799408435821533, -333665.4285714286, -85779.0)
(129, 29.031818628311157, -333665.4285714286, -85779.0)
(130, 29.25490140914917, -333665.4285714286, -85779.0)
(131, 29.470646381378174, -333665.4285714286, -85779.0)
(132, 29.775537252426147, -329866.1388888889, -85779.0)
(133, 30.053006887435913, -329866.1388888889, -85779.0)
(134, 30.300190210342407, -329866.1388888889, -85779.0)
(135, 30.542860507965088, -329866.1388888889, -85779.0)
(136, 30.787625312805176, -329866.1388888889, -85779.0)
(137, 31.018877267837524, -329866.1388888889, -85779.0)
(138, 31.26177978515625, -329866.1388888889, -85779.0)
(139, 31.501880884170532, -329866.1388888889, -85779.0)
(140, 31.74507713317871, -329866.1388888889, -85779.0)
(141, 31.98167133331299, -329866.1388888889, -85779.0)
(142, 32.22590160369873, -329866.1388888889, -85779.0)
(143, 32.46461772918701, -329866.1388888889, -85779.0)
(144, 32.71595883369446, -329866.1388888889, -85779.0)
(145, 32.96446204185486, -329866.1388888889, -85779.0)
(146, 33.22306180000305, -329866.1388888889, -85779.0)
(147, 33.46493577957153, -329866.1388888889, -85779.0)
(148, 33.72237682342529, -329866.1388888889, -85779.0)
(149, 33.97074770927429, -329866.1388888889, -85779.0)
(150, 34.220077991485596, -329866.1388888889, -85779.0)
(151, 34.45794415473938, -329866.1388888889, -85779.0)
(152, 34.70094704627991, -329866.1388888889, -85779.0)
(153, 34.952295780181885, -329866.1388888889, -85779.0)
(154, 35.20477819442749, -329866.1388888889, -85779.0)
(155, 35.45170521736145, -329866.1388888889, -85779.0)
(156, 35.704705238342285, -329866.1388888889, -85779.0)
(157, 35.94124174118042, -329866.1388888889, -85779.0)
(158, 36.165236473083496, -329866.1388888889, -85779.0)
(159, 36.40921878814697, -329866.1388888889, -85779.0)
(160, 36.64706611633301, -329866.1388888889, -85779.0)
(161, 36.88996434211731, -329866.1388888889, -85779.0)
(162, 37.123668909072876, -329866.1388888889, -85779.0)
(163, 37.36635994911194, -329866.1388888889, -85779.0)
(164, 37.59726309776306, -329866.1388888889, -85779.0)
(165, 37.84105110168457, -329866.1388888889, -85779.0)
(166, 38.09252405166626, -329866.1388888889, -85779.0)
(167, 38.34166359901428, -329866.1388888889, -85779.0)
(168, 38.57940340042114, -329866.1388888889, -85779.0)
(169, 38.816043853759766, -329866.1388888889, -85779.0)
(170, 39.08872675895691, -329866.1388888889, -85779.0)
(171, 39.39496636390686, -329866.1388888889, -85779.0)
(172, 39.672016620635986, -329866.1388888889, -85779.0)
(173, 39.92961263656616, -329866.1388888889, -85779.0)
(174, 40.15600562095642, -329866.1388888889, -85779.0)
(175, 40.425172328948975, -329866.1388888889, -85779.0)
(176, 40.675281047821045, -329866.1388888889, -85779.0)
(177, 40.94666075706482, -329866.1388888889, -85779.0)
(178, 41.21252465248108, -329866.1388888889, -85779.0)
(179, 41.4575719833374, -329866.1388888889, -85779.0)
(180, 41.723593950271606, -329866.1388888889, -85779.0)
(181, 41.97441840171814, -329866.1388888889, -85779.0)
(182, 42.2166953086853, -329866.1388888889, -85779.0)
(183, 42.46640157699585, -329866.1388888889, -85779.0)
(184, 42.72109365463257, -329866.1388888889, -85779.0)
(185, 42.971760272979736, -329866.1388888889, -85779.0)
(186, 43.212350845336914, -329866.1388888889, -85779.0)
(187, 43.468894481658936, -329866.1388888889, -85779.0)
(188, 43.720521211624146, -329866.1388888889, -85779.0)
(189, 43.99183654785156, -329866.1388888889, -85779.0)
(190, 44.23953819274902, -329866.1388888889, -85779.0)
(191, 44.48845672607422, -329866.1388888889, -85779.0)
(192, 44.73470401763916, -329866.1388888889, -85779.0)
(193, 44.97795057296753, -329866.1388888889, -85779.0)
(194, 45.226075410842896, -329866.1388888889, -85779.0)
(195, 45.47318243980408, -329866.1388888889, -85779.0)
(196, 45.74686932563782, -329866.1388888889, -85779.0)
(197, 45.98279690742493, -329866.1388888889, -85779.0)
(198, 46.20853400230408, -329866.1388888889, -85779.0)
(199, 46.46314740180969, -329866.1388888889, -85779.0)
(200, 46.709474325180054, -329866.1388888889, -85779.0)
(201, 46.95566940307617, -329866.1388888889, -85779.0)
(202, 47.19404673576355, -329866.1388888889, -85779.0)
(203, 47.44959497451782, -329866.1388888889, -85779.0)
(204, 47.69393253326416, -329866.1388888889, -85779.0)
(205, 47.93761348724365, -329866.1388888889, -85779.0)
(206, 48.198121547698975, -329866.1388888889, -85779.0)
(207, 48.504130840301514, -329866.1388888889, -85779.0)
(208, 48.84123420715332, -326515.9377242909, -85779.0)
(209, 49.12014055252075, -326515.9377242909, -85779.0)
(210, 49.377952337265015, -326515.9377242909, -85779.0)
(211, 49.623138189315796, -326515.9377242909, -85779.0)
(212, 49.85723900794983, -326515.9377242909, -85779.0)
(213, 50.131436347961426, -326515.9377242909, -85779.0)
(214, 50.37145733833313, -326515.9377242909, -85779.0)
(215, 50.619080543518066, -326515.9377242909, -85779.0)
(216, 50.8644814491272, -326515.9377242909, -85779.0)
(217, 51.11921143531799, -326515.9377242909, -85779.0)
(218, 51.37302851676941, -326515.9377242909, -85779.0)
(219, 51.62941312789917, -326515.9377242909, -85779.0)
(220, 51.875099420547485, -326515.9377242909, -85779.0)
(221, 52.12275505065918, -326515.9377242909, -85779.0)
(222, 52.37833595275879, -326515.9377242909, -85779.0)
(223, 52.62627601623535, -326515.9377242909, -85779.0)
(224, 52.870152950286865, -326515.9377242909, -85779.0)
(225, 53.11279296875, -326515.9377242909, -85779.0)
(226, 53.36224937438965, -326515.9377242909, -85779.0)
(227, 53.62888741493225, -326515.9377242909, -85779.0)
(228, 53.88891649246216, -326515.9377242909, -85779.0)
(229, 54.13322925567627, -326515.9377242909, -85779.0)
(230, 54.400248527526855, -326515.9377242909, -85779.0)
(231, 54.65557360649109, -326515.9377242909, -85779.0)
(232, 54.90192174911499, -326515.9377242909, -85779.0)
(233, 55.1551353931427, -326515.9377242909, -85779.0)
(234, 55.40438914299011, -326515.9377242909, -85779.0)
(235, 55.65919637680054, -326515.9377242909, -85779.0)
(236, 55.91339087486267, -326515.9377242909, -85779.0)
(237, 56.15996789932251, -326515.9377242909, -85779.0)
(238, 56.41205549240112, -326515.9377242909, -85779.0)
(239, 56.677330493927, -326515.9377242909, -85779.0)
(240, 56.942347049713135, -326515.9377242909, -85779.0)
(241, 57.17857050895691, -326515.9377242909, -85779.0)
(242, 57.42732858657837, -326515.9377242909, -85779.0)
(243, 57.68660521507263, -326515.9377242909, -85779.0)
(244, 57.95687508583069, -326515.9377242909, -85779.0)
(245, 58.22617149353027, -326515.9377242909, -85779.0)
(246, 58.47783541679382, -326515.9377242909, -85779.0)
(247, 58.74131894111633, -326515.9377242909, -85779.0)
(248, 59.02169370651245, -326515.9377242909, -85779.0)
(249, 59.26262307167053, -326515.9377242909, -85779.0)
(250, 59.51499629020691, -326515.9377242909, -85779.0)
(251, 59.79347515106201, -326515.9377242909, -85779.0)
(252, 60.06316876411438, -326515.9377242909, -85779.0)
(253, 60.31887197494507, -326515.9377242909, -85779.0)
(254, 60.594526529312134, -326515.9377242909, -85779.0)
(255, 60.87594270706177, -326515.9377242909, -85779.0)
(256, 61.13663196563721, -326515.9377242909, -85779.0)
(257, 61.40182280540466, -326515.9377242909, -85779.0)
(258, 61.65832161903381, -326515.9377242909, -85779.0)
(259, 61.91722512245178, -326515.9377242909, -85779.0)
(260, 62.181905031204224, -326515.9377242909, -85779.0)
(261, 62.451993227005005, -326515.9377242909, -85779.0)
(262, 62.72133541107178, -326515.9377242909, -85779.0)
(263, 62.99895358085632, -326515.9377242909, -85779.0)
(264, 63.269874572753906, -326515.9377242909, -85779.0)
(265, 63.524484157562256, -326515.9377242909, -85779.0)
(266, 63.78632426261902, -326515.9377242909, -85779.0)
(267, 64.05567073822021, -326515.9377242909, -85779.0)
(268, 64.31121873855591, -326515.9377242909, -85779.0)
(269, 64.56837749481201, -326515.9377242909, -85779.0)
(270, 64.81982254981995, -326515.9377242909, -85779.0)
(271, 65.10674715042114, -326515.9377242909, -85779.0)
(272, 65.38836550712585, -326515.9377242909, -85779.0)
(273, 65.66086101531982, -326515.9377242909, -85779.0)
(274, 65.91497540473938, -326515.9377242909, -85779.0)
(275, 66.18033218383789, -326515.9377242909, -85779.0)
(276, 66.43745803833008, -326515.9377242909, -85779.0)
(277, 66.69829630851746, -326515.9377242909, -85779.0)
(278, 66.93844747543335, -326515.9377242909, -85779.0)
(279, 67.21371173858643, -326515.9377242909, -85779.0)
(280, 67.54341769218445, -326515.9377242909, -85779.0)
(281, 67.8681709766388, -326515.9377242909, -85779.0)
(282, 68.17923831939697, -326515.9377242909, -85779.0)
(283, 68.47089672088623, -326515.9377242909, -85779.0)
(284, 68.77006936073303, -326515.9377242909, -85779.0)
(285, 69.1186192035675, -326515.9377242909, -85779.0)
(286, 69.45170068740845, -326515.9377242909, -85779.0)
(287, 69.7434618473053, -326515.9377242909, -85779.0)
(288, 70.04071044921875, -326515.9377242909, -85779.0)
(289, 70.29765319824219, -326515.9377242909, -85779.0)
(290, 70.56914567947388, -326515.9377242909, -85779.0)
(291, 70.89980363845825, -326515.9377242909, -85779.0)
(292, 71.1840615272522, -326515.9377242909, -85779.0)
(293, 71.465247631073, -326515.9377242909, -85779.0)
(294, 71.7256691455841, -326515.9377242909, -85779.0)
(295, 72.00542950630188, -326515.9377242909, -85779.0)
(296, 72.29330134391785, -326515.9377242909, -85779.0)
(297, 72.58867716789246, -326515.9377242909, -85779.0)
(298, 72.85877895355225, -326515.9377242909, -85779.0)
(299, 73.12949848175049, -326515.9377242909, -85779.0)
(300, 73.39115881919861, -326515.9377242909, -85779.0)
(301, 73.66409349441528, -326515.9377242909, -85779.0)
(302, 73.92591166496277, -326515.9377242909, -85779.0)
(303, 74.20975160598755, -326515.9377242909, -85779.0)
(304, 74.49044299125671, -326515.9377242909, -85779.0)
(305, 74.782644033432, -326515.9377242909, -85779.0)
(306, 75.04751706123352, -326515.9377242909, -85779.0)
(307, 75.30919361114502, -326515.9377242909, -85779.0)
(308, 75.57423520088196, -326515.9377242909, -85779.0)
(309, 75.83856081962585, -326515.9377242909, -85779.0)
(310, 76.115478515625, -326515.9377242909, -85779.0)
(311, 76.39643406867981, -326515.9377242909, -85779.0)
(312, 76.67862892150879, -326515.9377242909, -85779.0)
(313, 76.96164560317993, -326515.9377242909, -85779.0)
(314, 77.24576473236084, -326515.9377242909, -85779.0)
(315, 77.49075150489807, -326515.9377242909, -85779.0)
(316, 77.74130082130432, -326515.9377242909, -85779.0)
(317, 78.00417399406433, -326515.9377242909, -85779.0)
(318, 78.282874584198, -326515.9377242909, -85779.0)
(319, 78.56164026260376, -326515.9377242909, -85779.0)
(320, 78.83316159248352, -326515.9377242909, -85779.0)
(321, 79.10244584083557, -326515.9377242909, -85779.0)
(322, 79.3813362121582, -326515.9377242909, -85779.0)
(323, 79.65906739234924, -326515.9377242909, -85779.0)
(324, 79.9583580493927, -326515.9377242909, -85779.0)
(325, 80.31506490707397, -319528.4757674864, -85779.0)
(326, 80.67498064041138, -319528.4757674864, -85779.0)
(327, 81.0031316280365, -319528.4757674864, -85779.0)
(328, 81.30015134811401, -319528.4757674864, -85779.0)
(329, 81.61133527755737, -319528.4757674864, -85779.0)
(330, 81.92042779922485, -319528.4757674864, -85779.0)
(331, 82.22863340377808, -319528.4757674864, -85779.0)
(332, 82.50227499008179, -319528.4757674864, -85779.0)
(333, 82.81546068191528, -319528.4757674864, -85779.0)
(334, 83.10488605499268, -319528.4757674864, -85779.0)
(335, 83.42566561698914, -319528.4757674864, -85779.0)
(336, 83.70533037185669, -319528.4757674864, -85779.0)
(337, 84.00307178497314, -319528.4757674864, -85779.0)
(338, 84.30978560447693, -319528.4757674864, -85779.0)
(339, 84.5745701789856, -319528.4757674864, -85779.0)
(340, 84.85654950141907, -319528.4757674864, -85779.0)
(341, 85.13651776313782, -319528.4757674864, -85779.0)
(342, 85.3801817893982, -319528.4757674864, -85779.0)
(343, 85.67212581634521, -319528.4757674864, -85779.0)
(344, 85.94412088394165, -319528.4757674864, -85779.0)
(345, 86.21658229827881, -319528.4757674864, -85779.0)
(346, 86.49617075920105, -319528.4757674864, -85779.0)
(347, 86.7703070640564, -319528.4757674864, -85779.0)
(348, 87.03901362419128, -319528.4757674864, -85779.0)
(349, 87.3149209022522, -319528.4757674864, -85779.0)
(350, 87.58299016952515, -319528.4757674864, -85779.0)
(351, 87.8588924407959, -319528.4757674864, -85779.0)
(352, 88.1339020729065, -319528.4757674864, -85779.0)
(353, 88.3987226486206, -319528.4757674864, -85779.0)
(354, 88.66288924217224, -319528.4757674864, -85779.0)
(355, 88.94079566001892, -319528.4757674864, -85779.0)
(356, 89.204416513443, -319528.4757674864, -85779.0)
(357, 89.48285508155823, -319528.4757674864, -85779.0)
(358, 89.76005005836487, -319528.4757674864, -85779.0)
(359, 90.03644275665283, -319528.4757674864, -85779.0)
(360, 90.292231798172, -319528.4757674864, -85779.0)
(361, 90.5702748298645, -319528.4757674864, -85779.0)
(362, 90.84136986732483, -319528.4757674864, -85779.0)
(363, 91.10178256034851, -319528.4757674864, -85779.0)
(364, 91.37370157241821, -319528.4757674864, -85779.0)
(365, 91.66281032562256, -319528.4757674864, -85779.0)
(366, 91.94787120819092, -319528.4757674864, -85779.0)
(367, 92.18944525718689, -319528.4757674864, -85779.0)
(368, 92.45772743225098, -319528.4757674864, -85779.0)
(369, 92.79963159561157, -319528.4757674864, -85779.0)
(370, 93.12002682685852, -319528.4757674864, -85779.0)
(371, 93.46034049987793, -319528.4757674864, -85779.0)
(372, 93.77442288398743, -319528.4757674864, -85779.0)
(373, 94.09245443344116, -319528.4757674864, -85779.0)
(374, 94.39855575561523, -319528.4757674864, -85779.0)
(375, 94.69816279411316, -319528.4757674864, -85779.0)
(376, 94.97434401512146, -319528.4757674864, -85779.0)
(377, 95.27899289131165, -319528.4757674864, -85779.0)
(378, 95.58950781822205, -319528.4757674864, -85779.0)
(379, 95.921626329422, -319528.4757674864, -85779.0)
(380, 96.23802447319031, -319528.4757674864, -85779.0)
(381, 96.55718159675598, -319528.4757674864, -85779.0)
(382, 96.85851383209229, -319528.4757674864, -85779.0)
(383, 97.15191602706909, -319528.4757674864, -85779.0)
(384, 97.45197296142578, -319528.4757674864, -85779.0)
(385, 97.75691437721252, -319528.4757674864, -85779.0)
(386, 98.04800701141357, -319528.4757674864, -85779.0)
(387, 98.33162522315979, -319528.4757674864, -85779.0)
(388, 98.61889028549194, -319528.4757674864, -85779.0)
(389, 98.88728308677673, -319528.4757674864, -85779.0)
(390, 99.16628837585449, -319528.4757674864, -85779.0)
(391, 99.4462583065033, -319528.4757674864, -85779.0)
(392, 99.72208619117737, -319528.4757674864, -85779.0)
(393, 100.0103440284729, -319528.4757674864, -85779.0)
(394, 100.2938585281372, -319528.4757674864, -85779.0)
(395, 100.59400868415833, -319528.4757674864, -85779.0)
(396, 100.87489223480225, -319528.4757674864, -85779.0)
(397, 101.17601537704468, -319528.4757674864, -85779.0)
(398, 101.4640679359436, -319528.4757674864, -85779.0)
(399, 101.75264143943787, -319528.4757674864, -85779.0)
(400, 102.07117104530334, -319528.4757674864, -85779.0)
(401, 102.34109878540039, -319528.4757674864, -85779.0)
(402, 102.63016724586487, -319528.4757674864, -85779.0)
(403, 102.92168712615967, -319528.4757674864, -85779.0)
(404, 103.20336294174194, -319528.4757674864, -85779.0)
(405, 103.49840998649597, -319528.4757674864, -85779.0)
(406, 103.79271245002747, -319528.4757674864, -85779.0)
(407, 104.10258722305298, -319528.4757674864, -85779.0)
(408, 104.50931572914124, -319528.4757674864, -85779.0)
(409, 104.87882804870605, -314280.3190887812, -85779.0)
(410, 105.2433774471283, -314280.3190887812, -85779.0)
(411, 105.57280158996582, -314280.3190887812, -85779.0)
(412, 105.89455223083496, -314280.3190887812, -85779.0)
(413, 106.18285155296326, -314280.3190887812, -85779.0)
(414, 106.50755453109741, -314280.3190887812, -85779.0)
(415, 106.81563544273376, -314280.3190887812, -85779.0)
(416, 107.14527535438538, -314280.3190887812, -85779.0)
(417, 107.45706272125244, -314280.3190887812, -85779.0)
(418, 107.76400113105774, -314280.3190887812, -85779.0)
(419, 108.0403459072113, -314280.3190887812, -85779.0)
(420, 108.32550764083862, -314280.3190887812, -85779.0)
(421, 108.65891432762146, -314280.3190887812, -85779.0)
(422, 108.9549207687378, -314280.3190887812, -85779.0)
(423, 109.24688935279846, -314280.3190887812, -85779.0)
(424, 109.54147052764893, -314280.3190887812, -85779.0)
(425, 109.83913373947144, -314280.3190887812, -85779.0)
(426, 110.14777255058289, -314280.3190887812, -85779.0)
(427, 110.4742443561554, -314280.3190887812, -85779.0)
(428, 110.80212593078613, -314280.3190887812, -85779.0)
(429, 111.09698677062988, -314280.3190887812, -85779.0)
(430, 111.41231060028076, -314280.3190887812, -85779.0)
(431, 111.70100116729736, -314280.3190887812, -85779.0)
(432, 111.99883484840393, -314280.3190887812, -85779.0)
(433, 112.28789973258972, -314280.3190887812, -85779.0)
(434, 112.61991572380066, -314280.3190887812, -85779.0)
(435, 112.94730639457703, -314280.3190887812, -85779.0)
(436, 113.25723457336426, -314280.3190887812, -85779.0)
(437, 113.57914066314697, -314280.3190887812, -85779.0)
(438, 113.87111735343933, -314280.3190887812, -85779.0)
(439, 114.13961172103882, -314280.3190887812, -85779.0)
(440, 114.46503210067749, -314280.3190887812, -85779.0)
(441, 114.75206756591797, -314280.3190887812, -85779.0)
(442, 115.0467255115509, -314280.3190887812, -85779.0)
(443, 115.36799025535583, -314280.3190887812, -85779.0)
(444, 115.68485355377197, -314280.3190887812, -85779.0)
(445, 115.95985960960388, -314280.3190887812, -85779.0)
(446, 116.25986790657043, -314280.3190887812, -85779.0)
(447, 116.57887268066406, -314280.3190887812, -85779.0)
(448, 116.86725449562073, -314280.3190887812, -85779.0)
(449, 117.19360995292664, -314280.3190887812, -85779.0)
(450, 117.5342321395874, -314280.3190887812, -85779.0)
(451, 117.86421084403992, -314280.3190887812, -85779.0)
(452, 118.23790407180786, -314280.3190887812, -85779.0)
(453, 118.62019515037537, -314280.3190887812, -85779.0)
(454, 118.92020797729492, -314280.3190887812, -85779.0)
(455, 119.22672176361084, -314280.3190887812, -85779.0)
(456, 119.54509973526001, -314280.3190887812, -85779.0)
(457, 119.84656858444214, -314280.3190887812, -85779.0)
(458, 120.1283962726593, -314280.3190887812, -85779.0)
(459, 120.43460083007812, -314280.3190887812, -85779.0)
(460, 120.71861100196838, -314280.3190887812, -85779.0)
(461, 121.01950168609619, -314280.3190887812, -85779.0)
(462, 121.29486036300659, -314280.3190887812, -85779.0)
(463, 121.58627128601074, -314280.3190887812, -85779.0)
(464, 121.88861465454102, -314280.3190887812, -85779.0)
(465, 122.17800164222717, -314280.3190887812, -85779.0)
(466, 122.46086430549622, -314280.3190887812, -85779.0)
(467, 122.77377271652222, -314280.3190887812, -85779.0)
(468, 123.07083773612976, -314280.3190887812, -85779.0)
(469, 123.38632154464722, -314280.3190887812, -85779.0)
(470, 123.70285415649414, -314280.3190887812, -85779.0)
(471, 124.00854086875916, -314280.3190887812, -85779.0)
(472, 124.31241416931152, -314280.3190887812, -85779.0)
(473, 124.61474514007568, -314280.3190887812, -85779.0)
(474, 124.88945603370667, -314280.3190887812, -85779.0)
(475, 125.18237471580505, -314280.3190887812, -85779.0)
(476, 125.51337790489197, -314280.3190887812, -85779.0)
(477, 125.8068687915802, -314280.3190887812, -85779.0)
(478, 126.11620712280273, -314280.3190887812, -85779.0)
(479, 126.43775367736816, -314280.3190887812, -85779.0)
(480, 126.71798872947693, -314280.3190887812, -85779.0)
(481, 127.03667521476746, -314280.3190887812, -85779.0)
(482, 127.35585045814514, -314280.3190887812, -85779.0)
(483, 127.67524600028992, -314280.3190887812, -85779.0)
(484, 127.98806285858154, -314280.3190887812, -85779.0)
(485, 128.32822227478027, -314280.3190887812, -85779.0)
(486, 128.6035885810852, -314280.3190887812, -85779.0)
(487, 128.90486812591553, -314280.3190887812, -85779.0)
(488, 129.21623992919922, -314280.3190887812, -85779.0)
(489, 129.5152485370636, -314280.3190887812, -85779.0)
(490, 129.82367491722107, -314280.3190887812, -85779.0)
(491, 130.1746802330017, -314280.3190887812, -85779.0)
(492, 130.44479966163635, -314280.3190887812, -85779.0)
(493, 130.79470348358154, -314280.3190887812, -85779.0)
(494, 131.09763598442078, -314280.3190887812, -85779.0)
(495, 131.47543573379517, -314280.3190887812, -85779.0)
(496, 131.799480676651, -314280.3190887812, -85779.0)
(497, 132.11397194862366, -314280.3190887812, -85779.0)
(498, 132.41633319854736, -314280.3190887812, -85779.0)
(499, 132.7161545753479, -314280.3190887812, -85779.0)
(500, 133.0286567211151, -314280.3190887812, -85779.0)
(501, 133.378173828125, -314280.3190887812, -85779.0)
(502, 133.7023847103119, -314280.3190887812, -85779.0)
(503, 134.04868698120117, -314280.3190887812, -85779.0)
(504, 134.37087297439575, -314280.3190887812, -85779.0)
(505, 134.66286826133728, -314280.3190887812, -85779.0)
(506, 134.995055437088, -314280.3190887812, -85779.0)
(507, 135.29668593406677, -314280.3190887812, -85779.0)
(508, 135.60545945167542, -314280.3190887812, -85779.0)
(509, 135.95452213287354, -314280.3190887812, -85779.0)
(510, 136.29275393486023, -314280.3190887812, -85779.0)
(511, 136.5997350215912, -314280.3190887812, -85779.0)
(512, 136.93287897109985, -314280.3190887812, -85779.0)
(513, 137.29007816314697, -314280.3190887812, -85779.0)
(514, 137.66869235038757, -314280.3190887812, -85779.0)
(515, 137.94725155830383, -314280.3190887812, -85779.0)
(516, 138.2717158794403, -314280.3190887812, -85779.0)
(517, 138.584721326828, -314280.3190887812, -85779.0)
(518, 138.86919498443604, -314280.3190887812, -85779.0)
(519, 139.17199325561523, -314280.3190887812, -85779.0)
(520, 139.48930978775024, -314280.3190887812, -85779.0)
(521, 139.7920367717743, -314280.3190887812, -85779.0)
(522, 140.11135292053223, -314280.3190887812, -85779.0)
(523, 140.44330096244812, -314280.3190887812, -85779.0)
(524, 140.76078128814697, -314280.3190887812, -85779.0)
(525, 141.06254529953003, -314280.3190887812, -85779.0)
(526, 141.42428374290466, -314280.3190887812, -85779.0)
(527, 141.75434684753418, -314280.3190887812, -85779.0)
(528, 142.05322766304016, -314280.3190887812, -85779.0)
(529, 142.36113715171814, -314280.3190887812, -85779.0)
(530, 142.67856979370117, -314280.3190887812, -85779.0)
(531, 143.02671027183533, -314280.3190887812, -85779.0)
(532, 143.3517029285431, -314280.3190887812, -85779.0)
(533, 143.64566135406494, -314280.3190887812, -85779.0)
(534, 143.96699976921082, -314280.3190887812, -85779.0)
(535, 144.31960439682007, -314280.3190887812, -85779.0)
(536, 144.61689519882202, -314280.3190887812, -85779.0)
(537, 144.89062404632568, -314280.3190887812, -85779.0)
(538, 145.19113492965698, -314280.3190887812, -85779.0)
(539, 145.50401258468628, -314280.3190887812, -85779.0)
(540, 145.81272292137146, -314280.3190887812, -85779.0)
(541, 146.13055658340454, -314280.3190887812, -85779.0)
(542, 146.45077395439148, -314280.3190887812, -85779.0)
(543, 146.75059700012207, -314280.3190887812, -85779.0)
(544, 147.08090925216675, -314280.3190887812, -85779.0)
(545, 147.45171523094177, -314280.3190887812, -85779.0)
(546, 147.78960371017456, -314280.3190887812, -85779.0)
(547, 148.15008974075317, -314280.3190887812, -85779.0)
(548, 148.46018719673157, -314280.3190887812, -85779.0)
(549, 148.76403617858887, -314280.3190887812, -85779.0)
(550, 149.1295142173767, -314280.3190887812, -85779.0)
(551, 149.4528684616089, -314280.3190887812, -85779.0)
(552, 149.8102638721466, -314280.3190887812, -85779.0)
(553, 150.1276614665985, -314280.3190887812, -85779.0)
(554, 150.48123216629028, -314280.3190887812, -85779.0)
(555, 150.8267376422882, -314280.3190887812, -85779.0)
(556, 151.14816331863403, -314280.3190887812, -85779.0)
(557, 151.4559063911438, -314280.3190887812, -85779.0)
(558, 151.7905843257904, -314280.3190887812, -85779.0)
(559, 152.15381836891174, -314280.3190887812, -85779.0)
(560, 152.46421575546265, -314280.3190887812, -85779.0)
(561, 152.83176445960999, -314280.3190887812, -85779.0)
(562, 153.16909170150757, -314280.3190887812, -85779.0)
(563, 153.49484753608704, -314280.3190887812, -85779.0)
(564, 153.80901217460632, -314280.3190887812, -85779.0)
(565, 154.18602418899536, -314280.3190887812, -85779.0)
(566, 154.5540792942047, -314280.3190887812, -85779.0)
(567, 154.9096417427063, -314280.3190887812, -85779.0)
(568, 155.27295994758606, -314280.3190887812, -85779.0)
(569, 155.6399691104889, -314280.3190887812, -85779.0)
(570, 156.02374172210693, -314280.3190887812, -85779.0)
(571, 156.4215009212494, -314280.3190887812, -85779.0)
(572, 156.7462613582611, -314280.3190887812, -85779.0)
(573, 157.0975375175476, -314280.3190887812, -85779.0)
(574, 157.4884181022644, -314280.3190887812, -85779.0)
(575, 157.90025734901428, -314280.3190887812, -85779.0)
(576, 158.26951718330383, -314280.3190887812, -85779.0)
(577, 158.7668182849884, -314280.3190887812, -85779.0)
(578, 159.24739408493042, -314280.3190887812, -85779.0)
(579, 159.6967852115631, -314280.3190887812, -85779.0)
(580, 160.02115607261658, -314280.3190887812, -85779.0)
(581, 160.3149435520172, -314280.3190887812, -85779.0)
(582, 160.60155606269836, -314280.3190887812, -85779.0)
(583, 160.91919040679932, -314280.3190887812, -85779.0)
(584, 161.2400403022766, -314280.3190887812, -85779.0)
(585, 161.54331398010254, -314280.3190887812, -85779.0)
(586, 161.87587308883667, -314280.3190887812, -85779.0)
(587, 162.1913115978241, -314280.3190887812, -85779.0)
(588, 162.52692222595215, -314280.3190887812, -85779.0)
(589, 162.84581923484802, -314280.3190887812, -85779.0)
(590, 163.163316488266, -314280.3190887812, -85779.0)
(591, 163.4631323814392, -314280.3190887812, -85779.0)
(592, 163.75254917144775, -314280.3190887812, -85779.0)
(593, 164.0363485813141, -314280.3190887812, -85779.0)
(594, 164.34747123718262, -314280.3190887812, -85779.0)
(595, 164.65909075737, -314280.3190887812, -85779.0)
(596, 164.97902274131775, -314280.3190887812, -85779.0)
(597, 165.30082416534424, -314280.3190887812, -85779.0)
(598, 165.6245448589325, -314280.3190887812, -85779.0)
(599, 165.9364492893219, -314280.3190887812, -85779.0)
(600, 166.2602572441101, -314280.3190887812, -85779.0)
(601, 166.60167479515076, -314280.3190887812, -85779.0)
(602, 166.92395734786987, -314280.3190887812, -85779.0)
(603, 167.2455050945282, -314280.3190887812, -85779.0)
(604, 167.57242703437805, -314280.3190887812, -85779.0)
(605, 167.8699963092804, -314280.3190887812, -85779.0)
(606, 168.17690229415894, -314280.3190887812, -85779.0)
(607, 168.50310683250427, -314280.3190887812, -85779.0)
(608, 168.8112187385559, -314280.3190887812, -85779.0)
(609, 169.12280559539795, -314280.3190887812, -85779.0)
(610, 169.41760301589966, -314280.3190887812, -85779.0)
(611, 169.7078685760498, -314280.3190887812, -85779.0)
(612, 170.02180218696594, -314280.3190887812, -85779.0)
(613, 170.31808948516846, -314280.3190887812, -85779.0)
(614, 170.60739016532898, -314280.3190887812, -85779.0)
(615, 170.89545583724976, -314280.3190887812, -85779.0)
(616, 171.18007040023804, -314280.3190887812, -85779.0)
(617, 171.47649908065796, -314280.3190887812, -85779.0)
(618, 171.76814818382263, -314280.3190887812, -85779.0)
(619, 172.06656575202942, -314280.3190887812, -85779.0)
(620, 172.3750936985016, -314280.3190887812, -85779.0)
(621, 172.68431878089905, -314280.3190887812, -85779.0)
(622, 172.98569893836975, -314280.3190887812, -85779.0)
(623, 173.29322266578674, -314280.3190887812, -85779.0)
(624, 173.59161067008972, -314280.3190887812, -85779.0)
(625, 173.91744375228882, -314280.3190887812, -85779.0)
(626, 174.1951916217804, -314280.3190887812, -85779.0)
(627, 174.49364137649536, -314280.3190887812, -85779.0)
(628, 174.79692316055298, -314280.3190887812, -85779.0)
(629, 175.10471844673157, -314280.3190887812, -85779.0)
(630, 175.62228155136108, -314280.3190887812, -85779.0)
(631, 175.95254564285278, -314280.3190887812, -85779.0)
(632, 176.32865643501282, -314280.3190887812, -85779.0)
(633, 176.72149634361267, -314280.3190887812, -85779.0)
(634, 177.049640417099, -314280.3190887812, -85779.0)
(635, 177.35937929153442, -314280.3190887812, -85779.0)
(636, 177.70148921012878, -314280.3190887812, -85779.0)
(637, 178.05831789970398, -314280.3190887812, -85779.0)
(638, 178.39421319961548, -314280.3190887812, -85779.0)
(639, 178.717050075531, -314280.3190887812, -85779.0)
(640, 179.03240513801575, -314280.3190887812, -85779.0)
(641, 179.34785866737366, -314280.3190887812, -85779.0)
(642, 179.66685271263123, -314280.3190887812, -85779.0)
(643, 179.9500696659088, -314280.3190887812, -85779.0)
(644, 180.27872586250305, -314280.3190887812, -85779.0)
(645, 180.65992069244385, -314280.3190887812, -85779.0)
(646, 180.95372366905212, -314280.3190887812, -85779.0)
(647, 181.26870727539062, -314280.3190887812, -85779.0)
(648, 181.57658886909485, -314280.3190887812, -85779.0)
(649, 181.8847382068634, -314280.3190887812, -85779.0)
(650, 182.18837094306946, -314280.3190887812, -85779.0)
(651, 182.46548795700073, -314280.3190887812, -85779.0)
(652, 182.76668071746826, -314280.3190887812, -85779.0)
(653, 183.06835675239563, -314280.3190887812, -85779.0)
(654, 183.37943530082703, -314280.3190887812, -85779.0)
(655, 183.67950177192688, -314280.3190887812, -85779.0)
(656, 183.98808121681213, -314280.3190887812, -85779.0)
(657, 184.38321018218994, -314280.3190887812, -85779.0)
(658, 184.75708031654358, -314280.3190887812, -85779.0)
(659, 185.09979557991028, -314280.3190887812, -85779.0)
(660, 185.41412019729614, -314280.3190887812, -85779.0)
(661, 185.71887612342834, -314280.3190887812, -85779.0)
(662, 186.0250871181488, -314280.3190887812, -85779.0)
(663, 186.39025950431824, -314280.3190887812, -85779.0)
(664, 186.68729209899902, -314280.3190887812, -85779.0)
(665, 187.012793302536, -314280.3190887812, -85779.0)
(666, 187.3868751525879, -314280.3190887812, -85779.0)
(667, 187.73851704597473, -314280.3190887812, -85779.0)
(668, 188.14394879341125, -314280.3190887812, -85779.0)
(669, 188.49467515945435, -314280.3190887812, -85779.0)
(670, 188.79283618927002, -314280.3190887812, -85779.0)
(671, 189.0963044166565, -314280.3190887812, -85779.0)
(672, 189.4007363319397, -314280.3190887812, -85779.0)
(673, 189.69838547706604, -314280.3190887812, -85779.0)
(674, 190.01517391204834, -314280.3190887812, -85779.0)
(675, 190.3243703842163, -314280.3190887812, -85779.0)
(676, 190.62099647521973, -314280.3190887812, -85779.0)
(677, 190.92914819717407, -314280.3190887812, -85779.0)
(678, 191.23392343521118, -314280.3190887812, -85779.0)
(679, 191.55477476119995, -314280.3190887812, -85779.0)
(680, 191.86025762557983, -314280.3190887812, -85779.0)
(681, 192.18748331069946, -314280.3190887812, -85779.0)
(682, 192.52517771720886, -314280.3190887812, -85779.0)
(683, 192.83626294136047, -314280.3190887812, -85779.0)
(684, 193.16300463676453, -314280.3190887812, -85779.0)
(685, 193.47486972808838, -314280.3190887812, -85779.0)
(686, 193.84422969818115, -314280.3190887812, -85779.0)
(687, 194.2146589756012, -314280.3190887812, -85779.0)
(688, 194.5423560142517, -314280.3190887812, -85779.0)
(689, 194.91956329345703, -314280.3190887812, -85779.0)
(690, 195.48583960533142, -308451.97751418845, -85779.0)
(691, 195.97400045394897, -308451.97751418845, -85779.0)
(692, 196.41181826591492, -308451.97751418845, -85779.0)
(693, 196.76744866371155, -308451.97751418845, -85779.0)
(694, 197.14883518218994, -308451.97751418845, -85779.0)
(695, 197.50011920928955, -308451.97751418845, -85779.0)
(696, 197.83105039596558, -308451.97751418845, -85779.0)
(697, 198.13773322105408, -308451.97751418845, -85779.0)
(698, 198.4704852104187, -308451.97751418845, -85779.0)
(699, 198.77984046936035, -308451.97751418845, -85779.0)
(700, 199.14463472366333, -308451.97751418845, -85779.0)
(701, 199.5254783630371, -308451.97751418845, -85779.0)
(702, 199.89422583580017, -308451.97751418845, -85779.0)
(703, 200.23688411712646, -308451.97751418845, -85779.0)
(704, 200.611083984375, -308451.97751418845, -85779.0)
(705, 200.97145915031433, -308451.97751418845, -85779.0)
(706, 201.29477381706238, -308451.97751418845, -85779.0)
(707, 201.6657886505127, -308451.97751418845, -85779.0)
(708, 202.00451278686523, -308451.97751418845, -85779.0)
(709, 202.322124004364, -308451.97751418845, -85779.0)
(710, 202.68483996391296, -308451.97751418845, -85779.0)
(711, 203.02692341804504, -308451.97751418845, -85779.0)
(712, 203.35595178604126, -308451.97751418845, -85779.0)
(713, 203.74799704551697, -308451.97751418845, -85779.0)
(714, 204.10983729362488, -308451.97751418845, -85779.0)
(715, 204.45784616470337, -308451.97751418845, -85779.0)
(716, 204.87675285339355, -308451.97751418845, -85779.0)
(717, 205.28822922706604, -308451.97751418845, -85779.0)
(718, 205.6660373210907, -308451.97751418845, -85779.0)
(719, 206.09321999549866, -308451.97751418845, -85779.0)
(720, 206.45360827445984, -308451.97751418845, -85779.0)
(721, 206.79504895210266, -308451.97751418845, -85779.0)
(722, 207.21879744529724, -308451.97751418845, -85779.0)
(723, 207.61452507972717, -308451.97751418845, -85779.0)
(724, 207.96248507499695, -308451.97751418845, -85779.0)
(725, 208.32997107505798, -308451.97751418845, -85779.0)
(726, 208.77204132080078, -308451.97751418845, -85779.0)
(727, 209.183180809021, -308451.97751418845, -85779.0)
(728, 209.5436065196991, -308451.97751418845, -85779.0)
(729, 209.94744610786438, -308451.97751418845, -85779.0)
(730, 210.3689785003662, -308451.97751418845, -85779.0)
(731, 210.7930040359497, -308451.97751418845, -85779.0)
(732, 211.21588945388794, -308451.97751418845, -85779.0)
(733, 211.7088053226471, -308451.97751418845, -85779.0)
(734, 212.1869888305664, -308451.97751418845, -85779.0)
(735, 212.6302571296692, -308451.97751418845, -85779.0)
(736, 213.07370948791504, -308451.97751418845, -85779.0)
(737, 213.4361777305603, -308451.97751418845, -85779.0)
(738, 213.86779189109802, -308451.97751418845, -85779.0)
(739, 214.3178825378418, -308451.97751418845, -85779.0)
(740, 214.78501296043396, -308451.97751418845, -85779.0)
(741, 215.22424125671387, -308451.97751418845, -85779.0)
(742, 215.6921010017395, -308451.97751418845, -85779.0)
(743, 216.13424968719482, -308451.97751418845, -85779.0)
(744, 216.55751848220825, -308451.97751418845, -85779.0)
(745, 217.01889848709106, -308451.97751418845, -85779.0)
(746, 217.59290623664856, -308451.97751418845, -85779.0)
(747, 218.05589413642883, -308451.97751418845, -85779.0)
(748, 218.46163964271545, -308451.97751418845, -85779.0)
(749, 218.94377899169922, -308451.97751418845, -85779.0)
(750, 219.48080015182495, -308451.97751418845, -85779.0)
(751, 219.97740626335144, -308451.97751418845, -85779.0)
(752, 220.36167168617249, -308451.97751418845, -85779.0)
(753, 220.7585310935974, -308451.97751418845, -85779.0)
(754, 221.20671033859253, -308451.97751418845, -85779.0)
(755, 221.65510153770447, -308451.97751418845, -85779.0)
(756, 222.120854139328, -308451.97751418845, -85779.0)
(757, 222.58264183998108, -308451.97751418845, -85779.0)
(758, 223.05202770233154, -308451.97751418845, -85779.0)
(759, 223.55233311653137, -308451.97751418845, -85779.0)
(760, 224.04240107536316, -308451.97751418845, -85779.0)
(761, 224.5874195098877, -308451.97751418845, -85779.0)
(762, 225.0660274028778, -308451.97751418845, -85779.0)
(763, 225.61759638786316, -308451.97751418845, -85779.0)
(764, 226.25577664375305, -308451.97751418845, -85779.0)
(765, 226.71083569526672, -308451.97751418845, -85779.0)
(766, 227.26046872138977, -308451.97751418845, -85779.0)
(767, 227.72475957870483, -308451.97751418845, -85779.0)
(768, 228.16431951522827, -308451.97751418845, -85779.0)
(769, 228.59675979614258, -308451.97751418845, -85779.0)
(770, 229.0204951763153, -308451.97751418845, -85779.0)
(771, 229.52306008338928, -308451.97751418845, -85779.0)
(772, 230.0287845134735, -308451.97751418845, -85779.0)
(773, 230.58817291259766, -308451.97751418845, -85779.0)
(774, 231.03980040550232, -308451.97751418845, -85779.0)
(775, 231.4632968902588, -308451.97751418845, -85779.0)
(776, 231.857008934021, -308451.97751418845, -85779.0)
(777, 232.2344467639923, -308451.97751418845, -85779.0)
(778, 232.58100199699402, -308451.97751418845, -85779.0)
(779, 233.04255628585815, -308451.97751418845, -85779.0)
(780, 233.48828744888306, -308451.97751418845, -85779.0)
(781, 233.93137311935425, -308451.97751418845, -85779.0)
(782, 234.31268119812012, -308451.97751418845, -85779.0)
(783, 234.70936274528503, -308451.97751418845, -85779.0)
(784, 235.255713224411, -308451.97751418845, -85779.0)
(785, 235.74149823188782, -308451.97751418845, -85779.0)
(786, 236.13119626045227, -308451.97751418845, -85779.0)
(787, 236.48482060432434, -308451.97751418845, -85779.0)
(788, 237.02998304367065, -308451.97751418845, -85779.0)
(789, 237.51017355918884, -308451.97751418845, -85779.0)
(790, 237.99653720855713, -308451.97751418845, -85779.0)
(791, 238.57539081573486, -308451.97751418845, -85779.0)
(792, 239.17549681663513, -308451.97751418845, -85779.0)
(793, 239.68677282333374, -308451.97751418845, -85779.0)
(794, 240.16239023208618, -308451.97751418845, -85779.0)
(795, 240.54907965660095, -308451.97751418845, -85779.0)
(796, 240.9570348262787, -308451.97751418845, -85779.0)
(797, 241.44485807418823, -308451.97751418845, -85779.0)
(798, 241.94007086753845, -308451.97751418845, -85779.0)
(799, 242.65834188461304, -294742.0663523884, -85779.0)
(800, 243.16249227523804, -294742.0663523884, -85779.0)
(801, 243.6857304573059, -294742.0663523884, -85779.0)
(802, 244.21093273162842, -294742.0663523884, -85779.0)
(803, 244.75106406211853, -294742.0663523884, -85779.0)
(804, 245.22384214401245, -294742.0663523884, -85779.0)
(805, 245.72315883636475, -294742.0663523884, -85779.0)
(806, 246.21903920173645, -294742.0663523884, -85779.0)
(807, 246.66659879684448, -294742.0663523884, -85779.0)
(808, 247.041889667511, -294742.0663523884, -85779.0)
(809, 247.44488191604614, -294742.0663523884, -85779.0)
(810, 247.80012273788452, -294742.0663523884, -85779.0)
(811, 248.20413732528687, -294742.0663523884, -85779.0)
(812, 248.5534315109253, -294742.0663523884, -85779.0)
(813, 248.92750477790833, -294742.0663523884, -85779.0)
(814, 249.34033155441284, -294742.0663523884, -85779.0)
(815, 249.70192217826843, -294742.0663523884, -85779.0)
(816, 250.07088565826416, -294742.0663523884, -85779.0)
(817, 250.46403789520264, -294742.0663523884, -85779.0)
(818, 250.83037757873535, -294742.0663523884, -85779.0)
(819, 251.2017538547516, -294742.0663523884, -85779.0)
(820, 251.5505232810974, -294742.0663523884, -85779.0)
(821, 251.9257025718689, -294742.0663523884, -85779.0)
(822, 252.28189301490784, -294742.0663523884, -85779.0)
(823, 252.67088747024536, -294742.0663523884, -85779.0)
(824, 253.01337838172913, -294742.0663523884, -85779.0)
(825, 253.36076545715332, -294742.0663523884, -85779.0)
(826, 253.6864230632782, -294742.0663523884, -85779.0)
(827, 254.0264241695404, -294742.0663523884, -85779.0)
(828, 254.3588182926178, -294742.0663523884, -85779.0)
(829, 254.71747040748596, -294742.0663523884, -85779.0)
(830, 255.05487298965454, -294742.0663523884, -85779.0)
(831, 255.3914179801941, -294742.0663523884, -85779.0)
(832, 255.73179244995117, -294742.0663523884, -85779.0)
(833, 256.08306884765625, -294742.0663523884, -85779.0)
(834, 256.4318313598633, -294742.0663523884, -85779.0)
(835, 256.78565311431885, -294742.0663523884, -85779.0)
(836, 257.14176630973816, -294742.0663523884, -85779.0)
(837, 257.5236678123474, -294742.0663523884, -85779.0)
(838, 257.87703347206116, -294742.0663523884, -85779.0)
(839, 258.3900697231293, -294742.0663523884, -85779.0)
(840, 258.78448700904846, -294742.0663523884, -85779.0)
(841, 259.16064381599426, -294742.0663523884, -85779.0)
(842, 259.55507588386536, -294742.0663523884, -85779.0)
(843, 259.92353987693787, -294742.0663523884, -85779.0)
(844, 260.3190414905548, -294742.0663523884, -85779.0)
(845, 260.71626114845276, -294742.0663523884, -85779.0)
(846, 261.08695554733276, -294742.0663523884, -85779.0)
(847, 261.4354016780853, -294742.0663523884, -85779.0)
(848, 261.78404688835144, -294742.0663523884, -85779.0)
(849, 262.13639187812805, -294742.0663523884, -85779.0)
(850, 262.4903709888458, -294742.0663523884, -85779.0)
(851, 262.85345911979675, -294742.0663523884, -85779.0)
(852, 263.1605989933014, -294742.0663523884, -85779.0)
(853, 263.5926969051361, -294742.0663523884, -85779.0)
(854, 264.0116250514984, -294742.0663523884, -85779.0)
(855, 264.3903088569641, -294742.0663523884, -85779.0)
(856, 264.75852155685425, -294742.0663523884, -85779.0)
(857, 265.13554310798645, -294742.0663523884, -85779.0)
(858, 265.64333033561707, -294742.0663523884, -85779.0)
(859, 266.1268813610077, -294742.0663523884, -85779.0)
(860, 266.4869427680969, -294742.0663523884, -85779.0)
(861, 266.85646390914917, -294742.0663523884, -85779.0)
(862, 267.2214391231537, -294742.0663523884, -85779.0)
(863, 267.577351808548, -294742.0663523884, -85779.0)
(864, 267.9169216156006, -294742.0663523884, -85779.0)
(865, 268.2588496208191, -294742.0663523884, -85779.0)
(866, 268.58268904685974, -294742.0663523884, -85779.0)
(867, 268.91461157798767, -294742.0663523884, -85779.0)
(868, 269.26984190940857, -294742.0663523884, -85779.0)
(869, 269.6222846508026, -294742.0663523884, -85779.0)
(870, 269.95416140556335, -294742.0663523884, -85779.0)
(871, 270.33931827545166, -294742.0663523884, -85779.0)
(872, 270.6958968639374, -294742.0663523884, -85779.0)
(873, 271.0524010658264, -294742.0663523884, -85779.0)
(874, 271.4406087398529, -294742.0663523884, -85779.0)
(875, 272.05975914001465, -294742.0663523884, -85779.0)
(876, 272.5630478858948, -294742.0663523884, -85779.0)
(877, 273.1155951023102, -294742.0663523884, -85779.0)
(878, 273.6430802345276, -294742.0663523884, -85779.0)
(879, 274.05056858062744, -294742.0663523884, -85779.0)
(880, 274.45883655548096, -294742.0663523884, -85779.0)
(881, 274.8494961261749, -294742.0663523884, -85779.0)
(882, 275.2330710887909, -294742.0663523884, -85779.0)
(883, 275.58310627937317, -294742.0663523884, -85779.0)
(884, 275.98225474357605, -294742.0663523884, -85779.0)
(885, 276.4705398082733, -294742.0663523884, -85779.0)
(886, 276.8553924560547, -294742.0663523884, -85779.0)
(887, 277.27273750305176, -294742.0663523884, -85779.0)
(888, 277.6446211338043, -294742.0663523884, -85779.0)
(889, 278.01569390296936, -294742.0663523884, -85779.0)
(890, 278.4333963394165, -294742.0663523884, -85779.0)
(891, 278.8322584629059, -294742.0663523884, -85779.0)
(892, 279.2344467639923, -294742.0663523884, -85779.0)
(893, 279.6306195259094, -294742.0663523884, -85779.0)
(894, 279.9955518245697, -294742.0663523884, -85779.0)
(895, 280.3569390773773, -294742.0663523884, -85779.0)
(896, 280.74593210220337, -294742.0663523884, -85779.0)
(897, 281.20900797843933, -294742.0663523884, -85779.0)
(898, 281.6244258880615, -294742.0663523884, -85779.0)
(899, 282.10955786705017, -294742.0663523884, -85779.0)
(900, 282.5859558582306, -294742.0663523884, -85779.0)
(901, 282.95228838920593, -294742.0663523884, -85779.0)
(902, 283.3088459968567, -294742.0663523884, -85779.0)
(903, 283.62511563301086, -294742.0663523884, -85779.0)
(904, 283.9619598388672, -294742.0663523884, -85779.0)
(905, 284.3072409629822, -294742.0663523884, -85779.0)
(906, 284.66307497024536, -294742.0663523884, -85779.0)
(907, 284.9972290992737, -294742.0663523884, -85779.0)
(908, 285.38887572288513, -294742.0663523884, -85779.0)
(909, 285.7803678512573, -294742.0663523884, -85779.0)
(910, 286.1355426311493, -294742.0663523884, -85779.0)
(911, 286.5747163295746, -294742.0663523884, -85779.0)
(912, 286.9648108482361, -294742.0663523884, -85779.0)
(913, 287.3510718345642, -294742.0663523884, -85779.0)
(914, 287.7990634441376, -294742.0663523884, -85779.0)
(915, 288.2068557739258, -294742.0663523884, -85779.0)
(916, 288.60408425331116, -294742.0663523884, -85779.0)
(917, 289.00989723205566, -294742.0663523884, -85779.0)
(918, 289.3717303276062, -294742.0663523884, -85779.0)
(919, 289.82204937934875, -294742.0663523884, -85779.0)
(920, 290.18830394744873, -294742.0663523884, -85779.0)
(921, 290.6450629234314, -294742.0663523884, -85779.0)
(922, 291.09096121788025, -294742.0663523884, -85779.0)
(923, 291.55442070961, -294742.0663523884, -85779.0)
(924, 291.9986181259155, -294742.0663523884, -85779.0)
(925, 292.46481370925903, -294742.0663523884, -85779.0)
(926, 292.92160081863403, -294742.0663523884, -85779.0)
(927, 293.3302392959595, -294742.0663523884, -85779.0)
(928, 293.7063658237457, -294742.0663523884, -85779.0)
(929, 294.0879018306732, -294742.0663523884, -85779.0)
(930, 294.42742705345154, -294742.0663523884, -85779.0)
(931, 294.8017988204956, -294742.0663523884, -85779.0)
(932, 295.1631841659546, -294742.0663523884, -85779.0)
(933, 295.52291536331177, -294742.0663523884, -85779.0)
(934, 295.90343165397644, -294742.0663523884, -85779.0)
(935, 296.25412154197693, -294742.0663523884, -85779.0)
(936, 296.6318311691284, -294742.0663523884, -85779.0)
(937, 296.9942343235016, -294742.0663523884, -85779.0)
(938, 297.43555665016174, -294742.0663523884, -85779.0)
(939, 297.8242721557617, -294742.0663523884, -85779.0)
(940, 298.2211027145386, -294742.0663523884, -85779.0)
(941, 298.59886169433594, -294742.0663523884, -85779.0)
(942, 299.03550839424133, -294742.0663523884, -85779.0)
(943, 299.4742224216461, -294742.0663523884, -85779.0)
(944, 299.94744515419006, -294742.0663523884, -85779.0)
(945, 300.43359303474426, -294742.0663523884, -85779.0)
(946, 300.94402146339417, -294742.0663523884, -85779.0)
(947, 301.4013283252716, -294742.0663523884, -85779.0)
(948, 301.91736483573914, -294742.0663523884, -85779.0)
(949, 302.57796692848206, -294742.0663523884, -85779.0)
(950, 303.15131092071533, -294742.0663523884, -85779.0)
(951, 303.71115803718567, -294742.0663523884, -85779.0)
(952, 304.2755994796753, -294742.0663523884, -85779.0)
(953, 304.861191034317, -294742.0663523884, -85779.0)
(954, 305.80961322784424, -287162.93788051704, -85779.0)
(955, 306.49863958358765, -277617.0708340792, -85779.0)
(956, 307.07357835769653, -277617.0708340792, -85779.0)
(957, 307.8097360134125, -277617.0708340792, -85779.0)
(958, 308.26819491386414, -277617.0708340792, -85779.0)
(959, 308.6637353897095, -277617.0708340792, -85779.0)
(960, 309.0832107067108, -277617.0708340792, -85779.0)
(961, 309.4760572910309, -277617.0708340792, -85779.0)
(962, 309.8936343193054, -277617.0708340792, -85779.0)
(963, 310.23995900154114, -277617.0708340792, -85779.0)
(964, 310.64510011672974, -277617.0708340792, -85779.0)
(965, 311.00294399261475, -277617.0708340792, -85779.0)
(966, 311.400710105896, -277617.0708340792, -85779.0)
(967, 311.7950961589813, -277617.0708340792, -85779.0)
(968, 312.1913640499115, -277617.0708340792, -85779.0)
(969, 312.6400420665741, -277617.0708340792, -85779.0)
(970, 313.0399947166443, -277617.0708340792, -85779.0)
(971, 313.44958782196045, -277617.0708340792, -85779.0)
(972, 313.83245754241943, -277617.0708340792, -85779.0)
(973, 314.20569705963135, -277617.0708340792, -85779.0)
(974, 314.6057891845703, -277617.0708340792, -85779.0)
(975, 315.1073031425476, -277617.0708340792, -85779.0)
(976, 315.49769139289856, -277617.0708340792, -85779.0)
(977, 315.93731117248535, -277617.0708340792, -85779.0)
(978, 316.3623445034027, -277617.0708340792, -85779.0)
(979, 316.7748634815216, -277617.0708340792, -85779.0)
(980, 317.17612886428833, -277617.0708340792, -85779.0)
(981, 317.57048749923706, -277617.0708340792, -85779.0)
(982, 317.94250535964966, -277617.0708340792, -85779.0)
(983, 318.307256937027, -277617.0708340792, -85779.0)
(984, 318.82084584236145, -277617.0708340792, -85779.0)
(985, 319.20756459236145, -277617.0708340792, -85779.0)
(986, 319.6498348712921, -277617.0708340792, -85779.0)
(987, 320.0527596473694, -277617.0708340792, -85779.0)
(988, 320.49497175216675, -277617.0708340792, -85779.0)
(989, 320.99587750434875, -277617.0708340792, -85779.0)
(990, 321.3971793651581, -277617.0708340792, -85779.0)
(991, 321.79515624046326, -277617.0708340792, -85779.0)
(992, 322.22464084625244, -277617.0708340792, -85779.0)
(993, 322.5977611541748, -277617.0708340792, -85779.0)
(994, 322.95528054237366, -277617.0708340792, -85779.0)
(995, 323.39091396331787, -277617.0708340792, -85779.0)
(996, 323.7978472709656, -277617.0708340792, -85779.0)
(997, 324.2106509208679, -277617.0708340792, -85779.0)
(998, 324.608270406723, -277617.0708340792, -85779.0)
(999, 325.1184356212616, -277617.0708340792, -85779.0)
(1000, 325.6205747127533, -277617.0708340792, -85779.0)
