(1, 0.144195556640625, -774241.0, -55303.0)
(2, 0.2804596424102783, -571660.9391721277, -55303.0)
(3, 0.42215490341186523, -429452.74197406473, -55303.0)
(4, 0.6505088806152344, -275735.53879997134, -55303.0)
(5, 0.9040563106536865, -171080.05427778774, -55303.0)
(6, 1.21260404586792, -124486.82020510502, -55303.0)
(7, 1.5492775440216064, -115136.30436185953, -55303.0)
(8, 1.9345226287841797, -93514.60287700627, -67002.85251640779)
(9, 2.4694783687591553, -78905.70379798183, -67118.40847988152)
(10, 3.164598226547241, -72270.55058137835, -67181.45613567291)
(11, 3.962646007537842, -69542.13321537725, -67245.5610971964)
(12, 4.978991270065308, -68379.71401731053, -67309.07196070132)
(13, 6.093290328979492, -67821.01710267442, -67363.29521899972)
(14, 7.4050633907318115, -67594.46353534261, -67380.2248624531)
(15, 8.773868083953857, -67464.34346479867, -67387.69118403015)
(16, 10.125903606414795, -67429.90637817836, -67390.88272986935)
(17, 11.617180824279785, -67406.19334601663, -67393.93820119026)
(18, 13.068720579147339, -67399.59314537996, -67394.09122119767)
(19, 14.541306734085083, -67399.56316557307, -67394.7648575218)
(20, 16.06303906440735, -67396.62775540276, -67395.39053867733)
(21, 17.643152952194214, -67396.62775540276, -67395.3905386773)
(22, 19.048426866531372, -67395.87189956315, -67395.56440748408)
(23, 20.554033517837524, -67395.87189956315, -67395.5644074844)
(24, 21.948835372924805, -67395.685143605, -67395.56790370514)
(25, 23.344383478164673, -67395.685143605, -67395.5682872475)
(26, 24.82221245765686, -67395.61194463939, -67395.58789977273)
(27, 26.62191677093506, -67395.5951132251, -67395.58789977276)
