(1, 0.07441282272338867, -622904.0, -20847.0)
(2, 0.142195463180542, -610741.7083333334, -20847.0)
(3, 0.20973443984985352, -610741.7083333334, -20847.0)
(4, 0.2779214382171631, -573901.0833333334, -20847.0)
(5, 0.3460729122161865, -550202.9166666666, -20847.0)
(6, 0.4145667552947998, -549405.7083333334, -20847.0)
(7, 0.4850289821624756, -496561.5, -20847.0)
(8, 0.5562305450439453, -458929.75, -20847.0)
(9, 0.6286900043487549, -408429.3333333333, -20847.0)
(10, 0.7014570236206055, -404549.3333333333, -20847.0)
(11, 0.7753207683563232, -371078.3333333333, -20847.0)
(12, 0.8489680290222168, -359551.125, -20847.0)
(13, 0.923656702041626, -349916.625, -20847.0)
(14, 0.9979796409606934, -326157.0, -20847.0)
(15, 1.074430227279663, -268392.8333333333, -20847.0)
(16, 1.1506526470184326, -232268.45833333334, -20847.0)
(17, 1.228165626525879, -195436.875, -20847.0)
(18, 1.3076622486114502, -144011.45833333334, -20847.0)
(19, 1.3871405124664307, -122872.25, -20847.0)
(20, 1.4667739868164062, -122631.08333333333, -20847.0)
(21, 1.5480396747589111, -75859.375, -20847.0)
(22, 1.6303000450134277, -31360.666666666668, -20847.0)
(23, 1.7205278873443604, -30523.0, -30327.0)
(24, 1.8026902675628662, -30339.0, -30327.0)
(25, 1.8843464851379395, -30327.0, -30327.0)
(26, 1.9657421112060547, -30327.0, -30327.0)
